Supplemental results for CODEML (seqf: algn  treef: tree)


dN/dS (w) for site classes (K=8)

p:   0.12500  0.12500  0.12500  0.12500  0.12500  0.12500  0.12500  0.12500
w:   0.00000  0.00001  0.00083  0.01520  0.12421  0.49793  0.90463  0.99879

Naive Empirical Bayes (NEB) probabilities for 8 classes & postmean_w
(amino acids refer to 1st sequence: aotNan_SERINC3_XM_012467237)

   1 -   0.12500 0.12500 0.12500 0.12500 0.12500 0.12500 0.12500 0.12500 ( 6)  0.318
   2 -   0.12500 0.12500 0.12500 0.12500 0.12500 0.12500 0.12500 0.12500 ( 6)  0.318
   3 -   0.12500 0.12500 0.12500 0.12500 0.12500 0.12500 0.12500 0.12500 ( 6)  0.318
   4 -   0.12500 0.12500 0.12500 0.12500 0.12500 0.12500 0.12500 0.12500 ( 6)  0.318
   5 -   0.12500 0.12500 0.12500 0.12500 0.12500 0.12500 0.12500 0.12500 ( 6)  0.318
   6 -   0.12500 0.12500 0.12500 0.12500 0.12500 0.12500 0.12500 0.12500 ( 6)  0.318
   7 M   0.19705 0.19705 0.19660 0.18892 0.13977 0.05037 0.01699 0.01326 ( 1)  0.074
   8 G   0.16317 0.16317 0.16302 0.16042 0.14207 0.09389 0.06006 0.05419 ( 1)  0.175
   9 T   0.00000 0.00002 0.00144 0.02553 0.16703 0.31518 0.25586 0.23494 ( 6)  0.644
  10 V   0.17643 0.17643 0.17619 0.17207 0.14388 0.07847 0.04109 0.03544 ( 1)  0.132
  11 L   0.15577 0.15577 0.15566 0.15371 0.13976 0.10124 0.07176 0.06633 ( 1)  0.201
  12 G   0.17907 0.17907 0.17881 0.17435 0.14402 0.07523 0.03749 0.03195 ( 1)  0.124
  13 V   0.19263 0.19262 0.19223 0.18544 0.14135 0.05669 0.02164 0.01740 ( 1)  0.086
  14 F   0.00000 0.00002 0.00169 0.02985 0.18939 0.32380 0.23950 0.21575 ( 6)  0.617
  15 S   0.18473 0.18473 0.18442 0.17911 0.14356 0.06778 0.03038 0.02528 ( 1)  0.107
  16 L   0.18742 0.18742 0.18708 0.18131 0.14303 0.06408 0.02724 0.02241 ( 1)  0.100
  17 A   0.18934 0.18934 0.18898 0.18287 0.14263 0.06144 0.02502 0.02038 ( 1)  0.094
  18 S   0.18719 0.18718 0.18685 0.18113 0.14319 0.06446 0.02744 0.02256 ( 1)  0.100
  19 W   0.15968 0.15968 0.15955 0.15729 0.14117 0.09757 0.06542 0.05966 ( 1)  0.187
  20 -   0.12500 0.12500 0.12500 0.12500 0.12500 0.12500 0.12500 0.12500 ( 6)  0.318
  21 -   0.12500 0.12500 0.12500 0.12500 0.12500 0.12500 0.12500 0.12500 ( 6)  0.318
  22 -   0.12500 0.12500 0.12500 0.12500 0.12500 0.12500 0.12500 0.12500 ( 6)  0.318
  23 -   0.12500 0.12500 0.12500 0.12500 0.12500 0.12500 0.12500 0.12500 ( 6)  0.318
  24 -   0.12500 0.12500 0.12500 0.12500 0.12500 0.12500 0.12500 0.12500 ( 6)  0.318
  25 -   0.12500 0.12500 0.12500 0.12500 0.12500 0.12500 0.12500 0.12500 ( 6)  0.318
  26 V   0.18831 0.18830 0.18796 0.18200 0.14268 0.06278 0.02635 0.02163 ( 1)  0.097
  27 P   0.16134 0.16133 0.16119 0.15877 0.14156 0.09578 0.06291 0.05711 ( 1)  0.182
  28 C   0.17947 0.17947 0.17921 0.17470 0.14406 0.07474 0.03694 0.03142 ( 1)  0.123
  29 L   0.18539 0.18538 0.18507 0.17963 0.14340 0.06686 0.02965 0.02463 ( 1)  0.105
  30 C   0.17909 0.17909 0.17883 0.17437 0.14404 0.07521 0.03745 0.03191 ( 1)  0.124
  31 S   0.00000 0.00002 0.00140 0.02489 0.16360 0.31351 0.25846 0.23813 ( 6)  0.648
  32 G   0.17810 0.17810 0.17785 0.17352 0.14403 0.07647 0.03876 0.03317 ( 1)  0.127
  33 A   0.17592 0.17591 0.17568 0.17166 0.14406 0.07926 0.04163 0.03589 ( 1)  0.134
  34 S   0.15606 0.15605 0.15594 0.15399 0.13998 0.10111 0.07120 0.06568 ( 1)  0.200
  35 C   0.17553 0.17553 0.17530 0.17132 0.14400 0.07969 0.04218 0.03644 ( 1)  0.135
  36 L   0.16769 0.16769 0.16751 0.16444 0.14293 0.08882 0.05339 0.04752 ( 1)  0.160
  37 L   0.15468 0.15468 0.15457 0.15273 0.13949 0.10242 0.07342 0.06801 ( 1)  0.205
  38 C   0.17584 0.17584 0.17561 0.17159 0.14399 0.07929 0.04178 0.03606 ( 1)  0.134
  39 S   0.18329 0.18329 0.18299 0.17792 0.14380 0.06974 0.03210 0.02687 ( 1)  0.111
  40 C   0.17911 0.17911 0.17885 0.17439 0.14404 0.07519 0.03742 0.03189 ( 1)  0.124
  41 C   0.17549 0.17549 0.17526 0.17129 0.14400 0.07975 0.04223 0.03649 ( 1)  0.135
  42 P   0.17909 0.17909 0.17883 0.17437 0.14403 0.07521 0.03746 0.03193 ( 1)  0.124
  43 N   0.18809 0.18808 0.18774 0.18186 0.14295 0.06319 0.02643 0.02165 ( 1)  0.098
  44 S   0.00000 0.00000 0.00000 0.00048 0.02652 0.22291 0.36768 0.38241 ( 8)  0.829
  45 K   0.00000 0.00001 0.00103 0.01850 0.12793 0.29072 0.28672 0.27509 ( 6)  0.695
  46 N   0.18419 0.18419 0.18389 0.17866 0.14366 0.06852 0.03102 0.02588 ( 1)  0.109
  47 S   0.18480 0.18480 0.18449 0.17916 0.14355 0.06769 0.03030 0.02521 ( 1)  0.107
  48 T   0.00000 0.00001 0.00114 0.02042 0.13881 0.29805 0.27799 0.26357 ( 6)  0.681
  49 V   0.00000 0.00000 0.00000 0.00001 0.00291 0.11433 0.40286 0.47989 ( 8)  0.901
  50 T   0.18570 0.18569 0.18537 0.17989 0.14336 0.06644 0.02927 0.02428 ( 1)  0.105
  51 R   0.17522 0.17522 0.17499 0.17105 0.14400 0.08010 0.04259 0.03684 ( 1)  0.136
  52 L   0.18764 0.18763 0.18730 0.18148 0.14299 0.06379 0.02700 0.02219 ( 1)  0.099
  53 I   0.19182 0.19182 0.19143 0.18481 0.14166 0.05784 0.02248 0.01815 ( 1)  0.088
  54 Y   0.17447 0.17447 0.17424 0.17040 0.14389 0.08096 0.04367 0.03790 ( 1)  0.138
  55 A   0.18586 0.18586 0.18554 0.18003 0.14336 0.06624 0.02905 0.02406 ( 1)  0.104
  56 F   0.19252 0.19251 0.19212 0.18538 0.14156 0.05690 0.02164 0.01737 ( 1)  0.086
  57 I   0.19182 0.19182 0.19143 0.18481 0.14166 0.05784 0.02248 0.01815 ( 1)  0.088
  58 L   0.18699 0.18699 0.18666 0.18096 0.14311 0.06467 0.02775 0.02287 ( 1)  0.101
  59 I   0.00000 0.00002 0.00151 0.02682 0.17375 0.31793 0.25090 0.22907 ( 6)  0.636
  60 L   0.15513 0.15513 0.15502 0.15314 0.13962 0.10195 0.07272 0.06729 ( 1)  0.204
  61 S   0.00000 0.00000 0.00000 0.00001 0.00443 0.14174 0.40040 0.45341 ( 8)  0.886
  62 T   0.00000 0.00000 0.00000 0.00064 0.03375 0.24845 0.35709 0.36008 ( 8)  0.811
  63 A   0.00000 0.00000 0.00000 0.00000 0.00058 0.07674 0.40807 0.51460 ( 8)  0.921
  64 V   0.16810 0.16809 0.16791 0.16480 0.14301 0.08836 0.05280 0.04693 ( 1)  0.159
  65 S   0.18478 0.18477 0.18446 0.17914 0.14356 0.06772 0.03033 0.02523 ( 1)  0.107
  66 Y   0.00000 0.00000 0.00000 0.00038 0.02189 0.20399 0.37462 0.39911 ( 8)  0.842
  67 I   0.00000 0.00002 0.00209 0.03676 0.22383 0.33420 0.21516 0.18794 ( 6)  0.577
  68 M   0.00000 0.00003 0.00220 0.03861 0.23357 0.33837 0.20793 0.17930 ( 6)  0.565
  69 Q   0.00000 0.00001 0.00064 0.01163 0.08637 0.25055 0.32216 0.32864 ( 8)  0.755
  70 R   0.00000 0.00000 0.00000 0.00004 0.00374 0.09629 0.39922 0.50070 ( 8)  0.910
  71 R   0.00000 0.00000 0.00000 0.00032 0.01884 0.18961 0.37916 0.41206 ( 8)  0.851
  72 E   0.00000 0.00000 0.00000 0.00038 0.02147 0.20216 0.37525 0.40075 ( 8)  0.843
  73 M   0.00000 0.00003 0.00211 0.03718 0.22671 0.33712 0.21256 0.18429 ( 6)  0.573
  74 E   0.16661 0.16660 0.16643 0.16348 0.14278 0.09009 0.05495 0.04906 ( 1)  0.164
  75 P   0.00000 0.00000 0.00000 0.00044 0.02466 0.21558 0.37047 0.38885 ( 8)  0.834
  76 Y   0.00000 0.00000 0.00000 0.00000 0.00044 0.06659 0.40559 0.52738 ( 8)  0.927
  77 L   0.15589 0.15588 0.15577 0.15383 0.13991 0.10126 0.07148 0.06597 ( 1)  0.201
  78 K   0.17476 0.17475 0.17453 0.17065 0.14396 0.08065 0.04323 0.03746 ( 1)  0.137
  79 K   0.17476 0.17475 0.17453 0.17065 0.14396 0.08065 0.04323 0.03746 ( 1)  0.137
  80 I   0.19146 0.19146 0.19108 0.18452 0.14176 0.05834 0.02287 0.01850 ( 1)  0.089
  81 P   0.17786 0.17786 0.17761 0.17332 0.14407 0.07680 0.03905 0.03343 ( 1)  0.128
  82 G   0.15618 0.15618 0.15606 0.15410 0.14003 0.10101 0.07099 0.06545 ( 1)  0.200
  83 F   0.19046 0.19046 0.19009 0.18374 0.14215 0.05979 0.02390 0.01941 ( 1)  0.091
  84 C   0.17530 0.17530 0.17507 0.17112 0.14399 0.07998 0.04249 0.03675 ( 1)  0.136
  85 E   0.00000 0.00001 0.00087 0.01561 0.11092 0.27647 0.30088 0.29524 ( 7)  0.719
  86 G   0.00000 0.00000 0.00000 0.00032 0.01865 0.18901 0.37946 0.41255 ( 8)  0.852
  87 G   0.15618 0.15618 0.15606 0.15410 0.14003 0.10101 0.07099 0.06545 ( 1)  0.200
  88 F   0.18832 0.18832 0.18797 0.18203 0.14282 0.06283 0.02622 0.02149 ( 1)  0.097
  89 K   0.00000 0.00001 0.00083 0.01487 0.10650 0.27238 0.30463 0.30078 ( 7)  0.725
  90 I   0.19548 0.19548 0.19505 0.18765 0.14015 0.05256 0.01876 0.01487 ( 1)  0.078
  91 H   0.00000 0.00000 0.00000 0.00000 0.00042 0.06485 0.40509 0.52964 ( 8)  0.928
  92 E   0.00000 0.00000 0.00000 0.00001 0.00336 0.12319 0.40235 0.47109 ( 8)  0.896
  93 A   0.00000 0.00000 0.00000 0.00001 0.00443 0.14139 0.40032 0.45384 ( 8)  0.886
  94 D   0.18281 0.18281 0.18252 0.17751 0.14381 0.07036 0.03272 0.02746 ( 1)  0.113
  95 R   0.00000 0.00000 0.00000 0.00001 0.00373 0.12922 0.40162 0.46543 ( 8)  0.893
  96 -   0.12500 0.12500 0.12500 0.12500 0.12500 0.12500 0.12500 0.12500 ( 6)  0.318
  97 -   0.12500 0.12500 0.12500 0.12500 0.12500 0.12500 0.12500 0.12500 ( 6)  0.318
  98 -   0.12500 0.12500 0.12500 0.12500 0.12500 0.12500 0.12500 0.12500 ( 6)  0.318
  99 -   0.12500 0.12500 0.12500 0.12500 0.12500 0.12500 0.12500 0.12500 ( 6)  0.318
 100 -   0.12500 0.12500 0.12500 0.12500 0.12500 0.12500 0.12500 0.12500 ( 6)  0.318
 101 -   0.12500 0.12500 0.12500 0.12500 0.12500 0.12500 0.12500 0.12500 ( 6)  0.318
 102 -   0.12500 0.12500 0.12500 0.12500 0.12500 0.12500 0.12500 0.12500 ( 6)  0.318
 103 -   0.12500 0.12500 0.12500 0.12500 0.12500 0.12500 0.12500 0.12500 ( 6)  0.318
 104 -   0.12500 0.12500 0.12500 0.12500 0.12500 0.12500 0.12500 0.12500 ( 6)  0.318
 105 -   0.12500 0.12500 0.12500 0.12500 0.12500 0.12500 0.12500 0.12500 ( 6)  0.318
 106 -   0.12500 0.12500 0.12500 0.12500 0.12500 0.12500 0.12500 0.12500 ( 6)  0.318
 107 -   0.12500 0.12500 0.12500 0.12500 0.12500 0.12500 0.12500 0.12500 ( 6)  0.318
 108 -   0.12500 0.12500 0.12500 0.12500 0.12500 0.12500 0.12500 0.12500 ( 6)  0.318
 109 -   0.12500 0.12500 0.12500 0.12500 0.12500 0.12500 0.12500 0.12500 ( 6)  0.318
 110 -   0.12500 0.12500 0.12500 0.12500 0.12500 0.12500 0.12500 0.12500 ( 6)  0.318
 111 -   0.12500 0.12500 0.12500 0.12500 0.12500 0.12500 0.12500 0.12500 ( 6)  0.318
 112 -   0.12500 0.12500 0.12500 0.12500 0.12500 0.12500 0.12500 0.12500 ( 6)  0.318
 113 -   0.12500 0.12500 0.12500 0.12500 0.12500 0.12500 0.12500 0.12500 ( 6)  0.318
 114 -   0.12500 0.12500 0.12500 0.12500 0.12500 0.12500 0.12500 0.12500 ( 6)  0.318
 115 -   0.12500 0.12500 0.12500 0.12500 0.12500 0.12500 0.12500 0.12500 ( 6)  0.318
 116 -   0.12500 0.12500 0.12500 0.12500 0.12500 0.12500 0.12500 0.12500 ( 6)  0.318
 117 -   0.12500 0.12500 0.12500 0.12500 0.12500 0.12500 0.12500 0.12500 ( 6)  0.318
 118 -   0.12500 0.12500 0.12500 0.12500 0.12500 0.12500 0.12500 0.12500 ( 8)  0.318
 119 -   0.12500 0.12500 0.12500 0.12500 0.12500 0.12500 0.12500 0.12500 ( 6)  0.318
 120 -   0.12500 0.12500 0.12500 0.12500 0.12500 0.12500 0.12500 0.12500 ( 6)  0.318
 121 -   0.12500 0.12500 0.12500 0.12500 0.12500 0.12500 0.12500 0.12500 ( 6)  0.318
 122 -   0.12500 0.12500 0.12500 0.12500 0.12500 0.12500 0.12500 0.12500 ( 6)  0.318
 123 -   0.12500 0.12500 0.12500 0.12500 0.12500 0.12500 0.12500 0.12500 ( 6)  0.318
 124 -   0.12500 0.12500 0.12500 0.12500 0.12500 0.12500 0.12500 0.12500 ( 8)  0.318
 125 -   0.12500 0.12500 0.12500 0.12500 0.12500 0.12500 0.12500 0.12500 ( 6)  0.318
 126 -   0.12500 0.12500 0.12500 0.12500 0.12500 0.12500 0.12500 0.12500 ( 6)  0.318
 127 -   0.12500 0.12500 0.12500 0.12500 0.12500 0.12500 0.12500 0.12500 ( 6)  0.318
 128 N   0.00000 0.00000 0.00000 0.00048 0.02640 0.22260 0.36787 0.38265 ( 8)  0.829
 129 V   0.00000 0.00000 0.00000 0.00029 0.01722 0.18175 0.38155 0.41918 ( 8)  0.856
 130 D   0.18312 0.18311 0.18282 0.17776 0.14376 0.06994 0.03236 0.02712 ( 1)  0.112
 131 K   0.00000 0.00001 0.00076 0.01367 0.09929 0.26570 0.31075 0.30982 ( 7)  0.735
 132 D   0.18380 0.18379 0.18349 0.17833 0.14369 0.06904 0.03151 0.02634 ( 1)  0.110
 133 C   0.17563 0.17562 0.17539 0.17140 0.14401 0.07958 0.04205 0.03631 ( 1)  0.135
 134 D   0.18283 0.18283 0.18254 0.17753 0.14385 0.07035 0.03267 0.02740 ( 1)  0.113
 135 V   0.17774 0.17774 0.17749 0.17319 0.14386 0.07677 0.03938 0.03383 ( 1)  0.128
 136 L   0.15477 0.15477 0.15467 0.15282 0.13953 0.10233 0.07327 0.06785 ( 1)  0.205
 137 V   0.18890 0.18890 0.18855 0.18248 0.14252 0.06195 0.02568 0.02102 ( 1)  0.096
 138 G   0.17829 0.17829 0.17803 0.17368 0.14403 0.07622 0.03852 0.03294 ( 1)  0.126
 139 Y   0.17404 0.17404 0.17382 0.17003 0.14386 0.08148 0.04425 0.03847 ( 1)  0.140
 140 K   0.16803 0.16803 0.16785 0.16476 0.14314 0.08858 0.05277 0.04684 ( 1)  0.159
 141 A   0.18520 0.18519 0.18488 0.17949 0.14350 0.06716 0.02982 0.02477 ( 1)  0.106
 142 V   0.17120 0.17119 0.17099 0.16753 0.14352 0.08484 0.04828 0.04243 ( 1)  0.149
 143 Y   0.17404 0.17404 0.17382 0.17003 0.14386 0.08148 0.04425 0.03847 ( 1)  0.140
 144 R   0.15748 0.15748 0.15736 0.15529 0.14047 0.09974 0.06890 0.06327 ( 1)  0.195
 145 I   0.19584 0.19583 0.19540 0.18792 0.14000 0.05205 0.01841 0.01456 ( 1)  0.078
 146 N   0.00000 0.00000 0.00000 0.00001 0.00502 0.15033 0.39886 0.44577 ( 8)  0.882
 147 F   0.18867 0.18867 0.18832 0.18232 0.14274 0.06234 0.02582 0.02112 ( 1)  0.096
 148 A   0.18915 0.18915 0.18879 0.18272 0.14267 0.06170 0.02524 0.02058 ( 1)  0.095
 149 M   0.00000 0.00002 0.00130 0.02317 0.15437 0.30890 0.26548 0.24676 ( 6)  0.660
 150 A   0.18954 0.18953 0.18917 0.18303 0.14258 0.06117 0.02480 0.02018 ( 1)  0.094
 151 I   0.00000 0.00002 0.00193 0.03395 0.20958 0.32928 0.22542 0.19983 ( 6)  0.594
 152 F   0.18867 0.18867 0.18832 0.18232 0.14274 0.06234 0.02582 0.02112 ( 1)  0.096
 153 F   0.19247 0.19246 0.19207 0.18534 0.14157 0.05697 0.02170 0.01742 ( 1)  0.086
 154 F   0.00000 0.00002 0.00162 0.02870 0.18373 0.32255 0.24341 0.21997 ( 6)  0.624
 155 V   0.00000 0.00002 0.00182 0.03215 0.20118 0.32837 0.23091 0.20554 ( 6)  0.603
 156 F   0.19080 0.19079 0.19042 0.18401 0.14206 0.05932 0.02353 0.01907 ( 1)  0.090
 157 S   0.00000 0.00001 0.00108 0.01936 0.13320 0.29576 0.28216 0.26843 ( 6)  0.687
 158 L   0.15477 0.15477 0.15467 0.15282 0.13953 0.10233 0.07327 0.06785 ( 1)  0.205
 159 L   0.18689 0.18689 0.18656 0.18087 0.14312 0.06480 0.02787 0.02299 ( 1)  0.101
 160 M   0.19726 0.19726 0.19681 0.18908 0.13967 0.05006 0.01678 0.01308 ( 1)  0.074
 161 I   0.00000 0.00000 0.00000 0.00000 0.00116 0.07493 0.40231 0.52160 ( 8)  0.922
 162 K   0.16803 0.16803 0.16785 0.16476 0.14314 0.08858 0.05277 0.04684 ( 1)  0.159
 163 V   0.16728 0.16727 0.16710 0.16407 0.14289 0.08932 0.05398 0.04809 ( 1)  0.162
 164 K   0.16803 0.16803 0.16785 0.16476 0.14314 0.08858 0.05277 0.04684 ( 1)  0.159
 165 T   0.16561 0.16561 0.16545 0.16261 0.14261 0.09122 0.05639 0.05049 ( 1)  0.167
 166 S   0.18372 0.18371 0.18342 0.17826 0.14370 0.06914 0.03161 0.02643 ( 1)  0.110
 167 K   0.16803 0.16803 0.16785 0.16476 0.14314 0.08858 0.05277 0.04684 ( 1)  0.159
 168 D   0.18283 0.18283 0.18254 0.17753 0.14385 0.07035 0.03267 0.02740 ( 1)  0.113
 169 P   0.00000 0.00002 0.00128 0.02281 0.15228 0.30733 0.26719 0.24910 ( 6)  0.663
 170 R   0.15649 0.15649 0.15638 0.15437 0.13998 0.10051 0.07062 0.06516 ( 1)  0.199
 171 A   0.16486 0.16485 0.16470 0.16193 0.14247 0.09207 0.05751 0.05161 ( 1)  0.170
 172 A   0.16433 0.16432 0.16417 0.16146 0.14234 0.09264 0.05831 0.05242 ( 1)  0.172
 173 V   0.16810 0.16809 0.16791 0.16480 0.14301 0.08836 0.05280 0.04693 ( 1)  0.159
 174 H   0.17980 0.17979 0.17953 0.17498 0.14408 0.07434 0.03649 0.03099 ( 1)  0.122
 175 N   0.18431 0.18431 0.18400 0.17876 0.14365 0.06836 0.03087 0.02574 ( 1)  0.108
 176 G   0.16650 0.16650 0.16633 0.16340 0.14282 0.09027 0.05505 0.04913 ( 1)  0.164
 177 F   0.18867 0.18867 0.18832 0.18232 0.14274 0.06234 0.02582 0.02112 ( 1)  0.096
 178 W   0.15983 0.15983 0.15970 0.15743 0.14122 0.09741 0.06518 0.05940 ( 1)  0.187
 179 F   0.19252 0.19251 0.19212 0.18538 0.14156 0.05690 0.02164 0.01737 ( 1)  0.086
 180 F   0.19214 0.19213 0.19174 0.18508 0.14165 0.05743 0.02207 0.01776 ( 1)  0.087
 181 K   0.16803 0.16803 0.16785 0.16476 0.14314 0.08858 0.05277 0.04684 ( 1)  0.159
 182 I   0.19182 0.19182 0.19143 0.18481 0.14166 0.05784 0.02248 0.01815 ( 1)  0.088
 183 A   0.18520 0.18519 0.18488 0.17949 0.14350 0.06716 0.02982 0.02477 ( 1)  0.106
 184 A   0.18819 0.18818 0.18784 0.18194 0.14292 0.06305 0.02632 0.02156 ( 1)  0.097
 185 L   0.18326 0.18326 0.18296 0.17788 0.14371 0.06972 0.03221 0.02700 ( 1)  0.112
 186 I   0.00000 0.00000 0.00000 0.00073 0.03773 0.26088 0.35142 0.34925 ( 7)  0.801
 187 G   0.15641 0.15641 0.15630 0.15432 0.14011 0.10078 0.07061 0.06505 ( 1)  0.199
 188 I   0.19525 0.19525 0.19482 0.18746 0.14020 0.05288 0.01903 0.01511 ( 1)  0.079
 189 M   0.19839 0.19839 0.19792 0.18993 0.13909 0.04840 0.01572 0.01216 ( 1)  0.071
 190 V   0.18960 0.18960 0.18924 0.18305 0.14238 0.06100 0.02487 0.02028 ( 1)  0.094
 191 G   0.16641 0.16641 0.16624 0.16331 0.14274 0.09030 0.05524 0.04935 ( 1)  0.165
 192 S   0.00000 0.00001 0.00125 0.02221 0.14865 0.30397 0.27030 0.25362 ( 6)  0.668
 193 F   0.19366 0.19366 0.19325 0.18629 0.14116 0.05527 0.02043 0.01629 ( 1)  0.083
 194 Y   0.17929 0.17928 0.17903 0.17454 0.14403 0.07495 0.03720 0.03168 ( 1)  0.123
 195 I   0.19575 0.19575 0.19531 0.18787 0.14008 0.05219 0.01846 0.01459 ( 1)  0.078
 196 P   0.17968 0.17968 0.17941 0.17487 0.14405 0.07448 0.03667 0.03117 ( 1)  0.122
 197 G   0.16666 0.16666 0.16649 0.16355 0.14286 0.09009 0.05481 0.04888 ( 1)  0.164
 198 G   0.00000 0.00000 0.00000 0.00057 0.03069 0.23864 0.36150 0.36860 ( 8)  0.818
 199 Y   0.00000 0.00000 0.00000 0.00039 0.02187 0.20295 0.37465 0.40015 ( 8)  0.842
 200 F   0.19245 0.19244 0.19205 0.18533 0.14159 0.05700 0.02171 0.01743 ( 1)  0.086
 201 S   0.00000 0.00002 0.00162 0.02869 0.18336 0.32157 0.24389 0.22085 ( 6)  0.625
 202 S   0.00000 0.00001 0.00074 0.01329 0.09674 0.26220 0.31308 0.31396 ( 8)  0.740
 203 A   0.00000 0.00002 0.00167 0.02966 0.18872 0.32476 0.23970 0.21548 ( 6)  0.618
 204 W   0.16068 0.16067 0.16054 0.15819 0.14146 0.09655 0.06386 0.05805 ( 1)  0.184
 205 F   0.18982 0.18981 0.18945 0.18325 0.14246 0.06075 0.02452 0.01994 ( 1)  0.093
 206 F   0.00000 0.00000 0.00000 0.00001 0.00297 0.11807 0.40371 0.47525 ( 8)  0.899
 207 V   0.00000 0.00000 0.00000 0.00001 0.00555 0.15740 0.39736 0.43967 ( 8)  0.878
 208 G   0.18326 0.18326 0.18297 0.17789 0.14379 0.06978 0.03214 0.02690 ( 1)  0.111
 209 M   0.19839 0.19839 0.19792 0.18993 0.13909 0.04840 0.01572 0.01216 ( 1)  0.071
 210 A   0.00000 0.00000 0.00000 0.00000 0.00000 0.00892 0.35574 0.63534 ( 8)  0.961
 211 G   0.16745 0.16745 0.16728 0.16425 0.14301 0.08921 0.05364 0.04771 ( 1)  0.161
 212 A   0.19074 0.19074 0.19037 0.18400 0.14226 0.05948 0.02345 0.01896 ( 1)  0.090
 213 A   0.00000 0.00000 0.00000 0.00064 0.03387 0.24933 0.35688 0.35928 ( 8)  0.810
 214 F   0.00000 0.00000 0.00000 0.00000 0.00068 0.08309 0.40888 0.50734 ( 8)  0.918
 215 F   0.19366 0.19366 0.19325 0.18629 0.14116 0.05527 0.02043 0.01629 ( 1)  0.083
 216 I   0.19699 0.19698 0.19653 0.18880 0.13947 0.05038 0.01728 0.01356 ( 1)  0.075
 217 L   0.18809 0.18809 0.18774 0.18185 0.14289 0.06316 0.02647 0.02170 ( 1)  0.098
 218 I   0.19512 0.19511 0.19469 0.18736 0.14030 0.05309 0.01913 0.01520 ( 1)  0.079
 219 Q   0.15830 0.15829 0.15817 0.15602 0.14068 0.09889 0.06765 0.06199 ( 1)  0.192
 220 L   0.16386 0.16386 0.16371 0.16103 0.14212 0.09302 0.05911 0.05328 ( 1)  0.173
 221 V   0.00000 0.00001 0.00081 0.01467 0.10650 0.27680 0.30373 0.29748 ( 7)  0.723
 222 L   0.15491 0.15491 0.15481 0.15295 0.13958 0.10220 0.07304 0.06761 ( 1)  0.204
 223 L   0.16635 0.16634 0.16617 0.16322 0.14254 0.09019 0.05550 0.04969 ( 1)  0.165
 224 V   0.16905 0.16905 0.16886 0.16564 0.14318 0.08729 0.05140 0.04554 ( 1)  0.156
 225 D   0.18765 0.18765 0.18731 0.18152 0.14310 0.06383 0.02689 0.02206 ( 1)  0.099
 226 F   0.00000 0.00000 0.00000 0.00001 0.00460 0.14404 0.39991 0.45144 ( 8)  0.885
 227 A   0.18633 0.18632 0.18600 0.18042 0.14333 0.06563 0.02846 0.02351 ( 1)  0.103
 228 H   0.17922 0.17922 0.17896 0.17449 0.14407 0.07507 0.03726 0.03172 ( 1)  0.123
 229 S   0.18171 0.18171 0.18143 0.17659 0.14391 0.07181 0.03409 0.02874 ( 1)  0.116
 230 W   0.00000 0.00001 0.00072 0.01306 0.09545 0.26128 0.31414 0.31533 ( 8)  0.741
 231 N   0.18544 0.18543 0.18512 0.17970 0.14350 0.06685 0.02950 0.02446 ( 1)  0.105
 232 E   0.16703 0.16703 0.16686 0.16388 0.14297 0.08971 0.05423 0.04829 ( 1)  0.162
 233 S   0.00000 0.00000 0.00000 0.00022 0.01355 0.16188 0.38680 0.43754 ( 8)  0.869
 234 W   0.16010 0.16009 0.15996 0.15766 0.14129 0.09715 0.06477 0.05898 ( 1)  0.186
 235 V   0.00000 0.00001 0.00086 0.01549 0.11016 0.27541 0.30158 0.29648 ( 7)  0.720
 236 N   0.18466 0.18466 0.18435 0.17905 0.14360 0.06789 0.03045 0.02534 ( 1)  0.107
 237 R   0.14438 0.14438 0.14432 0.14320 0.13507 0.11114 0.09077 0.08674 ( 1)  0.243
 238 M   0.19861 0.19861 0.19814 0.19010 0.13897 0.04808 0.01551 0.01199 ( 1)  0.070
 239 E   0.16722 0.16722 0.16704 0.16404 0.14300 0.08951 0.05395 0.04801 ( 1)  0.162
 240 E   0.16722 0.16722 0.16704 0.16404 0.14300 0.08951 0.05395 0.04801 ( 1)  0.162
 241 -   0.12500 0.12500 0.12500 0.12500 0.12500 0.12500 0.12500 0.12500 ( 6)  0.318
 242 -   0.12500 0.12500 0.12500 0.12500 0.12500 0.12500 0.12500 0.12500 ( 6)  0.318
 243 -   0.12500 0.12500 0.12500 0.12500 0.12500 0.12500 0.12500 0.12500 ( 6)  0.318
 244 -   0.12500 0.12500 0.12500 0.12500 0.12500 0.12500 0.12500 0.12500 ( 6)  0.318
 245 -   0.12500 0.12500 0.12500 0.12500 0.12500 0.12500 0.12500 0.12500 ( 6)  0.318
 246 -   0.12500 0.12500 0.12500 0.12500 0.12500 0.12500 0.12500 0.12500 ( 6)  0.318
 247 -   0.12500 0.12500 0.12500 0.12500 0.12500 0.12500 0.12500 0.12500 ( 6)  0.318
 248 G   0.15681 0.15681 0.15669 0.15468 0.14025 0.10040 0.06997 0.06439 ( 1)  0.198
 249 N   0.18881 0.18881 0.18846 0.18245 0.14279 0.06219 0.02559 0.02089 ( 1)  0.096
 250 P   0.15920 0.15920 0.15907 0.15685 0.14101 0.09803 0.06618 0.06045 ( 1)  0.189
 251 R   0.17389 0.17389 0.17367 0.16990 0.14386 0.08168 0.04445 0.03866 ( 1)  0.140
 252 L   0.16855 0.16855 0.16837 0.16519 0.14304 0.08783 0.05217 0.04631 ( 1)  0.158
 253 W   0.16026 0.16026 0.16013 0.15781 0.14134 0.09698 0.06451 0.05872 ( 1)  0.185
 254 Y   0.00000 0.00001 0.00107 0.01910 0.13134 0.29318 0.28395 0.27135 ( 6)  0.690
 255 A   0.00000 0.00000 0.00000 0.00066 0.03490 0.25249 0.35540 0.35655 ( 8)  0.808
 256 A   0.00000 0.00000 0.00000 0.00062 0.03315 0.24669 0.35795 0.36160 ( 8)  0.812
 257 L   0.16167 0.16167 0.16153 0.15907 0.14161 0.09538 0.06242 0.05664 ( 1)  0.181
 258 L   0.15567 0.15567 0.15556 0.15364 0.13984 0.10147 0.07182 0.06633 ( 1)  0.202
 259 S   0.18233 0.18233 0.18204 0.17711 0.14385 0.07099 0.03333 0.02803 ( 1)  0.114
 260 F   0.00000 0.00000 0.00000 0.00071 0.03696 0.25659 0.35274 0.35299 ( 8)  0.804
 261 T   0.16678 0.16678 0.16661 0.16365 0.14286 0.08994 0.05465 0.04873 ( 1)  0.163
 262 S   0.00000 0.00002 0.00161 0.02854 0.18311 0.32303 0.24369 0.22000 ( 6)  0.624
 263 A   0.00000 0.00000 0.00000 0.00000 0.00077 0.08486 0.40895 0.50542 ( 8)  0.917
 264 F   0.19004 0.19003 0.18967 0.18343 0.14241 0.06044 0.02427 0.01971 ( 1)  0.092
 265 Y   0.17572 0.17572 0.17549 0.17148 0.14398 0.07944 0.04194 0.03623 ( 1)  0.134
 266 I   0.00000 0.00003 0.00220 0.03864 0.23296 0.33637 0.20887 0.18094 ( 6)  0.567
 267 L   0.15697 0.15697 0.15685 0.15480 0.14014 0.10006 0.06985 0.06435 ( 1)  0.197
 268 S   0.15747 0.15746 0.15735 0.15527 0.14044 0.09973 0.06895 0.06333 ( 1)  0.195
 269 I   0.00000 0.00003 0.00210 0.03697 0.22493 0.33465 0.21436 0.18696 ( 6)  0.576
 270 I   0.00000 0.00003 0.00220 0.03869 0.23325 0.33644 0.20867 0.18071 ( 6)  0.566
 271 C   0.00000 0.00000 0.00000 0.00001 0.00305 0.11726 0.40278 0.47690 ( 8)  0.899
 272 V   0.19164 0.19164 0.19126 0.18468 0.14180 0.05813 0.02261 0.01824 ( 1)  0.088
 273 G   0.16754 0.16754 0.16737 0.16433 0.14303 0.08911 0.05350 0.04758 ( 1)  0.161
 274 L   0.16105 0.16105 0.16091 0.15852 0.14150 0.09610 0.06333 0.05754 ( 1)  0.183
 275 L   0.18900 0.18900 0.18864 0.18259 0.14269 0.06191 0.02542 0.02075 ( 1)  0.095
 276 Y   0.17583 0.17582 0.17559 0.17157 0.14398 0.07931 0.04180 0.03609 ( 1)  0.134
 277 T   0.00000 0.00001 0.00088 0.01573 0.11159 0.27680 0.30036 0.29464 ( 7)  0.718
 278 Y   0.17893 0.17892 0.17867 0.17423 0.14403 0.07541 0.03767 0.03213 ( 1)  0.124
 279 Y   0.17950 0.17950 0.17924 0.17472 0.14402 0.07468 0.03692 0.03142 ( 1)  0.123
 280 T   0.19251 0.19251 0.19212 0.18539 0.14163 0.05694 0.02159 0.01731 ( 1)  0.086
 281 K   0.16920 0.16919 0.16901 0.16579 0.14335 0.08726 0.05107 0.04514 ( 1)  0.155
 282 P   0.00000 0.00001 0.00076 0.01363 0.09886 0.26458 0.31122 0.31095 ( 7)  0.736
 283 D   0.00000 0.00002 0.00128 0.02286 0.15261 0.30760 0.26691 0.24871 ( 6)  0.662
 284 G   0.18348 0.18348 0.18318 0.17808 0.14377 0.06949 0.03187 0.02665 ( 1)  0.111
 285 C   0.18092 0.18092 0.18065 0.17593 0.14402 0.07288 0.03505 0.02963 ( 1)  0.118
 286 T   0.16678 0.16678 0.16661 0.16365 0.14286 0.08994 0.05465 0.04873 ( 1)  0.163
 287 E   0.16766 0.16766 0.16748 0.16442 0.14300 0.08894 0.05338 0.04747 ( 1)  0.160
 288 N   0.18836 0.18835 0.18801 0.18208 0.14290 0.06282 0.02612 0.02137 ( 1)  0.097
 289 K   0.17602 0.17602 0.17578 0.17175 0.14404 0.07911 0.04150 0.03578 ( 1)  0.133
 290 F   0.19388 0.19388 0.19347 0.18646 0.14108 0.05495 0.02020 0.01608 ( 1)  0.082
 291 F   0.19388 0.19388 0.19347 0.18646 0.14108 0.05495 0.02020 0.01608 ( 1)  0.082
 292 I   0.19721 0.19721 0.19675 0.18897 0.13937 0.05006 0.01706 0.01337 ( 1)  0.074
 293 S   0.18477 0.18477 0.18446 0.17915 0.14364 0.06777 0.03027 0.02516 ( 1)  0.107
 294 I   0.19357 0.19356 0.19316 0.18618 0.14101 0.05534 0.02066 0.01653 ( 1)  0.083
 295 N   0.18745 0.18744 0.18711 0.18135 0.14312 0.06410 0.02714 0.02229 ( 1)  0.099
 296 L   0.15517 0.15517 0.15506 0.15318 0.13967 0.10195 0.07262 0.06717 ( 1)  0.203
 297 I   0.19721 0.19721 0.19675 0.18897 0.13937 0.05006 0.01706 0.01337 ( 1)  0.074
 298 L   0.00000 0.00002 0.00142 0.02531 0.16585 0.31464 0.25675 0.23602 ( 6)  0.646
 299 C   0.17971 0.17970 0.17944 0.17489 0.14402 0.07443 0.03665 0.03116 ( 1)  0.122
 300 V   0.00000 0.00000 0.00000 0.00070 0.03666 0.25664 0.35305 0.35294 ( 7)  0.804
 301 V   0.17900 0.17899 0.17873 0.17426 0.14387 0.07520 0.03772 0.03223 ( 1)  0.124
 302 V   0.00000 0.00002 0.00150 0.02657 0.17204 0.31577 0.25250 0.23160 ( 6)  0.639
 303 S   0.18233 0.18233 0.18204 0.17711 0.14384 0.07099 0.03333 0.02803 ( 1)  0.114
 304 I   0.00000 0.00000 0.00000 0.00000 0.00090 0.09627 0.41027 0.49256 ( 8)  0.911
 305 I   0.18509 0.18509 0.18478 0.17939 0.14343 0.06726 0.03001 0.02496 ( 1)  0.106
 306 S   0.15957 0.15957 0.15944 0.15718 0.14110 0.09763 0.06563 0.05989 ( 1)  0.188
 307 I   0.00000 0.00003 0.00213 0.03740 0.22699 0.33510 0.21295 0.18541 ( 6)  0.573
 308 H   0.18115 0.18115 0.18088 0.17613 0.14404 0.07260 0.03473 0.02932 ( 1)  0.118
 309 P   0.16201 0.16201 0.16186 0.15938 0.14177 0.09510 0.06185 0.05602 ( 1)  0.179
 310 K   0.16919 0.16919 0.16901 0.16579 0.14335 0.08726 0.05107 0.04514 ( 1)  0.155
 311 I   0.19319 0.19319 0.19279 0.18589 0.14120 0.05589 0.02101 0.01683 ( 1)  0.084
 312 Q   0.15913 0.15913 0.15900 0.15679 0.14101 0.09813 0.06627 0.06053 ( 1)  0.189
 313 E   0.16766 0.16766 0.16748 0.16442 0.14300 0.08894 0.05338 0.04747 ( 1)  0.160
 314 H   0.18115 0.18115 0.18088 0.17613 0.14404 0.07260 0.03473 0.02932 ( 1)  0.118
 315 Q   0.15852 0.15852 0.15839 0.15623 0.14076 0.09867 0.06729 0.06161 ( 1)  0.192
 316 P   0.17949 0.17949 0.17923 0.17472 0.14408 0.07474 0.03690 0.03137 ( 1)  0.123
 317 R   0.00000 0.00001 0.00112 0.01994 0.13623 0.29699 0.27994 0.26578 ( 6)  0.684
 318 S   0.18574 0.18574 0.18542 0.17994 0.14343 0.06643 0.02916 0.02415 ( 1)  0.104
 319 G   0.18348 0.18348 0.18318 0.17807 0.14377 0.06949 0.03187 0.02665 ( 1)  0.111
 320 L   0.18900 0.18899 0.18864 0.18259 0.14269 0.06191 0.02542 0.02075 ( 1)  0.095
 321 L   0.16241 0.16241 0.16227 0.15974 0.14182 0.09463 0.06127 0.05545 ( 1)  0.178
 322 Q   0.15910 0.15910 0.15897 0.15676 0.14100 0.09816 0.06632 0.06059 ( 1)  0.189
 323 S   0.18629 0.18629 0.18597 0.18040 0.14334 0.06568 0.02850 0.02354 ( 1)  0.103
 324 S   0.18369 0.18368 0.18338 0.17824 0.14374 0.06921 0.03162 0.02643 ( 1)  0.110
 325 I   0.00000 0.00000 0.00000 0.00000 0.00086 0.09292 0.40966 0.49656 ( 8)  0.913
 326 I   0.19721 0.19720 0.19675 0.18897 0.13937 0.05006 0.01706 0.01338 ( 1)  0.074
 327 T   0.19251 0.19251 0.19211 0.18539 0.14163 0.05694 0.02160 0.01731 ( 1)  0.086
 328 L   0.18900 0.18899 0.18864 0.18259 0.14269 0.06191 0.02542 0.02075 ( 1)  0.095
 329 Y   0.17912 0.17912 0.17886 0.17440 0.14404 0.07517 0.03742 0.03188 ( 1)  0.124
 330 T   0.18939 0.18939 0.18903 0.18290 0.14255 0.06134 0.02501 0.02038 ( 1)  0.094
 331 M   0.00000 0.00003 0.00223 0.03917 0.23639 0.33931 0.20591 0.17696 ( 6)  0.562
 332 Y   0.17917 0.17916 0.17891 0.17444 0.14404 0.07511 0.03735 0.03182 ( 1)  0.124
 333 L   0.18858 0.18858 0.18823 0.18226 0.14280 0.06249 0.02589 0.02117 ( 1)  0.096
 334 T   0.19245 0.19244 0.19205 0.18534 0.14165 0.05704 0.02167 0.01737 ( 1)  0.086
 335 W   0.16084 0.16084 0.16070 0.15834 0.14151 0.09638 0.06360 0.05779 ( 1)  0.183
 336 S   0.15708 0.15708 0.15696 0.15492 0.14032 0.10011 0.06956 0.06397 ( 1)  0.197
 337 A   0.19096 0.19096 0.19059 0.18418 0.14220 0.05917 0.02321 0.01874 ( 1)  0.090
 338 M   0.19861 0.19860 0.19813 0.19010 0.13897 0.04808 0.01551 0.01199 ( 1)  0.070
 339 S   0.18629 0.18629 0.18597 0.18040 0.14334 0.06568 0.02850 0.02354 ( 1)  0.103
 340 N   0.18567 0.18567 0.18535 0.17989 0.14347 0.06653 0.02922 0.02420 ( 1)  0.104
 341 E   0.16722 0.16721 0.16704 0.16404 0.14300 0.08951 0.05395 0.04801 ( 1)  0.162
 342 P   0.17984 0.17983 0.17957 0.17501 0.14405 0.07428 0.03646 0.03096 ( 1)  0.122
 343 D   0.00000 0.00000 0.00000 0.00041 0.02324 0.21095 0.37255 0.39285 ( 8)  0.837
 344 R   0.00000 0.00001 0.00083 0.01499 0.10721 0.27294 0.30405 0.29997 ( 7)  0.724
 345 S   0.17904 0.17903 0.17877 0.17431 0.14394 0.07521 0.03761 0.03210 ( 1)  0.124
 346 C   0.17392 0.17392 0.17370 0.16992 0.14384 0.08162 0.04443 0.03865 ( 1)  0.140
 347 N   0.18207 0.18206 0.18178 0.17687 0.14378 0.07128 0.03373 0.02844 ( 1)  0.115
 348 P   0.00000 0.00001 0.00110 0.01966 0.13452 0.29535 0.28140 0.26796 ( 6)  0.686
 349 S   0.00000 0.00001 0.00125 0.02221 0.14878 0.30452 0.27008 0.25316 ( 6)  0.668
 350 L   0.15098 0.15098 0.15089 0.14934 0.13811 0.10584 0.07947 0.07440 ( 1)  0.218
 351 M   0.00000 0.00001 0.00101 0.01809 0.12579 0.28986 0.28830 0.27693 ( 6)  0.698
 352 S   0.18143 0.18142 0.18115 0.17634 0.14388 0.07215 0.03450 0.02914 ( 1)  0.117
 353 F   0.00000 0.00002 0.00126 0.02248 0.14993 0.30389 0.26947 0.25295 ( 6)  0.667
 354 I   0.00000 0.00002 0.00126 0.02251 0.15010 0.30401 0.26933 0.25276 ( 6)  0.666
 355 T   0.00000 0.00001 0.00074 0.01327 0.09664 0.26225 0.31314 0.31395 ( 8)  0.740
 356 R   0.00000 0.00000 0.00000 0.00029 0.01738 0.18268 0.38133 0.41832 ( 8)  0.856
 357 I   0.17787 0.17787 0.17762 0.17330 0.14390 0.07666 0.03917 0.03361 ( 1)  0.128
 358 T   0.00000 0.00001 0.00121 0.02155 0.14507 0.30211 0.27303 0.25702 ( 6)  0.672
 359 A   0.15968 0.15968 0.15954 0.15727 0.14111 0.09750 0.06548 0.05975 ( 1)  0.188
 360 P   0.15746 0.15745 0.15733 0.15526 0.14040 0.09969 0.06900 0.06341 ( 1)  0.195
 361 T   0.18156 0.18156 0.18128 0.17642 0.14368 0.07185 0.03447 0.02917 ( 1)  0.117
 362 L   0.15713 0.15713 0.15701 0.15494 0.14017 0.09987 0.06962 0.06413 ( 1)  0.197
 363 A   0.17928 0.17928 0.17902 0.17451 0.14393 0.07490 0.03729 0.03179 ( 1)  0.123
 364 P   0.17258 0.17257 0.17237 0.16875 0.14372 0.08324 0.04630 0.04047 ( 1)  0.144
 365 G   0.15287 0.15286 0.15277 0.15108 0.13886 0.10414 0.07635 0.07108 ( 1)  0.212
 366 N   0.17843 0.17842 0.17817 0.17379 0.14397 0.07600 0.03839 0.03284 ( 1)  0.126
 367 S   0.15798 0.15798 0.15786 0.15572 0.14046 0.09904 0.06825 0.06270 ( 1)  0.194
 368 T   0.18085 0.18085 0.18057 0.17584 0.14382 0.07284 0.03531 0.02993 ( 1)  0.119
 369 A   0.00000 0.00001 0.00121 0.02152 0.14494 0.30217 0.27310 0.25705 ( 6)  0.673
 370 V   0.00000 0.00000 0.00000 0.00030 0.01769 0.18373 0.38086 0.41742 ( 8)  0.855
 371 I   0.00000 0.00000 0.00000 0.00048 0.02628 0.22238 0.36799 0.38288 ( 8)  0.829
 372 P   0.00000 0.00001 0.00099 0.01770 0.12324 0.28684 0.29061 0.28061 ( 7)  0.702
 373 T   0.00000 0.00002 0.00143 0.02541 0.16615 0.31394 0.25671 0.23634 ( 6)  0.646
 374 P   0.00000 0.00000 0.00000 0.00033 0.01920 0.19170 0.37864 0.41013 ( 8)  0.850
 375 I   0.00000 0.00000 0.00000 0.00000 0.00005 0.03273 0.39315 0.57408 ( 8)  0.945
 376 P   0.15465 0.15465 0.15454 0.15271 0.13952 0.10249 0.07344 0.06801 ( 1)  0.205
 377 P   0.00000 0.00000 0.00000 0.00000 0.00194 0.09257 0.40248 0.50301 ( 8)  0.913
 378 S   0.15228 0.15228 0.15218 0.15053 0.13862 0.10466 0.07733 0.07212 ( 1)  0.214
 379 K   0.16933 0.16933 0.16914 0.16590 0.14330 0.08704 0.05092 0.04502 ( 1)  0.155
 380 S   0.00000 0.00001 0.00114 0.02038 0.13861 0.29818 0.27811 0.26357 ( 6)  0.681
 381 G   0.16167 0.16166 0.16152 0.15907 0.14166 0.09545 0.06239 0.05657 ( 1)  0.181
 382 S   0.00000 0.00000 0.00000 0.00001 0.00280 0.11209 0.40289 0.48220 ( 8)  0.902
 383 L   0.00000 0.00000 0.00000 0.00032 0.01861 0.18785 0.37945 0.41377 ( 8)  0.852
 384 L   0.15104 0.15104 0.15095 0.14940 0.13814 0.10578 0.07937 0.07429 ( 1)  0.218
 385 D   0.00000 0.00001 0.00110 0.01964 0.13444 0.29539 0.28144 0.26798 ( 6)  0.686
 386 S   0.00000 0.00001 0.00058 0.01048 0.07907 0.24190 0.32860 0.33936 ( 8)  0.767
 387 D   0.00000 0.00001 0.00078 0.01406 0.10212 0.27038 0.30797 0.30469 ( 7)  0.730
 388 N   0.17843 0.17842 0.17817 0.17379 0.14397 0.07600 0.03839 0.03284 ( 1)  0.126
 389 V   0.00000 0.00000 0.00000 0.00048 0.02647 0.22195 0.36778 0.38332 ( 8)  0.829
 390 V   0.00000 0.00000 0.00000 0.00001 0.00449 0.14196 0.40007 0.45347 ( 8)  0.886
 391 G   0.15684 0.15684 0.15672 0.15470 0.14021 0.10031 0.06997 0.06441 ( 1)  0.197
 392 L   0.15115 0.15115 0.15106 0.14950 0.13818 0.10568 0.07918 0.07410 ( 1)  0.218
 393 F   0.00000 0.00001 0.00115 0.02054 0.13929 0.29774 0.27775 0.26351 ( 6)  0.680
 394 V   0.18667 0.18666 0.18633 0.18063 0.14287 0.06495 0.02837 0.02353 ( 1)  0.102
 395 F   0.18265 0.18265 0.18236 0.17735 0.14365 0.07045 0.03306 0.02783 ( 1)  0.113
 396 V   0.18241 0.18241 0.18212 0.17712 0.14353 0.07068 0.03347 0.02826 ( 1)  0.114
 397 C   0.00000 0.00000 0.00000 0.00000 0.00056 0.07449 0.40725 0.51770 ( 8)  0.923
 398 C   0.17392 0.17392 0.17370 0.16992 0.14384 0.08162 0.04443 0.03865 ( 1)  0.140
 399 L   0.17754 0.17754 0.17729 0.17302 0.14390 0.07707 0.03961 0.03402 ( 1)  0.129
 400 V   0.00000 0.00001 0.00075 0.01356 0.09831 0.26332 0.31178 0.31226 ( 8)  0.737
 401 Y   0.16866 0.16866 0.16847 0.16530 0.14315 0.08778 0.05193 0.04605 ( 1)  0.157
 402 S   0.17480 0.17479 0.17457 0.17067 0.14385 0.08052 0.04327 0.03753 ( 1)  0.137
 403 S   0.18143 0.18142 0.18115 0.17634 0.14388 0.07215 0.03450 0.02914 ( 1)  0.117
 404 I   0.18971 0.18970 0.18934 0.18309 0.14210 0.06072 0.02493 0.02041 ( 1)  0.094
 405 R   0.16990 0.16989 0.16970 0.16640 0.14340 0.08641 0.05010 0.04420 ( 1)  0.153
 406 T   0.00000 0.00001 0.00110 0.01963 0.13402 0.29368 0.28207 0.26948 ( 6)  0.688
 407 S   0.00000 0.00000 0.00000 0.00047 0.02622 0.22158 0.36814 0.38359 ( 8)  0.830
 408 S   0.00000 0.00001 0.00119 0.02124 0.14326 0.30056 0.27454 0.25921 ( 6)  0.675
 409 N   0.17844 0.17844 0.17818 0.17380 0.14396 0.07598 0.03837 0.03282 ( 1)  0.126
 410 S   0.18135 0.18134 0.18107 0.17627 0.14388 0.07225 0.03461 0.02925 ( 1)  0.117
 411 Q   0.15002 0.15002 0.14993 0.14845 0.13772 0.10669 0.08107 0.07611 ( 1)  0.222
 412 V   0.16222 0.16222 0.16208 0.15956 0.14173 0.09478 0.06160 0.05581 ( 1)  0.179
 413 D   0.00000 0.00001 0.00123 0.02192 0.14731 0.30400 0.27116 0.25436 ( 6)  0.669
 414 K   0.16933 0.16932 0.16914 0.16590 0.14330 0.08705 0.05093 0.04503 ( 1)  0.155
 415 L   0.15104 0.15104 0.15095 0.14940 0.13814 0.10578 0.07937 0.07429 ( 1)  0.218
 416 T   0.18489 0.18489 0.18458 0.17921 0.14338 0.06747 0.03032 0.02527 ( 1)  0.107
 417 L   0.15233 0.15233 0.15223 0.15056 0.13851 0.10445 0.07736 0.07224 ( 1)  0.214
 418 S   0.15228 0.15228 0.15218 0.15053 0.13862 0.10466 0.07733 0.07212 ( 1)  0.214
 419 G   0.16167 0.16166 0.16152 0.15907 0.14166 0.09545 0.06239 0.05657 ( 1)  0.181
 420 S   0.17759 0.17759 0.17734 0.17308 0.14400 0.07708 0.03946 0.03385 ( 1)  0.129
 421 D   0.18075 0.18075 0.18047 0.17577 0.14391 0.07302 0.03537 0.02997 ( 1)  0.119
 422 S   0.18083 0.18083 0.18055 0.17582 0.14386 0.07289 0.03530 0.02992 ( 1)  0.119
 423 V   0.17570 0.17570 0.17547 0.17144 0.14385 0.07937 0.04207 0.03639 ( 1)  0.135
 424 I   0.18919 0.18919 0.18883 0.18267 0.14225 0.06145 0.02550 0.02092 ( 1)  0.095
 425 L   0.00000 0.00001 0.00112 0.02008 0.13681 0.29650 0.27964 0.26583 ( 6)  0.683
 426 G   0.00000 0.00001 0.00090 0.01608 0.11368 0.27862 0.29861 0.29210 ( 7)  0.715
 427 D   0.17701 0.17700 0.17676 0.17258 0.14398 0.07781 0.04025 0.03460 ( 1)  0.130
 428 T   0.00000 0.00001 0.00073 0.01314 0.09586 0.26142 0.31382 0.31502 ( 8)  0.741
 429 A   0.00000 0.00000 0.00000 0.00046 0.02560 0.21861 0.36906 0.38626 ( 8)  0.832
 430 T   0.00000 0.00000 0.00000 0.00056 0.03003 0.23545 0.36252 0.37144 ( 8)  0.820
 431 S   0.00000 0.00000 0.00000 0.00000 0.00001 0.02044 0.38257 0.59698 ( 8)  0.953
 432 G   0.17029 0.17028 0.17009 0.16674 0.14342 0.08591 0.04957 0.04370 ( 1)  0.152
 433 A   0.00000 0.00001 0.00121 0.02162 0.14545 0.30213 0.27278 0.25679 ( 6)  0.672
 434 N   0.00000 0.00000 0.00000 0.00001 0.00384 0.13158 0.40151 0.46305 ( 8)  0.892
 435 D   0.17701 0.17700 0.17676 0.17258 0.14398 0.07781 0.04025 0.03460 ( 1)  0.130
 436 E   0.16187 0.16187 0.16172 0.15924 0.14165 0.09517 0.06214 0.05635 ( 1)  0.180
 437 E   0.00000 0.00001 0.00074 0.01337 0.09734 0.26319 0.31251 0.31284 ( 8)  0.739
 438 D   0.00000 0.00000 0.00000 0.00001 0.00347 0.12503 0.40220 0.46929 ( 8)  0.895
 439 G   0.15357 0.15357 0.15346 0.15172 0.13910 0.10347 0.07522 0.06989 ( 1)  0.209
 440 Q   0.15402 0.15402 0.15392 0.15214 0.13930 0.10309 0.07445 0.06906 ( 1)  0.207
 441 P   0.17258 0.17257 0.17237 0.16875 0.14372 0.08324 0.04630 0.04047 ( 1)  0.144
 442 R   0.15171 0.15171 0.15161 0.15001 0.13842 0.10521 0.07825 0.07309 ( 1)  0.216
 443 R   0.15348 0.15347 0.15337 0.15163 0.13909 0.10358 0.07535 0.07003 ( 1)  0.209
 444 -   0.12500 0.12500 0.12500 0.12500 0.12500 0.12500 0.12500 0.12500 ( 6)  0.318
 445 -   0.12500 0.12500 0.12500 0.12500 0.12500 0.12500 0.12500 0.12500 ( 6)  0.318
 446 -   0.12500 0.12500 0.12500 0.12500 0.12500 0.12500 0.12500 0.12500 ( 6)  0.318
 447 -   0.12500 0.12500 0.12500 0.12500 0.12500 0.12500 0.12500 0.12500 ( 6)  0.318
 448 -   0.12500 0.12500 0.12500 0.12500 0.12500 0.12500 0.12500 0.12500 ( 6)  0.318
 449 -   0.12500 0.12500 0.12500 0.12500 0.12500 0.12500 0.12500 0.12500 ( 6)  0.318
 450 -   0.12500 0.12500 0.12500 0.12500 0.12500 0.12500 0.12500 0.12500 ( 6)  0.318
 451 -   0.12500 0.12500 0.12500 0.12500 0.12500 0.12500 0.12500 0.12500 ( 6)  0.318
 452 -   0.12500 0.12500 0.12500 0.12500 0.12500 0.12500 0.12500 0.12500 ( 6)  0.318
 453 -   0.12500 0.12500 0.12500 0.12500 0.12500 0.12500 0.12500 0.12500 ( 6)  0.318
 454 -   0.12500 0.12500 0.12500 0.12500 0.12500 0.12500 0.12500 0.12500 ( 6)  0.318
 455 -   0.12500 0.12500 0.12500 0.12500 0.12500 0.12500 0.12500 0.12500 ( 6)  0.318
 456 -   0.12500 0.12500 0.12500 0.12500 0.12500 0.12500 0.12500 0.12500 ( 6)  0.318
 457 -   0.12500 0.12500 0.12500 0.12500 0.12500 0.12500 0.12500 0.12500 ( 6)  0.318
 458 -   0.12500 0.12500 0.12500 0.12500 0.12500 0.12500 0.12500 0.12500 ( 6)  0.318
 459 -   0.12500 0.12500 0.12500 0.12500 0.12500 0.12500 0.12500 0.12500 ( 6)  0.318
 460 -   0.12500 0.12500 0.12500 0.12500 0.12500 0.12500 0.12500 0.12500 ( 6)  0.318
 461 -   0.12500 0.12500 0.12500 0.12500 0.12500 0.12500 0.12500 0.12500 ( 6)  0.318
 462 -   0.12500 0.12500 0.12500 0.12500 0.12500 0.12500 0.12500 0.12500 ( 6)  0.318
 463 -   0.12500 0.12500 0.12500 0.12500 0.12500 0.12500 0.12500 0.12500 ( 6)  0.318
 464 -   0.12500 0.12500 0.12500 0.12500 0.12500 0.12500 0.12500 0.12500 ( 6)  0.318
 465 -   0.12500 0.12500 0.12500 0.12500 0.12500 0.12500 0.12500 0.12500 ( 6)  0.318
 466 -   0.12500 0.12500 0.12500 0.12500 0.12500 0.12500 0.12500 0.12500 ( 6)  0.318
 467 -   0.12500 0.12500 0.12500 0.12500 0.12500 0.12500 0.12500 0.12500 ( 6)  0.318
 468 -   0.12500 0.12500 0.12500 0.12500 0.12500 0.12500 0.12500 0.12500 ( 6)  0.318
 469 -   0.12500 0.12500 0.12500 0.12500 0.12500 0.12500 0.12500 0.12500 ( 6)  0.318
 470 -   0.12500 0.12500 0.12500 0.12500 0.12500 0.12500 0.12500 0.12500 ( 6)  0.318
 471 -   0.12500 0.12500 0.12500 0.12500 0.12500 0.12500 0.12500 0.12500 ( 6)  0.318
 472 -   0.12500 0.12500 0.12500 0.12500 0.12500 0.12500 0.12500 0.12500 ( 6)  0.318
 473 -   0.12500 0.12500 0.12500 0.12500 0.12500 0.12500 0.12500 0.12500 ( 6)  0.318
 474 -   0.12500 0.12500 0.12500 0.12500 0.12500 0.12500 0.12500 0.12500 ( 6)  0.318
 475 -   0.12500 0.12500 0.12500 0.12500 0.12500 0.12500 0.12500 0.12500 ( 6)  0.318
 476 -   0.12500 0.12500 0.12500 0.12500 0.12500 0.12500 0.12500 0.12500 ( 6)  0.318
 477 -   0.12500 0.12500 0.12500 0.12500 0.12500 0.12500 0.12500 0.12500 ( 6)  0.318
 478 -   0.12500 0.12500 0.12500 0.12500 0.12500 0.12500 0.12500 0.12500 ( 6)  0.318
 479 -   0.12500 0.12500 0.12500 0.12500 0.12500 0.12500 0.12500 0.12500 ( 6)  0.318
 480 A   0.17852 0.17851 0.17826 0.17386 0.14393 0.07586 0.03830 0.03276 ( 1)  0.126
 481 V   0.16994 0.16993 0.16974 0.16641 0.14322 0.08620 0.05019 0.04437 ( 1)  0.153
 482 D   0.18006 0.18006 0.17979 0.17518 0.14394 0.07391 0.03626 0.03081 ( 1)  0.121
 483 N   0.18082 0.18082 0.18054 0.17581 0.14383 0.07288 0.03533 0.02995 ( 1)  0.119
 484 E   0.16603 0.16602 0.16586 0.16296 0.14263 0.09070 0.05584 0.04997 ( 1)  0.166
 485 K   0.16246 0.16246 0.16231 0.15979 0.14189 0.09464 0.06115 0.05530 ( 1)  0.178
 486 E   0.16687 0.16686 0.16669 0.16372 0.14288 0.08984 0.05453 0.04861 ( 1)  0.163
 487 G   0.15335 0.15335 0.15325 0.15152 0.13902 0.10367 0.07557 0.07027 ( 1)  0.210
 488 V   0.16994 0.16993 0.16974 0.16641 0.14322 0.08620 0.05019 0.04437 ( 1)  0.153
 489 Q   0.00000 0.00001 0.00060 0.01078 0.08107 0.24465 0.32680 0.33610 ( 8)  0.763
 490 Y   0.16844 0.16844 0.16826 0.16511 0.14310 0.08801 0.05226 0.04637 ( 1)  0.158
 491 S   0.18065 0.18065 0.18038 0.17568 0.14391 0.07315 0.03549 0.03008 ( 1)  0.119
 492 Y   0.17185 0.17185 0.17165 0.16811 0.14358 0.08405 0.04737 0.04154 ( 1)  0.147
 493 F   0.00000 0.00000 0.00000 0.00001 0.00401 0.13433 0.40120 0.46045 ( 8)  0.890
 494 F   0.00000 0.00001 0.00116 0.02074 0.14012 0.29714 0.27730 0.26353 ( 6)  0.680
 495 F   0.18509 0.18508 0.18477 0.17935 0.14325 0.06714 0.03016 0.02516 ( 1)  0.107
 496 H   0.17339 0.17338 0.17317 0.16945 0.14381 0.08228 0.04516 0.03935 ( 1)  0.142
 497 L   0.00000 0.00000 0.00000 0.00002 0.00183 0.07962 0.40415 0.51438 ( 8)  0.919
 498 M   0.19041 0.19041 0.19004 0.18372 0.14227 0.05989 0.02388 0.01937 ( 1)  0.091
 499 L   0.18086 0.18086 0.18058 0.17584 0.14379 0.07280 0.03532 0.02995 ( 1)  0.119
 500 C   0.00000 0.00001 0.00096 0.01730 0.12082 0.28459 0.29267 0.28366 ( 7)  0.705
 501 L   0.16343 0.16343 0.16328 0.16065 0.14209 0.09356 0.05971 0.05386 ( 1)  0.175
 502 A   0.17852 0.17851 0.17826 0.17386 0.14393 0.07586 0.03830 0.03276 ( 1)  0.126
 503 -   0.12500 0.12500 0.12500 0.12500 0.12500 0.12500 0.12500 0.12500 ( 6)  0.318
 504 -   0.12500 0.12500 0.12500 0.12500 0.12500 0.12500 0.12500 0.12500 ( 6)  0.318
 505 -   0.12500 0.12500 0.12500 0.12500 0.12500 0.12500 0.12500 0.12500 ( 6)  0.318
 506 -   0.12500 0.12500 0.12500 0.12500 0.12500 0.12500 0.12500 0.12500 ( 6)  0.318
 507 -   0.12500 0.12500 0.12500 0.12500 0.12500 0.12500 0.12500 0.12500 ( 6)  0.318
 508 -   0.12500 0.12500 0.12500 0.12500 0.12500 0.12500 0.12500 0.12500 ( 6)  0.318
 509 -   0.12500 0.12500 0.12500 0.12500 0.12500 0.12500 0.12500 0.12500 ( 6)  0.318
 510 -   0.12500 0.12500 0.12500 0.12500 0.12500 0.12500 0.12500 0.12500 ( 6)  0.318
 511 -   0.12500 0.12500 0.12500 0.12500 0.12500 0.12500 0.12500 0.12500 ( 6)  0.318
 512 -   0.12500 0.12500 0.12500 0.12500 0.12500 0.12500 0.12500 0.12500 ( 6)  0.318
 513 -   0.12500 0.12500 0.12500 0.12500 0.12500 0.12500 0.12500 0.12500 ( 1)  0.318
 514 -   0.12500 0.12500 0.12500 0.12500 0.12500 0.12500 0.12500 0.12500 ( 6)  0.318
 515 -   0.12500 0.12500 0.12500 0.12500 0.12500 0.12500 0.12500 0.12500 ( 6)  0.318
 516 S   0.18011 0.18011 0.17984 0.17521 0.14385 0.07379 0.03626 0.03083 ( 1)  0.121
 517 L   0.00000 0.00001 0.00086 0.01544 0.10983 0.27507 0.30186 0.29692 ( 7)  0.720
 518 Y   0.00000 0.00001 0.00098 0.01756 0.12222 0.28521 0.29160 0.28242 ( 7)  0.703
 519 I   0.00000 0.00002 0.00144 0.02561 0.16670 0.31240 0.25672 0.23711 ( 6)  0.646
 520 M   0.18070 0.18069 0.18042 0.17568 0.14368 0.07293 0.03562 0.03028 ( 1)  0.119
 521 M   0.18070 0.18069 0.18042 0.17568 0.14368 0.07293 0.03562 0.03028 ( 1)  0.119
 522 T   0.17483 0.17483 0.17460 0.17065 0.14357 0.08026 0.04345 0.03780 ( 1)  0.138
 523 L   0.15138 0.15138 0.15128 0.14966 0.13798 0.10512 0.07906 0.07414 ( 1)  0.217
 524 T   0.17393 0.17392 0.17370 0.16986 0.14350 0.08135 0.04471 0.03903 ( 1)  0.140
 525 G   0.00000 0.00001 0.00088 0.01574 0.11150 0.27603 0.30055 0.29529 ( 7)  0.718
 526 W   0.00000 0.00001 0.00055 0.00999 0.07596 0.23802 0.33137 0.34410 ( 8)  0.772
 527 Y   0.16357 0.16357 0.16342 0.16076 0.14200 0.09329 0.05960 0.05380 ( 1)  0.174
 528 S   0.18253 0.18253 0.18224 0.17725 0.14373 0.07066 0.03316 0.02790 ( 1)  0.114
 529 P   0.17363 0.17362 0.17341 0.16966 0.14379 0.08196 0.04487 0.03908 ( 1)  0.141
 530 D   0.17809 0.17809 0.17783 0.17350 0.14395 0.07642 0.03885 0.03328 ( 1)  0.127
 531 A   0.16421 0.16421 0.16405 0.16133 0.14218 0.09263 0.05861 0.05278 ( 1)  0.172
 532 K   0.00000 0.00001 0.00095 0.01700 0.11915 0.28340 0.29402 0.28546 ( 7)  0.707
 533 F   0.18598 0.18598 0.18566 0.18007 0.14299 0.06587 0.02918 0.02428 ( 1)  0.104
 534 Q   0.15536 0.15536 0.15525 0.15336 0.13977 0.10182 0.07229 0.06680 ( 1)  0.203
 535 S   0.00000 0.00001 0.00110 0.01974 0.13527 0.29679 0.28059 0.26649 ( 6)  0.685
 536 M   0.19310 0.19309 0.19269 0.18584 0.14133 0.05606 0.02105 0.01685 ( 1)  0.084
 537 T   0.18694 0.18693 0.18660 0.18088 0.14296 0.06466 0.02794 0.02310 ( 1)  0.101
 538 S   0.18322 0.18321 0.18292 0.17783 0.14367 0.06976 0.03230 0.02709 ( 1)  0.112
 539 K   0.17101 0.17101 0.17081 0.16738 0.14352 0.08507 0.04853 0.04266 ( 1)  0.149
 540 W   0.15692 0.15692 0.15680 0.15478 0.14029 0.10030 0.06979 0.06419 ( 1)  0.197
 541 P   0.15708 0.15708 0.15696 0.15493 0.14033 0.10012 0.06955 0.06395 ( 1)  0.197
 542 A   0.18110 0.18110 0.18082 0.17605 0.14381 0.07251 0.03498 0.02962 ( 1)  0.118
 543 V   0.16889 0.16888 0.16870 0.16548 0.14304 0.08737 0.05174 0.04592 ( 1)  0.157
 544 W   0.15692 0.15692 0.15680 0.15478 0.14029 0.10030 0.06979 0.06419 ( 1)  0.197
 545 V   0.18677 0.18677 0.18643 0.18072 0.14284 0.06477 0.02826 0.02344 ( 1)  0.102
 546 K   0.17101 0.17101 0.17081 0.16738 0.14352 0.08507 0.04853 0.04266 ( 1)  0.149
 547 I   0.19152 0.19152 0.19113 0.18451 0.14143 0.05812 0.02304 0.01873 ( 1)  0.089
 548 S   0.18328 0.18327 0.18298 0.17788 0.14367 0.06968 0.03222 0.02702 ( 1)  0.112
 549 T   0.00000 0.00000 0.00000 0.00051 0.02779 0.22733 0.36581 0.37856 ( 8)  0.826
 550 S   0.18328 0.18327 0.18298 0.17788 0.14367 0.06968 0.03222 0.02702 ( 1)  0.112
 551 W   0.15692 0.15692 0.15680 0.15478 0.14029 0.10030 0.06979 0.06419 ( 1)  0.197
 552 V   0.18854 0.18854 0.18819 0.18214 0.14235 0.06232 0.02628 0.02164 ( 1)  0.097
 553 C   0.17564 0.17563 0.17540 0.17140 0.14392 0.07950 0.04211 0.03641 ( 1)  0.135
 554 L   0.18347 0.18346 0.18316 0.17802 0.14351 0.06935 0.03209 0.02694 ( 1)  0.111
 555 L   0.16861 0.16861 0.16842 0.16519 0.14274 0.08745 0.05235 0.04663 ( 1)  0.158
 556 L   0.17975 0.17974 0.17948 0.17489 0.14379 0.07421 0.03678 0.03135 ( 1)  0.122
 557 Y   0.17380 0.17380 0.17358 0.16980 0.14376 0.08171 0.04465 0.03889 ( 1)  0.141
 558 -   0.12500 0.12500 0.12500 0.12500 0.12500 0.12500 0.12500 0.12500 ( 6)  0.318
 559 -   0.12500 0.12500 0.12500 0.12500 0.12500 0.12500 0.12500 0.12500 ( 6)  0.318
 560 -   0.12500 0.12500 0.12500 0.12500 0.12500 0.12500 0.12500 0.12500 ( 6)  0.318
 561 -   0.12500 0.12500 0.12500 0.12500 0.12500 0.12500 0.12500 0.12500 ( 6)  0.318
 562 -   0.12500 0.12500 0.12500 0.12500 0.12500 0.12500 0.12500 0.12500 ( 6)  0.318
 563 -   0.12500 0.12500 0.12500 0.12500 0.12500 0.12500 0.12500 0.12500 ( 6)  0.318
 564 -   0.12500 0.12500 0.12500 0.12500 0.12500 0.12500 0.12500 0.12500 ( 6)  0.318
 565 -   0.12500 0.12500 0.12500 0.12500 0.12500 0.12500 0.12500 0.12500 ( 6)  0.318
 566 -   0.12500 0.12500 0.12500 0.12500 0.12500 0.12500 0.12500 0.12500 ( 6)  0.318
 567 -   0.12500 0.12500 0.12500 0.12500 0.12500 0.12500 0.12500 0.12500 ( 6)  0.318
 568 -   0.12500 0.12500 0.12500 0.12500 0.12500 0.12500 0.12500 0.12500 ( 6)  0.318
 569 -   0.12500 0.12500 0.12500 0.12500 0.12500 0.12500 0.12500 0.12500 ( 6)  0.318
 570 -   0.12500 0.12500 0.12500 0.12500 0.12500 0.12500 0.12500 0.12500 ( 6)  0.318
 571 -   0.12500 0.12500 0.12500 0.12500 0.12500 0.12500 0.12500 0.12500 ( 6)  0.318
 572 -   0.12500 0.12500 0.12500 0.12500 0.12500 0.12500 0.12500 0.12500 ( 6)  0.318
 573 -   0.12500 0.12500 0.12500 0.12500 0.12500 0.12500 0.12500 0.12500 ( 6)  0.318
 574 -   0.12500 0.12500 0.12500 0.12500 0.12500 0.12500 0.12500 0.12500 ( 1)  0.318
 575 -   0.12500 0.12500 0.12500 0.12500 0.12500 0.12500 0.12500 0.12500 ( 6)  0.318
 576 -   0.12500 0.12500 0.12500 0.12500 0.12500 0.12500 0.12500 0.12500 ( 6)  0.318
 577 -   0.12500 0.12500 0.12500 0.12500 0.12500 0.12500 0.12500 0.12500 ( 6)  0.318
 578 -   0.12500 0.12500 0.12500 0.12500 0.12500 0.12500 0.12500 0.12500 ( 6)  0.318
 579 -   0.12500 0.12500 0.12500 0.12500 0.12500 0.12500 0.12500 0.12500 ( 6)  0.318
 580 -   0.12500 0.12500 0.12500 0.12500 0.12500 0.12500 0.12500 0.12500 ( 6)  0.318
 581 -   0.12500 0.12500 0.12500 0.12500 0.12500 0.12500 0.12500 0.12500 ( 6)  0.318
 582 -   0.12500 0.12500 0.12500 0.12500 0.12500 0.12500 0.12500 0.12500 ( 6)  0.318
 583 -   0.12500 0.12500 0.12500 0.12500 0.12500 0.12500 0.12500 0.12500 ( 1)  0.318
 584 -   0.12500 0.12500 0.12500 0.12500 0.12500 0.12500 0.12500 0.12500 ( 6)  0.318
 585 -   0.12500 0.12500 0.12500 0.12500 0.12500 0.12500 0.12500 0.12500 ( 6)  0.318
 586 -   0.12500 0.12500 0.12500 0.12500 0.12500 0.12500 0.12500 0.12500 ( 6)  0.318
 587 -   0.12500 0.12500 0.12500 0.12500 0.12500 0.12500 0.12500 0.12500 ( 6)  0.318
 588 -   0.12500 0.12500 0.12500 0.12500 0.12500 0.12500 0.12500 0.12500 ( 6)  0.318
 589 -   0.12500 0.12500 0.12500 0.12500 0.12500 0.12500 0.12500 0.12500 ( 6)  0.318
 590 -   0.12500 0.12500 0.12500 0.12500 0.12500 0.12500 0.12500 0.12500 ( 6)  0.318
 591 -   0.12500 0.12500 0.12500 0.12500 0.12500 0.12500 0.12500 0.12500 ( 1)  0.318
 592 -   0.12500 0.12500 0.12500 0.12500 0.12500 0.12500 0.12500 0.12500 ( 6)  0.318
 593 -   0.12500 0.12500 0.12500 0.12500 0.12500 0.12500 0.12500 0.12500 ( 6)  0.318
 594 -   0.12500 0.12500 0.12500 0.12500 0.12500 0.12500 0.12500 0.12500 ( 6)  0.318
 595 -   0.12500 0.12500 0.12500 0.12500 0.12500 0.12500 0.12500 0.12500 ( 6)  0.318
 596 -   0.12500 0.12500 0.12500 0.12500 0.12500 0.12500 0.12500 0.12500 ( 6)  0.318
 597 V   0.18777 0.18777 0.18742 0.18151 0.14251 0.06337 0.02719 0.02247 ( 1)  0.099
 598 W   0.15640 0.15640 0.15629 0.15431 0.14012 0.10081 0.07062 0.06506 ( 1)  0.199
 599 T   0.18617 0.18617 0.18584 0.18025 0.14308 0.06569 0.02885 0.02394 ( 1)  0.103
 600 L   0.17632 0.17631 0.17608 0.17195 0.14373 0.07850 0.04136 0.03576 ( 1)  0.133
 601 V   0.00000 0.00001 0.00096 0.01722 0.12021 0.28350 0.29328 0.28483 ( 7)  0.706
 602 A   0.18037 0.18036 0.18009 0.17542 0.14384 0.07346 0.03593 0.03053 ( 1)  0.120
 603 P   0.15543 0.15542 0.15531 0.15342 0.13977 0.10173 0.07220 0.06672 ( 1)  0.202
 604 L   0.17904 0.17903 0.17877 0.17428 0.14381 0.07511 0.03771 0.03224 ( 1)  0.124
 605 V   0.00000 0.00002 0.00152 0.02703 0.17458 0.31732 0.25051 0.22902 ( 6)  0.635
 606 L   0.18089 0.18089 0.18061 0.17586 0.14377 0.07275 0.03529 0.02993 ( 1)  0.119
 607 T   0.18617 0.18617 0.18584 0.18025 0.14308 0.06569 0.02885 0.02394 ( 1)  0.103
 608 N   0.00000 0.00000 0.00000 0.00044 0.02470 0.21422 0.37042 0.39021 ( 8)  0.835
 609 R   0.15455 0.15455 0.15443 0.15248 0.13860 0.10151 0.07439 0.06950 ( 1)  0.207
 610 D   0.00000 0.00002 0.00131 0.02325 0.15453 0.30793 0.26559 0.24738 ( 6)  0.660
 611 F   0.18596 0.18595 0.18563 0.18005 0.14300 0.06591 0.02921 0.02430 ( 1)  0.104
 612 S   0.18245 0.18245 0.18216 0.17718 0.14373 0.07076 0.03327 0.02800 ( 1)  0.114
 613 -   0.12500 0.12500 0.12500 0.12500 0.12500 0.12500 0.12500 0.12500 ( 6)  0.318
 614 -   0.12500 0.12500 0.12500 0.12500 0.12500 0.12500 0.12500 0.12500 ( 6)  0.318
 615 -   0.12500 0.12500 0.12500 0.12500 0.12500 0.12500 0.12500 0.12500 ( 6)  0.318
 616 -   0.12500 0.12500 0.12500 0.12500 0.12500 0.12500 0.12500 0.12500 ( 6)  0.318
 617 -   0.12500 0.12500 0.12500 0.12500 0.12500 0.12500 0.12500 0.12500 ( 6)  0.318
 618 -   0.12500 0.12500 0.12500 0.12500 0.12500 0.12500 0.12500 0.12500 ( 6)  0.318
 619 -   0.12500 0.12500 0.12500 0.12500 0.12500 0.12500 0.12500 0.12500 ( 6)  0.318
 620 -   0.12500 0.12500 0.12500 0.12500 0.12500 0.12500 0.12500 0.12500 ( 6)  0.318
 621 -   0.12500 0.12500 0.12500 0.12500 0.12500 0.12500 0.12500 0.12500 ( 6)  0.318
 622 -   0.12500 0.12500 0.12500 0.12500 0.12500 0.12500 0.12500 0.12500 ( 6)  0.318


lnL = -5376.395843

