Supplemental results for CODEML (seqf: algn  treef: tree)


dN/dS (w) for site classes (K=3)

p:   0.83259  0.07862  0.08879
w:   0.04670  1.00000  1.00000

Naive Empirical Bayes (NEB) probabilities for 3 classes & postmean_w
(amino acids refer to 1st sequence: calJac_ISG20_XM_002749142)

   1 -   0.83259 0.07862 0.08879 ( 1)  0.206
   2 -   0.83259 0.07862 0.08879 ( 1)  0.206
   3 -   0.83259 0.07862 0.08879 ( 1)  0.206
   4 -   0.83259 0.07862 0.08879 ( 1)  0.206
   5 -   0.83259 0.07862 0.08879 ( 1)  0.206
   6 -   0.83259 0.07862 0.08879 ( 1)  0.206
   7 -   0.83259 0.07862 0.08879 ( 1)  0.206
   8 -   0.83259 0.07862 0.08879 ( 1)  0.206
   9 -   0.83259 0.07862 0.08879 ( 1)  0.206
  10 -   0.83259 0.07862 0.08879 ( 1)  0.206
  11 -   0.83259 0.07862 0.08879 ( 1)  0.206
  12 -   0.83259 0.07862 0.08879 ( 1)  0.206
  13 -   0.83259 0.07862 0.08879 ( 1)  0.206
  14 -   0.83259 0.07862 0.08879 ( 1)  0.206
  15 -   0.83259 0.07862 0.08879 ( 1)  0.206
  16 -   0.83259 0.07862 0.08879 ( 1)  0.206
  17 -   0.83259 0.07862 0.08879 ( 1)  0.206
  18 -   0.83259 0.07862 0.08879 ( 1)  0.206
  19 -   0.83259 0.07862 0.08879 ( 1)  0.206
  20 -   0.83259 0.07862 0.08879 ( 1)  0.206
  21 -   0.83259 0.07862 0.08879 ( 1)  0.206
  22 -   0.83259 0.07862 0.08879 ( 1)  0.206
  23 -   0.83259 0.07862 0.08879 ( 1)  0.206
  24 -   0.83259 0.07862 0.08879 ( 1)  0.206
  25 -   0.83259 0.07862 0.08879 ( 1)  0.206
  26 -   0.83259 0.07862 0.08879 ( 1)  0.206
  27 -   0.83259 0.07862 0.08879 ( 1)  0.206
  28 -   0.83259 0.07862 0.08879 ( 1)  0.206
  29 -   0.83259 0.07862 0.08879 ( 1)  0.206
  30 -   0.83259 0.07862 0.08879 ( 1)  0.206
  31 -   0.83259 0.07862 0.08879 ( 1)  0.206
  32 -   0.83259 0.07862 0.08879 ( 1)  0.206
  33 -   0.83259 0.07862 0.08879 ( 1)  0.206
  34 -   0.83259 0.07862 0.08879 ( 1)  0.206
  35 -   0.83259 0.07862 0.08879 ( 1)  0.206
  36 -   0.83259 0.07862 0.08879 ( 1)  0.206
  37 -   0.83259 0.07862 0.08879 ( 1)  0.206
  38 -   0.83259 0.07862 0.08879 ( 1)  0.206
  39 -   0.83259 0.07862 0.08879 ( 1)  0.206
  40 -   0.83259 0.07862 0.08879 ( 1)  0.206
  41 -   0.83259 0.07862 0.08879 ( 1)  0.206
  42 -   0.83259 0.07862 0.08879 ( 1)  0.206
  43 -   0.83259 0.07862 0.08879 ( 1)  0.206
  44 -   0.83259 0.07862 0.08879 ( 1)  0.206
  45 -   0.83259 0.07862 0.08879 ( 1)  0.206
  46 -   0.83259 0.07862 0.08879 ( 1)  0.206
  47 -   0.83259 0.07862 0.08879 ( 1)  0.206
  48 -   0.83259 0.07862 0.08879 ( 1)  0.206
  49 -   0.83259 0.07862 0.08879 ( 1)  0.206
  50 -   0.83259 0.07862 0.08879 ( 1)  0.206
  51 -   0.83259 0.07862 0.08879 ( 1)  0.206
  52 -   0.83259 0.07862 0.08879 ( 1)  0.206
  53 -   0.83259 0.07862 0.08879 ( 1)  0.206
  54 -   0.83259 0.07862 0.08879 ( 1)  0.206
  55 -   0.83259 0.07862 0.08879 ( 1)  0.206
  56 -   0.83259 0.07862 0.08879 ( 1)  0.206
  57 -   0.83259 0.07862 0.08879 ( 1)  0.206
  58 -   0.83259 0.07862 0.08879 ( 1)  0.206
  59 -   0.83259 0.07862 0.08879 ( 1)  0.206
  60 -   0.83259 0.07862 0.08879 ( 1)  0.206
  61 -   0.83259 0.07862 0.08879 ( 1)  0.206
  62 -   0.83259 0.07862 0.08879 ( 1)  0.206
  63 -   0.83259 0.07862 0.08879 ( 1)  0.206
  64 -   0.83259 0.07862 0.08879 ( 1)  0.206
  65 -   0.83259 0.07862 0.08879 ( 1)  0.206
  66 -   0.83259 0.07862 0.08879 ( 1)  0.206
  67 -   0.83259 0.07862 0.08879 ( 1)  0.206
  68 -   0.83259 0.07862 0.08879 ( 1)  0.206
  69 -   0.83259 0.07862 0.08879 ( 1)  0.206
  70 -   0.83259 0.07862 0.08879 ( 1)  0.206
  71 -   0.83259 0.07862 0.08879 ( 1)  0.206
  72 -   0.83259 0.07862 0.08879 ( 1)  0.206
  73 -   0.83259 0.07862 0.08879 ( 1)  0.206
  74 -   0.83259 0.07862 0.08879 ( 1)  0.206
  75 -   0.83259 0.07862 0.08879 ( 1)  0.206
  76 -   0.83259 0.07862 0.08879 ( 1)  0.206
  77 -   0.83259 0.07862 0.08879 ( 1)  0.206
  78 -   0.83259 0.07862 0.08879 ( 1)  0.206
  79 -   0.83259 0.07862 0.08879 ( 1)  0.206
  80 -   0.83259 0.07862 0.08879 ( 1)  0.206
  81 -   0.83259 0.07862 0.08879 ( 1)  0.206
  82 -   0.83259 0.07862 0.08879 ( 1)  0.206
  83 -   0.83259 0.07862 0.08879 ( 1)  0.206
  84 -   0.83259 0.07862 0.08879 ( 1)  0.206
  85 -   0.83259 0.07862 0.08879 ( 1)  0.206
  86 -   0.83259 0.07862 0.08879 ( 1)  0.206
  87 -   0.83259 0.07862 0.08879 ( 1)  0.206
  88 -   0.83259 0.07862 0.08879 ( 1)  0.206
  89 -   0.83259 0.07862 0.08879 ( 1)  0.206
  90 -   0.83259 0.07862 0.08879 ( 1)  0.206
  91 -   0.83259 0.07862 0.08879 ( 1)  0.206
  92 -   0.83259 0.07862 0.08879 ( 1)  0.206
  93 -   0.83259 0.07862 0.08879 ( 1)  0.206
  94 -   0.83259 0.07862 0.08879 ( 1)  0.206
  95 -   0.83259 0.07862 0.08879 ( 1)  0.206
  96 -   0.83259 0.07862 0.08879 ( 1)  0.206
  97 -   0.83259 0.07862 0.08879 ( 1)  0.206
  98 -   0.83259 0.07862 0.08879 ( 1)  0.206
  99 -   0.83259 0.07862 0.08879 ( 1)  0.206
 100 -   0.83259 0.07862 0.08879 ( 1)  0.206
 101 -   0.83259 0.07862 0.08879 ( 1)  0.206
 102 -   0.83259 0.07862 0.08879 ( 1)  0.206
 103 -   0.83259 0.07862 0.08879 ( 1)  0.206
 104 -   0.83259 0.07862 0.08879 ( 1)  0.206
 105 -   0.83259 0.07862 0.08879 ( 1)  0.206
 106 -   0.83259 0.07862 0.08879 ( 1)  0.206
 107 -   0.83259 0.07862 0.08879 ( 1)  0.206
 108 -   0.83259 0.07862 0.08879 ( 1)  0.206
 109 -   0.83259 0.07862 0.08879 ( 1)  0.206
 110 -   0.83259 0.07862 0.08879 ( 1)  0.206
 111 -   0.83259 0.07862 0.08879 ( 1)  0.206
 112 -   0.83259 0.07862 0.08879 ( 1)  0.206
 113 -   0.83259 0.07862 0.08879 ( 1)  0.206
 114 -   0.83259 0.07862 0.08879 ( 1)  0.206
 115 -   0.83259 0.07862 0.08879 ( 1)  0.206
 116 -   0.83259 0.07862 0.08879 ( 1)  0.206
 117 -   0.83259 0.07862 0.08879 ( 1)  0.206
 118 M   0.99821 0.00084 0.00095 ( 1)  0.048
 119 A   0.94927 0.02382 0.02690 ( 1)  0.095
 120 G   0.99605 0.00185 0.00209 ( 1)  0.050
 121 S   0.35444 0.30316 0.34240 ( 1)  0.662
 122 R   0.93712 0.02953 0.03335 ( 1)  0.107
 123 E   0.86005 0.06572 0.07423 ( 1)  0.180
 124 V   0.73591 0.12402 0.14007 ( 1)  0.298
 125 V   0.99518 0.00227 0.00256 ( 1)  0.051
 126 A   0.99412 0.00276 0.00312 ( 1)  0.052
 127 M   0.95178 0.02264 0.02558 ( 1)  0.093
 128 D   0.99648 0.00165 0.00186 ( 1)  0.050
 129 C   0.97592 0.01131 0.01277 ( 1)  0.070
 130 E   0.99745 0.00120 0.00135 ( 1)  0.049
 131 M   0.99821 0.00084 0.00095 ( 1)  0.048
 132 V   0.99518 0.00227 0.00256 ( 1)  0.051
 133 G   0.99176 0.00387 0.00437 ( 1)  0.055
 134 L   0.73968 0.12225 0.13807 ( 1)  0.295
 135 G   0.99625 0.00176 0.00199 ( 1)  0.050
 136 P   0.80061 0.09363 0.10575 ( 1)  0.237
 137 L   0.01450 0.46280 0.52270 ( 3)  0.986
 138 R   0.98787 0.00570 0.00643 ( 1)  0.058
 139 E   0.94486 0.02589 0.02925 ( 1)  0.099
 140 S   0.99594 0.00190 0.00215 ( 1)  0.051
 141 G   0.99442 0.00262 0.00296 ( 1)  0.052
 142 L   0.98285 0.00805 0.00909 ( 1)  0.063
 143 A   0.95099 0.02301 0.02599 ( 1)  0.093
 144 R   0.94940 0.02376 0.02684 ( 1)  0.095
 145 C   0.98950 0.00493 0.00557 ( 1)  0.057
 146 S   0.99670 0.00155 0.00175 ( 1)  0.050
 147 L   0.74170 0.12130 0.13700 ( 1)  0.293
 148 V   0.99518 0.00227 0.00256 ( 1)  0.051
 149 N   0.99706 0.00138 0.00156 ( 1)  0.050
 150 V   0.00051 0.46937 0.53012 ( 3)  1.000
 151 Y   0.15099 0.39871 0.45031 ( 3)  0.856
 152 G   0.97201 0.01315 0.01485 ( 1)  0.073
 153 A   0.00137 0.46896 0.52966 ( 3)  0.999
 154 V   0.99431 0.00267 0.00302 ( 1)  0.052
 155 L   0.98721 0.00601 0.00678 ( 1)  0.059
 156 Y   0.99020 0.00460 0.00520 ( 1)  0.056
 157 D   0.99749 0.00118 0.00133 ( 1)  0.049
 158 K   0.99565 0.00204 0.00231 ( 1)  0.051
 159 F   0.99327 0.00316 0.00357 ( 1)  0.053
 160 I   0.99688 0.00147 0.00166 ( 1)  0.050
 161 R   0.82558 0.08191 0.09251 ( 1)  0.213
 162 P   0.96699 0.01550 0.01751 ( 1)  0.078
 163 E   0.99745 0.00120 0.00135 ( 1)  0.049
 164 G   0.98647 0.00635 0.00717 ( 1)  0.060
 165 E   0.94594 0.02539 0.02867 ( 1)  0.098
 166 I   0.99688 0.00147 0.00166 ( 1)  0.050
 167 T   0.99354 0.00303 0.00343 ( 1)  0.053
 168 D   0.97235 0.01299 0.01467 ( 1)  0.073
 169 Y   0.99053 0.00445 0.00502 ( 1)  0.056
 170 R   0.95562 0.02084 0.02354 ( 1)  0.089
 171 T   0.99254 0.00350 0.00396 ( 1)  0.054
 172 R   0.99023 0.00459 0.00518 ( 1)  0.056
 173 V   0.99473 0.00248 0.00280 ( 1)  0.052
 174 S   0.99533 0.00219 0.00248 ( 1)  0.051
 175 G   0.99634 0.00172 0.00194 ( 1)  0.050
 176 V   0.99473 0.00248 0.00280 ( 1)  0.052
 177 T   0.99387 0.00288 0.00325 ( 1)  0.053
 178 P   0.94534 0.02567 0.02899 ( 1)  0.099
 179 Q   0.07383 0.43494 0.49123 ( 3)  0.930
 180 H   0.99458 0.00254 0.00287 ( 1)  0.052
 181 M   0.99821 0.00084 0.00095 ( 1)  0.048
 182 V   0.99518 0.00227 0.00256 ( 1)  0.051
 183 G   0.89463 0.04948 0.05589 ( 1)  0.147
 184 A   0.99586 0.00195 0.00220 ( 1)  0.051
 185 T   0.92838 0.03363 0.03799 ( 1)  0.115
 186 P   0.52620 0.22250 0.25130 ( 1)  0.498
 187 F   0.95408 0.02156 0.02436 ( 1)  0.090
 188 A   0.98653 0.00632 0.00714 ( 1)  0.060
 189 V   0.99518 0.00227 0.00256 ( 1)  0.051
 190 A   0.99586 0.00195 0.00220 ( 1)  0.051
 191 R   0.99468 0.00250 0.00282 ( 1)  0.052
 192 L   0.38127 0.29056 0.32817 ( 1)  0.637
 193 E   0.99745 0.00120 0.00135 ( 1)  0.049
 194 -   0.83259 0.07862 0.08879 ( 1)  0.206
 195 -   0.83259 0.07862 0.08879 ( 1)  0.206
 196 -   0.83259 0.07862 0.08879 ( 1)  0.206
 197 -   0.83259 0.07862 0.08879 ( 1)  0.206
 198 -   0.83259 0.07862 0.08879 ( 1)  0.206
 199 -   0.83259 0.07862 0.08879 ( 1)  0.206
 200 -   0.83259 0.07862 0.08879 ( 1)  0.206
 201 -   0.83259 0.07862 0.08879 ( 1)  0.206
 202 -   0.83259 0.07862 0.08879 ( 1)  0.206
 203 -   0.83259 0.07862 0.08879 ( 1)  0.206
 204 -   0.83259 0.07862 0.08879 ( 1)  0.206
 205 -   0.83259 0.07862 0.08879 ( 1)  0.206
 206 -   0.83259 0.07862 0.08879 ( 1)  0.206
 207 -   0.83259 0.07862 0.08879 ( 1)  0.206
 208 -   0.83259 0.07862 0.08879 ( 1)  0.206
 209 -   0.83259 0.07862 0.08879 ( 1)  0.206
 210 -   0.83259 0.07862 0.08879 ( 1)  0.206
 211 -   0.83259 0.07862 0.08879 ( 1)  0.206
 212 -   0.83259 0.07862 0.08879 ( 1)  0.206
 213 -   0.83259 0.07862 0.08879 ( 1)  0.206
 214 -   0.83259 0.07862 0.08879 ( 1)  0.206
 215 -   0.83259 0.07862 0.08879 ( 1)  0.206
 216 -   0.83259 0.07862 0.08879 ( 1)  0.206
 217 -   0.83259 0.07862 0.08879 ( 1)  0.206
 218 -   0.83259 0.07862 0.08879 ( 1)  0.206
 219 -   0.83259 0.07862 0.08879 ( 1)  0.206
 220 -   0.83259 0.07862 0.08879 ( 1)  0.206
 221 -   0.83259 0.07862 0.08879 ( 1)  0.206
 222 -   0.83259 0.07862 0.08879 ( 1)  0.206
 223 -   0.83259 0.07862 0.08879 ( 1)  0.206
 224 -   0.83259 0.07862 0.08879 ( 1)  0.206
 225 -   0.83259 0.07862 0.08879 ( 1)  0.206
 226 -   0.83259 0.07862 0.08879 ( 1)  0.206
 227 -   0.83259 0.07862 0.08879 ( 1)  0.206
 228 -   0.83259 0.07862 0.08879 ( 1)  0.206
 229 -   0.83259 0.07862 0.08879 ( 1)  0.206
 230 -   0.83259 0.07862 0.08879 ( 1)  0.206
 231 -   0.83259 0.07862 0.08879 ( 1)  0.206
 232 -   0.83259 0.07862 0.08879 ( 1)  0.206
 233 -   0.83259 0.07862 0.08879 ( 1)  0.206
 234 -   0.83259 0.07862 0.08879 ( 1)  0.206
 235 -   0.83259 0.07862 0.08879 ( 1)  0.206
 236 -   0.83259 0.07862 0.08879 ( 1)  0.206
 237 -   0.83259 0.07862 0.08879 ( 1)  0.206
 238 -   0.83259 0.07862 0.08879 ( 1)  0.206
 239 -   0.83259 0.07862 0.08879 ( 1)  0.206
 240 -   0.83259 0.07862 0.08879 ( 1)  0.206
 241 -   0.83259 0.07862 0.08879 ( 1)  0.206
 242 -   0.83259 0.07862 0.08879 ( 1)  0.206
 243 -   0.83259 0.07862 0.08879 ( 1)  0.206
 244 -   0.83259 0.07862 0.08879 ( 1)  0.206
 245 -   0.83259 0.07862 0.08879 ( 1)  0.206
 246 -   0.83609 0.07698 0.08694 ( 1)  0.203
 247 -   0.83359 0.07815 0.08826 ( 1)  0.205
 248 -   0.83305 0.07840 0.08855 ( 1)  0.206
 249 -   0.83297 0.07844 0.08859 ( 1)  0.206
 250 -   0.83354 0.07817 0.08829 ( 1)  0.205
 251 -   0.83547 0.07726 0.08726 ( 1)  0.204
 252 -   0.83542 0.07729 0.08729 ( 1)  0.204
 253 -   0.83542 0.07729 0.08729 ( 1)  0.204
 254 -   0.83540 0.07730 0.08730 ( 1)  0.204
 255 -   0.83305 0.07840 0.08855 ( 1)  0.206
 256 -   0.83540 0.07730 0.08730 ( 1)  0.204
 257 -   0.83344 0.07822 0.08834 ( 1)  0.205
 258 -   0.83312 0.07837 0.08851 ( 1)  0.206
 259 -   0.83330 0.07828 0.08842 ( 1)  0.206
 260 -   0.83330 0.07828 0.08842 ( 1)  0.206
 261 -   0.83497 0.07750 0.08753 ( 1)  0.204
 262 -   0.83359 0.07815 0.08826 ( 1)  0.205
 263 -   0.83392 0.07799 0.08809 ( 1)  0.205
 264 -   0.83392 0.07799 0.08809 ( 1)  0.205
 265 -   0.83324 0.07831 0.08845 ( 1)  0.206
 266 -   0.83345 0.07822 0.08834 ( 1)  0.205
 267 -   0.83373 0.07808 0.08819 ( 1)  0.205
 268 -   0.83541 0.07729 0.08729 ( 1)  0.204
 269 -   0.83492 0.07752 0.08756 ( 1)  0.204
 270 -   0.83334 0.07827 0.08840 ( 1)  0.206
 271 -   0.83334 0.07827 0.08840 ( 1)  0.206
 272 -   0.83440 0.07777 0.08783 ( 1)  0.205
 273 -   0.83441 0.07776 0.08782 ( 1)  0.205
 274 -   0.83375 0.07807 0.08818 ( 1)  0.205
 275 -   0.83464 0.07765 0.08770 ( 1)  0.204
 276 -   0.83319 0.07833 0.08847 ( 1)  0.206
 277 -   0.83542 0.07729 0.08729 ( 1)  0.204
 278 -   0.83297 0.07844 0.08859 ( 1)  0.206
 279 -   0.19109 0.37987 0.42904 ( 3)  0.818
 280 -   0.83557 0.07722 0.08721 ( 1)  0.203
 281 -   0.83492 0.07752 0.08756 ( 1)  0.204
 282 -   0.83297 0.07844 0.08859 ( 1)  0.206
 283 -   0.83542 0.07729 0.08729 ( 1)  0.204
 284 -   0.83542 0.07729 0.08729 ( 1)  0.204
 285 -   0.83392 0.07799 0.08809 ( 1)  0.205
 286 -   0.83464 0.07765 0.08770 ( 1)  0.204
 287 -   0.83423 0.07785 0.08792 ( 1)  0.205
 288 -   0.83330 0.07828 0.08842 ( 1)  0.206
 289 -   0.83541 0.07729 0.08729 ( 1)  0.204
 290 -   0.83557 0.07722 0.08721 ( 1)  0.203
 291 -   0.83490 0.07753 0.08756 ( 1)  0.204
 292 -   0.83557 0.07722 0.08721 ( 1)  0.203
 293 -   0.83490 0.07753 0.08756 ( 1)  0.204
 294 -   0.83508 0.07745 0.08747 ( 1)  0.204
 295 -   0.83492 0.07752 0.08756 ( 1)  0.204
 296 -   0.83569 0.07716 0.08715 ( 1)  0.203
 297 -   0.83609 0.07698 0.08694 ( 1)  0.203
 298 -   0.83440 0.07777 0.08783 ( 1)  0.205
 299 -   0.83354 0.07817 0.08829 ( 1)  0.205
 300 -   0.83367 0.07811 0.08822 ( 1)  0.205
 301 -   0.83332 0.07827 0.08840 ( 1)  0.206
 302 -   0.83560 0.07720 0.08719 ( 1)  0.203
 303 -   0.83547 0.07726 0.08726 ( 1)  0.204
 304 -   0.83552 0.07724 0.08724 ( 1)  0.203
 305 -   0.83324 0.07831 0.08845 ( 1)  0.206
 306 -   0.83331 0.07828 0.08841 ( 1)  0.206
 307 -   0.83330 0.07828 0.08842 ( 1)  0.206
 308 -   0.83334 0.07827 0.08840 ( 1)  0.206
 309 -   0.83552 0.07724 0.08724 ( 1)  0.203
 310 -   0.83492 0.07752 0.08756 ( 1)  0.204
 311 I   0.99688 0.00147 0.00166 ( 1)  0.050
 312 L   0.98286 0.00805 0.00909 ( 1)  0.063
 313 Q   0.99184 0.00383 0.00433 ( 1)  0.054
 314 L   0.98954 0.00491 0.00555 ( 1)  0.057
 315 L   0.98286 0.00805 0.00909 ( 1)  0.063
 316 K   0.48803 0.24042 0.27154 ( 1)  0.535
 317 G   0.99598 0.00189 0.00213 ( 1)  0.051
 318 K   0.99704 0.00139 0.00157 ( 1)  0.050
 319 L   0.98286 0.00805 0.00909 ( 1)  0.063
 320 V   0.99518 0.00227 0.00256 ( 1)  0.051
 321 V   0.99518 0.00227 0.00256 ( 1)  0.051
 322 G   0.95949 0.01902 0.02149 ( 1)  0.085
 323 H   0.96611 0.01591 0.01797 ( 1)  0.079
 324 D   0.99694 0.00144 0.00162 ( 1)  0.050
 325 L   0.98286 0.00805 0.00909 ( 1)  0.063
 326 K   0.99704 0.00139 0.00157 ( 1)  0.050
 327 H   0.99338 0.00311 0.00351 ( 1)  0.053
 328 D   0.99749 0.00118 0.00133 ( 1)  0.049
 329 F   0.99327 0.00316 0.00357 ( 1)  0.053
 330 R   0.00010 0.46956 0.53034 ( 3)  1.000
 331 A   0.99120 0.00413 0.00467 ( 1)  0.055
 332 L   0.98286 0.00805 0.00909 ( 1)  0.063
 333 K   0.96752 0.01525 0.01723 ( 1)  0.078
 334 E   0.99745 0.00120 0.00135 ( 1)  0.049
 335 D   0.94639 0.02518 0.02844 ( 1)  0.098
 336 M   0.99821 0.00084 0.00095 ( 1)  0.048
 337 S   0.04171 0.45002 0.50827 ( 3)  0.960
 338 G   0.34226 0.30888 0.34886 ( 3)  0.674
 339 Y   0.98883 0.00524 0.00592 ( 1)  0.057
 340 A   0.19510 0.37799 0.42691 ( 3)  0.814
 341 I   0.99688 0.00147 0.00166 ( 1)  0.050
 342 Y   0.96613 0.01591 0.01796 ( 1)  0.079
 343 D   0.99749 0.00118 0.00133 ( 1)  0.049
 344 T   0.99431 0.00267 0.00302 ( 1)  0.052
 345 S   0.98141 0.00873 0.00986 ( 1)  0.064
 346 T   0.00440 0.46755 0.52806 ( 3)  0.996
 347 D   0.99744 0.00120 0.00136 ( 1)  0.049
 348 M   0.37556 0.29324 0.33120 ( 1)  0.642
 349 V   0.74267 0.12085 0.13649 ( 1)  0.292
 350 L   0.98130 0.00878 0.00992 ( 1)  0.065
 351 R   0.70898 0.13667 0.15436 ( 1)  0.324
 352 R   0.69897 0.14137 0.15966 ( 1)  0.334
 353 E   0.99745 0.00120 0.00135 ( 1)  0.049
 354 A   0.99586 0.00195 0.00220 ( 1)  0.051
 355 K   0.99614 0.00181 0.00205 ( 1)  0.050
 356 L   0.97825 0.01021 0.01153 ( 1)  0.067
 357 D   0.94315 0.02670 0.03015 ( 1)  0.101
 358 H   0.85686 0.06722 0.07592 ( 1)  0.183
 359 C   0.98730 0.00596 0.00673 ( 1)  0.059
 360 R   0.74292 0.12073 0.13635 ( 1)  0.292
 361 R   0.98825 0.00552 0.00623 ( 1)  0.058
 362 V   0.90189 0.04607 0.05204 ( 1)  0.140
 363 S   0.98141 0.00873 0.00986 ( 1)  0.064
 364 L   0.98286 0.00805 0.00909 ( 1)  0.063
 365 R   0.98722 0.00600 0.00678 ( 1)  0.059
 366 V   0.99319 0.00320 0.00361 ( 1)  0.053
 367 L   0.98289 0.00804 0.00908 ( 1)  0.063
 368 S   0.14014 0.40380 0.45606 ( 3)  0.866
 369 E   0.90831 0.04306 0.04863 ( 1)  0.134
 370 R   0.99197 0.00377 0.00426 ( 1)  0.054
 371 L   0.98954 0.00491 0.00555 ( 1)  0.057
 372 L   0.98268 0.00813 0.00918 ( 1)  0.063
 373 H   0.99458 0.00254 0.00287 ( 1)  0.052
 374 K   0.38727 0.28774 0.32498 ( 1)  0.631
 375 S   0.39836 0.28254 0.31910 ( 1)  0.620
 376 I   0.99688 0.00147 0.00166 ( 1)  0.050
 377 Q   0.99184 0.00383 0.00433 ( 1)  0.054
 378 N   0.99679 0.00151 0.00170 ( 1)  0.050
 379 S   0.99636 0.00171 0.00193 ( 1)  0.050
 380 L   0.02302 0.45880 0.51818 ( 3)  0.978
 381 H   0.03288 0.45417 0.51295 ( 3)  0.969
 382 G   0.95086 0.02308 0.02606 ( 1)  0.094
 383 H   0.99409 0.00277 0.00313 ( 1)  0.052
 384 S   0.99636 0.00171 0.00193 ( 1)  0.050
 385 S   0.96813 0.01497 0.01690 ( 1)  0.077
 386 V   0.99470 0.00249 0.00281 ( 1)  0.052
 387 E   0.97990 0.00944 0.01066 ( 1)  0.066
 388 D   0.97572 0.01140 0.01288 ( 1)  0.070
 389 A   0.99549 0.00212 0.00239 ( 1)  0.051
 390 R   0.02142 0.45955 0.51903 ( 3)  0.980
 391 A   0.97201 0.01314 0.01484 ( 1)  0.073
 392 T   0.99080 0.00432 0.00488 ( 1)  0.055
 393 M   0.99799 0.00094 0.00107 ( 1)  0.049
 394 E   0.99717 0.00133 0.00150 ( 1)  0.049
 395 L   0.98470 0.00719 0.00812 ( 1)  0.061
 396 Y   0.98906 0.00514 0.00580 ( 1)  0.057
 397 Q   0.02959 0.45571 0.51469 ( 3)  0.972
 398 I   0.78114 0.10278 0.11608 ( 1)  0.255
 399 S   0.98040 0.00920 0.01039 ( 1)  0.065
 400 Q   0.79638 0.09562 0.10800 ( 1)  0.241
 401 R   0.93628 0.02993 0.03380 ( 1)  0.107
 402 I   0.99559 0.00207 0.00234 ( 1)  0.051
 403 R   0.94767 0.02457 0.02775 ( 1)  0.097
 404 A   0.00003 0.46960 0.53038 ( 3)  1.000
 405 R   0.99133 0.00407 0.00460 ( 1)  0.055
 406 R   0.28285 0.33678 0.38037 ( 3)  0.730
 407 G   0.98290 0.00803 0.00907 ( 1)  0.063
 408 L   0.95738 0.02002 0.02261 ( 1)  0.087
 409 P   0.00311 0.46815 0.52874 ( 3)  0.997
 410 R   0.97209 0.01311 0.01480 ( 1)  0.073
 411 L   0.95738 0.02002 0.02261 ( 1)  0.087
 412 A   0.92628 0.03462 0.03910 ( 1)  0.117
 413 V   0.06704 0.43813 0.49483 ( 3)  0.936
 414 S   0.25611 0.34934 0.39455 ( 3)  0.756
 415 D   0.00002 0.46960 0.53038 ( 3)  1.000
 416 -   0.83259 0.07862 0.08879 ( 1)  0.206
 417 -   0.83259 0.07862 0.08879 ( 1)  0.206
 418 -   0.83259 0.07862 0.08879 ( 1)  0.206
 419 -   0.83259 0.07862 0.08879 ( 1)  0.206
 420 -   0.83259 0.07862 0.08879 ( 1)  0.206
 421 -   0.83259 0.07862 0.08879 ( 1)  0.206
 422 -   0.85072 0.07010 0.07918 ( 1)  0.189
 423 -   0.85125 0.06985 0.07889 ( 1)  0.189
 424 -   0.85072 0.07010 0.07918 ( 1)  0.189
 425 -   0.85487 0.06816 0.07698 ( 1)  0.185
 426 -   0.84561 0.07250 0.08188 ( 1)  0.194
 427 -   0.83632 0.07687 0.08682 ( 1)  0.203
 428 -   0.83994 0.07517 0.08489 ( 1)  0.199
 429 -   0.83862 0.07579 0.08560 ( 1)  0.201
 430 -   0.83989 0.07519 0.08492 ( 1)  0.199
 431 -   0.83863 0.07578 0.08559 ( 1)  0.201
 432 -   0.85324 0.06892 0.07784 ( 1)  0.187
 433 -   0.84561 0.07250 0.08188 ( 1)  0.194
 434 -   0.84981 0.07053 0.07966 ( 1)  0.190
 435 -   0.84981 0.07053 0.07966 ( 1)  0.190
 436 -   0.19665 0.37726 0.42609 ( 3)  0.813
 437 -   0.85430 0.06842 0.07728 ( 1)  0.186
 438 -   0.84687 0.07191 0.08122 ( 1)  0.193
 439 -   0.85648 0.06740 0.07612 ( 1)  0.184
 440 -   0.84981 0.07053 0.07966 ( 1)  0.190
 441 -   0.83832 0.07592 0.08575 ( 1)  0.201
 442 -   0.83989 0.07519 0.08492 ( 1)  0.199
 443 -   0.83969 0.07528 0.08502 ( 1)  0.200
 444 -   0.83994 0.07517 0.08489 ( 1)  0.199
 445 -   0.83994 0.07517 0.08489 ( 1)  0.199
 446 -   0.83862 0.07579 0.08560 ( 1)  0.201
 447 -   0.85449 0.06833 0.07718 ( 1)  0.185
 448 -   0.83907 0.07558 0.08536 ( 1)  0.200
 449 -   0.20865 0.37163 0.41972 ( 3)  0.801
 450 -   0.83838 0.07590 0.08572 ( 1)  0.201
 451 -   0.85430 0.06842 0.07728 ( 1)  0.186

Positively selected sites

	Prob(w>1)  mean w



lnL = -3048.571597

Bayes Empirical Bayes (BEB) probabilities for 3 classes (class) & postmean_w
(amino acids refer to 1st sequence: calJac_ISG20_XM_002749142)

   1 -   0.83508 0.12055 0.04438 ( 1)  0.248 +-  0.548
   2 -   0.83508 0.12055 0.04438 ( 1)  0.248 +-  0.548
   3 -   0.83508 0.12055 0.04438 ( 1)  0.248 +-  0.548
   4 -   0.83508 0.12055 0.04438 ( 1)  0.248 +-  0.548
   5 -   0.83508 0.12055 0.04438 ( 1)  0.248 +-  0.548
   6 -   0.83508 0.12055 0.04438 ( 1)  0.248 +-  0.548
   7 -   0.83508 0.12055 0.04438 ( 1)  0.248 +-  0.548
   8 -   0.83508 0.12055 0.04438 ( 1)  0.248 +-  0.548
   9 -   0.83508 0.12055 0.04438 ( 1)  0.248 +-  0.548
  10 -   0.83508 0.12055 0.04438 ( 1)  0.248 +-  0.548
  11 -   0.83508 0.12055 0.04438 ( 1)  0.248 +-  0.548
  12 -   0.83508 0.12055 0.04438 ( 1)  0.248 +-  0.548
  13 -   0.83508 0.12055 0.04438 ( 1)  0.248 +-  0.548
  14 -   0.83508 0.12055 0.04438 ( 1)  0.248 +-  0.548
  15 -   0.83508 0.12055 0.04438 ( 1)  0.248 +-  0.548
  16 -   0.83508 0.12055 0.04438 ( 1)  0.248 +-  0.548
  17 -   0.83508 0.12055 0.04438 ( 1)  0.248 +-  0.548
  18 -   0.83508 0.12055 0.04438 ( 1)  0.248 +-  0.548
  19 -   0.83508 0.12055 0.04438 ( 1)  0.248 +-  0.548
  20 -   0.83508 0.12055 0.04438 ( 1)  0.248 +-  0.548
  21 -   0.83508 0.12055 0.04438 ( 1)  0.248 +-  0.548
  22 -   0.83508 0.12055 0.04438 ( 1)  0.248 +-  0.548
  23 -   0.83508 0.12055 0.04438 ( 1)  0.248 +-  0.548
  24 -   0.83508 0.12055 0.04438 ( 1)  0.248 +-  0.548
  25 -   0.83508 0.12055 0.04438 ( 1)  0.248 +-  0.548
  26 -   0.83508 0.12055 0.04438 ( 1)  0.248 +-  0.548
  27 -   0.83508 0.12055 0.04438 ( 1)  0.248 +-  0.548
  28 -   0.83508 0.12055 0.04438 ( 1)  0.248 +-  0.548
  29 -   0.83508 0.12055 0.04438 ( 1)  0.248 +-  0.548
  30 -   0.83508 0.12055 0.04438 ( 1)  0.248 +-  0.548
  31 -   0.83508 0.12055 0.04438 ( 1)  0.248 +-  0.548
  32 -   0.83508 0.12055 0.04438 ( 1)  0.248 +-  0.548
  33 -   0.83508 0.12055 0.04438 ( 1)  0.248 +-  0.548
  34 -   0.83508 0.12055 0.04438 ( 1)  0.248 +-  0.548
  35 -   0.83508 0.12055 0.04438 ( 1)  0.248 +-  0.548
  36 -   0.83508 0.12055 0.04438 ( 1)  0.248 +-  0.548
  37 -   0.83508 0.12055 0.04438 ( 1)  0.248 +-  0.548
  38 -   0.83508 0.12055 0.04438 ( 1)  0.248 +-  0.548
  39 -   0.83508 0.12055 0.04438 ( 1)  0.248 +-  0.548
  40 -   0.83508 0.12055 0.04438 ( 1)  0.248 +-  0.548
  41 -   0.83508 0.12055 0.04438 ( 1)  0.248 +-  0.548
  42 -   0.83508 0.12055 0.04438 ( 1)  0.248 +-  0.548
  43 -   0.83508 0.12055 0.04438 ( 1)  0.248 +-  0.548
  44 -   0.83508 0.12055 0.04438 ( 1)  0.248 +-  0.548
  45 -   0.83508 0.12055 0.04438 ( 1)  0.248 +-  0.548
  46 -   0.83508 0.12055 0.04438 ( 1)  0.248 +-  0.548
  47 -   0.83508 0.12055 0.04438 ( 1)  0.248 +-  0.548
  48 -   0.83508 0.12055 0.04438 ( 1)  0.248 +-  0.548
  49 -   0.83508 0.12055 0.04438 ( 1)  0.248 +-  0.548
  50 -   0.83508 0.12055 0.04438 ( 1)  0.248 +-  0.548
  51 -   0.83508 0.12055 0.04438 ( 1)  0.248 +-  0.548
  52 -   0.83508 0.12055 0.04438 ( 1)  0.248 +-  0.548
  53 -   0.83508 0.12055 0.04438 ( 1)  0.248 +-  0.548
  54 -   0.83508 0.12055 0.04438 ( 1)  0.248 +-  0.548
  55 -   0.83508 0.12055 0.04438 ( 1)  0.248 +-  0.548
  56 -   0.83508 0.12055 0.04438 ( 1)  0.248 +-  0.548
  57 -   0.83508 0.12055 0.04438 ( 1)  0.248 +-  0.548
  58 -   0.83508 0.12055 0.04438 ( 1)  0.248 +-  0.548
  59 -   0.83508 0.12055 0.04438 ( 1)  0.248 +-  0.548
  60 -   0.83508 0.12055 0.04438 ( 1)  0.248 +-  0.548
  61 -   0.83508 0.12055 0.04438 ( 1)  0.248 +-  0.548
  62 -   0.83508 0.12055 0.04438 ( 1)  0.248 +-  0.548
  63 -   0.83508 0.12055 0.04438 ( 1)  0.248 +-  0.548
  64 -   0.83508 0.12055 0.04438 ( 1)  0.248 +-  0.548
  65 -   0.83508 0.12055 0.04438 ( 1)  0.248 +-  0.548
  66 -   0.83508 0.12055 0.04438 ( 1)  0.248 +-  0.548
  67 -   0.83508 0.12055 0.04438 ( 1)  0.248 +-  0.548
  68 -   0.83508 0.12055 0.04438 ( 1)  0.248 +-  0.548
  69 -   0.83508 0.12055 0.04438 ( 1)  0.248 +-  0.548
  70 -   0.83508 0.12055 0.04438 ( 1)  0.248 +-  0.548
  71 -   0.83508 0.12055 0.04438 ( 1)  0.248 +-  0.548
  72 -   0.83508 0.12055 0.04438 ( 1)  0.248 +-  0.548
  73 -   0.83508 0.12055 0.04438 ( 1)  0.248 +-  0.548
  74 -   0.83508 0.12055 0.04438 ( 1)  0.248 +-  0.548
  75 -   0.83508 0.12055 0.04438 ( 1)  0.248 +-  0.548
  76 -   0.83508 0.12055 0.04438 ( 1)  0.248 +-  0.548
  77 -   0.83508 0.12055 0.04438 ( 1)  0.248 +-  0.548
  78 -   0.83508 0.12055 0.04438 ( 1)  0.248 +-  0.548
  79 -   0.83508 0.12055 0.04438 ( 1)  0.248 +-  0.548
  80 -   0.83508 0.12055 0.04438 ( 1)  0.248 +-  0.548
  81 -   0.83508 0.12055 0.04438 ( 1)  0.248 +-  0.548
  82 -   0.83508 0.12055 0.04438 ( 1)  0.248 +-  0.548
  83 -   0.83508 0.12055 0.04438 ( 1)  0.248 +-  0.548
  84 -   0.83508 0.12055 0.04438 ( 1)  0.248 +-  0.548
  85 -   0.83508 0.12055 0.04438 ( 1)  0.248 +-  0.548
  86 -   0.83508 0.12055 0.04438 ( 1)  0.248 +-  0.548
  87 -   0.83508 0.12055 0.04438 ( 1)  0.248 +-  0.548
  88 -   0.83508 0.12055 0.04438 ( 1)  0.248 +-  0.548
  89 -   0.83508 0.12055 0.04438 ( 1)  0.248 +-  0.548
  90 -   0.83508 0.12055 0.04438 ( 1)  0.248 +-  0.548
  91 -   0.83508 0.12055 0.04438 ( 1)  0.248 +-  0.548
  92 -   0.83508 0.12055 0.04438 ( 1)  0.248 +-  0.548
  93 -   0.83508 0.12055 0.04438 ( 1)  0.248 +-  0.548
  94 -   0.83508 0.12055 0.04438 ( 1)  0.248 +-  0.548
  95 -   0.83508 0.12055 0.04438 ( 1)  0.248 +-  0.548
  96 -   0.83508 0.12055 0.04438 ( 1)  0.248 +-  0.548
  97 -   0.83508 0.12055 0.04438 ( 1)  0.248 +-  0.548
  98 -   0.83508 0.12055 0.04438 ( 1)  0.248 +-  0.548
  99 -   0.83508 0.12055 0.04438 ( 1)  0.248 +-  0.548
 100 -   0.83508 0.12055 0.04438 ( 1)  0.248 +-  0.548
 101 -   0.83508 0.12055 0.04438 ( 1)  0.248 +-  0.548
 102 -   0.83508 0.12055 0.04438 ( 1)  0.248 +-  0.548
 103 -   0.83508 0.12055 0.04438 ( 1)  0.248 +-  0.548
 104 -   0.83508 0.12055 0.04438 ( 1)  0.248 +-  0.548
 105 -   0.83508 0.12055 0.04438 ( 1)  0.248 +-  0.548
 106 -   0.83508 0.12055 0.04438 ( 1)  0.248 +-  0.548
 107 -   0.83508 0.12055 0.04438 ( 1)  0.248 +-  0.548
 108 -   0.83508 0.12055 0.04438 ( 1)  0.248 +-  0.548
 109 -   0.83508 0.12055 0.04438 ( 1)  0.248 +-  0.548
 110 -   0.83508 0.12055 0.04438 ( 1)  0.248 +-  0.548
 111 -   0.83508 0.12055 0.04438 ( 1)  0.248 +-  0.548
 112 -   0.83508 0.12055 0.04438 ( 1)  0.248 +-  0.548
 113 -   0.83508 0.12055 0.04438 ( 1)  0.248 +-  0.548
 114 -   0.83508 0.12055 0.04438 ( 1)  0.248 +-  0.548
 115 -   0.83508 0.12055 0.04438 ( 1)  0.248 +-  0.548
 116 -   0.83508 0.12055 0.04438 ( 1)  0.248 +-  0.548
 117 -   0.83508 0.12055 0.04438 ( 1)  0.248 +-  0.548
 118 M   0.99863 0.00132 0.00005 ( 1)  0.051 +-  0.036
 119 A   0.95709 0.03705 0.00586 ( 1)  0.094 +-  0.212
 120 G   0.99695 0.00290 0.00015 ( 1)  0.053 +-  0.054
 121 S   0.44525 0.49718 0.05757 ( 2)  0.607 +-  0.513
 122 R   0.94586 0.04592 0.00822 ( 1)  0.106 +-  0.240
 123 E   0.89097 0.09836 0.01067 ( 1)  0.159 +-  0.316
 124 V   0.78418 0.18903 0.02680 ( 1)  0.269 +-  0.426
 125 V   0.99624 0.00354 0.00022 ( 1)  0.054 +-  0.060
 126 A   0.99544 0.00431 0.00024 ( 1)  0.054 +-  0.066
 127 M   0.96451 0.03346 0.00203 ( 1)  0.085 +-  0.183
 128 D   0.99729 0.00258 0.00013 ( 1)  0.053 +-  0.051
 129 C   0.98051 0.01760 0.00188 ( 1)  0.069 +-  0.140
 130 E   0.99804 0.00187 0.00008 ( 1)  0.052 +-  0.043
 131 M   0.99863 0.00132 0.00005 ( 1)  0.051 +-  0.036
 132 V   0.99624 0.00354 0.00022 ( 1)  0.054 +-  0.060
 133 G   0.99350 0.00604 0.00046 ( 1)  0.056 +-  0.080
 134 L   0.78702 0.18612 0.02686 ( 1)  0.267 +-  0.425
 135 G   0.99710 0.00275 0.00015 ( 1)  0.053 +-  0.053
 136 P   0.84215 0.14148 0.01638 ( 1)  0.208 +-  0.372
 137 L   0.02046 0.78887 0.19067 ( 2)  1.086 +-  0.288
 138 R   0.99038 0.00888 0.00074 ( 1)  0.060 +-  0.098
 139 E   0.95899 0.03830 0.00271 ( 1)  0.090 +-  0.197
 140 S   0.99688 0.00298 0.00014 ( 1)  0.053 +-  0.055
 141 G   0.99566 0.00409 0.00024 ( 1)  0.054 +-  0.065
 142 L   0.98624 0.01254 0.00122 ( 1)  0.064 +-  0.117
 143 A   0.95868 0.03580 0.00552 ( 1)  0.092 +-  0.208
 144 R   0.95685 0.03696 0.00618 ( 1)  0.094 +-  0.214
 145 C   0.99180 0.00768 0.00052 ( 1)  0.058 +-  0.089
 146 S   0.99747 0.00243 0.00010 ( 1)  0.052 +-  0.049
 147 L   0.78883 0.18462 0.02656 ( 1)  0.265 +-  0.424
 148 V   0.99624 0.00354 0.00022 ( 1)  0.054 +-  0.060
 149 N   0.99775 0.00216 0.00009 ( 1)  0.052 +-  0.046
 150 V   0.00068 0.72278 0.27653 ( 2)  1.169 +-  0.345
 151 Y   0.19836 0.67607 0.12557 ( 2)  0.878 +-  0.450
 152 G   0.97696 0.02046 0.00258 ( 1)  0.073 +-  0.154
 153 A   0.00146 0.61302 0.38552 ( 2)  1.321 +-  0.691
 154 V   0.99555 0.00418 0.00027 ( 1)  0.054 +-  0.066
 155 L   0.98982 0.00936 0.00082 ( 1)  0.060 +-  0.101
 156 Y   0.99235 0.00718 0.00047 ( 1)  0.058 +-  0.086
 157 D   0.99807 0.00184 0.00008 ( 1)  0.052 +-  0.043
 158 K   0.99665 0.00319 0.00016 ( 1)  0.053 +-  0.057
 159 F   0.99480 0.00493 0.00027 ( 1)  0.055 +-  0.071
 160 I   0.99760 0.00230 0.00010 ( 1)  0.052 +-  0.048
 161 R   0.86230 0.12320 0.01450 ( 1)  0.188 +-  0.352
 162 P   0.97268 0.02412 0.00320 ( 1)  0.078 +-  0.168
 163 E   0.99804 0.00187 0.00008 ( 1)  0.052 +-  0.043
 164 G   0.98911 0.00990 0.00099 ( 1)  0.061 +-  0.105
 165 E   0.95992 0.03754 0.00253 ( 1)  0.089 +-  0.194
 166 I   0.99760 0.00230 0.00010 ( 1)  0.052 +-  0.048
 167 T   0.99498 0.00474 0.00028 ( 1)  0.055 +-  0.070
 168 D   0.97749 0.02021 0.00230 ( 1)  0.073 +-  0.151
 169 Y   0.99262 0.00693 0.00045 ( 1)  0.057 +-  0.085
 170 R   0.96278 0.03242 0.00480 ( 1)  0.088 +-  0.197
 171 T   0.99421 0.00547 0.00033 ( 1)  0.056 +-  0.075
 172 R   0.99230 0.00716 0.00055 ( 1)  0.058 +-  0.087
 173 V   0.99588 0.00387 0.00025 ( 1)  0.054 +-  0.063
 174 S   0.99640 0.00343 0.00017 ( 1)  0.054 +-  0.059
 175 G   0.99718 0.00269 0.00014 ( 1)  0.053 +-  0.052
 176 V   0.99588 0.00387 0.00025 ( 1)  0.054 +-  0.063
 177 T   0.99527 0.00449 0.00024 ( 1)  0.055 +-  0.067
 178 P   0.95344 0.03993 0.00663 ( 1)  0.098 +-  0.221
 179 Q   0.09305 0.71209 0.19486 ( 2)  1.022 +-  0.402
 180 H   0.99580 0.00397 0.00023 ( 1)  0.054 +-  0.064
 181 M   0.99863 0.00132 0.00005 ( 1)  0.051 +-  0.036
 182 V   0.99624 0.00354 0.00022 ( 1)  0.054 +-  0.060
 183 G   0.91977 0.07370 0.00653 ( 1)  0.130 +-  0.273
 184 A   0.99681 0.00304 0.00015 ( 1)  0.053 +-  0.055
 185 T   0.93769 0.05229 0.01002 ( 1)  0.115 +-  0.258
 186 P   0.57379 0.34345 0.08275 ( 1)  0.503 +-  0.557
 187 F   0.96144 0.03355 0.00501 ( 1)  0.089 +-  0.200
 188 A   0.98932 0.00985 0.00083 ( 1)  0.061 +-  0.103
 189 V   0.99624 0.00354 0.00022 ( 1)  0.054 +-  0.060
 190 A   0.99681 0.00304 0.00015 ( 1)  0.053 +-  0.055
 191 R   0.99588 0.00390 0.00022 ( 1)  0.054 +-  0.063
 192 L   0.41634 0.44685 0.13681 ( 2)  0.689 +-  0.598
 193 E   0.99804 0.00187 0.00008 ( 1)  0.052 +-  0.043
 194 -   0.83508 0.12055 0.04438 ( 1)  0.248 +-  0.548
 195 -   0.83508 0.12055 0.04438 ( 1)  0.248 +-  0.548
 196 -   0.83508 0.12055 0.04438 ( 1)  0.248 +-  0.548
 197 -   0.83508 0.12055 0.04438 ( 1)  0.248 +-  0.548
 198 -   0.83508 0.12055 0.04438 ( 1)  0.248 +-  0.548
 199 -   0.83508 0.12055 0.04438 ( 1)  0.248 +-  0.548
 200 -   0.83508 0.12055 0.04438 ( 1)  0.248 +-  0.548
 201 -   0.83508 0.12055 0.04438 ( 1)  0.248 +-  0.548
 202 -   0.83508 0.12055 0.04438 ( 1)  0.248 +-  0.548
 203 -   0.83508 0.12055 0.04438 ( 1)  0.248 +-  0.548
 204 -   0.83508 0.12055 0.04438 ( 1)  0.248 +-  0.548
 205 -   0.83508 0.12055 0.04438 ( 1)  0.248 +-  0.548
 206 -   0.83508 0.12055 0.04438 ( 1)  0.248 +-  0.548
 207 -   0.83508 0.12055 0.04438 ( 1)  0.248 +-  0.548
 208 -   0.83508 0.12055 0.04438 ( 1)  0.248 +-  0.548
 209 -   0.83508 0.12055 0.04438 ( 1)  0.248 +-  0.548
 210 -   0.83508 0.12055 0.04438 ( 1)  0.248 +-  0.548
 211 -   0.83508 0.12055 0.04438 ( 1)  0.248 +-  0.548
 212 -   0.83508 0.12055 0.04438 ( 1)  0.248 +-  0.548
 213 -   0.83508 0.12055 0.04438 ( 1)  0.248 +-  0.548
 214 -   0.83508 0.12055 0.04438 ( 1)  0.248 +-  0.548
 215 -   0.83508 0.12055 0.04438 ( 1)  0.248 +-  0.548
 216 -   0.83508 0.12055 0.04438 ( 1)  0.248 +-  0.548
 217 -   0.83508 0.12055 0.04438 ( 1)  0.248 +-  0.548
 218 -   0.83508 0.12055 0.04438 ( 1)  0.248 +-  0.548
 219 -   0.83508 0.12055 0.04438 ( 1)  0.248 +-  0.548
 220 -   0.83508 0.12055 0.04438 ( 1)  0.248 +-  0.548
 221 -   0.83508 0.12055 0.04438 ( 1)  0.248 +-  0.548
 222 -   0.83508 0.12055 0.04438 ( 1)  0.248 +-  0.548
 223 -   0.83508 0.12055 0.04438 ( 1)  0.248 +-  0.548
 224 -   0.83508 0.12055 0.04438 ( 1)  0.248 +-  0.548
 225 -   0.83508 0.12055 0.04438 ( 1)  0.248 +-  0.548
 226 -   0.83508 0.12055 0.04438 ( 1)  0.248 +-  0.548
 227 -   0.83508 0.12055 0.04438 ( 1)  0.248 +-  0.548
 228 -   0.83508 0.12055 0.04438 ( 1)  0.248 +-  0.548
 229 -   0.83508 0.12055 0.04438 ( 1)  0.248 +-  0.548
 230 -   0.83508 0.12055 0.04438 ( 1)  0.248 +-  0.548
 231 -   0.83508 0.12055 0.04438 ( 1)  0.248 +-  0.548
 232 -   0.83508 0.12055 0.04438 ( 1)  0.248 +-  0.548
 233 -   0.83508 0.12055 0.04438 ( 1)  0.248 +-  0.548
 234 -   0.83508 0.12055 0.04438 ( 1)  0.248 +-  0.548
 235 -   0.83508 0.12055 0.04438 ( 1)  0.248 +-  0.548
 236 -   0.83508 0.12055 0.04438 ( 1)  0.248 +-  0.548
 237 -   0.83508 0.12055 0.04438 ( 1)  0.248 +-  0.548
 238 -   0.83508 0.12055 0.04438 ( 1)  0.248 +-  0.548
 239 -   0.83508 0.12055 0.04438 ( 1)  0.248 +-  0.548
 240 -   0.83508 0.12055 0.04438 ( 1)  0.248 +-  0.548
 241 -   0.83508 0.12055 0.04438 ( 1)  0.248 +-  0.548
 242 -   0.83508 0.12055 0.04438 ( 1)  0.248 +-  0.548
 243 -   0.83508 0.12055 0.04438 ( 1)  0.248 +-  0.548
 244 -   0.83508 0.12055 0.04438 ( 1)  0.248 +-  0.548
 245 -   0.83508 0.12055 0.04438 ( 1)  0.248 +-  0.548
 246 -   0.83937 0.11817 0.04246 ( 1)  0.241 +-  0.525
 247 -   0.83631 0.11987 0.04382 ( 1)  0.246 +-  0.541
 248 -   0.83565 0.12023 0.04412 ( 1)  0.247 +-  0.545
 249 -   0.83555 0.12028 0.04416 ( 1)  0.247 +-  0.545
 250 -   0.83625 0.11990 0.04385 ( 1)  0.246 +-  0.541
 251 -   0.83862 0.11858 0.04280 ( 1)  0.242 +-  0.529
 252 -   0.83856 0.11862 0.04282 ( 1)  0.242 +-  0.529
 253 -   0.83856 0.11862 0.04282 ( 1)  0.242 +-  0.529
 254 -   0.83853 0.11864 0.04284 ( 1)  0.242 +-  0.530
 255 -   0.83565 0.12023 0.04412 ( 1)  0.247 +-  0.545
 256 -   0.83853 0.11864 0.04284 ( 1)  0.242 +-  0.530
 257 -   0.83612 0.11997 0.04390 ( 1)  0.246 +-  0.542
 258 -   0.83573 0.12019 0.04408 ( 1)  0.247 +-  0.544
 259 -   0.83596 0.12006 0.04398 ( 1)  0.247 +-  0.543
 260 -   0.83596 0.12006 0.04398 ( 1)  0.247 +-  0.543
 261 -   0.83802 0.11893 0.04306 ( 1)  0.243 +-  0.532
 262 -   0.83631 0.11987 0.04382 ( 1)  0.246 +-  0.541
 263 -   0.83672 0.11964 0.04364 ( 1)  0.245 +-  0.539
 264 -   0.83672 0.11964 0.04364 ( 1)  0.245 +-  0.539
 265 -   0.83588 0.12010 0.04401 ( 1)  0.247 +-  0.543
 266 -   0.83614 0.11996 0.04390 ( 1)  0.246 +-  0.542
 267 -   0.83648 0.11978 0.04374 ( 1)  0.246 +-  0.540
 268 -   0.83855 0.11863 0.04282 ( 1)  0.242 +-  0.530
 269 -   0.83795 0.11896 0.04309 ( 1)  0.243 +-  0.533
 270 -   0.83600 0.12004 0.04396 ( 1)  0.247 +-  0.543
 271 -   0.83600 0.12004 0.04396 ( 1)  0.247 +-  0.543
 272 -   0.83731 0.11932 0.04338 ( 1)  0.244 +-  0.536
 273 -   0.83733 0.11931 0.04336 ( 1)  0.244 +-  0.536
 274 -   0.83651 0.11976 0.04373 ( 1)  0.246 +-  0.540
 275 -   0.83761 0.11915 0.04324 ( 1)  0.244 +-  0.534
 276 -   0.83583 0.12014 0.04404 ( 1)  0.247 +-  0.544
 277 -   0.83856 0.11862 0.04282 ( 1)  0.242 +-  0.529
 278 -   0.83555 0.12028 0.04416 ( 1)  0.247 +-  0.545
 279 -   0.17774 0.49488 0.32738 ( 2)  1.263 +-  1.321
 280 -   0.83874 0.11852 0.04274 ( 1)  0.242 +-  0.529
 281 -   0.83795 0.11896 0.04309 ( 1)  0.243 +-  0.533
 282 -   0.83555 0.12028 0.04416 ( 1)  0.247 +-  0.545
 283 -   0.83856 0.11862 0.04282 ( 1)  0.242 +-  0.529
 284 -   0.83856 0.11862 0.04282 ( 1)  0.242 +-  0.529
 285 -   0.83672 0.11964 0.04364 ( 1)  0.245 +-  0.539
 286 -   0.83761 0.11915 0.04324 ( 1)  0.244 +-  0.534
 287 -   0.83710 0.11943 0.04346 ( 1)  0.245 +-  0.537
 288 -   0.83596 0.12006 0.04398 ( 1)  0.247 +-  0.543
 289 -   0.83855 0.11863 0.04282 ( 1)  0.242 +-  0.530
 290 -   0.83874 0.11852 0.04274 ( 1)  0.242 +-  0.529
 291 -   0.83793 0.11897 0.04310 ( 1)  0.243 +-  0.533
 292 -   0.83874 0.11852 0.04274 ( 1)  0.242 +-  0.529
 293 -   0.83793 0.11897 0.04310 ( 1)  0.243 +-  0.533
 294 -   0.83814 0.11886 0.04300 ( 1)  0.243 +-  0.532
 295 -   0.83795 0.11896 0.04309 ( 1)  0.243 +-  0.533
 296 -   0.83889 0.11844 0.04268 ( 1)  0.242 +-  0.528
 297 -   0.83937 0.11817 0.04246 ( 1)  0.241 +-  0.525
 298 -   0.83731 0.11932 0.04338 ( 1)  0.244 +-  0.536
 299 -   0.83625 0.11990 0.04385 ( 1)  0.246 +-  0.541
 300 -   0.83642 0.11981 0.04377 ( 1)  0.246 +-  0.541
 301 -   0.83599 0.12005 0.04397 ( 1)  0.247 +-  0.543
 302 -   0.83878 0.11850 0.04272 ( 1)  0.242 +-  0.528
 303 -   0.83862 0.11858 0.04280 ( 1)  0.242 +-  0.529
 304 -   0.83868 0.11855 0.04277 ( 1)  0.242 +-  0.529
 305 -   0.83588 0.12010 0.04401 ( 1)  0.247 +-  0.543
 306 -   0.83596 0.12006 0.04398 ( 1)  0.247 +-  0.543
 307 -   0.83596 0.12006 0.04398 ( 1)  0.247 +-  0.543
 308 -   0.83600 0.12004 0.04396 ( 1)  0.247 +-  0.543
 309 -   0.83868 0.11855 0.04277 ( 1)  0.242 +-  0.529
 310 -   0.83795 0.11896 0.04309 ( 1)  0.243 +-  0.533
 311 I   0.99760 0.00230 0.00010 ( 1)  0.052 +-  0.048
 312 L   0.98624 0.01254 0.00122 ( 1)  0.064 +-  0.117
 313 Q   0.99362 0.00598 0.00040 ( 1)  0.056 +-  0.079
 314 L   0.99173 0.00766 0.00061 ( 1)  0.058 +-  0.090
 315 L   0.98624 0.01254 0.00122 ( 1)  0.064 +-  0.117
 316 K   0.53773 0.37394 0.08833 ( 1)  0.539 +-  0.555
 317 G   0.99689 0.00295 0.00015 ( 1)  0.053 +-  0.055
 318 K   0.99774 0.00217 0.00009 ( 1)  0.052 +-  0.046
 319 L   0.98624 0.01254 0.00122 ( 1)  0.064 +-  0.117
 320 V   0.99624 0.00354 0.00022 ( 1)  0.054 +-  0.060
 321 V   0.99624 0.00354 0.00022 ( 1)  0.054 +-  0.060
 322 G   0.96617 0.02960 0.00424 ( 1)  0.084 +-  0.187
 323 H   0.97203 0.02476 0.00321 ( 1)  0.078 +-  0.169
 324 D   0.99764 0.00225 0.00011 ( 1)  0.052 +-  0.048
 325 L   0.98624 0.01254 0.00122 ( 1)  0.064 +-  0.117
 326 K   0.99774 0.00217 0.00009 ( 1)  0.052 +-  0.046
 327 H   0.99484 0.00486 0.00030 ( 1)  0.055 +-  0.071
 328 D   0.99807 0.00184 0.00008 ( 1)  0.052 +-  0.043
 329 F   0.99480 0.00493 0.00027 ( 1)  0.055 +-  0.071
 330 R   0.00012 0.64182 0.35806 ( 2)  1.244 +-  0.453
 331 A   0.99308 0.00644 0.00048 ( 1)  0.057 +-  0.082
 332 L   0.98624 0.01254 0.00122 ( 1)  0.064 +-  0.117
 333 K   0.97324 0.02373 0.00303 ( 1)  0.077 +-  0.166
 334 E   0.99804 0.00187 0.00008 ( 1)  0.052 +-  0.043
 335 D   0.96036 0.03723 0.00241 ( 1)  0.089 +-  0.193
 336 M   0.99863 0.00132 0.00005 ( 1)  0.051 +-  0.036
 337 S   0.05523 0.76110 0.18367 ( 2)  1.047 +-  0.331
 338 G   0.42909 0.50590 0.06501 ( 2)  0.626 +-  0.516
 339 Y   0.99125 0.00817 0.00058 ( 1)  0.059 +-  0.092
 340 A   0.25022 0.62920 0.12058 ( 2)  0.829 +-  0.492
 341 I   0.99760 0.00230 0.00010 ( 1)  0.052 +-  0.048
 342 Y   0.97203 0.02475 0.00322 ( 1)  0.078 +-  0.169
 343 D   0.99807 0.00184 0.00008 ( 1)  0.052 +-  0.043
 344 T   0.99561 0.00417 0.00022 ( 1)  0.054 +-  0.065
 345 S   0.98519 0.01359 0.00122 ( 1)  0.065 +-  0.121
 346 T   0.00586 0.75767 0.23646 ( 2)  1.129 +-  0.292
 347 D   0.99803 0.00188 0.00008 ( 1)  0.052 +-  0.043
 348 M   0.46697 0.47721 0.05583 ( 2)  0.585 +-  0.515
 349 V   0.78918 0.18381 0.02701 ( 1)  0.265 +-  0.425
 350 L   0.98493 0.01367 0.00140 ( 1)  0.065 +-  0.123
 351 R   0.76116 0.20935 0.02950 ( 1)  0.292 +-  0.442
 352 R   0.74456 0.21531 0.04014 ( 1)  0.315 +-  0.467
 353 E   0.99804 0.00187 0.00008 ( 1)  0.052 +-  0.043
 354 A   0.99681 0.00304 0.00015 ( 1)  0.053 +-  0.055
 355 K   0.99702 0.00284 0.00014 ( 1)  0.053 +-  0.053
 356 L   0.98239 0.01590 0.00171 ( 1)  0.068 +-  0.133
 357 D   0.95781 0.03950 0.00270 ( 1)  0.091 +-  0.199
 358 H   0.89017 0.10074 0.00909 ( 1)  0.159 +-  0.314
 359 C   0.99002 0.00929 0.00070 ( 1)  0.060 +-  0.099
 360 R   0.79029 0.18377 0.02594 ( 1)  0.263 +-  0.422
 361 R   0.99069 0.00860 0.00071 ( 1)  0.059 +-  0.096
 362 V   0.92534 0.06855 0.00611 ( 1)  0.124 +-  0.264
 363 S   0.98519 0.01359 0.00122 ( 1)  0.065 +-  0.121
 364 L   0.98624 0.01254 0.00122 ( 1)  0.064 +-  0.117
 365 R   0.98973 0.00936 0.00091 ( 1)  0.060 +-  0.102
 366 V   0.99466 0.00500 0.00034 ( 1)  0.055 +-  0.072
 367 L   0.98627 0.01252 0.00122 ( 1)  0.064 +-  0.117
 368 S   0.18001 0.67257 0.14742 ( 2)  0.910 +-  0.457
 369 E   0.93050 0.06400 0.00550 ( 1)  0.119 +-  0.255
 370 R   0.99372 0.00588 0.00040 ( 1)  0.056 +-  0.078
 371 L   0.99173 0.00766 0.00061 ( 1)  0.058 +-  0.090
 372 L   0.98609 0.01267 0.00124 ( 1)  0.064 +-  0.118
 373 H   0.99580 0.00397 0.00023 ( 1)  0.054 +-  0.064
 374 K   0.48116 0.46796 0.05088 ( 1)  0.569 +-  0.512
 375 S   0.49345 0.45841 0.04814 ( 1)  0.556 +-  0.511
 376 I   0.99760 0.00230 0.00010 ( 1)  0.052 +-  0.048
 377 Q   0.99362 0.00598 0.00040 ( 1)  0.056 +-  0.079
 378 N   0.99754 0.00236 0.00010 ( 1)  0.052 +-  0.048
 379 S   0.99721 0.00267 0.00012 ( 1)  0.053 +-  0.052
 380 L   0.02721 0.70732 0.26547 ( 2)  1.137 +-  0.383
 381 H   0.03654 0.66332 0.30014 ( 2)  1.184 +-  0.547
 382 G   0.95815 0.03589 0.00596 ( 1)  0.093 +-  0.211
 383 H   0.99541 0.00433 0.00026 ( 1)  0.054 +-  0.067
 384 S   0.99721 0.00267 0.00012 ( 1)  0.053 +-  0.052
 385 S   0.97386 0.02329 0.00286 ( 1)  0.076 +-  0.163
 386 V   0.99586 0.00389 0.00025 ( 1)  0.054 +-  0.064
 387 E   0.98367 0.01470 0.00163 ( 1)  0.066 +-  0.129
 388 D   0.98028 0.01775 0.00197 ( 1)  0.070 +-  0.141
 389 A   0.99652 0.00331 0.00017 ( 1)  0.053 +-  0.058
 390 R   0.03134 0.80682 0.16184 ( 2)  1.056 +-  0.277
 391 A   0.97686 0.02046 0.00268 ( 1)  0.073 +-  0.155
 392 T   0.99278 0.00674 0.00048 ( 1)  0.057 +-  0.084
 393 M   0.99846 0.00148 0.00006 ( 1)  0.051 +-  0.038
 394 E   0.99782 0.00208 0.00010 ( 1)  0.052 +-  0.046
 395 L   0.98778 0.01119 0.00102 ( 1)  0.062 +-  0.110
 396 Y   0.99143 0.00801 0.00056 ( 1)  0.058 +-  0.091
 397 Q   0.03325 0.67240 0.29434 ( 2)  1.172 +-  0.490
 398 I   0.82431 0.15564 0.02004 ( 1)  0.227 +-  0.391
 399 S   0.98435 0.01433 0.00132 ( 1)  0.066 +-  0.125
 400 Q   0.83753 0.14446 0.01801 ( 1)  0.214 +-  0.378
 401 R   0.94473 0.04653 0.00874 ( 1)  0.107 +-  0.244
 402 I   0.99659 0.00323 0.00017 ( 1)  0.053 +-  0.057
 403 R   0.95504 0.03822 0.00675 ( 1)  0.097 +-  0.220
 404 A   0.00003 0.65226 0.34770 ( 2)  1.225 +-  0.401
 405 R   0.99320 0.00635 0.00045 ( 1)  0.057 +-  0.082
 406 R   0.29579 0.49566 0.20856 ( 2)  0.884 +-  0.740
 407 G   0.98614 0.01252 0.00134 ( 1)  0.064 +-  0.119
 408 L   0.96395 0.03114 0.00491 ( 1)  0.087 +-  0.195
 409 P   0.00366 0.68091 0.31542 ( 2)  1.208 +-  0.430
 410 R   0.97697 0.02040 0.00263 ( 1)  0.073 +-  0.154
 411 L   0.96395 0.03114 0.00491 ( 1)  0.087 +-  0.195
 412 A   0.93522 0.05380 0.01097 ( 1)  0.118 +-  0.267
 413 V   0.08294 0.70592 0.21114 ( 2)  1.045 +-  0.412
 414 S   0.26411 0.50687 0.22902 ( 2)  0.939 +-  0.772
 415 D   0.00002 0.57590 0.42408 ( 2)  1.332 +-  0.609
 416 -   0.83508 0.12055 0.04438 ( 1)  0.248 +-  0.548
 417 -   0.83508 0.12055 0.04438 ( 1)  0.248 +-  0.548
 418 -   0.83508 0.12055 0.04438 ( 1)  0.248 +-  0.548
 419 -   0.83508 0.12055 0.04438 ( 1)  0.248 +-  0.548
 420 -   0.83508 0.12055 0.04438 ( 1)  0.248 +-  0.548
 421 -   0.83508 0.12055 0.04438 ( 1)  0.248 +-  0.548
 422 -   0.85667 0.10805 0.03528 ( 1)  0.214 +-  0.453
 423 -   0.85730 0.10768 0.03502 ( 1)  0.213 +-  0.450
 424 -   0.85667 0.10805 0.03528 ( 1)  0.214 +-  0.453
 425 -   0.86135 0.10514 0.03352 ( 1)  0.207 +-  0.439
 426 -   0.85076 0.11161 0.03763 ( 1)  0.222 +-  0.474
 427 -   0.83966 0.11801 0.04233 ( 1)  0.240 +-  0.524
 428 -   0.84403 0.11553 0.04044 ( 1)  0.233 +-  0.503
 429 -   0.84244 0.11643 0.04112 ( 1)  0.236 +-  0.510
 430 -   0.84397 0.11556 0.04047 ( 1)  0.233 +-  0.504
 431 -   0.84245 0.11643 0.04112 ( 1)  0.236 +-  0.510
 432 -   0.85954 0.10628 0.03418 ( 1)  0.210 +-  0.444
 433 -   0.85076 0.11161 0.03763 ( 1)  0.222 +-  0.474
 434 -   0.85559 0.10868 0.03573 ( 1)  0.215 +-  0.458
 435 -   0.85559 0.10868 0.03573 ( 1)  0.215 +-  0.458
 436 -   0.18526 0.49812 0.31662 ( 2)  1.225 +-  1.263
 437 -   0.86071 0.10554 0.03376 ( 1)  0.208 +-  0.441
 438 -   0.85220 0.11073 0.03708 ( 1)  0.220 +-  0.470
 439 -   0.86322 0.10401 0.03278 ( 1)  0.204 +-  0.432
 440 -   0.85559 0.10868 0.03573 ( 1)  0.215 +-  0.458
 441 -   0.84209 0.11664 0.04128 ( 1)  0.236 +-  0.512
 442 -   0.84397 0.11556 0.04047 ( 1)  0.233 +-  0.504
 443 -   0.84374 0.11570 0.04056 ( 1)  0.233 +-  0.504
 444 -   0.84403 0.11553 0.04044 ( 1)  0.233 +-  0.503
 445 -   0.84403 0.11553 0.04044 ( 1)  0.233 +-  0.503
 446 -   0.84244 0.11643 0.04112 ( 1)  0.236 +-  0.510
 447 -   0.86097 0.10540 0.03362 ( 1)  0.207 +-  0.439
 448 -   0.84299 0.11613 0.04089 ( 1)  0.235 +-  0.508
 449 -   0.20156 0.50383 0.29461 ( 2)  1.147 +-  1.131
 450 -   0.84216 0.11660 0.04124 ( 1)  0.236 +-  0.511
 451 -   0.86071 0.10554 0.03376 ( 1)  0.208 +-  0.441

Positively selected sites

	Prob(w>1)  mean w


