Supplemental results for CODEML (seqf: algn  treef: tree)


dN/dS (w) for site classes (K=3)

p:   0.90199  0.08609  0.01192
w:   0.03188  1.00000 361.65393

Naive Empirical Bayes (NEB) probabilities for 3 classes & postmean_w & P(w>1)
(amino acids refer to 1st sequence: calJac_SHH_XM_002807047)

   1 M   0.99547 0.00453 0.00000 ( 1)  0.036  0.000
   2 G   0.88711 0.11289 0.00000 ( 1)  0.141  0.000
   3 E   0.88032 0.11968 0.00000 ( 1)  0.148  0.000
   4 M   0.99547 0.00453 0.00000 ( 1)  0.036  0.000
   5 -   0.90199 0.08609 0.01192 ( 1)  4.426  0.012
   6 L   0.98689 0.01311 0.00000 ( 1)  0.045  0.000
   7 L   0.98689 0.01311 0.00000 ( 1)  0.045  0.000
   8 P   0.70927 0.29073 0.00000 ( 1)  0.313  0.000
   9 A   0.99525 0.00475 0.00000 ( 1)  0.036  0.000
  10 R   0.95288 0.04712 0.00000 ( 1)  0.077  0.000
  11 C   0.94315 0.05685 0.00000 ( 1)  0.087  0.000
  12 L   0.98689 0.01311 0.00000 ( 1)  0.045  0.000
  13 L   0.98689 0.01311 0.00000 ( 1)  0.045  0.000
  14 L   0.51129 0.48871 0.00000 ( 1)  0.505  0.000
  15 V   0.99659 0.00341 0.00000 ( 1)  0.035  0.000
  16 V   0.82504 0.17496 0.00000 ( 1)  0.201  0.000
  17 V   0.99649 0.00351 0.00000 ( 1)  0.035  0.000
  18 S   0.99240 0.00760 0.00000 ( 1)  0.039  0.000
  19 -   0.90199 0.08609 0.01192 ( 1)  4.426  0.012
  20 -   0.90199 0.08609 0.01192 ( 1)  4.426  0.012
  21 -   0.90199 0.08609 0.01192 ( 1)  4.426  0.012
  22 -   0.90199 0.08609 0.01192 ( 1)  4.426  0.012
  23 -   0.90199 0.08609 0.01192 ( 1)  4.426  0.012
  24 -   0.90199 0.08609 0.01192 ( 1)  4.426  0.012
  25 -   0.90199 0.08609 0.01192 ( 1)  4.426  0.012
  26 -   0.90199 0.08609 0.01192 ( 1)  4.426  0.012
  27 -   0.90199 0.08609 0.01192 ( 1)  4.426  0.012
  28 S   0.98914 0.01086 0.00000 ( 1)  0.042  0.000
  29 L   0.98689 0.01311 0.00000 ( 1)  0.045  0.000
  30 L   0.98770 0.01230 0.00000 ( 1)  0.044  0.000
  31 V   0.83952 0.16048 0.00000 ( 1)  0.187  0.000
  32 C   0.78077 0.21923 0.00000 ( 1)  0.244  0.000
  33 S   0.73628 0.26372 0.00000 ( 1)  0.287  0.000
  34 G   0.98862 0.01138 0.00000 ( 1)  0.043  0.000
  35 L   0.98689 0.01311 0.00000 ( 1)  0.045  0.000
  36 A   0.99525 0.00475 0.00000 ( 1)  0.036  0.000
  37 C   0.99004 0.00996 0.00000 ( 1)  0.042  0.000
  38 G   0.95961 0.04039 0.00000 ( 1)  0.071  0.000
  39 P   0.99023 0.00977 0.00000 ( 1)  0.041  0.000
  40 G   0.99649 0.00351 0.00000 ( 1)  0.035  0.000
  41 R   0.99158 0.00842 0.00000 ( 1)  0.040  0.000
  42 G   0.99534 0.00466 0.00000 ( 1)  0.036  0.000
  43 F   0.99284 0.00716 0.00000 ( 1)  0.039  0.000
  44 G   0.99229 0.00771 0.00000 ( 1)  0.039  0.000
  45 K   0.99453 0.00547 0.00000 ( 1)  0.037  0.000
  46 R   0.99296 0.00704 0.00000 ( 1)  0.039  0.000
  47 R   0.99019 0.00981 0.00000 ( 1)  0.041  0.000
  48 H   0.99493 0.00507 0.00000 ( 1)  0.037  0.000
  49 P   0.99146 0.00854 0.00000 ( 1)  0.040  0.000
  50 K   0.95690 0.04310 0.00000 ( 1)  0.074  0.000
  51 K   0.99453 0.00547 0.00000 ( 1)  0.037  0.000
  52 L   0.98689 0.01311 0.00000 ( 1)  0.045  0.000
  53 T   0.99565 0.00435 0.00000 ( 1)  0.036  0.000
  54 P   0.93983 0.06017 0.00000 ( 1)  0.090  0.000
  55 L   0.93766 0.06234 0.00000 ( 1)  0.092  0.000
  56 S   0.18018 0.81982 0.00000 ( 2)  0.826  0.000
  57 Y   0.99213 0.00787 0.00000 ( 1)  0.040  0.000
  58 K   0.99453 0.00547 0.00000 ( 1)  0.037  0.000
  59 Q   0.98789 0.01211 0.00000 ( 1)  0.044  0.000
  60 F   0.95324 0.04676 0.00000 ( 1)  0.077  0.000
  61 I   0.99592 0.00408 0.00000 ( 1)  0.036  0.000
  62 P   0.99342 0.00658 0.00000 ( 1)  0.038  0.000
  63 N   0.98293 0.01707 0.00000 ( 1)  0.048  0.000
  64 V   0.99548 0.00452 0.00000 ( 1)  0.036  0.000
  65 A   0.99402 0.00598 0.00000 ( 1)  0.038  0.000
  66 E   0.99645 0.00355 0.00000 ( 1)  0.035  0.000
  67 K   0.99301 0.00699 0.00000 ( 1)  0.039  0.000
  68 T   0.99565 0.00435 0.00000 ( 1)  0.036  0.000
  69 L   0.95234 0.04766 0.00000 ( 1)  0.078  0.000
  70 G   0.99020 0.00980 0.00000 ( 1)  0.041  0.000
  71 A   0.99640 0.00360 0.00000 ( 1)  0.035  0.000
  72 S   0.99567 0.00433 0.00000 ( 1)  0.036  0.000
  73 G   0.96168 0.03832 0.00000 ( 1)  0.069  0.000
  74 R   0.99098 0.00902 0.00000 ( 1)  0.041  0.000
  75 Y   0.97151 0.02849 0.00000 ( 1)  0.059  0.000
  76 E   0.96831 0.03169 0.00000 ( 1)  0.063  0.000
  77 G   0.99387 0.00613 0.00000 ( 1)  0.038  0.000
  78 K   0.99453 0.00547 0.00000 ( 1)  0.037  0.000
  79 I   0.99592 0.00408 0.00000 ( 1)  0.036  0.000
  80 S   0.77703 0.22297 0.00000 ( 1)  0.248  0.000
  81 R   0.95288 0.04712 0.00000 ( 1)  0.077  0.000
  82 N   0.99629 0.00371 0.00000 ( 1)  0.035  0.000
  83 S   0.99164 0.00836 0.00000 ( 1)  0.040  0.000
  84 E   0.99645 0.00355 0.00000 ( 1)  0.035  0.000
  85 R   0.93922 0.06078 0.00000 ( 1)  0.091  0.000
  86 F   0.94530 0.05470 0.00000 ( 1)  0.085  0.000
  87 K   0.99453 0.00547 0.00000 ( 1)  0.037  0.000
  88 E   0.96871 0.03129 0.00000 ( 1)  0.062  0.000
  89 L   0.99346 0.00654 0.00000 ( 1)  0.038  0.000
  90 T   0.99565 0.00435 0.00000 ( 1)  0.036  0.000
  91 P   0.99342 0.00658 0.00000 ( 1)  0.038  0.000
  92 N   0.96112 0.03888 0.00000 ( 1)  0.070  0.000
  93 Y   0.99213 0.00787 0.00000 ( 1)  0.040  0.000
  94 N   0.99629 0.00371 0.00000 ( 1)  0.035  0.000
  95 P   0.99342 0.00658 0.00000 ( 1)  0.038  0.000
  96 D   0.99756 0.00244 0.00000 ( 1)  0.034  0.000
  97 I   0.99538 0.00462 0.00000 ( 1)  0.036  0.000
  98 I   0.97170 0.02830 0.00000 ( 1)  0.059  0.000
  99 F   0.94530 0.05470 0.00000 ( 1)  0.085  0.000
 100 K   0.99453 0.00547 0.00000 ( 1)  0.037  0.000
 101 D   0.97242 0.02758 0.00000 ( 1)  0.059  0.000
 102 E   0.98587 0.01413 0.00000 ( 1)  0.046  0.000
 103 E   0.96831 0.03169 0.00000 ( 1)  0.063  0.000
 104 N   0.99629 0.00371 0.00000 ( 1)  0.035  0.000
 105 T   0.99565 0.00435 0.00000 ( 1)  0.036  0.000
 106 G   0.95051 0.04949 0.00000 ( 1)  0.080  0.000
 107 A   0.99527 0.00473 0.00000 ( 1)  0.036  0.000
 108 D   0.99734 0.00266 0.00000 ( 1)  0.034  0.000
 109 R   0.99064 0.00936 0.00000 ( 1)  0.041  0.000
 110 L   0.98689 0.01311 0.00000 ( 1)  0.045  0.000
 111 M   0.99547 0.00453 0.00000 ( 1)  0.036  0.000
 112 T   0.94274 0.05726 0.00000 ( 1)  0.087  0.000
 113 Q   0.98976 0.01024 0.00000 ( 1)  0.042  0.000
 114 R   0.99303 0.00697 0.00000 ( 1)  0.039  0.000
 115 C   0.94315 0.05685 0.00000 ( 1)  0.087  0.000
 116 K   0.99283 0.00717 0.00000 ( 1)  0.039  0.000
 117 D   0.99756 0.00244 0.00000 ( 1)  0.034  0.000
 118 K   0.99453 0.00547 0.00000 ( 1)  0.037  0.000
 119 L   0.97477 0.02523 0.00000 ( 1)  0.056  0.000
 120 N   0.99629 0.00371 0.00000 ( 1)  0.035  0.000
 121 A   0.96803 0.03197 0.00000 ( 1)  0.063  0.000
 122 L   0.97477 0.02523 0.00000 ( 1)  0.056  0.000
 123 A   0.99640 0.00360 0.00000 ( 1)  0.035  0.000
 124 I   0.99428 0.00572 0.00000 ( 1)  0.037  0.000
 125 S   0.98523 0.01477 0.00000 ( 1)  0.046  0.000
 126 V   0.99548 0.00452 0.00000 ( 1)  0.036  0.000
 127 M   0.99547 0.00453 0.00000 ( 1)  0.036  0.000
 128 N   0.99629 0.00371 0.00000 ( 1)  0.035  0.000
 129 Q   0.98976 0.01024 0.00000 ( 1)  0.042  0.000
 130 W   0.98423 0.01577 0.00000 ( 1)  0.047  0.000
 131 P   0.94645 0.05355 0.00000 ( 1)  0.084  0.000
 132 G   0.95051 0.04949 0.00000 ( 1)  0.080  0.000
 133 V   0.99548 0.00452 0.00000 ( 1)  0.036  0.000
 134 K   0.96461 0.03539 0.00000 ( 1)  0.066  0.000
 135 L   0.98689 0.01311 0.00000 ( 1)  0.045  0.000
 136 R   0.98999 0.01001 0.00000 ( 1)  0.042  0.000
 137 V   0.99535 0.00465 0.00000 ( 1)  0.036  0.000
 138 T   0.99409 0.00591 0.00000 ( 1)  0.038  0.000
 139 E   0.99645 0.00355 0.00000 ( 1)  0.035  0.000
 140 G   0.99649 0.00351 0.00000 ( 1)  0.035  0.000
 141 W   0.98423 0.01577 0.00000 ( 1)  0.047  0.000
 142 D   0.99756 0.00244 0.00000 ( 1)  0.034  0.000
 143 E   0.99517 0.00483 0.00000 ( 1)  0.037  0.000
 144 D   0.97146 0.02854 0.00000 ( 1)  0.060  0.000
 145 G   0.99649 0.00351 0.00000 ( 1)  0.035  0.000
 146 H   0.99493 0.00507 0.00000 ( 1)  0.037  0.000
 147 H   0.99493 0.00507 0.00000 ( 1)  0.037  0.000
 148 S   0.94802 0.05198 0.00000 ( 1)  0.082  0.000
 149 E   0.99645 0.00355 0.00000 ( 1)  0.035  0.000
 150 E   0.99645 0.00355 0.00000 ( 1)  0.035  0.000
 151 S   0.96894 0.03106 0.00000 ( 1)  0.062  0.000
 152 L   0.98689 0.01311 0.00000 ( 1)  0.045  0.000
 153 H   0.99493 0.00507 0.00000 ( 1)  0.037  0.000
 154 Y   0.98072 0.01928 0.00000 ( 1)  0.051  0.000
 155 E   0.99645 0.00355 0.00000 ( 1)  0.035  0.000
 156 G   0.99649 0.00351 0.00000 ( 1)  0.035  0.000
 157 R   0.99147 0.00853 0.00000 ( 1)  0.040  0.000
 158 A   0.96751 0.03249 0.00000 ( 1)  0.063  0.000
 159 V   0.99548 0.00452 0.00000 ( 1)  0.036  0.000
 160 D   0.99756 0.00244 0.00000 ( 1)  0.034  0.000
 161 I   0.99320 0.00680 0.00000 ( 1)  0.038  0.000
 162 T   0.99565 0.00435 0.00000 ( 1)  0.036  0.000
 163 T   0.99260 0.00740 0.00000 ( 1)  0.039  0.000
 164 S   0.98682 0.01318 0.00000 ( 1)  0.045  0.000
 165 D   0.99756 0.00244 0.00000 ( 1)  0.034  0.000
 166 R   0.99118 0.00882 0.00000 ( 1)  0.040  0.000
 167 D   0.99756 0.00244 0.00000 ( 1)  0.034  0.000
 168 R   0.99288 0.00712 0.00000 ( 1)  0.039  0.000
 169 S   0.99567 0.00433 0.00000 ( 1)  0.036  0.000
 170 K   0.99453 0.00547 0.00000 ( 1)  0.037  0.000
 171 Y   0.98999 0.01001 0.00000 ( 1)  0.042  0.000
 172 G   0.99649 0.00351 0.00000 ( 1)  0.035  0.000
 173 M   0.99547 0.00453 0.00000 ( 1)  0.036  0.000
 174 L   0.98689 0.01311 0.00000 ( 1)  0.045  0.000
 175 A   0.99640 0.00360 0.00000 ( 1)  0.035  0.000
 176 R   0.99319 0.00681 0.00000 ( 1)  0.038  0.000
 177 L   0.98689 0.01311 0.00000 ( 1)  0.045  0.000
 178 A   0.99383 0.00617 0.00000 ( 1)  0.038  0.000
 179 V   0.99548 0.00452 0.00000 ( 1)  0.036  0.000
 180 E   0.99645 0.00355 0.00000 ( 1)  0.035  0.000
 181 A   0.99640 0.00360 0.00000 ( 1)  0.035  0.000
 182 G   0.99649 0.00351 0.00000 ( 1)  0.035  0.000
 183 F   0.99092 0.00908 0.00000 ( 1)  0.041  0.000
 184 D   0.99664 0.00336 0.00000 ( 1)  0.035  0.000
 185 W   0.98423 0.01577 0.00000 ( 1)  0.047  0.000
 186 V   0.99559 0.00441 0.00000 ( 1)  0.036  0.000
 187 Y   0.99213 0.00787 0.00000 ( 1)  0.040  0.000
 188 Y   0.99213 0.00787 0.00000 ( 1)  0.040  0.000
 189 E   0.99645 0.00355 0.00000 ( 1)  0.035  0.000
 190 S   0.99240 0.00760 0.00000 ( 1)  0.039  0.000
 191 K   0.98729 0.01271 0.00000 ( 1)  0.044  0.000
 192 A   0.99479 0.00521 0.00000 ( 1)  0.037  0.000
 193 H   0.99280 0.00720 0.00000 ( 1)  0.039  0.000
 194 I   0.99592 0.00408 0.00000 ( 1)  0.036  0.000
 195 H   0.99493 0.00507 0.00000 ( 1)  0.037  0.000
 196 C   0.99209 0.00791 0.00000 ( 1)  0.040  0.000
 197 S   0.98556 0.01444 0.00000 ( 1)  0.046  0.000
 198 V   0.99548 0.00452 0.00000 ( 1)  0.036  0.000
 199 K   0.95690 0.04310 0.00000 ( 1)  0.074  0.000
 200 A   0.95165 0.04835 0.00000 ( 1)  0.079  0.000
 201 E   0.99645 0.00355 0.00000 ( 1)  0.035  0.000
 202 N   0.99629 0.00371 0.00000 ( 1)  0.035  0.000
 203 S   0.98914 0.01086 0.00000 ( 1)  0.042  0.000
 204 V   0.99548 0.00452 0.00000 ( 1)  0.036  0.000
 205 A   0.99525 0.00475 0.00000 ( 1)  0.036  0.000
 206 A   0.99640 0.00360 0.00000 ( 1)  0.035  0.000
 207 K   0.96333 0.03667 0.00000 ( 1)  0.067  0.000
 208 S   0.99063 0.00937 0.00000 ( 1)  0.041  0.000
 209 G   0.99395 0.00605 0.00000 ( 1)  0.038  0.000
 210 G   0.99649 0.00351 0.00000 ( 1)  0.035  0.000
 211 C   0.99209 0.00791 0.00000 ( 1)  0.040  0.000
 212 F   0.99284 0.00716 0.00000 ( 1)  0.039  0.000
 213 P   0.98852 0.01148 0.00000 ( 1)  0.043  0.000
 214 G   0.99649 0.00351 0.00000 ( 1)  0.035  0.000
 215 S   0.98914 0.01086 0.00000 ( 1)  0.042  0.000
 216 A   0.99640 0.00360 0.00000 ( 1)  0.035  0.000
 217 T   0.99287 0.00713 0.00000 ( 1)  0.039  0.000
 218 V   0.99542 0.00458 0.00000 ( 1)  0.036  0.000
 219 H   0.99339 0.00661 0.00000 ( 1)  0.038  0.000
 220 L   0.98689 0.01311 0.00000 ( 1)  0.045  0.000
 221 E   0.99645 0.00355 0.00000 ( 1)  0.035  0.000
 222 Q   0.98976 0.01024 0.00000 ( 1)  0.042  0.000
 223 G   0.99649 0.00351 0.00000 ( 1)  0.035  0.000
 224 G   0.99649 0.00351 0.00000 ( 1)  0.035  0.000
 225 T   0.99565 0.00435 0.00000 ( 1)  0.036  0.000
 226 K   0.99453 0.00547 0.00000 ( 1)  0.037  0.000
 227 L   0.98689 0.01311 0.00000 ( 1)  0.045  0.000
 228 V   0.99368 0.00632 0.00000 ( 1)  0.038  0.000
 229 K   0.99453 0.00547 0.00000 ( 1)  0.037  0.000
 230 D   0.99756 0.00244 0.00000 ( 1)  0.034  0.000
 231 L   0.98857 0.01143 0.00000 ( 1)  0.043  0.000
 232 R   0.77916 0.22084 0.00000 ( 1)  0.246  0.000
 233 P   0.99342 0.00658 0.00000 ( 1)  0.038  0.000
 234 G   0.99477 0.00523 0.00000 ( 1)  0.037  0.000
 235 D   0.99664 0.00336 0.00000 ( 1)  0.035  0.000
 236 R   0.99319 0.00681 0.00000 ( 1)  0.038  0.000
 237 V   0.99548 0.00452 0.00000 ( 1)  0.036  0.000
 238 L   0.98689 0.01311 0.00000 ( 1)  0.045  0.000
 239 A   0.99120 0.00880 0.00000 ( 1)  0.040  0.000
 240 A   0.99525 0.00475 0.00000 ( 1)  0.036  0.000
 241 D   0.99756 0.00244 0.00000 ( 1)  0.034  0.000
 242 D   0.23500 0.76500 0.00000 ( 2)  0.772  0.000
 243 Q   0.98976 0.01024 0.00000 ( 1)  0.042  0.000
 244 G   0.99609 0.00391 0.00000 ( 1)  0.036  0.000
 245 R   0.74399 0.25601 0.00000 ( 1)  0.280  0.000
 246 L   0.98386 0.01614 0.00000 ( 1)  0.048  0.000
 247 L   0.99294 0.00706 0.00000 ( 1)  0.039  0.000
 248 Y   0.99213 0.00787 0.00000 ( 1)  0.040  0.000
 249 S   0.99567 0.00433 0.00000 ( 1)  0.036  0.000
 250 D   0.99756 0.00244 0.00000 ( 1)  0.034  0.000
 251 F   0.99284 0.00716 0.00000 ( 1)  0.039  0.000
 252 L   0.99346 0.00654 0.00000 ( 1)  0.038  0.000
 253 T   0.97697 0.02303 0.00000 ( 1)  0.054  0.000
 254 F   0.99284 0.00716 0.00000 ( 1)  0.039  0.000
 255 L   0.98689 0.01311 0.00000 ( 1)  0.045  0.000
 256 D   0.99664 0.00336 0.00000 ( 1)  0.035  0.000
 257 R   0.99319 0.00681 0.00000 ( 1)  0.038  0.000
 258 D   0.99756 0.00244 0.00000 ( 1)  0.034  0.000
 259 D   0.99756 0.00244 0.00000 ( 1)  0.034  0.000
 260 G   0.18669 0.81331 0.00000 ( 2)  0.819  0.000
 261 A   0.99640 0.00360 0.00000 ( 1)  0.035  0.000
 262 K   0.99453 0.00547 0.00000 ( 1)  0.037  0.000
 263 K   0.99453 0.00547 0.00000 ( 1)  0.037  0.000
 264 V   0.99660 0.00340 0.00000 ( 1)  0.035  0.000
 265 F   0.99284 0.00716 0.00000 ( 1)  0.039  0.000
 266 Y   0.99150 0.00850 0.00000 ( 1)  0.040  0.000
 267 V   0.99548 0.00452 0.00000 ( 1)  0.036  0.000
 268 I   0.99592 0.00408 0.00000 ( 1)  0.036  0.000
 269 E   0.99645 0.00355 0.00000 ( 1)  0.035  0.000
 270 T   0.99430 0.00570 0.00000 ( 1)  0.037  0.000
 271 R   0.99027 0.00973 0.00000 ( 1)  0.041  0.000
 272 E   0.99645 0.00355 0.00000 ( 1)  0.035  0.000
 273 P   0.99169 0.00831 0.00000 ( 1)  0.040  0.000
 274 R   0.99288 0.00712 0.00000 ( 1)  0.039  0.000
 275 E   0.99645 0.00355 0.00000 ( 1)  0.035  0.000
 276 R   0.99319 0.00681 0.00000 ( 1)  0.038  0.000
 277 L   0.98689 0.01311 0.00000 ( 1)  0.045  0.000
 278 L   0.98689 0.01311 0.00000 ( 1)  0.045  0.000
 279 L   0.99346 0.00654 0.00000 ( 1)  0.038  0.000
 280 T   0.99549 0.00451 0.00000 ( 1)  0.036  0.000
 281 A   0.99640 0.00360 0.00000 ( 1)  0.035  0.000
 282 A   0.99525 0.00475 0.00000 ( 1)  0.036  0.000
 283 H   0.99487 0.00513 0.00000 ( 1)  0.037  0.000
 284 L   0.98689 0.01311 0.00000 ( 1)  0.045  0.000
 285 L   0.99339 0.00661 0.00000 ( 1)  0.038  0.000
 286 F   0.99127 0.00873 0.00000 ( 1)  0.040  0.000
 287 V   0.99548 0.00452 0.00000 ( 1)  0.036  0.000
 288 A   0.99525 0.00475 0.00000 ( 1)  0.036  0.000
 289 P   0.99137 0.00863 0.00000 ( 1)  0.040  0.000
 290 H   0.82939 0.17061 0.00000 ( 1)  0.197  0.000
 291 N   0.99375 0.00625 0.00000 ( 1)  0.038  0.000
 292 D   0.99756 0.00244 0.00000 ( 1)  0.034  0.000
 293 S   0.98633 0.01367 0.00000 ( 1)  0.045  0.000
 294 A   0.99640 0.00360 0.00000 ( 1)  0.035  0.000
 295 A   0.14607 0.85393 0.00000 ( 2)  0.859  0.000
 296 G   0.00143 0.99857 0.00000 ( 2)  0.999  0.000
 297 E   0.81782 0.18218 0.00000 ( 1)  0.208  0.000
 298 S   0.73031 0.26969 0.00000 ( 1)  0.293  0.000
 299 E   0.99293 0.00707 0.00000 ( 1)  0.039  0.000
 300 S   0.72787 0.27213 0.00000 ( 1)  0.295  0.000
 301 S   0.07052 0.92948 0.00000 ( 2)  0.932  0.000
 302 S   0.95113 0.04887 0.00000 ( 1)  0.079  0.000
 303 G   0.99301 0.00699 0.00000 ( 1)  0.039  0.000
 304 V   0.08056 0.91944 0.00000 ( 2)  0.922  0.000
 305 G   0.99531 0.00469 0.00000 ( 1)  0.036  0.000
 306 P   0.60456 0.39544 0.00000 ( 1)  0.415  0.000
 307 P   0.97266 0.02734 0.00000 ( 1)  0.058  0.000
 308 P   0.08423 0.91577 0.00000 ( 2)  0.918  0.000
 309 G   0.86376 0.13624 0.00000 ( 1)  0.164  0.000
 310 D   0.89885 0.10115 0.00000 ( 1)  0.130  0.000
 311 A   0.98833 0.01167 0.00000 ( 1)  0.043  0.000
 312 L   0.02788 0.97212 0.00000 ( 2)  0.973  0.000
 313 G   0.99534 0.00466 0.00000 ( 1)  0.036  0.000
 314 R   0.05007 0.94993 0.00000 ( 2)  0.952  0.000
 315 R   0.98971 0.01029 0.00000 ( 1)  0.042  0.000
 316 A   0.99525 0.00475 0.00000 ( 1)  0.036  0.000
 317 L   0.98911 0.01089 0.00000 ( 1)  0.042  0.000
 318 F   0.99004 0.00996 0.00000 ( 1)  0.042  0.000
 319 A   0.99507 0.00493 0.00000 ( 1)  0.037  0.000
 320 S   0.99567 0.00433 0.00000 ( 1)  0.036  0.000
 321 R   0.99319 0.00681 0.00000 ( 1)  0.038  0.000
 322 V   0.99550 0.00450 0.00000 ( 1)  0.036  0.000
 323 R   0.99319 0.00681 0.00000 ( 1)  0.038  0.000
 324 P   0.99169 0.00831 0.00000 ( 1)  0.040  0.000
 325 G   0.99548 0.00452 0.00000 ( 1)  0.036  0.000
 326 Q   0.98976 0.01024 0.00000 ( 1)  0.042  0.000
 327 R   0.99118 0.00882 0.00000 ( 1)  0.040  0.000
 328 V   0.99492 0.00508 0.00000 ( 1)  0.037  0.000
 329 Y   0.98961 0.01039 0.00000 ( 1)  0.042  0.000
 330 V   0.99548 0.00452 0.00000 ( 1)  0.036  0.000
 331 V   0.99548 0.00452 0.00000 ( 1)  0.036  0.000
 332 A   0.99640 0.00360 0.00000 ( 1)  0.035  0.000
 333 E   0.99645 0.00355 0.00000 ( 1)  0.035  0.000
 334 R   0.99260 0.00740 0.00000 ( 1)  0.039  0.000
 335 D   0.16221 0.83779 0.00000 ( 2)  0.843  0.000
 336 G   0.99534 0.00466 0.00000 ( 1)  0.036  0.000
 337 D   0.99756 0.00244 0.00000 ( 1)  0.034  0.000
 338 R   0.99319 0.00681 0.00000 ( 1)  0.038  0.000
 339 R   0.75755 0.24245 0.00000 ( 1)  0.267  0.000
 340 L   0.99141 0.00859 0.00000 ( 1)  0.040  0.000
 341 L   0.98689 0.01311 0.00000 ( 1)  0.045  0.000
 342 P   0.99190 0.00810 0.00000 ( 1)  0.040  0.000
 343 A   0.99636 0.00364 0.00000 ( 1)  0.035  0.000
 344 A   0.54653 0.45347 0.00000 ( 1)  0.471  0.000
 345 V   0.99362 0.00638 0.00000 ( 1)  0.038  0.000
 346 H   0.99489 0.00511 0.00000 ( 1)  0.037  0.000
 347 S   0.99563 0.00437 0.00000 ( 1)  0.036  0.000
 348 V   0.99544 0.00456 0.00000 ( 1)  0.036  0.000
 349 T   0.99479 0.00521 0.00000 ( 1)  0.037  0.000
 350 L   0.97754 0.02246 0.00000 ( 1)  0.054  0.000
 351 L   0.11372 0.88628 0.00000 ( 2)  0.890  0.000
 352 E   0.99641 0.00359 0.00000 ( 1)  0.035  0.000
 353 E   0.99641 0.00359 0.00000 ( 1)  0.035  0.000
 354 A   0.99636 0.00364 0.00000 ( 1)  0.035  0.000
 355 T   0.11477 0.88523 0.00000 ( 2)  0.889  0.000
 356 G   0.99639 0.00361 0.00000 ( 1)  0.035  0.000
 357 A   0.99598 0.00402 0.00000 ( 1)  0.036  0.000
 358 Y   0.99207 0.00793 0.00000 ( 1)  0.040  0.000
 359 A   0.99520 0.00480 0.00000 ( 1)  0.037  0.000
 360 P   0.99163 0.00837 0.00000 ( 1)  0.040  0.000
 361 L   0.99341 0.00659 0.00000 ( 1)  0.038  0.000
 362 T   0.99423 0.00577 0.00000 ( 1)  0.037  0.000
 363 V   0.89684 0.10316 0.00000 ( 1)  0.132  0.000
 364 Q   0.98969 0.01031 0.00000 ( 1)  0.042  0.000
 365 G   0.99646 0.00354 0.00000 ( 1)  0.035  0.000
 366 T   0.99561 0.00439 0.00000 ( 1)  0.036  0.000
 367 S   0.15573 0.84427 0.00000 ( 2)  0.849  0.000
 368 F   0.82576 0.17424 0.00000 ( 1)  0.201  0.000
 369 I   0.99589 0.00411 0.00000 ( 1)  0.036  0.000
 370 -   0.99489 0.00511 0.00000 ( 1)  0.037  0.000
 371 -   0.98751 0.01249 0.00000 ( 1)  0.044  0.000
 372 -   0.99387 0.00613 0.00000 ( 1)  0.038  0.000
 373 -   0.98409 0.01591 0.00000 ( 1)  0.047  0.000
 374 -   0.99499 0.00501 0.00000 ( 1)  0.037  0.000
 375 -   0.98658 0.01342 0.00000 ( 1)  0.045  0.000
 376 -   0.98991 0.01009 0.00000 ( 1)  0.042  0.000
 377 -   0.98995 0.01005 0.00000 ( 1)  0.042  0.000
 378 -   0.99388 0.00612 0.00000 ( 1)  0.038  0.000
 379 H   0.90199 0.08609 0.01192 ( 1)  4.426  0.012
 380 S   0.90199 0.08609 0.01192 ( 1)  4.426  0.012
 381 G   0.90199 0.08609 0.01192 ( 1)  4.426  0.012
 382 V   0.90199 0.08609 0.01192 ( 1)  4.426  0.012
 383 A   0.90199 0.08609 0.01192 ( 1)  4.426  0.012
 384 F   0.90199 0.08609 0.01192 ( 1)  4.426  0.012
 385 M   0.90199 0.08609 0.01192 ( 1)  4.426  0.012
 386 V   0.90199 0.08609 0.01192 ( 1)  4.426  0.012
 387 W   0.90199 0.08609 0.01192 ( 1)  4.426  0.012
 388 V   0.99656 0.00344 0.00000 ( 1)  0.035  0.000
 389 I   0.99462 0.00538 0.00000 ( 1)  0.037  0.000
 390 E   0.99599 0.00401 0.00000 ( 1)  0.036  0.000
 391 E   0.99641 0.00359 0.00000 ( 1)  0.035  0.000
 392 H   0.99489 0.00511 0.00000 ( 1)  0.037  0.000
 393 S   0.00505 0.99495 0.00000 ( 2)  0.995  0.000
 394 W   0.98415 0.01585 0.00000 ( 1)  0.047  0.000
 395 A   0.99520 0.00480 0.00000 ( 1)  0.037  0.000
 396 H   0.99489 0.00511 0.00000 ( 1)  0.037  0.000
 397 R   0.74275 0.25725 0.00000 ( 1)  0.281  0.000
 398 A   0.99584 0.00416 0.00000 ( 1)  0.036  0.000
 399 F   0.99202 0.00798 0.00000 ( 1)  0.040  0.000
 400 R   0.14661 0.85339 0.00000 ( 2)  0.858  0.000
 401 A   0.77393 0.22607 0.00000 ( 1)  0.251  0.000
 402 L   0.80356 0.19644 0.00000 ( 1)  0.222  0.000
 403 R   0.99319 0.00681 0.00000 ( 1)  0.038  0.000
 404 L   0.98689 0.01311 0.00000 ( 1)  0.045  0.000
 405 A   0.99533 0.00467 0.00000 ( 1)  0.036  0.000
 406 H   0.99493 0.00507 0.00000 ( 1)  0.037  0.000
 407 A   0.99525 0.00475 0.00000 ( 1)  0.036  0.000
 408 L   0.99150 0.00850 0.00000 ( 1)  0.040  0.000
 409 L   0.98689 0.01311 0.00000 ( 1)  0.045  0.000
 410 A   0.95680 0.04320 0.00000 ( 1)  0.074  0.000
 411 A   0.97839 0.02161 0.00000 ( 1)  0.053  0.000
 412 L   0.70194 0.29806 0.00000 ( 1)  0.320  0.000
 413 A   0.99501 0.00499 0.00000 ( 1)  0.037  0.000
 414 P   0.99314 0.00686 0.00000 ( 1)  0.039  0.000
 415 A   0.85859 0.14141 0.00000 ( 1)  0.169  0.000
 416 R   0.99257 0.00743 0.00000 ( 1)  0.039  0.000
 417 T   0.79830 0.20170 0.00000 ( 1)  0.227  0.000
 418 D   0.87388 0.12612 0.00000 ( 1)  0.154  0.000
 419 R   0.99082 0.00918 0.00000 ( 1)  0.041  0.000
 420 G   0.99489 0.00511 0.00000 ( 1)  0.037  0.000
 421 G   0.99191 0.00809 0.00000 ( 1)  0.040  0.000
 422 D   0.99742 0.00258 0.00000 ( 1)  0.034  0.000
 423 R   0.00619 0.99381 0.00000 ( 2)  0.994  0.000
 424 G   0.00566 0.99434 0.00000 ( 2)  0.995  0.000
 425 G   0.90199 0.08609 0.01192 ( 1)  4.426  0.012
 426 V   0.90199 0.08609 0.01192 ( 1)  4.426  0.012
 427 G   0.90199 0.08609 0.01192 ( 1)  4.426  0.012
 428 G   0.90199 0.08609 0.01192 ( 1)  4.426  0.012
 429 V   0.90199 0.08609 0.01192 ( 1)  4.426  0.012
 430 D   0.90199 0.08609 0.01192 ( 1)  4.426  0.012
 431 G   0.90199 0.08609 0.01192 ( 1)  4.426  0.012
 432 G   0.90199 0.08609 0.01192 ( 1)  4.426  0.012
 433 V   0.90199 0.08609 0.01192 ( 1)  4.426  0.012
 434 G   0.99588 0.00412 0.00000 ( 1)  0.036  0.000
 435 G   0.99512 0.00488 0.00000 ( 1)  0.037  0.000
 436 D   0.98642 0.01358 0.00000 ( 1)  0.045  0.000
 437 G   0.04349 0.95651 0.00000 ( 2)  0.958  0.000
 438 G   0.98078 0.01922 0.00000 ( 1)  0.050  0.000
 439 G   0.33885 0.63025 0.03090 ( 2) 11.815  0.031
 440 G   0.94184 0.05757 0.00059 ( 1)  0.301  0.001
 441 G   0.98343 0.01657 0.00000 ( 1)  0.048  0.000
 442 G   0.98353 0.01647 0.00000 ( 1)  0.048  0.000
 443 G   0.99630 0.00370 0.00000 ( 1)  0.035  0.000
 444 G   0.88955 0.11045 0.00000 ( 1)  0.139  0.000
 445 -   0.90199 0.08609 0.01192 ( 1)  4.426  0.012
 446 G   0.90199 0.08609 0.01192 ( 1)  4.426  0.012
 447 R   0.95130 0.04870 0.00000 ( 1)  0.079  0.000
 448 V   0.97837 0.02163 0.00000 ( 1)  0.053  0.000
 449 P   0.11009 0.88991 0.00000 ( 2)  0.893  0.000
 450 P   0.00242 0.99758 0.00000 ( 2)  0.998  0.000
 451 P   0.78200 0.21800 0.00000 ( 1)  0.243  0.000
 452 A   0.15508 0.84492 0.00000 ( 2)  0.850  0.000
 453 P   0.95285 0.04715 0.00000 ( 1)  0.078  0.000
 454 G   0.95523 0.04477 0.00000 ( 1)  0.075  0.000
 455 A   0.79215 0.20785 0.00000 ( 1)  0.233  0.000
 456 A   0.85154 0.14846 0.00000 ( 1)  0.176  0.000
 457 D   0.99742 0.00258 0.00000 ( 1)  0.034  0.000
 458 D   0.42282 0.57718 0.00000 ( 2)  0.591  0.000
 459 P   0.77813 0.22187 0.00000 ( 1)  0.247  0.000
 460 G   0.98136 0.01864 0.00000 ( 1)  0.050  0.000
 461 A   0.99259 0.00741 0.00000 ( 1)  0.039  0.000
 462 G   0.98020 0.01980 0.00000 ( 1)  0.051  0.000
 463 A   0.98294 0.01706 0.00000 ( 1)  0.048  0.000
 464 T   0.60666 0.39334 0.00000 ( 1)  0.413  0.000
 465 A   0.85714 0.14286 0.00000 ( 1)  0.170  0.000
 466 G   0.99618 0.00382 0.00000 ( 1)  0.036  0.000
 467 I   0.14439 0.85561 0.00000 ( 2)  0.860  0.000
 468 H   0.99454 0.00546 0.00000 ( 1)  0.037  0.000
 469 W   0.98353 0.01647 0.00000 ( 1)  0.048  0.000
 470 Y   0.99137 0.00863 0.00000 ( 1)  0.040  0.000
 471 S   0.98609 0.01391 0.00000 ( 1)  0.045  0.000
 472 Q   0.72997 0.27003 0.00000 ( 1)  0.293  0.000
 473 L   0.98623 0.01377 0.00000 ( 1)  0.045  0.000
 474 L   0.99300 0.00700 0.00000 ( 1)  0.039  0.000
 475 Y   0.99163 0.00837 0.00000 ( 1)  0.040  0.000
 476 Q   0.38634 0.61366 0.00000 ( 2)  0.626  0.000
 477 I   0.97089 0.02911 0.00000 ( 1)  0.060  0.000
 478 G   0.99618 0.00382 0.00000 ( 1)  0.036  0.000
 479 T   0.82568 0.17432 0.00000 ( 1)  0.201  0.000
 480 W   0.98353 0.01647 0.00000 ( 1)  0.048  0.000
 481 L   0.99090 0.00910 0.00000 ( 1)  0.041  0.000
 482 L   0.98228 0.01772 0.00000 ( 1)  0.049  0.000
 483 D   0.99732 0.00268 0.00000 ( 1)  0.034  0.000
 484 S   0.99532 0.00468 0.00000 ( 1)  0.036  0.000
 485 E   0.99613 0.00387 0.00000 ( 1)  0.036  0.000
 486 A   0.99607 0.00393 0.00000 ( 1)  0.036  0.000
 487 L   0.98623 0.01377 0.00000 ( 1)  0.045  0.000
 488 H   0.99454 0.00546 0.00000 ( 1)  0.037  0.000
 489 P   0.99183 0.00817 0.00000 ( 1)  0.040  0.000
 490 L   0.98695 0.01305 0.00000 ( 1)  0.045  0.000
 491 G   0.99618 0.00382 0.00000 ( 1)  0.036  0.000
 492 M   0.99512 0.00488 0.00000 ( 1)  0.037  0.000
 493 A   0.99496 0.00504 0.00000 ( 1)  0.037  0.000
 494 A   0.88489 0.11511 0.00000 ( 1)  0.143  0.000
 495 K   0.00365 0.99635 0.00000 ( 2)  0.996  0.000
 496 S   0.00000 1.00000 0.00000 ( 2)  1.000  0.000
 497 S   0.99567 0.00433 0.00000 ( 1)  0.036  0.000
 498 -   0.91386 0.08558 0.00056 ( 1)  0.316  0.001
 499 -   0.92357 0.07618 0.00025 ( 1)  0.195  0.000
 500 -   0.91446 0.08540 0.00013 ( 1)  0.163  0.000
 501 -   0.92293 0.07681 0.00026 ( 1)  0.201  0.000
 502 -   0.92221 0.07732 0.00047 ( 1)  0.276  0.000
 503 -   0.91524 0.08468 0.00009 ( 1)  0.145  0.000
 504 -   0.91487 0.08485 0.00029 ( 1)  0.217  0.000
 505 -   0.91443 0.08523 0.00033 ( 1)  0.234  0.000
 506 -   0.92442 0.07499 0.00059 ( 1)  0.319  0.001
 507 -   0.91978 0.07982 0.00040 ( 1)  0.254  0.000
 508 -   0.92345 0.07602 0.00054 ( 1)  0.300  0.001
 509 -   0.92277 0.07695 0.00028 ( 1)  0.208  0.000
 510 -   0.92432 0.07499 0.00069 ( 1)  0.355  0.001
 511 -   0.92370 0.07599 0.00031 ( 1)  0.217  0.000
 512 -   0.92435 0.07507 0.00058 ( 1)  0.315  0.001
 513 -   0.92424 0.07547 0.00029 ( 1)  0.210  0.000
 514 -   0.91381 0.08560 0.00059 ( 1)  0.327  0.001
 515 -   0.92225 0.07732 0.00043 ( 1)  0.262  0.000
 516 -   0.91386 0.08558 0.00056 ( 1)  0.316  0.001
 517 -   0.91487 0.08485 0.00029 ( 1)  0.217  0.000
 518 -   0.92225 0.07732 0.00043 ( 1)  0.262  0.000
 519 -   0.91978 0.07982 0.00040 ( 1)  0.254  0.000
 520 -   0.91446 0.08540 0.00013 ( 1)  0.163  0.000
 521 -   0.92354 0.07589 0.00058 ( 1)  0.313  0.001
 522 -   0.91416 0.08518 0.00066 ( 1)  0.354  0.001
 523 -   0.91400 0.08519 0.00081 ( 1)  0.406  0.001
 524 -   0.92345 0.07602 0.00054 ( 1)  0.300  0.001
 525 -   0.92064 0.07897 0.00039 ( 1)  0.251  0.000
 526 -   0.92370 0.07599 0.00031 ( 1)  0.217  0.000
 527 -   0.07623 0.22444 0.69933 ( 3) 253.144  0.699
 528 -   0.92442 0.07499 0.00059 ( 1)  0.319  0.001
 529 -   0.91978 0.07982 0.00040 ( 1)  0.254  0.000
 530 -   0.92370 0.07599 0.00031 ( 1)  0.217  0.000
 531 -   0.91978 0.07982 0.00040 ( 1)  0.254  0.000
 532 -   0.92200 0.07779 0.00021 ( 1)  0.184  0.000
 533 -   0.92354 0.07589 0.00058 ( 1)  0.313  0.001
 534 -   0.91978 0.07982 0.00040 ( 1)  0.254  0.000
 535 -   0.91389 0.08573 0.00039 ( 1)  0.255  0.000
 536 -   0.92370 0.07599 0.00031 ( 1)  0.217  0.000
 537 -   0.91923 0.08059 0.00018 ( 1)  0.175  0.000
 538 -   0.91391 0.08572 0.00037 ( 1)  0.249  0.000
 539 -   0.91446 0.08540 0.00013 ( 1)  0.163  0.000
 540 -   0.92563 0.07372 0.00065 ( 1)  0.337  0.001
 541 -   0.91401 0.08565 0.00034 ( 1)  0.237  0.000
 542 -   0.92354 0.07589 0.00058 ( 1)  0.313  0.001
 543 -   0.92432 0.07499 0.00069 ( 1)  0.355  0.001
 544 -   0.92064 0.07897 0.00039 ( 1)  0.251  0.000
 545 -   0.92357 0.07618 0.00025 ( 1)  0.195  0.000
 546 -   0.92452 0.07485 0.00063 ( 1)  0.334  0.001
 547 -   0.91524 0.08468 0.00009 ( 1)  0.145  0.000
 548 -   0.92435 0.07507 0.00058 ( 1)  0.315  0.001
 549 -   0.92293 0.07681 0.00026 ( 1)  0.201  0.000
 550 -   0.25084 0.67654 0.07262 ( 2) 26.948  0.073
 551 -   0.92452 0.07485 0.00063 ( 1)  0.334  0.001
 552 -   0.91492 0.08489 0.00019 ( 1)  0.182  0.000
 553 -   0.92563 0.07372 0.00065 ( 1)  0.337  0.001
 554 -   0.91536 0.08448 0.00017 ( 1)  0.174  0.000
 555 -   0.92432 0.07499 0.00069 ( 1)  0.355  0.001
 556 -   0.91415 0.08522 0.00063 ( 1)  0.341  0.001
 557 -   0.92210 0.07766 0.00024 ( 1)  0.193  0.000
 558 -   0.92432 0.07499 0.00069 ( 1)  0.355  0.001
 559 -   0.92435 0.07507 0.00058 ( 1)  0.315  0.001
 560 -   0.91978 0.07982 0.00040 ( 1)  0.254  0.000
 561 -   0.92064 0.07897 0.00039 ( 1)  0.251  0.000
 562 -   0.92372 0.07602 0.00026 ( 1)  0.199  0.000
 563 -   0.26314 0.66654 0.07032 ( 2) 26.108  0.070
 564 -   0.92064 0.07897 0.00039 ( 1)  0.251  0.000
 565 -   0.92312 0.07645 0.00044 ( 1)  0.264  0.000
 566 -   0.92312 0.07645 0.00044 ( 1)  0.264  0.000
 567 -   0.92140 0.07817 0.00043 ( 1)  0.262  0.000
 568 -   0.91487 0.08485 0.00029 ( 1)  0.217  0.000
 569 -   0.92435 0.07507 0.00058 ( 1)  0.315  0.001
 570 -   0.92293 0.07681 0.00026 ( 1)  0.201  0.000
 571 -   0.92064 0.07897 0.00039 ( 1)  0.251  0.000
 572 -   0.92140 0.07817 0.00043 ( 1)  0.262  0.000
 573 -   0.92221 0.07732 0.00047 ( 1)  0.276  0.000
 574 -   0.92225 0.07732 0.00043 ( 1)  0.262  0.000
 575 -   0.92140 0.07817 0.00043 ( 1)  0.262  0.000
 576 -   0.92442 0.07499 0.00059 ( 1)  0.319  0.001
 577 -   0.92354 0.07589 0.00058 ( 1)  0.313  0.001
 578 -   0.92221 0.07732 0.00047 ( 1)  0.276  0.000
 579 -   0.91923 0.08059 0.00018 ( 1)  0.175  0.000
 580 -   0.92372 0.07602 0.00026 ( 1)  0.199  0.000
 581 -   0.16454 0.48244 0.35301 ( 2) 128.156  0.353
 582 -   0.92179 0.07798 0.00024 ( 1)  0.193  0.000
 583 -   0.91405 0.08047 0.00548 ( 1)  2.091  0.005
 584 -   0.91416 0.08518 0.00066 ( 1)  0.354  0.001
 585 -   0.91923 0.08059 0.00018 ( 1)  0.175  0.000
 586 -   0.92370 0.07599 0.00031 ( 1)  0.217  0.000
 587 -   0.92166 0.07814 0.00020 ( 1)  0.180  0.000
 588 -   0.92370 0.07599 0.00031 ( 1)  0.217  0.000
 589 -   0.91665 0.08317 0.00018 ( 1)  0.176  0.000
 590 -   0.92312 0.07645 0.00044 ( 1)  0.264  0.000
 591 -   0.92064 0.07897 0.00039 ( 1)  0.251  0.000
 592 -   0.92064 0.07897 0.00039 ( 1)  0.251  0.000
 593 -   0.91421 0.08541 0.00038 ( 1)  0.251  0.000
 594 -   0.91468 0.08473 0.00059 ( 1)  0.326  0.001
 595 -   0.91468 0.08473 0.00059 ( 1)  0.326  0.001
 596 -   0.91487 0.08485 0.00029 ( 1)  0.217  0.000
 597 -   0.92442 0.07499 0.00059 ( 1)  0.319  0.001
 598 -   0.25431 0.67381 0.07188 ( 2) 26.677  0.072
 599 -   0.92200 0.07779 0.00021 ( 1)  0.184  0.000
 600 -   0.00337 0.28009 0.71655 ( 3) 259.422  0.717
 601 -   0.91504 0.08486 0.00010 ( 1)  0.149  0.000
 602 -   0.92179 0.07798 0.00024 ( 1)  0.193  0.000
 603 -   0.26009 0.67033 0.06959 ( 2) 25.845  0.070
 604 -   0.92055 0.07923 0.00022 ( 1)  0.187  0.000
 605 -   0.91400 0.08519 0.00081 ( 1)  0.406  0.001
 606 -   0.01283 0.06809 0.91908 ( 3) 332.459  0.919
 607 -   0.92435 0.07507 0.00058 ( 1)  0.315  0.001
 608 -   0.90199 0.08609 0.01192 ( 1)  4.426  0.012
 609 -   0.90199 0.08609 0.01192 ( 1)  4.426  0.012
 610 -   0.90199 0.08609 0.01192 ( 1)  4.426  0.012
 611 -   0.90199 0.08609 0.01192 ( 1)  4.426  0.012
 612 -   0.90199 0.08609 0.01192 ( 1)  4.426  0.012
 613 -   0.90199 0.08609 0.01192 ( 1)  4.426  0.012
 614 -   0.90199 0.08609 0.01192 ( 1)  4.426  0.012
 615 -   0.90199 0.08609 0.01192 ( 1)  4.426  0.012
 616 -   0.90199 0.08609 0.01192 ( 1)  4.426  0.012
 617 -   0.90199 0.08609 0.01192 ( 1)  4.426  0.012
 618 -   0.90199 0.08609 0.01192 ( 1)  4.426  0.012
 619 -   0.90199 0.08609 0.01192 ( 1)  4.426  0.012
 620 -   0.90199 0.08609 0.01192 ( 1)  4.426  0.012
 621 -   0.90199 0.08609 0.01192 ( 1)  4.426  0.012
 622 -   0.90199 0.08609 0.01192 ( 1)  4.426  0.012
 623 -   0.90199 0.08609 0.01192 ( 1)  4.426  0.012
 624 -   0.90199 0.08609 0.01192 ( 1)  4.426  0.012
 625 -   0.90199 0.08609 0.01192 ( 1)  4.426  0.012
 626 -   0.90199 0.08609 0.01192 ( 1)  4.426  0.012
 627 -   0.90199 0.08609 0.01192 ( 1)  4.426  0.012
 628 -   0.90199 0.08609 0.01192 ( 1)  4.426  0.012
 629 -   0.90199 0.08609 0.01192 ( 1)  4.426  0.012
 630 -   0.90199 0.08609 0.01192 ( 1)  4.426  0.012
 631 -   0.90199 0.08609 0.01192 ( 1)  4.426  0.012
 632 -   0.90199 0.08609 0.01192 ( 1)  4.426  0.012
 633 -   0.90199 0.08609 0.01192 ( 1)  4.426  0.012
 634 -   0.90199 0.08609 0.01192 ( 1)  4.426  0.012
 635 -   0.90199 0.08609 0.01192 ( 1)  4.426  0.012
 636 -   0.90199 0.08609 0.01192 ( 1)  4.426  0.012
 637 -   0.90199 0.08609 0.01192 ( 1)  4.426  0.012
 638 -   0.90199 0.08609 0.01192 ( 1)  4.426  0.012
 639 -   0.90199 0.08609 0.01192 ( 1)  4.426  0.012
 640 -   0.90199 0.08609 0.01192 ( 1)  4.426  0.012
 641 -   0.90199 0.08609 0.01192 ( 1)  4.426  0.012
 642 -   0.90199 0.08609 0.01192 ( 1)  4.426  0.012
 643 -   0.90199 0.08609 0.01192 ( 1)  4.426  0.012
 644 -   0.90199 0.08609 0.01192 ( 1)  4.426  0.012
 645 -   0.90199 0.08609 0.01192 ( 1)  4.426  0.012
 646 -   0.90199 0.08609 0.01192 ( 1)  4.426  0.012
 647 -   0.90199 0.08609 0.01192 ( 1)  4.426  0.012
 648 -   0.90199 0.08609 0.01192 ( 1)  4.426  0.012
 649 -   0.92563 0.07372 0.00065 ( 1)  0.337  0.001
 650 -   0.90199 0.08609 0.01192 ( 1)  4.426  0.012
 651 -   0.90199 0.08609 0.01192 ( 1)  4.426  0.012
 652 -   0.90199 0.08609 0.01192 ( 1)  4.426  0.012
 653 -   0.90199 0.08609 0.01192 ( 1)  4.426  0.012
 654 -   0.90199 0.08609 0.01192 ( 1)  4.426  0.012
 655 -   0.90199 0.08609 0.01192 ( 1)  4.426  0.012
 656 -   0.90199 0.08609 0.01192 ( 1)  4.426  0.012
 657 -   0.90199 0.08609 0.01192 ( 1)  4.426  0.012
 658 -   0.92064 0.07897 0.00039 ( 1)  0.251  0.000
 659 -   0.92225 0.07732 0.00043 ( 1)  0.262  0.000
 660 -   0.90199 0.08609 0.01192 ( 1)  4.426  0.012
 661 -   0.90199 0.08609 0.01192 ( 1)  4.426  0.012
 662 -   0.90199 0.08609 0.01192 ( 1)  4.426  0.012
 663 -   0.90199 0.08609 0.01192 ( 1)  4.426  0.012
 664 -   0.90199 0.08609 0.01192 ( 1)  4.426  0.012
 665 -   0.90199 0.08609 0.01192 ( 1)  4.426  0.012
 666 -   0.90199 0.08609 0.01192 ( 1)  4.426  0.012
 667 -   0.90199 0.08609 0.01192 ( 1)  4.426  0.012
 668 -   0.90199 0.08609 0.01192 ( 1)  4.426  0.012
 669 -   0.90199 0.08609 0.01192 ( 1)  4.426  0.012
 670 -   0.90199 0.08609 0.01192 ( 1)  4.426  0.012
 671 -   0.90199 0.08609 0.01192 ( 1)  4.426  0.012
 672 -   0.90199 0.08609 0.01192 ( 1)  4.426  0.012
 673 -   0.90199 0.08609 0.01192 ( 1)  4.426  0.012
 674 -   0.90199 0.08609 0.01192 ( 1)  4.426  0.012
 675 -   0.90199 0.08609 0.01192 ( 1)  4.426  0.012
 676 -   0.90199 0.08609 0.01192 ( 1)  4.426  0.012
 677 -   0.90199 0.08609 0.01192 ( 1)  4.426  0.012
 678 -   0.90199 0.08609 0.01192 ( 1)  4.426  0.012
 679 -   0.90199 0.08609 0.01192 ( 1)  4.426  0.012
 680 -   0.90199 0.08609 0.01192 ( 1)  4.426  0.012
 681 -   0.90199 0.08609 0.01192 ( 1)  4.426  0.012
 682 -   0.90199 0.08609 0.01192 ( 1)  4.426  0.012
 683 -   0.90199 0.08609 0.01192 ( 1)  4.426  0.012
 684 -   0.90199 0.08609 0.01192 ( 1)  4.426  0.012
 685 -   0.90199 0.08609 0.01192 ( 1)  4.426  0.012
 686 -   0.90199 0.08609 0.01192 ( 1)  4.426  0.012
 687 -   0.90199 0.08609 0.01192 ( 1)  4.426  0.012
 688 -   0.90199 0.08609 0.01192 ( 1)  4.426  0.012
 689 -   0.90199 0.08609 0.01192 ( 1)  4.426  0.012
 690 -   0.90199 0.08609 0.01192 ( 1)  4.426  0.012
 691 -   0.90199 0.08609 0.01192 ( 1)  4.426  0.012
 692 -   0.90199 0.08609 0.01192 ( 1)  4.426  0.012
 693 -   0.90199 0.08609 0.01192 ( 1)  4.426  0.012
 694 -   0.90199 0.08609 0.01192 ( 1)  4.426  0.012
 695 -   0.90199 0.08609 0.01192 ( 1)  4.426  0.012
 696 -   0.90199 0.08609 0.01192 ( 1)  4.426  0.012
 697 -   0.90199 0.08609 0.01192 ( 1)  4.426  0.012
 698 -   0.90199 0.08609 0.01192 ( 1)  4.426  0.012
 699 -   0.90199 0.08609 0.01192 ( 1)  4.426  0.012
 700 -   0.90199 0.08609 0.01192 ( 1)  4.426  0.012
 701 -   0.90199 0.08609 0.01192 ( 1)  4.426  0.012
 702 -   0.90199 0.08609 0.01192 ( 1)  4.426  0.012
 703 -   0.90199 0.08609 0.01192 ( 1)  4.426  0.012
 704 -   0.90199 0.08609 0.01192 ( 1)  4.426  0.012
 705 -   0.90199 0.08609 0.01192 ( 1)  4.426  0.012
 706 -   0.90199 0.08609 0.01192 ( 1)  4.426  0.012
 707 -   0.90199 0.08609 0.01192 ( 1)  4.426  0.012
 708 -   0.90199 0.08609 0.01192 ( 1)  4.426  0.012
 709 -   0.90199 0.08609 0.01192 ( 1)  4.426  0.012
 710 -   0.90199 0.08609 0.01192 ( 1)  4.426  0.012
 711 -   0.90199 0.08609 0.01192 ( 1)  4.426  0.012
 712 -   0.90199 0.08609 0.01192 ( 1)  4.426  0.012
 713 -   0.90199 0.08609 0.01192 ( 1)  4.426  0.012
 714 -   0.90199 0.08609 0.01192 ( 1)  4.426  0.012
 715 -   0.91923 0.08059 0.00018 ( 1)  0.175  0.000
 716 -   0.00001 0.00076 0.99924 ( 3) 361.378  0.999
 717 -   0.00100 0.08174 0.91726 ( 3) 331.811  0.917
 718 -   0.20442 0.57093 0.22465 ( 2) 81.824  0.225
 719 -   0.03086 0.15450 0.81464 ( 3) 294.774  0.815
 720 -   0.92179 0.07798 0.00024 ( 1)  0.193  0.000
 721 -   0.92079 0.07884 0.00037 ( 1)  0.241  0.000
 722 -   0.00001 0.00050 0.99949 ( 3) 361.472  0.999
 723 -   0.90199 0.08609 0.01192 ( 1)  4.426  0.012
 724 -   0.90199 0.08609 0.01192 ( 1)  4.426  0.012
 725 -   0.90199 0.08609 0.01192 ( 1)  4.426  0.012
 726 -   0.90199 0.08609 0.01192 ( 1)  4.426  0.012
 727 -   0.90199 0.08609 0.01192 ( 1)  4.426  0.012
 728 -   0.90199 0.08609 0.01192 ( 1)  4.426  0.012
 729 -   0.90199 0.08609 0.01192 ( 1)  4.426  0.012
 730 -   0.90199 0.08609 0.01192 ( 1)  4.426  0.012
 731 -   0.90199 0.08609 0.01192 ( 1)  4.426  0.012

Positively selected sites

	Prob(w>1)  mean w

   527 -      0.699         253.144
   600 -      0.717         259.422
   606 -      0.919         332.459
   716 -      0.999**       361.378
   717 -      0.917         331.811
   719 -      0.815         294.774
   722 -      0.999**       361.472


lnL = -4841.250335

Bayes Empirical Bayes (BEB) probabilities for 3 classes (class) & postmean_w
(amino acids refer to 1st sequence: calJac_SHH_XM_002807047)

   1 M   0.99819 0.00181 0.00000 ( 1)  0.052 +-  0.040
   2 G   0.96846 0.03144 0.00009 ( 1)  0.080 +-  0.167
   3 E   0.96641 0.03349 0.00010 ( 1)  0.082 +-  0.172
   4 M   0.99819 0.00181 0.00000 ( 1)  0.052 +-  0.040
   5 -   0.93316 0.03349 0.03334 ( 1)  0.380 +-  1.640
   6 L   0.99482 0.00517 0.00002 ( 1)  0.055 +-  0.069
   7 L   0.99481 0.00517 0.00002 ( 1)  0.055 +-  0.069
   8 P   0.90687 0.09257 0.00056 ( 1)  0.139 +-  0.281
   9 A   0.99809 0.00190 0.00000 ( 1)  0.052 +-  0.042
  10 R   0.98118 0.01848 0.00034 ( 1)  0.069 +-  0.161
  11 C   0.97672 0.02234 0.00094 ( 1)  0.077 +-  0.251
  12 L   0.99481 0.00517 0.00002 ( 1)  0.055 +-  0.069
  13 L   0.99481 0.00517 0.00002 ( 1)  0.055 +-  0.069
  14 L   0.77729 0.18239 0.04032 ( 1)  0.551 +-  1.672
  15 V   0.99862 0.00138 0.00000 ( 1)  0.051 +-  0.035
  16 V   0.94899 0.05081 0.00020 ( 1)  0.099 +-  0.210
  17 V   0.99858 0.00141 0.00000 ( 1)  0.051 +-  0.036
  18 S   0.99698 0.00302 0.00001 ( 1)  0.053 +-  0.052
  19 -   0.93316 0.03349 0.03334 ( 1)  0.380 +-  1.640
  20 -   0.93316 0.03349 0.03334 ( 1)  0.380 +-  1.640
  21 -   0.93316 0.03349 0.03334 ( 1)  0.380 +-  1.640
  22 -   0.93316 0.03349 0.03334 ( 1)  0.380 +-  1.640
  23 -   0.93316 0.03349 0.03334 ( 1)  0.380 +-  1.640
  24 -   0.93316 0.03349 0.03334 ( 1)  0.380 +-  1.640
  25 -   0.93316 0.03349 0.03334 ( 1)  0.380 +-  1.640
  26 -   0.93316 0.03349 0.03334 ( 1)  0.380 +-  1.640
  27 -   0.93316 0.03349 0.03334 ( 1)  0.380 +-  1.640
  28 S   0.99570 0.00429 0.00001 ( 1)  0.054 +-  0.062
  29 L   0.99481 0.00517 0.00002 ( 1)  0.055 +-  0.069
  30 L   0.99513 0.00485 0.00002 ( 1)  0.055 +-  0.067
  31 V   0.95369 0.04614 0.00017 ( 1)  0.094 +-  0.201
  32 C   0.93394 0.06578 0.00029 ( 1)  0.113 +-  0.237
  33 S   0.91755 0.08202 0.00043 ( 1)  0.129 +-  0.264
  34 G   0.99548 0.00450 0.00002 ( 1)  0.054 +-  0.065
  35 L   0.99481 0.00517 0.00002 ( 1)  0.055 +-  0.069
  36 A   0.99809 0.00190 0.00000 ( 1)  0.052 +-  0.042
  37 C   0.99605 0.00394 0.00001 ( 1)  0.054 +-  0.060
  38 G   0.98388 0.01583 0.00029 ( 1)  0.066 +-  0.152
  39 P   0.99612 0.00387 0.00001 ( 1)  0.054 +-  0.059
  40 G   0.99858 0.00141 0.00000 ( 1)  0.051 +-  0.036
  41 R   0.99664 0.00335 0.00001 ( 1)  0.053 +-  0.055
  42 G   0.99813 0.00187 0.00000 ( 1)  0.052 +-  0.041
  43 F   0.99715 0.00284 0.00001 ( 1)  0.053 +-  0.051
  44 G   0.99693 0.00307 0.00001 ( 1)  0.053 +-  0.053
  45 K   0.99781 0.00218 0.00000 ( 1)  0.052 +-  0.044
  46 R   0.99720 0.00280 0.00001 ( 1)  0.053 +-  0.050
  47 R   0.99610 0.00388 0.00001 ( 1)  0.054 +-  0.059
  48 H   0.99797 0.00203 0.00000 ( 1)  0.052 +-  0.043
  49 P   0.99660 0.00339 0.00001 ( 1)  0.053 +-  0.055
  50 K   0.98287 0.01689 0.00023 ( 1)  0.067 +-  0.141
  51 K   0.99781 0.00218 0.00000 ( 1)  0.052 +-  0.044
  52 L   0.99481 0.00517 0.00002 ( 1)  0.055 +-  0.069
  53 T   0.99825 0.00174 0.00000 ( 1)  0.052 +-  0.040
  54 P   0.97483 0.02365 0.00152 ( 1)  0.083 +-  0.322
  55 L   0.97370 0.02452 0.00178 ( 1)  0.086 +-  0.348
  56 S   0.57399 0.42345 0.00256 ( 1)  0.458 +-  0.487
  57 Y   0.99687 0.00312 0.00001 ( 1)  0.053 +-  0.053
  58 K   0.99781 0.00218 0.00000 ( 1)  0.052 +-  0.044
  59 Q   0.99521 0.00478 0.00002 ( 1)  0.055 +-  0.066
  60 F   0.98123 0.01834 0.00043 ( 1)  0.070 +-  0.178
  61 I   0.99836 0.00163 0.00000 ( 1)  0.052 +-  0.038
  62 P   0.99738 0.00262 0.00001 ( 1)  0.052 +-  0.049
  63 N   0.99324 0.00672 0.00004 ( 1)  0.056 +-  0.081
  64 V   0.99818 0.00181 0.00000 ( 1)  0.052 +-  0.041
  65 A   0.99760 0.00239 0.00001 ( 1)  0.052 +-  0.047
  66 E   0.99857 0.00143 0.00000 ( 1)  0.051 +-  0.036
  67 K   0.99721 0.00278 0.00001 ( 1)  0.053 +-  0.050
  68 T   0.99825 0.00174 0.00000 ( 1)  0.052 +-  0.040
  69 L   0.98077 0.01870 0.00054 ( 1)  0.071 +-  0.198
  70 G   0.99611 0.00387 0.00001 ( 1)  0.054 +-  0.059
  71 A   0.99855 0.00145 0.00000 ( 1)  0.051 +-  0.036
  72 S   0.99826 0.00173 0.00000 ( 1)  0.052 +-  0.040
  73 G   0.98466 0.01502 0.00032 ( 1)  0.066 +-  0.162
  74 R   0.99642 0.00357 0.00001 ( 1)  0.053 +-  0.057
  75 Y   0.98872 0.01117 0.00012 ( 1)  0.061 +-  0.113
  76 E   0.98750 0.01241 0.00010 ( 1)  0.062 +-  0.109
  77 G   0.99755 0.00244 0.00001 ( 1)  0.052 +-  0.047
  78 K   0.99781 0.00218 0.00000 ( 1)  0.052 +-  0.044
  79 I   0.99836 0.00163 0.00000 ( 1)  0.052 +-  0.038
  80 S   0.93261 0.06709 0.00030 ( 1)  0.114 +-  0.240
  81 R   0.98118 0.01848 0.00034 ( 1)  0.069 +-  0.161
  82 N   0.99851 0.00149 0.00000 ( 1)  0.051 +-  0.037
  83 S   0.99668 0.00331 0.00001 ( 1)  0.053 +-  0.055
  84 E   0.99857 0.00143 0.00000 ( 1)  0.051 +-  0.036
  85 R   0.97447 0.02389 0.00164 ( 1)  0.084 +-  0.335
  86 F   0.97778 0.02149 0.00074 ( 1)  0.075 +-  0.223
  87 K   0.99781 0.00218 0.00000 ( 1)  0.052 +-  0.044
  88 E   0.98766 0.01225 0.00009 ( 1)  0.062 +-  0.109
  89 L   0.99739 0.00260 0.00001 ( 1)  0.052 +-  0.049
  90 T   0.99825 0.00174 0.00000 ( 1)  0.052 +-  0.040
  91 P   0.99738 0.00262 0.00001 ( 1)  0.052 +-  0.049
  92 N   0.98456 0.01523 0.00021 ( 1)  0.065 +-  0.136
  93 Y   0.99687 0.00312 0.00001 ( 1)  0.053 +-  0.053
  94 N   0.99851 0.00149 0.00000 ( 1)  0.051 +-  0.037
  95 P   0.99738 0.00262 0.00001 ( 1)  0.052 +-  0.049
  96 D   0.99901 0.00099 0.00000 ( 1)  0.051 +-  0.030
  97 I   0.99815 0.00185 0.00000 ( 1)  0.052 +-  0.041
  98 I   0.98885 0.01108 0.00007 ( 1)  0.061 +-  0.102
  99 F   0.97778 0.02149 0.00074 ( 1)  0.075 +-  0.223
 100 K   0.99781 0.00218 0.00000 ( 1)  0.052 +-  0.044
 101 D   0.98911 0.01081 0.00008 ( 1)  0.060 +-  0.103
 102 E   0.99440 0.00557 0.00003 ( 1)  0.055 +-  0.073
 103 E   0.98750 0.01241 0.00010 ( 1)  0.062 +-  0.109
 104 N   0.99851 0.00149 0.00000 ( 1)  0.051 +-  0.037
 105 T   0.99825 0.00174 0.00000 ( 1)  0.052 +-  0.040
 106 G   0.98008 0.01942 0.00050 ( 1)  0.071 +-  0.188
 107 A   0.99810 0.00189 0.00000 ( 1)  0.052 +-  0.041
 108 D   0.99892 0.00108 0.00000 ( 1)  0.051 +-  0.031
 109 R   0.99627 0.00371 0.00001 ( 1)  0.054 +-  0.058
 110 L   0.99481 0.00517 0.00002 ( 1)  0.055 +-  0.069
 111 M   0.99819 0.00181 0.00000 ( 1)  0.052 +-  0.040
 112 T   0.97647 0.02250 0.00103 ( 1)  0.078 +-  0.264
 113 Q   0.99594 0.00405 0.00001 ( 1)  0.054 +-  0.061
 114 R   0.99722 0.00277 0.00001 ( 1)  0.053 +-  0.050
 115 C   0.97672 0.02234 0.00094 ( 1)  0.077 +-  0.251
 116 K   0.99714 0.00285 0.00001 ( 1)  0.053 +-  0.051
 117 D   0.99901 0.00099 0.00000 ( 1)  0.051 +-  0.030
 118 K   0.99781 0.00218 0.00000 ( 1)  0.052 +-  0.044
 119 L   0.99006 0.00988 0.00006 ( 1)  0.060 +-  0.096
 120 N   0.99851 0.00149 0.00000 ( 1)  0.051 +-  0.037
 121 A   0.98735 0.01252 0.00013 ( 1)  0.062 +-  0.117
 122 L   0.99006 0.00988 0.00006 ( 1)  0.060 +-  0.096
 123 A   0.99855 0.00145 0.00000 ( 1)  0.051 +-  0.036
 124 I   0.99772 0.00228 0.00000 ( 1)  0.052 +-  0.045
 125 S   0.99417 0.00581 0.00002 ( 1)  0.056 +-  0.073
 126 V   0.99818 0.00181 0.00000 ( 1)  0.052 +-  0.041
 127 M   0.99819 0.00181 0.00000 ( 1)  0.052 +-  0.040
 128 N   0.99851 0.00149 0.00000 ( 1)  0.051 +-  0.037
 129 Q   0.99594 0.00405 0.00001 ( 1)  0.054 +-  0.061
 130 W   0.99378 0.00620 0.00002 ( 1)  0.056 +-  0.075
 131 P   0.97823 0.02103 0.00075 ( 1)  0.074 +-  0.227
 132 G   0.98008 0.01942 0.00050 ( 1)  0.071 +-  0.188
 133 V   0.99818 0.00181 0.00000 ( 1)  0.052 +-  0.041
 134 K   0.98598 0.01386 0.00015 ( 1)  0.064 +-  0.124
 135 L   0.99482 0.00517 0.00002 ( 1)  0.055 +-  0.069
 136 R   0.99603 0.00396 0.00001 ( 1)  0.054 +-  0.060
 137 V   0.99813 0.00187 0.00000 ( 1)  0.052 +-  0.041
 138 T   0.99764 0.00235 0.00001 ( 1)  0.052 +-  0.046
 139 E   0.99857 0.00143 0.00000 ( 1)  0.051 +-  0.036
 140 G   0.99858 0.00141 0.00000 ( 1)  0.051 +-  0.036
 141 W   0.99378 0.00620 0.00002 ( 1)  0.056 +-  0.075
 142 D   0.99901 0.00099 0.00000 ( 1)  0.051 +-  0.030
 143 E   0.99806 0.00193 0.00000 ( 1)  0.052 +-  0.042
 144 D   0.98873 0.01118 0.00009 ( 1)  0.061 +-  0.105
 145 G   0.99858 0.00141 0.00000 ( 1)  0.051 +-  0.036
 146 H   0.99797 0.00203 0.00000 ( 1)  0.052 +-  0.043
 147 H   0.99797 0.00203 0.00000 ( 1)  0.052 +-  0.043
 148 S   0.97887 0.02040 0.00073 ( 1)  0.074 +-  0.226
 149 E   0.99857 0.00143 0.00000 ( 1)  0.051 +-  0.036
 150 E   0.99857 0.00143 0.00000 ( 1)  0.051 +-  0.036
 151 S   0.98768 0.01217 0.00015 ( 1)  0.062 +-  0.124
 152 L   0.99482 0.00517 0.00002 ( 1)  0.055 +-  0.069
 153 H   0.99797 0.00203 0.00000 ( 1)  0.052 +-  0.043
 154 Y   0.99240 0.00756 0.00003 ( 1)  0.057 +-  0.083
 155 E   0.99857 0.00143 0.00000 ( 1)  0.051 +-  0.036
 156 G   0.99858 0.00141 0.00000 ( 1)  0.051 +-  0.036
 157 R   0.99661 0.00338 0.00001 ( 1)  0.053 +-  0.055
 158 A   0.98705 0.01274 0.00021 ( 1)  0.063 +-  0.136
 159 V   0.99818 0.00181 0.00000 ( 1)  0.052 +-  0.041
 160 D   0.99901 0.00099 0.00000 ( 1)  0.051 +-  0.030
 161 I   0.99729 0.00270 0.00001 ( 1)  0.053 +-  0.050
 162 T   0.99825 0.00174 0.00000 ( 1)  0.052 +-  0.040
 163 T   0.99706 0.00294 0.00001 ( 1)  0.053 +-  0.052
 164 S   0.99479 0.00519 0.00002 ( 1)  0.055 +-  0.069
 165 D   0.99901 0.00099 0.00000 ( 1)  0.051 +-  0.030
 166 R   0.99650 0.00349 0.00001 ( 1)  0.053 +-  0.056
 167 D   0.99901 0.00099 0.00000 ( 1)  0.051 +-  0.030
 168 R   0.99716 0.00283 0.00001 ( 1)  0.053 +-  0.051
 169 S   0.99826 0.00173 0.00000 ( 1)  0.052 +-  0.040
 170 K   0.99781 0.00218 0.00000 ( 1)  0.052 +-  0.044
 171 Y   0.99603 0.00396 0.00001 ( 1)  0.054 +-  0.060
 172 G   0.99858 0.00141 0.00000 ( 1)  0.051 +-  0.036
 173 M   0.99819 0.00181 0.00000 ( 1)  0.052 +-  0.040
 174 L   0.99482 0.00517 0.00002 ( 1)  0.055 +-  0.069
 175 A   0.99855 0.00145 0.00000 ( 1)  0.051 +-  0.036
 176 R   0.99728 0.00271 0.00001 ( 1)  0.053 +-  0.050
 177 L   0.99482 0.00517 0.00002 ( 1)  0.055 +-  0.069
 178 A   0.99753 0.00246 0.00001 ( 1)  0.052 +-  0.047
 179 V   0.99818 0.00181 0.00000 ( 1)  0.052 +-  0.041
 180 E   0.99857 0.00143 0.00000 ( 1)  0.051 +-  0.036
 181 A   0.99855 0.00145 0.00000 ( 1)  0.051 +-  0.036
 182 G   0.99858 0.00141 0.00000 ( 1)  0.051 +-  0.036
 183 F   0.99639 0.00360 0.00001 ( 1)  0.053 +-  0.057
 184 D   0.99864 0.00135 0.00000 ( 1)  0.051 +-  0.035
 185 W   0.99378 0.00620 0.00002 ( 1)  0.056 +-  0.075
 186 V   0.99823 0.00177 0.00000 ( 1)  0.052 +-  0.040
 187 Y   0.99687 0.00312 0.00001 ( 1)  0.053 +-  0.053
 188 Y   0.99687 0.00312 0.00001 ( 1)  0.053 +-  0.053
 189 E   0.99857 0.00143 0.00000 ( 1)  0.051 +-  0.036
 190 S   0.99698 0.00302 0.00001 ( 1)  0.053 +-  0.052
 191 K   0.99498 0.00501 0.00002 ( 1)  0.055 +-  0.067
 192 A   0.99791 0.00208 0.00001 ( 1)  0.052 +-  0.043
 193 H   0.99713 0.00286 0.00001 ( 1)  0.053 +-  0.051
 194 I   0.99836 0.00163 0.00000 ( 1)  0.052 +-  0.038
 195 H   0.99797 0.00203 0.00000 ( 1)  0.052 +-  0.043
 196 C   0.99686 0.00314 0.00001 ( 1)  0.053 +-  0.053
 197 S   0.99429 0.00568 0.00002 ( 1)  0.055 +-  0.072
 198 V   0.99818 0.00181 0.00000 ( 1)  0.052 +-  0.041
 199 K   0.98287 0.01689 0.00023 ( 1)  0.067 +-  0.141
 200 A   0.98056 0.01897 0.00048 ( 1)  0.071 +-  0.186
 201 E   0.99857 0.00143 0.00000 ( 1)  0.051 +-  0.036
 202 N   0.99851 0.00149 0.00000 ( 1)  0.051 +-  0.037
 203 S   0.99570 0.00429 0.00001 ( 1)  0.054 +-  0.062
 204 V   0.99818 0.00181 0.00000 ( 1)  0.052 +-  0.041
 205 A   0.99809 0.00190 0.00000 ( 1)  0.052 +-  0.042
 206 A   0.99855 0.00145 0.00000 ( 1)  0.051 +-  0.036
 207 K   0.98548 0.01436 0.00016 ( 1)  0.064 +-  0.126
 208 S   0.99628 0.00370 0.00001 ( 1)  0.054 +-  0.058
 209 G   0.99758 0.00242 0.00001 ( 1)  0.052 +-  0.047
 210 G   0.99858 0.00141 0.00000 ( 1)  0.051 +-  0.036
 211 C   0.99686 0.00314 0.00001 ( 1)  0.053 +-  0.053
 212 F   0.99715 0.00284 0.00001 ( 1)  0.053 +-  0.051
 213 P   0.99545 0.00453 0.00002 ( 1)  0.054 +-  0.064
 214 G   0.99858 0.00141 0.00000 ( 1)  0.051 +-  0.036
 215 S   0.99570 0.00429 0.00001 ( 1)  0.054 +-  0.062
 216 A   0.99855 0.00145 0.00000 ( 1)  0.051 +-  0.036
 217 T   0.99716 0.00283 0.00001 ( 1)  0.053 +-  0.051
 218 V   0.99816 0.00184 0.00000 ( 1)  0.052 +-  0.041
 219 H   0.99736 0.00263 0.00001 ( 1)  0.053 +-  0.049
 220 L   0.99482 0.00517 0.00002 ( 1)  0.055 +-  0.069
 221 E   0.99857 0.00143 0.00000 ( 1)  0.051 +-  0.036
 222 Q   0.99594 0.00405 0.00001 ( 1)  0.054 +-  0.061
 223 G   0.99858 0.00141 0.00000 ( 1)  0.051 +-  0.036
 224 G   0.99858 0.00141 0.00000 ( 1)  0.051 +-  0.036
 225 T   0.99825 0.00174 0.00000 ( 1)  0.052 +-  0.040
 226 K   0.99781 0.00218 0.00000 ( 1)  0.052 +-  0.044
 227 L   0.99482 0.00517 0.00002 ( 1)  0.055 +-  0.069
 228 V   0.99747 0.00252 0.00001 ( 1)  0.052 +-  0.048
 229 K   0.99781 0.00218 0.00000 ( 1)  0.052 +-  0.044
 230 D   0.99901 0.00099 0.00000 ( 1)  0.051 +-  0.030
 231 L   0.99548 0.00451 0.00001 ( 1)  0.054 +-  0.064
 232 R   0.93331 0.06638 0.00031 ( 1)  0.114 +-  0.239
 233 P   0.99738 0.00262 0.00001 ( 1)  0.052 +-  0.049
 234 G   0.99790 0.00209 0.00000 ( 1)  0.052 +-  0.044
 235 D   0.99864 0.00135 0.00000 ( 1)  0.051 +-  0.035
 236 R   0.99728 0.00271 0.00001 ( 1)  0.053 +-  0.050
 237 V   0.99818 0.00181 0.00000 ( 1)  0.052 +-  0.041
 238 L   0.99482 0.00517 0.00002 ( 1)  0.055 +-  0.069
 239 A   0.99650 0.00349 0.00001 ( 1)  0.053 +-  0.056
 240 A   0.99809 0.00190 0.00000 ( 1)  0.052 +-  0.042
 241 D   0.99901 0.00099 0.00000 ( 1)  0.051 +-  0.030
 242 D   0.65258 0.34616 0.00126 ( 1)  0.381 +-  0.455
 243 Q   0.99594 0.00405 0.00001 ( 1)  0.054 +-  0.061
 244 G   0.99843 0.00157 0.00000 ( 1)  0.051 +-  0.038
 245 R   0.92046 0.07914 0.00040 ( 1)  0.126 +-  0.259
 246 L   0.99363 0.00635 0.00003 ( 1)  0.056 +-  0.076
 247 L   0.99719 0.00281 0.00001 ( 1)  0.053 +-  0.050
 248 Y   0.99687 0.00312 0.00001 ( 1)  0.053 +-  0.053
 249 S   0.99826 0.00173 0.00000 ( 1)  0.052 +-  0.040
 250 D   0.99901 0.00099 0.00000 ( 1)  0.051 +-  0.030
 251 F   0.99715 0.00284 0.00001 ( 1)  0.053 +-  0.051
 252 L   0.99739 0.00260 0.00001 ( 1)  0.052 +-  0.049
 253 T   0.99087 0.00904 0.00009 ( 1)  0.059 +-  0.103
 254 F   0.99715 0.00284 0.00001 ( 1)  0.053 +-  0.051
 255 L   0.99482 0.00517 0.00002 ( 1)  0.055 +-  0.069
 256 D   0.99864 0.00135 0.00000 ( 1)  0.051 +-  0.035
 257 R   0.99728 0.00271 0.00001 ( 1)  0.053 +-  0.050
 258 D   0.99901 0.00099 0.00000 ( 1)  0.051 +-  0.030
 259 D   0.99901 0.00099 0.00000 ( 1)  0.051 +-  0.030
 260 G   0.58511 0.41294 0.00195 ( 1)  0.446 +-  0.475
 261 A   0.99855 0.00145 0.00000 ( 1)  0.051 +-  0.036
 262 K   0.99781 0.00218 0.00000 ( 1)  0.052 +-  0.044
 263 K   0.99781 0.00218 0.00000 ( 1)  0.052 +-  0.044
 264 V   0.99862 0.00137 0.00000 ( 1)  0.051 +-  0.035
 265 F   0.99715 0.00284 0.00001 ( 1)  0.053 +-  0.051
 266 Y   0.99662 0.00337 0.00001 ( 1)  0.053 +-  0.055
 267 V   0.99818 0.00181 0.00000 ( 1)  0.052 +-  0.041
 268 I   0.99836 0.00163 0.00000 ( 1)  0.052 +-  0.038
 269 E   0.99857 0.00143 0.00000 ( 1)  0.051 +-  0.036
 270 T   0.99772 0.00227 0.00000 ( 1)  0.052 +-  0.045
 271 R   0.99614 0.00385 0.00001 ( 1)  0.054 +-  0.059
 272 E   0.99857 0.00143 0.00000 ( 1)  0.051 +-  0.036
 273 P   0.99670 0.00330 0.00001 ( 1)  0.053 +-  0.055
 274 R   0.99716 0.00283 0.00001 ( 1)  0.053 +-  0.051
 275 E   0.99857 0.00143 0.00000 ( 1)  0.051 +-  0.036
 276 R   0.99728 0.00271 0.00001 ( 1)  0.053 +-  0.050
 277 L   0.99482 0.00517 0.00002 ( 1)  0.055 +-  0.069
 278 L   0.99482 0.00517 0.00002 ( 1)  0.055 +-  0.069
 279 L   0.99739 0.00260 0.00001 ( 1)  0.052 +-  0.049
 280 T   0.99819 0.00180 0.00000 ( 1)  0.052 +-  0.040
 281 A   0.99855 0.00145 0.00000 ( 1)  0.051 +-  0.036
 282 A   0.99809 0.00190 0.00000 ( 1)  0.052 +-  0.042
 283 H   0.99794 0.00205 0.00000 ( 1)  0.052 +-  0.043
 284 L   0.99482 0.00517 0.00002 ( 1)  0.055 +-  0.069
 285 L   0.99736 0.00263 0.00001 ( 1)  0.053 +-  0.049
 286 F   0.99653 0.00346 0.00001 ( 1)  0.053 +-  0.056
 287 V   0.99818 0.00181 0.00000 ( 1)  0.052 +-  0.041
 288 A   0.99809 0.00190 0.00000 ( 1)  0.052 +-  0.042
 289 P   0.99657 0.00342 0.00001 ( 1)  0.053 +-  0.056
 290 H   0.95039 0.04941 0.00019 ( 1)  0.097 +-  0.207
 291 N   0.99751 0.00249 0.00001 ( 1)  0.052 +-  0.047
 292 D   0.99901 0.00099 0.00000 ( 1)  0.051 +-  0.030
 293 S   0.99460 0.00538 0.00002 ( 1)  0.055 +-  0.070
 294 A   0.99855 0.00145 0.00000 ( 1)  0.051 +-  0.036
 295 A   0.51319 0.48371 0.00309 ( 1)  0.517 +-  0.495
 296 G   0.01135 0.79251 0.19614 ( 2)  2.293 +-  2.833
 297 E   0.94652 0.05325 0.00024 ( 1)  0.101 +-  0.216
 298 S   0.91511 0.08439 0.00050 ( 1)  0.131 +-  0.269
 299 E   0.99718 0.00282 0.00001 ( 1)  0.053 +-  0.051
 300 S   0.91398 0.08543 0.00059 ( 1)  0.133 +-  0.274
 301 S   0.32195 0.67157 0.00647 ( 2)  0.707 +-  0.505
 302 S   0.98013 0.01917 0.00070 ( 1)  0.073 +-  0.224
 303 G   0.99721 0.00278 0.00001 ( 1)  0.053 +-  0.050
 304 V   0.35060 0.63664 0.01276 ( 2)  0.718 +-  0.738
 305 G   0.99812 0.00188 0.00000 ( 1)  0.052 +-  0.041
 306 P   0.86017 0.13865 0.00118 ( 1)  0.185 +-  0.342
 307 P   0.98913 0.01072 0.00015 ( 1)  0.061 +-  0.121
 308 P   0.36435 0.62987 0.00578 ( 2)  0.666 +-  0.516
 309 G   0.96130 0.03856 0.00014 ( 1)  0.087 +-  0.184
 310 D   0.97189 0.02802 0.00009 ( 1)  0.077 +-  0.158
 311 A   0.99536 0.00462 0.00002 ( 1)  0.054 +-  0.066
 312 L   0.15551 0.83012 0.01437 ( 2)  0.898 +-  0.609
 313 G   0.99813 0.00187 0.00000 ( 1)  0.052 +-  0.041
 314 R   0.24063 0.71847 0.04089 ( 2)  1.010 +-  1.394
 315 R   0.99592 0.00407 0.00001 ( 1)  0.054 +-  0.061
 316 A   0.99809 0.00190 0.00000 ( 1)  0.052 +-  0.042
 317 L   0.99568 0.00430 0.00001 ( 1)  0.054 +-  0.063
 318 F   0.99605 0.00394 0.00001 ( 1)  0.054 +-  0.060
 319 A   0.99802 0.00198 0.00000 ( 1)  0.052 +-  0.042
 320 S   0.99826 0.00173 0.00000 ( 1)  0.052 +-  0.040
 321 R   0.99728 0.00271 0.00001 ( 1)  0.053 +-  0.050
 322 V   0.99819 0.00181 0.00000 ( 1)  0.052 +-  0.040
 323 R   0.99728 0.00271 0.00001 ( 1)  0.053 +-  0.050
 324 P   0.99670 0.00330 0.00001 ( 1)  0.053 +-  0.055
 325 G   0.99818 0.00181 0.00000 ( 1)  0.052 +-  0.041
 326 Q   0.99594 0.00405 0.00001 ( 1)  0.054 +-  0.061
 327 R   0.99650 0.00349 0.00001 ( 1)  0.053 +-  0.056
 328 V   0.99796 0.00203 0.00000 ( 1)  0.052 +-  0.043
 329 Y   0.99588 0.00410 0.00001 ( 1)  0.054 +-  0.061
 330 V   0.99818 0.00181 0.00000 ( 1)  0.052 +-  0.041
 331 V   0.99818 0.00181 0.00000 ( 1)  0.052 +-  0.041
 332 A   0.99855 0.00145 0.00000 ( 1)  0.051 +-  0.036
 333 E   0.99857 0.00143 0.00000 ( 1)  0.051 +-  0.036
 334 R   0.99705 0.00294 0.00001 ( 1)  0.053 +-  0.052
 335 D   0.54391 0.45373 0.00236 ( 1)  0.486 +-  0.482
 336 G   0.99813 0.00187 0.00000 ( 1)  0.052 +-  0.041
 337 D   0.99901 0.00099 0.00000 ( 1)  0.051 +-  0.030
 338 R   0.99728 0.00271 0.00001 ( 1)  0.053 +-  0.050
 339 R   0.92546 0.07415 0.00039 ( 1)  0.121 +-  0.253
 340 L   0.99659 0.00340 0.00001 ( 1)  0.053 +-  0.056
 341 L   0.99482 0.00517 0.00002 ( 1)  0.055 +-  0.069
 342 P   0.99678 0.00321 0.00001 ( 1)  0.053 +-  0.054
 343 A   0.99853 0.00147 0.00000 ( 1)  0.051 +-  0.036
 344 A   0.82592 0.16844 0.00563 ( 1)  0.244 +-  0.608
 345 V   0.99745 0.00254 0.00001 ( 1)  0.052 +-  0.048
 346 H   0.99795 0.00204 0.00000 ( 1)  0.052 +-  0.043
 347 S   0.99825 0.00175 0.00000 ( 1)  0.052 +-  0.040
 348 V   0.99817 0.00183 0.00000 ( 1)  0.052 +-  0.041
 349 T   0.99792 0.00208 0.00000 ( 1)  0.052 +-  0.043
 350 L   0.99113 0.00881 0.00006 ( 1)  0.059 +-  0.093
 351 L   0.44349 0.55300 0.00351 ( 2)  0.583 +-  0.491
 352 E   0.99855 0.00144 0.00000 ( 1)  0.051 +-  0.036
 353 E   0.99855 0.00144 0.00000 ( 1)  0.051 +-  0.036
 354 A   0.99853 0.00147 0.00000 ( 1)  0.051 +-  0.036
 355 T   0.44581 0.55067 0.00353 ( 2)  0.581 +-  0.490
 356 G   0.99855 0.00145 0.00000 ( 1)  0.051 +-  0.036
 357 A   0.99838 0.00162 0.00000 ( 1)  0.052 +-  0.038
 358 Y   0.99685 0.00314 0.00001 ( 1)  0.053 +-  0.053
 359 A   0.99807 0.00192 0.00000 ( 1)  0.052 +-  0.042
 360 P   0.99667 0.00332 0.00001 ( 1)  0.053 +-  0.055
 361 L   0.99737 0.00262 0.00001 ( 1)  0.053 +-  0.049
 362 T   0.99770 0.00230 0.00000 ( 1)  0.052 +-  0.046
 363 V   0.97129 0.02861 0.00009 ( 1)  0.077 +-  0.159
 364 Q   0.99591 0.00407 0.00001 ( 1)  0.054 +-  0.061
 365 G   0.99857 0.00143 0.00000 ( 1)  0.051 +-  0.036
 366 T   0.99824 0.00176 0.00000 ( 1)  0.052 +-  0.040
 367 S   0.53273 0.46517 0.00210 ( 1)  0.496 +-  0.479
 368 F   0.94923 0.05057 0.00020 ( 1)  0.098 +-  0.210
 369 I   0.99835 0.00165 0.00000 ( 1)  0.052 +-  0.039
 370 -   0.99796 0.00204 0.00000 ( 1)  0.052 +-  0.043
 371 -   0.99506 0.00492 0.00002 ( 1)  0.055 +-  0.067
 372 -   0.99755 0.00244 0.00001 ( 1)  0.052 +-  0.047
 373 -   0.99372 0.00626 0.00003 ( 1)  0.056 +-  0.076
 374 -   0.99799 0.00201 0.00000 ( 1)  0.052 +-  0.043
 375 -   0.99470 0.00528 0.00002 ( 1)  0.055 +-  0.069
 376 -   0.99600 0.00399 0.00001 ( 1)  0.054 +-  0.060
 377 -   0.99602 0.00397 0.00001 ( 1)  0.054 +-  0.060
 378 -   0.99755 0.00244 0.00001 ( 1)  0.052 +-  0.047
 379 H   0.93316 0.03349 0.03334 ( 1)  0.380 +-  1.640
 380 S   0.93316 0.03349 0.03334 ( 1)  0.380 +-  1.640
 381 G   0.93316 0.03349 0.03334 ( 1)  0.380 +-  1.640
 382 V   0.93316 0.03349 0.03334 ( 1)  0.380 +-  1.640
 383 A   0.93316 0.03349 0.03334 ( 1)  0.380 +-  1.640
 384 F   0.93316 0.03349 0.03334 ( 1)  0.380 +-  1.640
 385 M   0.93316 0.03349 0.03334 ( 1)  0.380 +-  1.640
 386 V   0.93316 0.03349 0.03334 ( 1)  0.380 +-  1.640
 387 W   0.93316 0.03349 0.03334 ( 1)  0.380 +-  1.640
 388 V   0.99861 0.00139 0.00000 ( 1)  0.051 +-  0.035
 389 I   0.99785 0.00215 0.00000 ( 1)  0.052 +-  0.044
 390 E   0.99838 0.00161 0.00000 ( 1)  0.052 +-  0.038
 391 E   0.99855 0.00144 0.00000 ( 1)  0.051 +-  0.036
 392 H   0.99795 0.00204 0.00000 ( 1)  0.052 +-  0.043
 393 S   0.04698 0.94640 0.00662 ( 2)  0.965 +-  0.260
 394 W   0.99375 0.00623 0.00002 ( 1)  0.056 +-  0.075
 395 A   0.99807 0.00192 0.00000 ( 1)  0.052 +-  0.042
 396 H   0.99795 0.00204 0.00000 ( 1)  0.052 +-  0.043
 397 R   0.91999 0.07960 0.00041 ( 1)  0.126 +-  0.260
 398 A   0.99832 0.00167 0.00000 ( 1)  0.052 +-  0.039
 399 F   0.99683 0.00316 0.00001 ( 1)  0.053 +-  0.054
 400 R   0.51400 0.48239 0.00361 ( 1)  0.519 +-  0.515
 401 A   0.93136 0.06827 0.00037 ( 1)  0.116 +-  0.245
 402 L   0.94187 0.05790 0.00023 ( 1)  0.105 +-  0.223
 403 R   0.99728 0.00271 0.00001 ( 1)  0.053 +-  0.050
 404 L   0.99482 0.00517 0.00002 ( 1)  0.055 +-  0.069
 405 A   0.99812 0.00187 0.00000 ( 1)  0.052 +-  0.041
 406 H   0.99797 0.00203 0.00000 ( 1)  0.052 +-  0.043
 407 A   0.99809 0.00190 0.00000 ( 1)  0.052 +-  0.042
 408 L   0.99662 0.00337 0.00001 ( 1)  0.053 +-  0.055
 409 L   0.99482 0.00517 0.00002 ( 1)  0.055 +-  0.069
 410 A   0.98262 0.01694 0.00045 ( 1)  0.069 +-  0.183
 411 A   0.99142 0.00849 0.00009 ( 1)  0.058 +-  0.100
 412 L   0.90387 0.09551 0.00061 ( 1)  0.142 +-  0.286
 413 A   0.99800 0.00200 0.00000 ( 1)  0.052 +-  0.043
 414 P   0.99727 0.00273 0.00001 ( 1)  0.053 +-  0.050
 415 A   0.95967 0.04017 0.00016 ( 1)  0.088 +-  0.189
 416 R   0.99704 0.00295 0.00001 ( 1)  0.053 +-  0.052
 417 T   0.94001 0.05973 0.00025 ( 1)  0.107 +-  0.227
 418 D   0.96443 0.03545 0.00011 ( 1)  0.084 +-  0.177
 419 R   0.99635 0.00364 0.00001 ( 1)  0.053 +-  0.057
 420 G   0.99795 0.00204 0.00000 ( 1)  0.052 +-  0.043
 421 G   0.99678 0.00321 0.00001 ( 1)  0.053 +-  0.054
 422 D   0.99895 0.00105 0.00000 ( 1)  0.051 +-  0.031
 423 R   0.05682 0.93721 0.00597 ( 2)  0.954 +-  0.267
 424 G   0.05213 0.94055 0.00732 ( 2)  0.963 +-  0.294
 425 G   0.93316 0.03349 0.03334 ( 1)  0.380 +-  1.640
 426 V   0.93316 0.03349 0.03334 ( 1)  0.380 +-  1.640
 427 G   0.93316 0.03349 0.03334 ( 1)  0.380 +-  1.640
 428 G   0.93316 0.03349 0.03334 ( 1)  0.380 +-  1.640
 429 V   0.93316 0.03349 0.03334 ( 1)  0.380 +-  1.640
 430 D   0.93316 0.03349 0.03334 ( 1)  0.380 +-  1.640
 431 G   0.93316 0.03349 0.03334 ( 1)  0.380 +-  1.640
 432 G   0.93316 0.03349 0.03334 ( 1)  0.380 +-  1.640
 433 V   0.93316 0.03349 0.03334 ( 1)  0.380 +-  1.640
 434 G   0.99834 0.00165 0.00000 ( 1)  0.052 +-  0.039
 435 G   0.99804 0.00196 0.00000 ( 1)  0.052 +-  0.042
 436 D   0.99463 0.00535 0.00002 ( 1)  0.055 +-  0.070
 437 G   0.22040 0.75941 0.02019 ( 2)  0.873 +-  0.819
 438 G   0.99242 0.00754 0.00004 ( 1)  0.057 +-  0.083
 439 G   0.54738 0.24593 0.20669 ( 1)  2.094 +-  3.559
 440 G   0.97271 0.02257 0.00473 ( 1)  0.111 +-  0.613
 441 G   0.99346 0.00651 0.00003 ( 1)  0.056 +-  0.077
 442 G   0.99350 0.00647 0.00003 ( 1)  0.056 +-  0.077
 443 G   0.99851 0.00149 0.00000 ( 1)  0.051 +-  0.037
 444 G   0.96914 0.03076 0.00010 ( 1)  0.079 +-  0.165
 445 -   0.93316 0.03349 0.03334 ( 1)  0.380 +-  1.640
 446 G   0.93316 0.03349 0.03334 ( 1)  0.380 +-  1.640
 447 R   0.97982 0.01910 0.00108 ( 1)  0.076 +-  0.284
 448 V   0.99139 0.00850 0.00010 ( 1)  0.059 +-  0.106
 449 P   0.43473 0.56182 0.00345 ( 2)  0.591 +-  0.486
 450 P   0.02270 0.94331 0.03400 ( 2)  1.134 +-  0.988
 451 P   0.93425 0.06541 0.00034 ( 1)  0.113 +-  0.239
 452 A   0.53027 0.46644 0.00329 ( 1)  0.503 +-  0.510
 453 P   0.98099 0.01849 0.00051 ( 1)  0.070 +-  0.194
 454 G   0.98180 0.01755 0.00065 ( 1)  0.071 +-  0.220
 455 A   0.93758 0.06204 0.00038 ( 1)  0.110 +-  0.236
 456 A   0.95741 0.04242 0.00018 ( 1)  0.091 +-  0.193
 457 D   0.99895 0.00105 0.00000 ( 1)  0.051 +-  0.031
 458 D   0.73015 0.24225 0.02760 ( 1)  0.483 +-  1.310
 459 P   0.93291 0.06675 0.00033 ( 1)  0.114 +-  0.241
 460 G   0.99262 0.00733 0.00005 ( 1)  0.057 +-  0.086
 461 A   0.99705 0.00295 0.00001 ( 1)  0.053 +-  0.052
 462 G   0.99219 0.00777 0.00004 ( 1)  0.057 +-  0.085
 463 A   0.99327 0.00670 0.00003 ( 1)  0.056 +-  0.078
 464 T   0.86115 0.13768 0.00117 ( 1)  0.184 +-  0.340
 465 A   0.95921 0.04062 0.00016 ( 1)  0.089 +-  0.190
 466 G   0.99846 0.00154 0.00000 ( 1)  0.051 +-  0.037
 467 I   0.50998 0.48729 0.00273 ( 1)  0.518 +-  0.485
 468 H   0.99781 0.00218 0.00000 ( 1)  0.052 +-  0.044
 469 W   0.99350 0.00647 0.00003 ( 1)  0.056 +-  0.077
 470 Y   0.99657 0.00342 0.00001 ( 1)  0.053 +-  0.056
 471 S   0.99450 0.00548 0.00002 ( 1)  0.055 +-  0.071
 472 Q   0.91511 0.08444 0.00045 ( 1)  0.131 +-  0.267
 473 L   0.99456 0.00542 0.00002 ( 1)  0.055 +-  0.070
 474 L   0.99721 0.00278 0.00001 ( 1)  0.053 +-  0.050
 475 Y   0.99667 0.00332 0.00001 ( 1)  0.053 +-  0.055
 476 Q   0.70244 0.27021 0.02735 ( 1)  0.495 +-  1.241
 477 I   0.98853 0.01140 0.00008 ( 1)  0.061 +-  0.103
 478 G   0.99846 0.00154 0.00000 ( 1)  0.051 +-  0.037
 479 T   0.94922 0.05059 0.00019 ( 1)  0.098 +-  0.210
 480 W   0.99350 0.00647 0.00003 ( 1)  0.056 +-  0.077
 481 L   0.99639 0.00360 0.00001 ( 1)  0.053 +-  0.057
 482 L   0.99301 0.00696 0.00003 ( 1)  0.057 +-  0.080
 483 D   0.99891 0.00109 0.00000 ( 1)  0.051 +-  0.031
 484 S   0.99813 0.00187 0.00000 ( 1)  0.052 +-  0.041
 485 E   0.99844 0.00155 0.00000 ( 1)  0.051 +-  0.038
 486 A   0.99842 0.00158 0.00000 ( 1)  0.052 +-  0.038
 487 L   0.99456 0.00542 0.00002 ( 1)  0.055 +-  0.070
 488 H   0.99781 0.00218 0.00000 ( 1)  0.052 +-  0.044
 489 P   0.99675 0.00324 0.00001 ( 1)  0.053 +-  0.054
 490 L   0.99484 0.00514 0.00002 ( 1)  0.055 +-  0.069
 491 G   0.99846 0.00154 0.00000 ( 1)  0.051 +-  0.037
 492 M   0.99805 0.00195 0.00000 ( 1)  0.052 +-  0.042
 493 A   0.99798 0.00202 0.00000 ( 1)  0.052 +-  0.043
 494 A   0.96771 0.03217 0.00011 ( 1)  0.081 +-  0.169
 495 K   0.03432 0.95351 0.01218 ( 2)  0.997 +-  0.392
 496 S   0.00000 0.37618 0.62382 ( 3)  5.742 +-  3.991
 497 S   0.99826 0.00173 0.00000 ( 1)  0.052 +-  0.040
 498 -   0.93863 0.03307 0.02830 ( 1)  0.332 +-  1.508
 499 -   0.95952 0.02985 0.01063 ( 1)  0.168 +-  0.907
 500 -   0.93944 0.03301 0.02755 ( 1)  0.326 +-  1.487
 501 -   0.95851 0.03008 0.01141 ( 1)  0.175 +-  0.941
 502 -   0.95690 0.03025 0.01285 ( 1)  0.189 +-  1.004
 503 -   0.94178 0.03279 0.02543 ( 1)  0.306 +-  1.427
 504 -   0.94103 0.03284 0.02612 ( 1)  0.312 +-  1.447
 505 -   0.93983 0.03296 0.02721 ( 1)  0.322 +-  1.478
 506 -   0.95968 0.02937 0.01095 ( 1)  0.171 +-  0.926
 507 -   0.95292 0.03116 0.01592 ( 1)  0.217 +-  1.121
 508 -   0.95841 0.02976 0.01184 ( 1)  0.180 +-  0.964
 509 -   0.95820 0.03013 0.01167 ( 1)  0.178 +-  0.953
 510 -   0.95919 0.02936 0.01145 ( 1)  0.176 +-  0.949
 511 -   0.95953 0.02978 0.01069 ( 1)  0.169 +-  0.911
 512 -   0.95962 0.02940 0.01098 ( 1)  0.172 +-  0.927
 513 -   0.96043 0.02958 0.00999 ( 1)  0.162 +-  0.879
 514 -   0.93857 0.03308 0.02835 ( 1)  0.333 +-  1.509
 515 -   0.95704 0.03025 0.01270 ( 1)  0.188 +-  0.998
 516 -   0.93863 0.03307 0.02830 ( 1)  0.332 +-  1.508
 517 -   0.94103 0.03284 0.02612 ( 1)  0.312 +-  1.447
 518 -   0.95704 0.03025 0.01270 ( 1)  0.188 +-  0.998
 519 -   0.95292 0.03116 0.01592 ( 1)  0.217 +-  1.121
 520 -   0.93944 0.03301 0.02755 ( 1)  0.326 +-  1.487
 521 -   0.95842 0.02971 0.01188 ( 1)  0.180 +-  0.966
 522 -   0.93990 0.03295 0.02715 ( 1)  0.322 +-  1.476
 523 -   0.93981 0.03296 0.02723 ( 1)  0.323 +-  1.478
 524 -   0.95841 0.02976 0.01184 ( 1)  0.180 +-  0.964
 525 -   0.95465 0.03086 0.01449 ( 1)  0.204 +-  1.067
 526 -   0.95953 0.02978 0.01069 ( 1)  0.169 +-  0.911
 527 -   0.14279 0.10072 0.75649 ( 3)  6.992 +-  3.991
 528 -   0.95968 0.02937 0.01095 ( 1)  0.171 +-  0.926
 529 -   0.95292 0.03116 0.01592 ( 1)  0.217 +-  1.121
 530 -   0.95953 0.02978 0.01069 ( 1)  0.169 +-  0.911
 531 -   0.95292 0.03116 0.01592 ( 1)  0.217 +-  1.121
 532 -   0.95725 0.03045 0.01230 ( 1)  0.184 +-  0.979
 533 -   0.95842 0.02971 0.01188 ( 1)  0.180 +-  0.966
 534 -   0.95292 0.03116 0.01592 ( 1)  0.217 +-  1.121
 535 -   0.93823 0.03311 0.02866 ( 1)  0.336 +-  1.518
 536 -   0.95953 0.02978 0.01069 ( 1)  0.169 +-  0.911
 537 -   0.95212 0.03145 0.01644 ( 1)  0.222 +-  1.138
 538 -   0.93820 0.03311 0.02869 ( 1)  0.336 +-  1.519
 539 -   0.93944 0.03301 0.02755 ( 1)  0.326 +-  1.487
 540 -   0.96115 0.02889 0.00996 ( 1)  0.162 +-  0.882
 541 -   0.93849 0.03309 0.02842 ( 1)  0.334 +-  1.511
 542 -   0.95842 0.02971 0.01188 ( 1)  0.180 +-  0.966
 543 -   0.95919 0.02936 0.01145 ( 1)  0.176 +-  0.949
 544 -   0.95465 0.03086 0.01449 ( 1)  0.204 +-  1.067
 545 -   0.95952 0.02985 0.01063 ( 1)  0.168 +-  0.907
 546 -   0.95961 0.02931 0.01107 ( 1)  0.172 +-  0.932
 547 -   0.94178 0.03279 0.02543 ( 1)  0.306 +-  1.427
 548 -   0.95962 0.02940 0.01098 ( 1)  0.172 +-  0.927
 549 -   0.95851 0.03008 0.01141 ( 1)  0.175 +-  0.941
 550 -   0.23792 0.15394 0.60814 ( 3)  5.672 +-  4.425
 551 -   0.95961 0.02931 0.01107 ( 1)  0.172 +-  0.932
 552 -   0.94110 0.03286 0.02604 ( 1)  0.311 +-  1.445
 553 -   0.96115 0.02889 0.00996 ( 1)  0.162 +-  0.882
 554 -   0.94238 0.03273 0.02489 ( 1)  0.301 +-  1.411
 555 -   0.95919 0.02936 0.01145 ( 1)  0.176 +-  0.949
 556 -   0.93981 0.03296 0.02723 ( 1)  0.323 +-  1.478
 557 -   0.95725 0.03039 0.01236 ( 1)  0.184 +-  0.981
 558 -   0.95919 0.02936 0.01145 ( 1)  0.176 +-  0.949
 559 -   0.95962 0.02940 0.01098 ( 1)  0.172 +-  0.927
 560 -   0.95292 0.03116 0.01592 ( 1)  0.217 +-  1.121
 561 -   0.95465 0.03086 0.01449 ( 1)  0.204 +-  1.067
 562 -   0.95976 0.02979 0.01045 ( 1)  0.167 +-  0.899
 563 -   0.30858 0.18770 0.50372 ( 3)  4.740 +-  4.483
 564 -   0.95465 0.03086 0.01449 ( 1)  0.204 +-  1.067
 565 -   0.95843 0.02993 0.01164 ( 1)  0.178 +-  0.953
 566 -   0.95843 0.02993 0.01164 ( 1)  0.178 +-  0.953
 567 -   0.95557 0.03056 0.01387 ( 1)  0.198 +-  1.045
 568 -   0.94103 0.03284 0.02612 ( 1)  0.312 +-  1.447
 569 -   0.95962 0.02940 0.01098 ( 1)  0.172 +-  0.927
 570 -   0.95851 0.03008 0.01141 ( 1)  0.175 +-  0.941
 571 -   0.95465 0.03086 0.01449 ( 1)  0.204 +-  1.067
 572 -   0.95557 0.03056 0.01387 ( 1)  0.198 +-  1.045
 573 -   0.95690 0.03025 0.01285 ( 1)  0.189 +-  1.004
 574 -   0.95704 0.03025 0.01270 ( 1)  0.188 +-  0.998
 575 -   0.95557 0.03056 0.01387 ( 1)  0.198 +-  1.045
 576 -   0.95968 0.02937 0.01095 ( 1)  0.171 +-  0.926
 577 -   0.95842 0.02971 0.01188 ( 1)  0.180 +-  0.966
 578 -   0.95690 0.03025 0.01285 ( 1)  0.189 +-  1.004
 579 -   0.95212 0.03145 0.01644 ( 1)  0.222 +-  1.138
 580 -   0.95976 0.02979 0.01045 ( 1)  0.167 +-  0.899
 581 -   0.14718 0.10339 0.74942 ( 3)  6.929 +-  4.023
 582 -   0.95680 0.03051 0.01268 ( 1)  0.187 +-  0.995
 583 -   0.95029 0.03151 0.01819 ( 1)  0.239 +-  1.203
 584 -   0.93990 0.03295 0.02715 ( 1)  0.322 +-  1.476
 585 -   0.95212 0.03145 0.01644 ( 1)  0.222 +-  1.138
 586 -   0.95953 0.02978 0.01069 ( 1)  0.169 +-  0.911
 587 -   0.95669 0.03057 0.01273 ( 1)  0.188 +-  0.996
 588 -   0.95953 0.02978 0.01069 ( 1)  0.169 +-  0.911
 589 -   0.94608 0.03231 0.02161 ( 1)  0.270 +-  1.312
 590 -   0.95843 0.02993 0.01164 ( 1)  0.178 +-  0.953
 591 -   0.95465 0.03086 0.01449 ( 1)  0.204 +-  1.067
 592 -   0.95465 0.03086 0.01449 ( 1)  0.204 +-  1.067
 593 -   0.93930 0.03302 0.02768 ( 1)  0.327 +-  1.491
 594 -   0.94127 0.03281 0.02591 ( 1)  0.310 +-  1.441
 595 -   0.94127 0.03281 0.02591 ( 1)  0.310 +-  1.441
 596 -   0.94103 0.03284 0.02612 ( 1)  0.312 +-  1.447
 597 -   0.95968 0.02937 0.01095 ( 1)  0.171 +-  0.926
 598 -   0.25835 0.16426 0.57739 ( 3)  5.398 +-  4.462
 599 -   0.95725 0.03045 0.01230 ( 1)  0.184 +-  0.979
 600 -   0.00280 0.03568 0.96152 ( 3)  8.713 +-  2.304
 601 -   0.94122 0.03285 0.02593 ( 1)  0.310 +-  1.442
 602 -   0.95680 0.03051 0.01268 ( 1)  0.187 +-  0.995
 603 -   0.28899 0.17881 0.53220 ( 3)  4.994 +-  4.486
 604 -   0.95455 0.03096 0.01449 ( 1)  0.204 +-  1.066
 605 -   0.93981 0.03296 0.02723 ( 1)  0.323 +-  1.478
 606 -   0.03895 0.04876 0.91228 ( 3)  8.315 +-  2.894
 607 -   0.95962 0.02940 0.01098 ( 1)  0.172 +-  0.927
 608 -   0.93316 0.03349 0.03334 ( 1)  0.380 +-  1.640
 609 -   0.93316 0.03349 0.03334 ( 1)  0.380 +-  1.640
 610 -   0.93316 0.03349 0.03334 ( 1)  0.380 +-  1.640
 611 -   0.93316 0.03349 0.03334 ( 1)  0.380 +-  1.640
 612 -   0.93316 0.03349 0.03334 ( 1)  0.380 +-  1.640
 613 -   0.93316 0.03349 0.03334 ( 1)  0.380 +-  1.640
 614 -   0.93316 0.03349 0.03334 ( 1)  0.380 +-  1.640
 615 -   0.93316 0.03349 0.03334 ( 1)  0.380 +-  1.640
 616 -   0.93316 0.03349 0.03334 ( 1)  0.380 +-  1.640
 617 -   0.93316 0.03349 0.03334 ( 1)  0.380 +-  1.640
 618 -   0.93316 0.03349 0.03334 ( 1)  0.380 +-  1.640
 619 -   0.93316 0.03349 0.03334 ( 1)  0.380 +-  1.640
 620 -   0.93316 0.03349 0.03334 ( 1)  0.380 +-  1.640
 621 -   0.93316 0.03349 0.03334 ( 1)  0.380 +-  1.640
 622 -   0.93316 0.03349 0.03334 ( 1)  0.380 +-  1.640
 623 -   0.93316 0.03349 0.03334 ( 1)  0.380 +-  1.640
 624 -   0.93316 0.03349 0.03334 ( 1)  0.380 +-  1.640
 625 -   0.93316 0.03349 0.03334 ( 1)  0.380 +-  1.640
 626 -   0.93316 0.03349 0.03334 ( 1)  0.380 +-  1.640
 627 -   0.93316 0.03349 0.03334 ( 1)  0.380 +-  1.640
 628 -   0.93316 0.03349 0.03334 ( 1)  0.380 +-  1.640
 629 -   0.93316 0.03349 0.03334 ( 1)  0.380 +-  1.640
 630 -   0.93316 0.03349 0.03334 ( 1)  0.380 +-  1.640
 631 -   0.93316 0.03349 0.03334 ( 1)  0.380 +-  1.640
 632 -   0.93316 0.03349 0.03334 ( 1)  0.380 +-  1.640
 633 -   0.93316 0.03349 0.03334 ( 1)  0.380 +-  1.640
 634 -   0.93316 0.03349 0.03334 ( 1)  0.380 +-  1.640
 635 -   0.93316 0.03349 0.03334 ( 1)  0.380 +-  1.640
 636 -   0.93316 0.03349 0.03334 ( 1)  0.380 +-  1.640
 637 -   0.93316 0.03349 0.03334 ( 1)  0.380 +-  1.640
 638 -   0.93316 0.03349 0.03334 ( 1)  0.380 +-  1.640
 639 -   0.93316 0.03349 0.03334 ( 1)  0.380 +-  1.640
 640 -   0.93316 0.03349 0.03334 ( 1)  0.380 +-  1.640
 641 -   0.93316 0.03349 0.03334 ( 1)  0.380 +-  1.640
 642 -   0.93316 0.03349 0.03334 ( 1)  0.380 +-  1.640
 643 -   0.93316 0.03349 0.03334 ( 1)  0.380 +-  1.640
 644 -   0.93316 0.03349 0.03334 ( 1)  0.380 +-  1.640
 645 -   0.93316 0.03349 0.03334 ( 1)  0.380 +-  1.640
 646 -   0.93316 0.03349 0.03334 ( 1)  0.380 +-  1.640
 647 -   0.93316 0.03349 0.03334 ( 1)  0.380 +-  1.640
 648 -   0.93316 0.03349 0.03334 ( 1)  0.380 +-  1.640
 649 -   0.96115 0.02889 0.00996 ( 1)  0.162 +-  0.882
 650 -   0.93316 0.03349 0.03334 ( 1)  0.380 +-  1.640
 651 -   0.93316 0.03349 0.03334 ( 1)  0.380 +-  1.640
 652 -   0.93316 0.03349 0.03334 ( 1)  0.380 +-  1.640
 653 -   0.93316 0.03349 0.03334 ( 1)  0.380 +-  1.640
 654 -   0.93316 0.03349 0.03334 ( 1)  0.380 +-  1.640
 655 -   0.93316 0.03349 0.03334 ( 1)  0.380 +-  1.640
 656 -   0.93316 0.03349 0.03334 ( 1)  0.380 +-  1.640
 657 -   0.93316 0.03349 0.03334 ( 1)  0.380 +-  1.640
 658 -   0.95465 0.03086 0.01449 ( 1)  0.204 +-  1.067
 659 -   0.95704 0.03025 0.01270 ( 1)  0.188 +-  0.998
 660 -   0.93316 0.03349 0.03334 ( 1)  0.380 +-  1.640
 661 -   0.93316 0.03349 0.03334 ( 1)  0.380 +-  1.640
 662 -   0.93316 0.03349 0.03334 ( 1)  0.380 +-  1.640
 663 -   0.93316 0.03349 0.03334 ( 1)  0.380 +-  1.640
 664 -   0.93316 0.03349 0.03334 ( 1)  0.380 +-  1.640
 665 -   0.93316 0.03349 0.03334 ( 1)  0.380 +-  1.640
 666 -   0.93316 0.03349 0.03334 ( 1)  0.380 +-  1.640
 667 -   0.93316 0.03349 0.03334 ( 1)  0.380 +-  1.640
 668 -   0.93316 0.03349 0.03334 ( 1)  0.380 +-  1.640
 669 -   0.93316 0.03349 0.03334 ( 1)  0.380 +-  1.640
 670 -   0.93316 0.03349 0.03334 ( 1)  0.380 +-  1.640
 671 -   0.93316 0.03349 0.03334 ( 1)  0.380 +-  1.640
 672 -   0.93316 0.03349 0.03334 ( 1)  0.380 +-  1.640
 673 -   0.93316 0.03349 0.03334 ( 1)  0.380 +-  1.640
 674 -   0.93316 0.03349 0.03334 ( 1)  0.380 +-  1.640
 675 -   0.93316 0.03349 0.03334 ( 1)  0.380 +-  1.640
 676 -   0.93316 0.03349 0.03334 ( 1)  0.380 +-  1.640
 677 -   0.93316 0.03349 0.03334 ( 1)  0.380 +-  1.640
 678 -   0.93316 0.03349 0.03334 ( 1)  0.380 +-  1.640
 679 -   0.93316 0.03349 0.03334 ( 1)  0.380 +-  1.640
 680 -   0.93316 0.03349 0.03334 ( 1)  0.380 +-  1.640
 681 -   0.93316 0.03349 0.03334 ( 1)  0.380 +-  1.640
 682 -   0.93316 0.03349 0.03334 ( 1)  0.380 +-  1.640
 683 -   0.93316 0.03349 0.03334 ( 1)  0.380 +-  1.640
 684 -   0.93316 0.03349 0.03334 ( 1)  0.380 +-  1.640
 685 -   0.93316 0.03349 0.03334 ( 1)  0.380 +-  1.640
 686 -   0.93316 0.03349 0.03334 ( 1)  0.380 +-  1.640
 687 -   0.93316 0.03349 0.03334 ( 1)  0.380 +-  1.640
 688 -   0.93316 0.03349 0.03334 ( 1)  0.380 +-  1.640
 689 -   0.93316 0.03349 0.03334 ( 1)  0.380 +-  1.640
 690 -   0.93316 0.03349 0.03334 ( 1)  0.380 +-  1.640
 691 -   0.93316 0.03349 0.03334 ( 1)  0.380 +-  1.640
 692 -   0.93316 0.03349 0.03334 ( 1)  0.380 +-  1.640
 693 -   0.93316 0.03349 0.03334 ( 1)  0.380 +-  1.640
 694 -   0.93316 0.03349 0.03334 ( 1)  0.380 +-  1.640
 695 -   0.93316 0.03349 0.03334 ( 1)  0.380 +-  1.640
 696 -   0.93316 0.03349 0.03334 ( 1)  0.380 +-  1.640
 697 -   0.93316 0.03349 0.03334 ( 1)  0.380 +-  1.640
 698 -   0.93316 0.03349 0.03334 ( 1)  0.380 +-  1.640
 699 -   0.93316 0.03349 0.03334 ( 1)  0.380 +-  1.640
 700 -   0.93316 0.03349 0.03334 ( 1)  0.380 +-  1.640
 701 -   0.93316 0.03349 0.03334 ( 1)  0.380 +-  1.640
 702 -   0.93316 0.03349 0.03334 ( 1)  0.380 +-  1.640
 703 -   0.93316 0.03349 0.03334 ( 1)  0.380 +-  1.640
 704 -   0.93316 0.03349 0.03334 ( 1)  0.380 +-  1.640
 705 -   0.93316 0.03349 0.03334 ( 1)  0.380 +-  1.640
 706 -   0.93316 0.03349 0.03334 ( 1)  0.380 +-  1.640
 707 -   0.93316 0.03349 0.03334 ( 1)  0.380 +-  1.640
 708 -   0.93316 0.03349 0.03334 ( 1)  0.380 +-  1.640
 709 -   0.93316 0.03349 0.03334 ( 1)  0.380 +-  1.640
 710 -   0.93316 0.03349 0.03334 ( 1)  0.380 +-  1.640
 711 -   0.93316 0.03349 0.03334 ( 1)  0.380 +-  1.640
 712 -   0.93316 0.03349 0.03334 ( 1)  0.380 +-  1.640
 713 -   0.93316 0.03349 0.03334 ( 1)  0.380 +-  1.640
 714 -   0.93316 0.03349 0.03334 ( 1)  0.380 +-  1.640
 715 -   0.95212 0.03145 0.01644 ( 1)  0.222 +-  1.138
 716 -   0.00151 0.02085 0.97765 ( 3)  8.842 +-  2.089
 717 -   0.00301 0.03759 0.95941 ( 3)  8.696 +-  2.330
 718 -   0.19514 0.13069 0.67417 ( 3)  6.262 +-  4.288
 719 -   0.05695 0.06730 0.87575 ( 3)  8.004 +-  3.221
 720 -   0.95680 0.03051 0.01268 ( 1)  0.187 +-  0.995
 721 -   0.95456 0.03080 0.01463 ( 1)  0.205 +-  1.074
 722 -   0.00111 0.01559 0.98331 ( 3)  8.887 +-  2.007
 723 -   0.93316 0.03349 0.03334 ( 1)  0.380 +-  1.640
 724 -   0.93316 0.03349 0.03334 ( 1)  0.380 +-  1.640
 725 -   0.93316 0.03349 0.03334 ( 1)  0.380 +-  1.640
 726 -   0.93316 0.03349 0.03334 ( 1)  0.380 +-  1.640
 727 -   0.93316 0.03349 0.03334 ( 1)  0.380 +-  1.640
 728 -   0.93316 0.03349 0.03334 ( 1)  0.380 +-  1.640
 729 -   0.93316 0.03349 0.03334 ( 1)  0.380 +-  1.640
 730 -   0.93316 0.03349 0.03334 ( 1)  0.380 +-  1.640
 731 -   0.93316 0.03349 0.03334 ( 1)  0.380 +-  1.640

Positively selected sites

	Prob(w>1)  mean w

   496 S      0.624         5.742 +- 3.991
   527 -      0.756         6.992 +- 3.991
   550 -      0.608         5.672 +- 4.425
   563 -      0.504         4.740 +- 4.483
   581 -      0.749         6.929 +- 4.023
   598 -      0.577         5.398 +- 4.462
   600 -      0.962*        8.713 +- 2.304
   603 -      0.532         4.994 +- 4.486
   606 -      0.912         8.315 +- 2.894
   716 -      0.978*        8.842 +- 2.089
   717 -      0.959*        8.696 +- 2.330
   718 -      0.674         6.262 +- 4.288
   719 -      0.876         8.004 +- 3.221
   722 -      0.983*        8.887 +- 2.007

