Supplemental results for CODEML (seqf: algn  treef: tree)


dN/dS (w) for site classes (K=8)

p:   0.12500  0.12500  0.12500  0.12500  0.12500  0.12500  0.12500  0.12500
w:   0.00011  0.01106  0.08903  0.30941  0.63260  0.88380  0.98390  0.99980

Naive Empirical Bayes (NEB) probabilities for 8 classes & postmean_w
(amino acids refer to 1st sequence: aotNan_GBP5_XM_012464816)

   1 -   0.12500 0.12500 0.12500 0.12500 0.12500 0.12500 0.12500 0.12500 ( 2)  0.489
   2 -   0.12500 0.12500 0.12500 0.12500 0.12500 0.12500 0.12500 0.12500 ( 8)  0.489
   3 -   0.12500 0.12500 0.12500 0.12500 0.12500 0.12500 0.12500 0.12500 ( 2)  0.489
   4 -   0.12500 0.12500 0.12500 0.12500 0.12500 0.12500 0.12500 0.12500 ( 6)  0.489
   5 -   0.12500 0.12500 0.12500 0.12500 0.12500 0.12500 0.12500 0.12500 ( 8)  0.489
   6 -   0.12500 0.12500 0.12500 0.12500 0.12500 0.12500 0.12500 0.12500 ( 8)  0.489
   7 -   0.12500 0.12500 0.12500 0.12500 0.12500 0.12500 0.12500 0.12500 ( 2)  0.489
   8 -   0.12500 0.12500 0.12500 0.12500 0.12500 0.12500 0.12500 0.12500 ( 3)  0.489
   9 -   0.12500 0.12500 0.12500 0.12500 0.12500 0.12500 0.12500 0.12500 ( 2)  0.489
  10 -   0.12500 0.12500 0.12500 0.12500 0.12500 0.12500 0.12500 0.12500 ( 5)  0.489
  11 -   0.12500 0.12500 0.12500 0.12500 0.12500 0.12500 0.12500 0.12500 ( 5)  0.489
  12 -   0.12500 0.12500 0.12500 0.12500 0.12500 0.12500 0.12500 0.12500 ( 8)  0.489
  13 -   0.12500 0.12500 0.12500 0.12500 0.12500 0.12500 0.12500 0.12500 ( 2)  0.489
  14 -   0.12500 0.12500 0.12500 0.12500 0.12500 0.12500 0.12500 0.12500 ( 2)  0.489
  15 -   0.12500 0.12500 0.12500 0.12500 0.12500 0.12500 0.12500 0.12500 ( 2)  0.489
  16 -   0.12500 0.12500 0.12500 0.12500 0.12500 0.12500 0.12500 0.12500 ( 8)  0.489
  17 -   0.12500 0.12500 0.12500 0.12500 0.12500 0.12500 0.12500 0.12500 ( 8)  0.489
  18 -   0.12500 0.12500 0.12500 0.12500 0.12500 0.12500 0.12500 0.12500 ( 8)  0.489
  19 -   0.12500 0.12500 0.12500 0.12500 0.12500 0.12500 0.12500 0.12500 ( 8)  0.489
  20 -   0.12500 0.12500 0.12500 0.12500 0.12500 0.12500 0.12500 0.12500 ( 8)  0.489
  21 -   0.12500 0.12500 0.12500 0.12500 0.12500 0.12500 0.12500 0.12500 ( 8)  0.489
  22 -   0.16566 0.16446 0.15617 0.13514 0.10975 0.09367 0.08801 0.08715 ( 1)  0.383
  23 -   0.13584 0.13557 0.13370 0.12859 0.12152 0.11635 0.11437 0.11406 ( 1)  0.459
  24 -   0.00003 0.00318 0.02533 0.08526 0.16638 0.22423 0.24609 0.24950 ( 8)  0.824
  25 -   0.00000 0.00004 0.00253 0.03027 0.12460 0.24031 0.29641 0.30584 ( 8)  0.898
  26 -   0.13203 0.13186 0.13069 0.12743 0.12282 0.11936 0.11802 0.11780 ( 1)  0.470
  27 -   0.12905 0.12895 0.12829 0.12644 0.12377 0.12174 0.12094 0.12082 ( 1)  0.478
  28 -   0.13271 0.13252 0.13123 0.12765 0.12260 0.11882 0.11735 0.11712 ( 1)  0.468
  29 -   0.13384 0.13363 0.13213 0.12801 0.12222 0.11792 0.11626 0.11600 ( 1)  0.465
  30 -   0.00004 0.00374 0.02929 0.09429 0.17250 0.22128 0.23816 0.24071 ( 8)  0.811
  31 -   0.00004 0.00380 0.02975 0.09533 0.17319 0.22093 0.23725 0.23971 ( 8)  0.810
  32 -   0.15444 0.15362 0.14798 0.13324 0.11451 0.10200 0.09745 0.09675 ( 1)  0.411
  33 -   0.14811 0.14750 0.14323 0.13189 0.11704 0.10680 0.10300 0.10241 ( 1)  0.427
  34 -   0.13845 0.13811 0.13577 0.12938 0.12063 0.11429 0.11188 0.11150 ( 1)  0.453
  35 -   0.15465 0.15383 0.14813 0.13327 0.11442 0.10185 0.09728 0.09658 ( 1)  0.411
  36 M   0.29415 0.28408 0.22182 0.11110 0.04119 0.01941 0.01446 0.01380 ( 1)  0.129
  37 A   0.22660 0.22246 0.19517 0.13513 0.07933 0.05272 0.04486 0.04373 ( 1)  0.246
  38 P   0.00000 0.00000 0.00043 0.01554 0.10633 0.24269 0.31168 0.32333 ( 8)  0.917
  39 E   0.00000 0.00000 0.00153 0.03845 0.15805 0.24777 0.27518 0.27901 ( 8)  0.881
  40 I   0.23315 0.22858 0.19859 0.13385 0.07567 0.04891 0.04118 0.04007 ( 1)  0.233
  41 H   0.00000 0.00015 0.00850 0.07193 0.17962 0.23638 0.25077 0.25265 ( 8)  0.845
  42 M   0.29415 0.28408 0.22182 0.11110 0.04119 0.01941 0.01446 0.01380 ( 1)  0.129
  43 S   0.00007 0.00685 0.05040 0.13623 0.19361 0.20473 0.20419 0.20391 ( 6)  0.755
  44 D   0.25885 0.25230 0.21030 0.12650 0.06108 0.03520 0.02836 0.02741 ( 1)  0.186
  45 P   0.20554 0.20262 0.18302 0.13748 0.09069 0.06583 0.05799 0.05683 ( 1)  0.291
  46 V   0.00014 0.01356 0.09220 0.19989 0.20761 0.17346 0.15782 0.15533 ( 5)  0.665
  47 C   0.18693 0.18491 0.17118 0.13768 0.10015 0.07828 0.07098 0.06988 ( 1)  0.332
  48 L   0.20132 0.19861 0.18035 0.13753 0.09283 0.06865 0.06092 0.05978 ( 1)  0.300
  49 I   0.24037 0.23529 0.20215 0.13214 0.07159 0.04487 0.03733 0.03626 ( 1)  0.219
  50 E   0.27400 0.26603 0.21574 0.12040 0.05247 0.02811 0.02204 0.02121 ( 1)  0.160
  51 N   0.25808 0.25160 0.21003 0.12683 0.06152 0.03555 0.02867 0.02771 ( 1)  0.187
  52 F   0.00000 0.00000 0.00077 0.02367 0.12810 0.24653 0.29650 0.30442 ( 8)  0.902
  53 N   0.00000 0.00000 0.00015 0.01317 0.11215 0.24827 0.30834 0.31791 ( 8)  0.916
  54 E   0.00018 0.01721 0.11329 0.22468 0.20709 0.15927 0.14056 0.13770 ( 4)  0.628
  55 H   0.00000 0.00017 0.00941 0.07681 0.18342 0.23485 0.24691 0.24842 ( 8)  0.840
  56 L   0.20417 0.20130 0.18207 0.13736 0.09134 0.06681 0.05904 0.05790 ( 1)  0.294
  57 K   0.00000 0.00000 0.00163 0.04002 0.16005 0.24735 0.27365 0.27731 ( 8)  0.879
  58 V   0.22968 0.22531 0.19662 0.13429 0.07755 0.05105 0.04331 0.04220 ( 1)  0.241
  59 N   0.26278 0.25587 0.21179 0.12501 0.05884 0.03331 0.02666 0.02574 ( 1)  0.179
  60 Q   0.00000 0.00000 0.00074 0.02292 0.12644 0.24640 0.29767 0.30583 ( 8)  0.904
  61 E   0.00015 0.01467 0.09879 0.20834 0.20806 0.16884 0.15190 0.14924 ( 4)  0.653
  62 A   0.22660 0.22246 0.19517 0.13513 0.07933 0.05272 0.04486 0.04373 ( 1)  0.246
  63 L   0.00006 0.00628 0.04667 0.12965 0.19125 0.20767 0.20919 0.20923 ( 8)  0.764
  64 E   0.00018 0.01745 0.11452 0.22581 0.20688 0.15855 0.13974 0.13687 ( 4)  0.626
  65 I   0.23329 0.22869 0.19855 0.13365 0.07556 0.04892 0.04122 0.04012 ( 1)  0.233
  66 L   0.20417 0.20130 0.18207 0.13736 0.09134 0.06681 0.05904 0.05790 ( 1)  0.294
  67 S   0.19497 0.19258 0.17644 0.13785 0.09616 0.07279 0.06517 0.06404 ( 1)  0.314
  68 A   0.00000 0.00011 0.00654 0.05984 0.16716 0.23910 0.26198 0.26528 ( 8)  0.859
  69 I   0.24086 0.23574 0.20238 0.13202 0.07132 0.04460 0.03708 0.03601 ( 1)  0.219
  70 T   0.00012 0.01169 0.08105 0.18518 0.20643 0.18137 0.16816 0.16601 ( 5)  0.687
  71 Q   0.00010 0.00935 0.06648 0.16306 0.20181 0.19231 0.18416 0.18273 ( 5)  0.718
  72 P   0.20570 0.20277 0.18312 0.13747 0.09060 0.06573 0.05788 0.05672 ( 1)  0.290
  73 V   0.00000 0.00003 0.00225 0.03431 0.14177 0.24511 0.28518 0.29135 ( 8)  0.889
  74 V   0.24770 0.24204 0.20542 0.12994 0.06742 0.04101 0.03375 0.03273 ( 1)  0.206
  75 V   0.24541 0.23992 0.20434 0.13055 0.06871 0.04226 0.03493 0.03389 ( 1)  0.210
  76 V   0.24469 0.23926 0.20404 0.13078 0.06911 0.04263 0.03527 0.03423 ( 1)  0.212
  77 A   0.00011 0.01026 0.07227 0.17232 0.20423 0.18788 0.17735 0.17557 ( 5)  0.705
  78 I   0.23775 0.23285 0.20083 0.13272 0.07307 0.04635 0.03875 0.03767 ( 1)  0.225
  79 V   0.24968 0.24387 0.20634 0.12940 0.06630 0.03994 0.03274 0.03173 ( 1)  0.202
  80 G   0.00009 0.00909 0.06491 0.16111 0.20190 0.19344 0.18544 0.18402 ( 5)  0.721
  81 L   0.20133 0.19862 0.18035 0.13753 0.09283 0.06864 0.06092 0.05977 ( 1)  0.300
  82 Y   0.21633 0.21283 0.18947 0.13663 0.08496 0.05894 0.05100 0.04984 ( 1)  0.267
  83 R   0.19985 0.19723 0.17955 0.13781 0.09368 0.06952 0.06175 0.06060 ( 1)  0.303
  84 T   0.23701 0.23218 0.20056 0.13304 0.07351 0.04670 0.03905 0.03796 ( 1)  0.226
  85 G   0.21879 0.21515 0.19095 0.13646 0.08367 0.05736 0.04939 0.04823 ( 1)  0.262
  86 K   0.25658 0.25022 0.20941 0.12733 0.06238 0.03631 0.02937 0.02840 ( 1)  0.190
  87 S   0.18828 0.18620 0.17206 0.13771 0.09948 0.07736 0.07001 0.06891 ( 1)  0.329
  88 Y   0.21370 0.21034 0.18792 0.13687 0.08637 0.06061 0.05268 0.05152 ( 1)  0.273
  89 L   0.20221 0.19943 0.18076 0.13727 0.09229 0.06817 0.06050 0.05937 ( 1)  0.298
  90 L   0.00020 0.01931 0.12532 0.23865 0.20671 0.15124 0.13082 0.12775 ( 4)  0.606
  91 N   0.25770 0.25128 0.21004 0.12717 0.06175 0.03563 0.02870 0.02773 ( 1)  0.187
  92 K   0.00000 0.00029 0.01552 0.10830 0.20736 0.22520 0.22210 0.22122 ( 6)  0.805
  93 L   0.20417 0.20130 0.18207 0.13736 0.09134 0.06681 0.05904 0.05790 ( 1)  0.294
  94 S   0.00009 0.00911 0.06502 0.16092 0.20145 0.19340 0.18569 0.18432 ( 5)  0.721
  95 G   0.24615 0.24069 0.20519 0.13105 0.06838 0.04149 0.03405 0.03300 ( 1)  0.208
  96 K   0.27390 0.26594 0.21577 0.12052 0.05253 0.02811 0.02203 0.02119 ( 1)  0.160
  97 N   0.00015 0.01388 0.09413 0.20241 0.20776 0.17209 0.15606 0.15353 ( 5)  0.662
  98 K   0.27390 0.26594 0.21577 0.12052 0.05253 0.02811 0.02203 0.02119 ( 1)  0.160
  99 G   0.21894 0.21529 0.19103 0.13644 0.08358 0.05727 0.04930 0.04814 ( 1)  0.262
 100 F   0.21187 0.20863 0.18693 0.13718 0.08739 0.06170 0.05374 0.05257 ( 1)  0.277
 101 S   0.19497 0.19258 0.17644 0.13785 0.09616 0.07279 0.06517 0.06404 ( 1)  0.314
 102 V   0.00011 0.01041 0.07304 0.17277 0.20356 0.18741 0.17720 0.17548 ( 5)  0.704
 103 A   0.00010 0.00956 0.06785 0.16545 0.20257 0.19121 0.18240 0.18087 ( 5)  0.715
 104 P   0.00000 0.00009 0.00556 0.05339 0.15953 0.24018 0.26850 0.27274 ( 8)  0.867
 105 T   0.24437 0.23902 0.20421 0.13133 0.06937 0.04256 0.03510 0.03404 ( 1)  0.212
 106 V   0.25002 0.24419 0.20649 0.12930 0.06610 0.03976 0.03257 0.03156 ( 1)  0.202
 107 Q   0.22689 0.22273 0.19528 0.13502 0.07915 0.05258 0.04474 0.04361 ( 1)  0.246
 108 S   0.19433 0.19197 0.17602 0.13783 0.09648 0.07323 0.06563 0.06450 ( 1)  0.315
 109 H   0.00011 0.01084 0.07573 0.17701 0.20465 0.18538 0.17408 0.17220 ( 5)  0.698
 110 T   0.21579 0.21231 0.18912 0.13664 0.08524 0.05931 0.05138 0.05022 ( 1)  0.269
 111 K   0.27187 0.26409 0.21500 0.12129 0.05368 0.02909 0.02291 0.02207 ( 1)  0.164
 112 G   0.22377 0.21984 0.19375 0.13577 0.08093 0.05432 0.04638 0.04524 ( 1)  0.252
 113 I   0.23414 0.22950 0.19908 0.13362 0.07511 0.04835 0.04065 0.03954 ( 1)  0.231
 114 W   0.17303 0.17159 0.16163 0.13654 0.10669 0.08813 0.08168 0.08070 ( 1)  0.365
 115 I   0.00021 0.02030 0.13078 0.24417 0.20596 0.14784 0.12693 0.12381 ( 4)  0.597
 116 W   0.17303 0.17159 0.16163 0.13654 0.10669 0.08813 0.08168 0.08070 ( 1)  0.365
 117 C   0.19086 0.18867 0.17379 0.13784 0.09823 0.07556 0.06808 0.06696 ( 1)  0.323
 118 M   0.00000 0.00021 0.01157 0.08882 0.19403 0.23161 0.23669 0.23707 ( 8)  0.826
 119 P   0.20712 0.20412 0.18397 0.13736 0.08984 0.06482 0.05696 0.05580 ( 1)  0.287
 120 H   0.24041 0.23532 0.20216 0.13212 0.07157 0.04485 0.03732 0.03625 ( 1)  0.219
 121 P   0.20099 0.19831 0.18019 0.13764 0.09304 0.06882 0.06108 0.05993 ( 1)  0.301
 122 N   0.00000 0.00000 0.00138 0.03579 0.15348 0.24793 0.27852 0.28290 ( 8)  0.884
 123 R   0.00000 0.00021 0.01149 0.08743 0.19131 0.23154 0.23864 0.23938 ( 8)  0.828
 124 P   0.20688 0.20390 0.18385 0.13740 0.08998 0.06496 0.05709 0.05594 ( 1)  0.288
 125 N   0.00000 0.00000 0.00119 0.03222 0.14691 0.24800 0.28324 0.28843 ( 8)  0.889
 126 H   0.23438 0.22972 0.19917 0.13351 0.07496 0.04824 0.04056 0.03946 ( 1)  0.231
 127 T   0.21954 0.21585 0.19128 0.13621 0.08321 0.05697 0.04904 0.04789 ( 1)  0.261
 128 L   0.18348 0.18159 0.16866 0.13712 0.10165 0.08084 0.07385 0.07280 ( 1)  0.341
 129 V   0.22968 0.22531 0.19662 0.13429 0.07755 0.05105 0.04331 0.04220 ( 1)  0.241
 130 L   0.20253 0.19975 0.18106 0.13742 0.09219 0.06789 0.06016 0.05902 ( 1)  0.297
 131 L   0.20776 0.20471 0.18430 0.13722 0.08948 0.06445 0.05662 0.05546 ( 1)  0.286
 132 D   0.25847 0.25198 0.21032 0.12686 0.06131 0.03527 0.02838 0.02742 ( 1)  0.186
 133 T   0.22436 0.22036 0.19393 0.13546 0.08055 0.05408 0.04620 0.04506 ( 1)  0.251
 134 E   0.26758 0.26019 0.21335 0.12288 0.05611 0.03117 0.02480 0.02392 ( 1)  0.171
 135 G   0.21879 0.21515 0.19095 0.13646 0.08367 0.05736 0.04939 0.04823 ( 1)  0.262
 136 L   0.20417 0.20130 0.18207 0.13736 0.09134 0.06681 0.05904 0.05790 ( 1)  0.294
 137 G   0.22634 0.22225 0.19516 0.13538 0.07952 0.05277 0.04486 0.04372 ( 1)  0.247
 138 D   0.26635 0.25915 0.21331 0.12385 0.05681 0.03148 0.02497 0.02408 ( 1)  0.173
 139 V   0.00011 0.01102 0.07683 0.17865 0.20492 0.18455 0.17293 0.17100 ( 5)  0.696
 140 E   0.27073 0.26306 0.21453 0.12167 0.05432 0.02967 0.02344 0.02259 ( 1)  0.166
 141 K   0.27390 0.26594 0.21577 0.12052 0.05253 0.02811 0.02203 0.02119 ( 1)  0.160
 142 A   0.00000 0.00010 0.00582 0.05598 0.16405 0.24025 0.26509 0.26871 ( 8)  0.863
 143 D   0.25847 0.25198 0.21032 0.12686 0.06131 0.03527 0.02838 0.02742 ( 1)  0.186
 144 N   0.00009 0.00837 0.06015 0.15242 0.19845 0.19720 0.19214 0.19118 ( 5)  0.733
 145 K   0.27390 0.26594 0.21577 0.12052 0.05253 0.02811 0.02203 0.02119 ( 1)  0.160
 146 N   0.00015 0.01480 0.09955 0.20930 0.20810 0.16831 0.15123 0.14856 ( 4)  0.652
 147 D   0.26662 0.25940 0.21345 0.12379 0.05665 0.03132 0.02483 0.02393 ( 1)  0.172
 148 I   0.00000 0.00004 0.00319 0.04139 0.15162 0.24446 0.27721 0.28208 ( 8)  0.880
 149 Q   0.00010 0.01001 0.07069 0.16985 0.20364 0.18908 0.17916 0.17746 ( 5)  0.709
 150 I   0.23329 0.22869 0.19855 0.13365 0.07556 0.04892 0.04122 0.04012 ( 1)  0.233
 151 F   0.21929 0.21562 0.19124 0.13641 0.08339 0.05705 0.04908 0.04792 ( 1)  0.261
 152 A   0.22716 0.22299 0.19547 0.13504 0.07902 0.05239 0.04454 0.04340 ( 1)  0.245
 153 L   0.20417 0.20130 0.18207 0.13736 0.09134 0.06681 0.05904 0.05790 ( 1)  0.294
 154 A   0.00010 0.00992 0.07008 0.16894 0.20346 0.18954 0.17982 0.17815 ( 5)  0.710
 155 L   0.00007 0.00708 0.05185 0.13831 0.19386 0.20365 0.20276 0.20243 ( 6)  0.752
 156 L   0.00005 0.00507 0.03834 0.11220 0.18146 0.21420 0.22367 0.22502 ( 8)  0.787
 157 L   0.20177 0.19901 0.18048 0.13726 0.09251 0.06847 0.06082 0.05969 ( 1)  0.299
 158 S   0.22610 0.22203 0.19509 0.13551 0.07968 0.05288 0.04493 0.04379 ( 1)  0.247
 159 S   0.22654 0.22243 0.19526 0.13535 0.07941 0.05266 0.04475 0.04361 ( 1)  0.246
 160 T   0.22261 0.21872 0.19297 0.13575 0.08152 0.05512 0.04722 0.04608 ( 1)  0.254
 161 F   0.00000 0.00001 0.00108 0.02415 0.12595 0.24544 0.29751 0.30586 ( 8)  0.903
 162 V   0.00008 0.00772 0.05724 0.15302 0.20306 0.19840 0.19093 0.18955 ( 5)  0.734
 163 Y   0.21305 0.20973 0.18755 0.13695 0.08672 0.06101 0.05307 0.05192 ( 1)  0.274
 164 N   0.26575 0.25861 0.21314 0.12415 0.05715 0.03173 0.02519 0.02429 ( 1)  0.174
 165 T   0.21685 0.21331 0.18974 0.13653 0.08467 0.05865 0.05071 0.04956 ( 1)  0.266
 166 M   0.00023 0.02192 0.13983 0.25383 0.20497 0.14202 0.12021 0.11699 ( 4)  0.582
 167 N   0.00015 0.01451 0.09791 0.20758 0.20836 0.16937 0.15239 0.14973 ( 5)  0.654
 168 K   0.00000 0.00023 0.01242 0.09313 0.19708 0.23020 0.23342 0.23351 ( 8)  0.821
 169 I   0.24047 0.23538 0.20221 0.13213 0.07154 0.04481 0.03727 0.03620 ( 1)  0.219
 170 D   0.26159 0.25481 0.21148 0.12564 0.05952 0.03378 0.02705 0.02612 ( 1)  0.181
 171 Q   0.22445 0.22044 0.19390 0.13532 0.08047 0.05408 0.04624 0.04511 ( 1)  0.251
 172 G   0.00011 0.01037 0.07297 0.17352 0.20462 0.18734 0.17645 0.17462 ( 5)  0.704
 173 A   0.22660 0.22246 0.19517 0.13513 0.07933 0.05272 0.04486 0.04373 ( 1)  0.246
 174 I   0.24048 0.23525 0.20134 0.13090 0.07136 0.04543 0.03813 0.03710 ( 1)  0.221
 175 D   0.25885 0.25230 0.21030 0.12650 0.06108 0.03520 0.02836 0.02741 ( 1)  0.186
 176 L   0.18920 0.18705 0.17245 0.13732 0.09885 0.07690 0.06966 0.06858 ( 1)  0.328
 177 L   0.20305 0.20025 0.18139 0.13742 0.09192 0.06753 0.05979 0.05864 ( 1)  0.296
 178 H   0.23412 0.22950 0.19915 0.13373 0.07514 0.04831 0.04058 0.03947 ( 1)  0.231
 179 N   0.00016 0.01498 0.10061 0.21050 0.20800 0.16760 0.15041 0.14773 ( 4)  0.650
 180 V   0.23858 0.23362 0.20122 0.13249 0.07258 0.04590 0.03834 0.03726 ( 1)  0.223
 181 T   0.22563 0.22156 0.19466 0.13532 0.07987 0.05329 0.04541 0.04427 ( 1)  0.248
 182 E   0.25697 0.25058 0.20953 0.12714 0.06214 0.03614 0.02923 0.02827 ( 1)  0.189
 183 L   0.20370 0.20085 0.18176 0.13733 0.09157 0.06714 0.05940 0.05826 ( 1)  0.295
 184 T   0.22528 0.22123 0.19446 0.13537 0.08007 0.05350 0.04561 0.04448 ( 1)  0.249
 185 D   0.26662 0.25940 0.21345 0.12379 0.05665 0.03132 0.02483 0.02393 ( 1)  0.172
 186 L   0.20417 0.20130 0.18207 0.13736 0.09134 0.06681 0.05904 0.05790 ( 1)  0.294
 187 L   0.20132 0.19861 0.18035 0.13753 0.09283 0.06865 0.06092 0.05978 ( 1)  0.300
 188 K   0.00000 0.00022 0.01200 0.09165 0.19709 0.23099 0.23401 0.23403 ( 8)  0.822
 189 A   0.22716 0.22299 0.19547 0.13504 0.07902 0.05239 0.04454 0.04340 ( 1)  0.245
 190 R   0.22789 0.22370 0.19603 0.13517 0.07868 0.05183 0.04392 0.04278 ( 1)  0.243
 191 T   0.00000 0.00000 0.00087 0.02579 0.13301 0.24704 0.29305 0.30023 ( 8)  0.899
 192 S   0.18678 0.18477 0.17103 0.13758 0.10018 0.07843 0.07116 0.07008 ( 1)  0.333
 193 P   0.00000 0.00000 0.00069 0.02182 0.12373 0.24604 0.29956 0.30816 ( 8)  0.905
 194 D   0.00000 0.00022 0.01222 0.09202 0.19606 0.23049 0.23439 0.23459 ( 8)  0.822
 195 L   0.20910 0.20598 0.18510 0.13710 0.08876 0.06360 0.05575 0.05460 ( 1)  0.283
 196 D   0.00015 0.01446 0.09744 0.20625 0.20759 0.16986 0.15341 0.15083 ( 5)  0.656
 197 G   0.00000 0.00019 0.01053 0.08366 0.19050 0.23333 0.24054 0.24124 ( 8)  0.831
 198 V   0.00000 0.00016 0.00882 0.07386 0.18156 0.23594 0.24900 0.25066 ( 8)  0.843
 199 E   0.25697 0.25058 0.20953 0.12714 0.06214 0.03614 0.02923 0.02827 ( 1)  0.189
 200 D   0.26645 0.25924 0.21336 0.12383 0.05675 0.03142 0.02492 0.02403 ( 1)  0.172
 201 A   0.00010 0.00948 0.06731 0.16464 0.20247 0.19164 0.18294 0.18143 ( 5)  0.716
 202 A   0.00010 0.00986 0.06975 0.16849 0.20342 0.18978 0.18012 0.17847 ( 5)  0.711
 203 D   0.00015 0.01432 0.09672 0.20576 0.20797 0.17027 0.15370 0.15110 ( 5)  0.657
 204 S   0.00000 0.00000 0.00050 0.01740 0.11178 0.24392 0.30788 0.31851 ( 8)  0.913
 205 E   0.00000 0.00000 0.00010 0.00961 0.09733 0.24425 0.31819 0.33053 ( 8)  0.924
 206 S   0.22808 0.22386 0.19600 0.13493 0.07853 0.05182 0.04396 0.04283 ( 1)  0.243
 207 F   0.21187 0.20863 0.18693 0.13718 0.08739 0.06170 0.05374 0.05257 ( 1)  0.277
 208 F   0.21886 0.21521 0.19099 0.13645 0.08362 0.05732 0.04935 0.04819 ( 1)  0.262
 209 P   0.20688 0.20390 0.18385 0.13740 0.08998 0.06496 0.05709 0.05594 ( 1)  0.288
 210 D   0.00016 0.01490 0.10017 0.21030 0.20835 0.16783 0.15050 0.14779 ( 4)  0.650
 211 L   0.17430 0.17280 0.16248 0.13660 0.10607 0.08725 0.08074 0.07975 ( 1)  0.362
 212 V   0.25002 0.24419 0.20649 0.12930 0.06610 0.03976 0.03257 0.03156 ( 1)  0.202
 213 W   0.17303 0.17159 0.16163 0.13654 0.10669 0.08813 0.08168 0.08070 ( 1)  0.365
 214 T   0.22473 0.22072 0.19416 0.13546 0.08037 0.05383 0.04594 0.04480 ( 1)  0.250
 215 L   0.20287 0.20008 0.18129 0.13744 0.09202 0.06765 0.05990 0.05876 ( 1)  0.297
 216 R   0.22789 0.22370 0.19603 0.13517 0.07868 0.05183 0.04392 0.04278 ( 1)  0.243
 217 D   0.26543 0.25829 0.21287 0.12409 0.05733 0.03198 0.02545 0.02455 ( 1)  0.174
 218 F   0.21421 0.21083 0.18826 0.13689 0.08611 0.06025 0.05230 0.05114 ( 1)  0.272
 219 C   0.00005 0.00529 0.04014 0.11752 0.18618 0.21283 0.21863 0.21934 ( 8)  0.780
 220 L   0.17498 0.17344 0.16288 0.13652 0.10568 0.08682 0.08033 0.07935 ( 1)  0.361
 221 G   0.00000 0.00000 0.00075 0.02309 0.12640 0.24621 0.29767 0.30588 ( 8)  0.903
 222 L   0.20281 0.20002 0.18125 0.13744 0.09205 0.06769 0.05994 0.05880 ( 1)  0.297
 223 E   0.25697 0.25058 0.20953 0.12714 0.06214 0.03614 0.02923 0.02827 ( 1)  0.189
 224 K   0.00000 0.00028 0.01501 0.10633 0.20676 0.22604 0.22322 0.22237 ( 6)  0.807
 225 D   0.00016 0.01569 0.10461 0.21489 0.20768 0.16501 0.14735 0.14461 ( 4)  0.643
 226 G   0.24842 0.24280 0.20630 0.13049 0.06710 0.04023 0.03285 0.03182 ( 1)  0.204
 227 Q   0.00009 0.00843 0.06069 0.15407 0.19976 0.19670 0.19069 0.18957 ( 5)  0.731
 228 L   0.20644 0.20346 0.18349 0.13729 0.09017 0.06531 0.05749 0.05634 ( 1)  0.289
 229 I   0.00011 0.01021 0.07186 0.17151 0.20385 0.18822 0.17799 0.17626 ( 5)  0.706
 230 T   0.22528 0.22123 0.19446 0.13537 0.08007 0.05350 0.04561 0.04448 ( 1)  0.249
 231 A   0.00010 0.00954 0.06771 0.16526 0.20261 0.19134 0.18249 0.18096 ( 5)  0.715
 232 D   0.00017 0.01636 0.10856 0.22005 0.20801 0.16221 0.14374 0.14090 ( 4)  0.635
 233 A   0.00014 0.01315 0.08968 0.19603 0.20673 0.17534 0.16063 0.15829 ( 5)  0.671
 234 Y   0.21454 0.21114 0.18843 0.13682 0.08593 0.06007 0.05212 0.05097 ( 1)  0.271
 235 L   0.20417 0.20130 0.18207 0.13736 0.09134 0.06681 0.05904 0.05790 ( 1)  0.294
 236 E   0.00019 0.01798 0.11772 0.23004 0.20719 0.15627 0.13678 0.13382 ( 4)  0.619
 237 N   0.26600 0.25884 0.21327 0.12409 0.05701 0.03159 0.02505 0.02415 ( 1)  0.173
 238 S   0.18545 0.18350 0.17015 0.13753 0.10084 0.07934 0.07213 0.07105 ( 1)  0.336
 239 L   0.20198 0.19923 0.18073 0.13746 0.09248 0.06824 0.06051 0.05937 ( 1)  0.299
 240 R   0.00014 0.01321 0.09038 0.19860 0.20858 0.17451 0.15856 0.15602 ( 5)  0.668
 241 P   0.00008 0.00760 0.05535 0.14514 0.19703 0.20084 0.19735 0.19661 ( 6)  0.743
 242 K   0.27390 0.26594 0.21577 0.12052 0.05253 0.02811 0.02203 0.02119 ( 1)  0.160
 243 Q   0.00008 0.00806 0.05815 0.14888 0.19725 0.19881 0.19479 0.19398 ( 6)  0.737
 244 G   0.22799 0.22379 0.19606 0.13512 0.07862 0.05178 0.04388 0.04275 ( 1)  0.243
 245 S   0.00011 0.01076 0.07537 0.17721 0.20543 0.18553 0.17378 0.17182 ( 5)  0.698
 246 D   0.00000 0.00025 0.01332 0.09734 0.19964 0.22874 0.23043 0.23029 ( 7)  0.817
 247 Q   0.21406 0.21068 0.18810 0.13678 0.08615 0.06040 0.05249 0.05134 ( 1)  0.272
 248 R   0.00010 0.00942 0.06703 0.16447 0.20271 0.19181 0.18300 0.18146 ( 5)  0.716
 249 V   0.00011 0.01076 0.07522 0.17610 0.20433 0.18579 0.17476 0.17292 ( 5)  0.700
 250 Q   0.00009 0.00876 0.06277 0.15716 0.20029 0.19513 0.18849 0.18729 ( 5)  0.726
 251 N   0.00017 0.01644 0.10914 0.22107 0.20831 0.16174 0.14300 0.14012 ( 4)  0.634
 252 F   0.21187 0.20863 0.18693 0.13718 0.08739 0.06170 0.05374 0.05257 ( 1)  0.277
 253 N   0.00017 0.01646 0.10924 0.22128 0.20840 0.16165 0.14285 0.13996 ( 4)  0.634
 254 L   0.18537 0.18341 0.17006 0.13748 0.10086 0.07942 0.07224 0.07116 ( 1)  0.336
 255 P   0.19881 0.19624 0.17884 0.13773 0.09417 0.07025 0.06255 0.06141 ( 1)  0.305
 256 R   0.20757 0.20456 0.18434 0.13750 0.08967 0.06445 0.05654 0.05537 ( 1)  0.286
 257 L   0.19587 0.19342 0.17690 0.13765 0.09563 0.07227 0.06469 0.06357 ( 1)  0.312
 258 C   0.19030 0.18813 0.17340 0.13779 0.09850 0.07597 0.06852 0.06740 ( 1)  0.324
 259 I   0.27005 0.26254 0.21484 0.12261 0.05470 0.02961 0.02326 0.02239 ( 1)  0.166
 260 Q   0.22689 0.22273 0.19528 0.13502 0.07915 0.05258 0.04474 0.04361 ( 1)  0.246
 261 K   0.27390 0.26594 0.21577 0.12052 0.05253 0.02811 0.02203 0.02119 ( 1)  0.160
 262 F   0.21233 0.20905 0.18712 0.13702 0.08711 0.06146 0.05354 0.05238 ( 1)  0.276
 263 F   0.21853 0.21490 0.19076 0.13641 0.08378 0.05756 0.04961 0.04845 ( 1)  0.263
 264 P   0.20632 0.20336 0.18350 0.13743 0.09027 0.06532 0.05747 0.05631 ( 1)  0.289
 265 K   0.00016 0.01565 0.10451 0.21542 0.20823 0.16490 0.14696 0.14417 ( 4)  0.642
 266 K   0.27390 0.26594 0.21577 0.12052 0.05253 0.02811 0.02203 0.02119 ( 1)  0.160
 267 K   0.25658 0.25022 0.20941 0.12733 0.06238 0.03631 0.02937 0.02840 ( 1)  0.190
 268 C   0.18489 0.18297 0.16982 0.13759 0.10115 0.07969 0.07248 0.07140 ( 1)  0.337
 269 F   0.21929 0.21562 0.19124 0.13641 0.08339 0.05705 0.04908 0.04792 ( 1)  0.261
 270 I   0.23315 0.22858 0.19859 0.13385 0.07567 0.04891 0.04118 0.04007 ( 1)  0.233
 271 F   0.21929 0.21562 0.19124 0.13641 0.08339 0.05705 0.04908 0.04792 ( 1)  0.261
 272 D   0.25880 0.25226 0.21032 0.12657 0.06111 0.03520 0.02835 0.02740 ( 1)  0.186
 273 L   0.00000 0.00006 0.00361 0.03945 0.14085 0.24152 0.28387 0.29064 ( 8)  0.885
 274 P   0.20565 0.20273 0.18309 0.13747 0.09063 0.06576 0.05791 0.05675 ( 1)  0.290
 275 A   0.00000 0.00015 0.00862 0.07269 0.18054 0.23626 0.24999 0.25175 ( 8)  0.844
 276 H   0.00000 0.00016 0.00923 0.07624 0.18387 0.23535 0.24688 0.24827 ( 8)  0.840
 277 Q   0.00008 0.00804 0.05811 0.14938 0.19791 0.19874 0.19431 0.19344 ( 6)  0.737
 278 K   0.27156 0.26382 0.21490 0.12142 0.05385 0.02923 0.02303 0.02219 ( 1)  0.164
 279 K   0.26793 0.26054 0.21365 0.12294 0.05591 0.03089 0.02451 0.02363 ( 1)  0.170
 280 L   0.20910 0.20598 0.18510 0.13710 0.08876 0.06360 0.05575 0.05460 ( 1)  0.283
 281 A   0.21761 0.21402 0.19016 0.13641 0.08425 0.05819 0.05026 0.04911 ( 1)  0.265
 282 Q   0.00000 0.00015 0.00876 0.07344 0.18107 0.23601 0.24942 0.25114 ( 8)  0.843
 283 L   0.20910 0.20598 0.18510 0.13710 0.08876 0.06360 0.05575 0.05460 ( 1)  0.283
 284 E   0.26662 0.25932 0.21300 0.12324 0.05664 0.03163 0.02521 0.02433 ( 1)  0.173
 285 T   0.22528 0.22123 0.19446 0.13537 0.08007 0.05350 0.04561 0.04448 ( 1)  0.249
 286 L   0.20417 0.20130 0.18207 0.13736 0.09134 0.06681 0.05904 0.05790 ( 1)  0.294
 287 P   0.00010 0.00970 0.06868 0.16641 0.20249 0.19064 0.18175 0.18022 ( 5)  0.713
 288 D   0.26662 0.25940 0.21345 0.12379 0.05665 0.03132 0.02483 0.02393 ( 1)  0.172
 289 D   0.00017 0.01634 0.10851 0.22029 0.20831 0.16217 0.14354 0.14067 ( 4)  0.635
 290 E   0.27206 0.26426 0.21500 0.12113 0.05357 0.02905 0.02289 0.02204 ( 1)  0.164
 291 L   0.19024 0.18805 0.17324 0.13756 0.09843 0.07610 0.06874 0.06764 ( 1)  0.325
 292 E   0.00018 0.01697 0.11214 0.22440 0.20806 0.15977 0.14070 0.13777 ( 4)  0.629
 293 S   0.00000 0.00000 0.00052 0.01783 0.11321 0.24431 0.30689 0.31723 ( 8)  0.912
 294 E   0.25697 0.25058 0.20953 0.12714 0.06214 0.03614 0.02923 0.02827 ( 1)  0.189
 295 F   0.21929 0.21562 0.19124 0.13641 0.08339 0.05705 0.04908 0.04792 ( 1)  0.261
 296 V   0.00000 0.00014 0.00793 0.06833 0.17588 0.23719 0.25412 0.25642 ( 8)  0.849
 297 Q   0.21728 0.21368 0.18974 0.13606 0.08432 0.05857 0.05075 0.04961 ( 1)  0.266
 298 Q   0.21493 0.21148 0.18848 0.13650 0.08563 0.05995 0.05209 0.05094 ( 1)  0.271
 299 V   0.25002 0.24419 0.20649 0.12930 0.06610 0.03976 0.03257 0.03156 ( 1)  0.202
 300 A   0.00000 0.00015 0.00831 0.07077 0.17844 0.23665 0.25184 0.25385 ( 8)  0.846
 301 E   0.25697 0.25058 0.20953 0.12714 0.06214 0.03614 0.02923 0.02827 ( 1)  0.189
 302 F   0.21187 0.20863 0.18693 0.13718 0.08739 0.06170 0.05374 0.05257 ( 1)  0.277
 303 C   0.00006 0.00622 0.04631 0.12908 0.19113 0.20796 0.20959 0.20965 ( 8)  0.765
 304 S   0.18891 0.18680 0.17247 0.13771 0.09917 0.07694 0.06956 0.06845 ( 1)  0.328
 305 Y   0.21305 0.20973 0.18755 0.13695 0.08672 0.06101 0.05307 0.05192 ( 1)  0.274
 306 I   0.23315 0.22858 0.19859 0.13385 0.07567 0.04891 0.04118 0.04007 ( 1)  0.233
 307 F   0.21265 0.20936 0.18737 0.13708 0.08696 0.06122 0.05326 0.05210 ( 1)  0.275
 308 S   0.23125 0.22684 0.19780 0.13453 0.07680 0.04986 0.04202 0.04089 ( 1)  0.237
 309 H   0.00000 0.00017 0.00958 0.07797 0.18488 0.23469 0.24569 0.24701 ( 8)  0.838
 310 S   0.00007 0.00639 0.04746 0.13122 0.19201 0.20704 0.20794 0.20787 ( 7)  0.762
 311 M   0.29436 0.28427 0.22187 0.11098 0.04107 0.01933 0.01439 0.01373 ( 1)  0.128
 312 T   0.00010 0.00984 0.06950 0.16746 0.20254 0.19007 0.18102 0.17946 ( 5)  0.712
 313 K   0.27167 0.26392 0.21491 0.12134 0.05379 0.02920 0.02301 0.02216 ( 1)  0.164
 314 T   0.22490 0.22087 0.19426 0.13543 0.08028 0.05373 0.04584 0.04470 ( 1)  0.250
 315 L   0.20925 0.20612 0.18519 0.13710 0.08869 0.06350 0.05565 0.05450 ( 1)  0.283
 316 P   0.20634 0.20338 0.18351 0.13743 0.09027 0.06532 0.05746 0.05630 ( 1)  0.289
 317 G   0.00011 0.01015 0.07159 0.17158 0.20435 0.18834 0.17783 0.17605 ( 5)  0.706
 318 G   0.00010 0.00951 0.06743 0.16424 0.20173 0.19162 0.18340 0.18197 ( 5)  0.716
 319 I   0.23603 0.23125 0.19998 0.13312 0.07403 0.04732 0.03968 0.03858 ( 1)  0.228
 320 E   0.00000 0.00000 0.00017 0.01423 0.11556 0.24873 0.30612 0.31520 ( 8)  0.914
 321 V   0.22065 0.21686 0.19173 0.13577 0.08252 0.05643 0.04859 0.04745 ( 1)  0.259
 322 N   0.00016 0.01510 0.10126 0.21133 0.20804 0.16715 0.14984 0.14714 ( 4)  0.648
 323 G   0.22846 0.22422 0.19625 0.13494 0.07833 0.05155 0.04369 0.04255 ( 1)  0.242
 324 S   0.00007 0.00679 0.05005 0.13586 0.19379 0.20501 0.20437 0.20407 ( 6)  0.755
 325 R   0.00008 0.00770 0.05605 0.14644 0.19759 0.20029 0.19633 0.19551 ( 6)  0.741
 326 L   0.19060 0.18840 0.17348 0.13757 0.09825 0.07585 0.06847 0.06737 ( 1)  0.324
 327 K   0.27411 0.26614 0.21585 0.12044 0.05241 0.02801 0.02194 0.02111 ( 1)  0.160
 328 N   0.25790 0.25146 0.21013 0.12711 0.06164 0.03552 0.02860 0.02764 ( 1)  0.187
 329 L   0.20087 0.19817 0.17997 0.13738 0.09300 0.06902 0.06136 0.06022 ( 1)  0.301
 330 V   0.25022 0.24437 0.20658 0.12925 0.06599 0.03965 0.03247 0.03146 ( 1)  0.201
 331 L   0.00000 0.00015 0.00841 0.07118 0.17853 0.23643 0.25164 0.25367 ( 8)  0.846
 332 T   0.00007 0.00648 0.04834 0.13427 0.19458 0.20617 0.20523 0.20486 ( 6)  0.758
 333 Y   0.22185 0.21801 0.19260 0.13593 0.08196 0.05555 0.04763 0.04648 ( 1)  0.256
 334 V   0.22065 0.21686 0.19173 0.13577 0.08252 0.05643 0.04859 0.04745 ( 1)  0.259
 335 N   0.00000 0.00028 0.01480 0.10533 0.20620 0.22640 0.22390 0.22310 ( 6)  0.808
 336 G   0.00009 0.00869 0.06234 0.15670 0.20041 0.19544 0.18877 0.18756 ( 5)  0.727
 337 I   0.23333 0.22875 0.19868 0.13382 0.07557 0.04881 0.04108 0.03997 ( 1)  0.233
 338 S   0.00009 0.00827 0.05986 0.15359 0.20041 0.19719 0.19088 0.18970 ( 5)  0.731
 339 S   0.23492 0.23028 0.19977 0.13389 0.07476 0.04769 0.03990 0.03878 ( 1)  0.229
 340 G   0.00004 0.00358 0.03244 0.12024 0.20080 0.21611 0.21375 0.21304 ( 6)  0.781
 341 D   0.00000 0.00028 0.01515 0.10737 0.20804 0.22584 0.22216 0.22116 ( 6)  0.805
 342 L   0.20733 0.20431 0.18402 0.13721 0.08969 0.06474 0.05692 0.05577 ( 1)  0.287
 343 P   0.00008 0.00731 0.05347 0.14189 0.19594 0.20232 0.19980 0.19921 ( 6)  0.747
 344 C   0.00000 0.00012 0.00705 0.06312 0.17079 0.23846 0.25880 0.26167 ( 8)  0.855
 345 M   0.00000 0.00038 0.01963 0.12710 0.21855 0.21865 0.20879 0.20691 ( 6)  0.785
 346 E   0.27422 0.26622 0.21581 0.12031 0.05235 0.02801 0.02196 0.02113 ( 1)  0.160
 347 N   0.25880 0.25228 0.21044 0.12673 0.06112 0.03511 0.02824 0.02728 ( 1)  0.186
 348 T   0.00000 0.00014 0.00821 0.07022 0.17811 0.23686 0.25222 0.25425 ( 8)  0.847
 349 V   0.00009 0.00861 0.06177 0.15551 0.19980 0.19590 0.18972 0.18859 ( 5)  0.728
 350 L   0.20475 0.20186 0.18244 0.13734 0.09103 0.06642 0.05865 0.05750 ( 1)  0.292
 351 A   0.00009 0.00881 0.06311 0.15801 0.20085 0.19484 0.18778 0.18650 ( 5)  0.725
 352 L   0.18574 0.18377 0.17032 0.13752 0.10069 0.07915 0.07195 0.07087 ( 1)  0.335
 353 A   0.00009 0.00895 0.06404 0.15953 0.20128 0.19413 0.18666 0.18532 ( 5)  0.723
 354 Q   0.22448 0.22045 0.19386 0.13523 0.08044 0.05411 0.04628 0.04515 ( 1)  0.251
 355 I   0.00000 0.00000 0.00011 0.01028 0.09981 0.24476 0.31655 0.32849 ( 8)  0.923
 356 E   0.27422 0.26622 0.21581 0.12031 0.05235 0.02801 0.02196 0.02113 ( 1)  0.160
 357 N   0.25952 0.25289 0.21046 0.12613 0.06069 0.03494 0.02815 0.02721 ( 1)  0.185
 358 S   0.00006 0.00622 0.04627 0.12886 0.19086 0.20799 0.20983 0.20992 ( 8)  0.765
 359 A   0.22524 0.22119 0.19442 0.13534 0.08008 0.05354 0.04567 0.04453 ( 1)  0.249
 360 A   0.00010 0.01006 0.07097 0.17040 0.20387 0.18885 0.17873 0.17701 ( 5)  0.708
 361 V   0.24809 0.24242 0.20567 0.12990 0.06719 0.04075 0.03350 0.03248 ( 1)  0.205
 362 Q   0.21422 0.21082 0.18819 0.13676 0.08607 0.06031 0.05239 0.05124 ( 1)  0.272
 363 K   0.27411 0.26614 0.21585 0.12044 0.05241 0.02801 0.02194 0.02111 ( 1)  0.160
 364 A   0.21782 0.21422 0.19028 0.13639 0.08414 0.05806 0.05013 0.04898 ( 1)  0.264
 365 I   0.00000 0.00000 0.00111 0.03078 0.14402 0.24789 0.28530 0.29089 ( 8)  0.891
 366 A   0.21944 0.21574 0.19118 0.13616 0.08325 0.05707 0.04916 0.04801 ( 1)  0.261
 367 H   0.00000 0.00015 0.00879 0.07369 0.18151 0.23601 0.24909 0.25075 ( 8)  0.843
 368 Y   0.21805 0.21444 0.19042 0.13638 0.08402 0.05790 0.04997 0.04882 ( 1)  0.264
 369 D   0.00015 0.01443 0.09734 0.20642 0.20793 0.16988 0.15323 0.15062 ( 5)  0.656
 370 Q   0.00000 0.00014 0.00789 0.06803 0.17534 0.23716 0.25453 0.25691 ( 8)  0.850
 371 Q   0.00010 0.00969 0.06862 0.16658 0.20282 0.19066 0.18155 0.17998 ( 5)  0.713
 372 M   0.29436 0.28427 0.22187 0.11098 0.04107 0.01933 0.01439 0.01373 ( 1)  0.128
 373 G   0.00010 0.00933 0.06646 0.16362 0.20257 0.19224 0.18360 0.18208 ( 5)  0.717
 374 Q   0.22706 0.22289 0.19538 0.13499 0.07906 0.05248 0.04464 0.04351 ( 1)  0.245
 375 K   0.27175 0.26399 0.21497 0.12134 0.05374 0.02914 0.02296 0.02211 ( 1)  0.164
 376 V   0.00013 0.01281 0.08770 0.19374 0.20689 0.17669 0.16218 0.15986 ( 5)  0.674
 377 Q   0.22706 0.22289 0.19538 0.13499 0.07906 0.05248 0.04464 0.04351 ( 1)  0.245
 378 L   0.20431 0.20144 0.18216 0.13736 0.09127 0.06672 0.05895 0.05781 ( 1)  0.293
 379 P   0.19963 0.19702 0.17935 0.13770 0.09375 0.06971 0.06199 0.06085 ( 1)  0.304
 380 T   0.00000 0.00015 0.00875 0.07303 0.17997 0.23588 0.25017 0.25205 ( 8)  0.844
 381 E   0.26237 0.25547 0.21144 0.12491 0.05905 0.03364 0.02702 0.02610 ( 1)  0.180
 382 T   0.21722 0.21366 0.18993 0.13644 0.08445 0.05843 0.05051 0.04936 ( 1)  0.266
 383 L   0.00008 0.00768 0.05588 0.14592 0.19716 0.20044 0.19680 0.19604 ( 6)  0.742
 384 Q   0.00010 0.00933 0.06638 0.16315 0.20208 0.19235 0.18404 0.18258 ( 5)  0.718
 385 E   0.27228 0.26445 0.21508 0.12104 0.05345 0.02895 0.02280 0.02195 ( 1)  0.163
 386 L   0.20431 0.20144 0.18216 0.13736 0.09127 0.06672 0.05895 0.05781 ( 1)  0.293
 387 L   0.20295 0.20015 0.18134 0.13744 0.09198 0.06759 0.05985 0.05870 ( 1)  0.296
 388 D   0.00000 0.00019 0.01052 0.08326 0.18958 0.23327 0.24118 0.24200 ( 8)  0.832
 389 L   0.20063 0.19794 0.17978 0.13731 0.09310 0.06921 0.06158 0.06045 ( 1)  0.302
 390 H   0.23462 0.22994 0.19926 0.13341 0.07481 0.04813 0.04046 0.03936 ( 1)  0.231
 391 R   0.00000 0.00000 0.00003 0.00406 0.06814 0.23303 0.33793 0.35680 ( 8)  0.940
 392 A   0.00000 0.00000 0.00081 0.02439 0.13001 0.24684 0.29517 0.30278 ( 8)  0.901
 393 S   0.00010 0.01000 0.07070 0.17045 0.20436 0.18898 0.17859 0.17682 ( 5)  0.708
 394 E   0.25009 0.24421 0.20630 0.12893 0.06598 0.03989 0.03279 0.03180 ( 1)  0.202
 395 R   0.00010 0.00976 0.06909 0.16748 0.20318 0.19027 0.18087 0.17925 ( 5)  0.712
 396 E   0.00012 0.01183 0.08174 0.18532 0.20566 0.18103 0.16819 0.16610 ( 5)  0.686
 397 A   0.20036 0.19770 0.17976 0.13759 0.09334 0.06927 0.06156 0.06042 ( 1)  0.302
 398 I   0.22128 0.21746 0.19212 0.13573 0.08218 0.05602 0.04817 0.04703 ( 1)  0.257
 399 D   0.00011 0.01101 0.07674 0.17829 0.20464 0.18466 0.17323 0.17133 ( 5)  0.697
 400 V   0.00000 0.00011 0.00643 0.05897 0.16580 0.23911 0.26304 0.26654 ( 8)  0.860
 401 F   0.19605 0.19360 0.17705 0.13769 0.09555 0.07213 0.06453 0.06340 ( 1)  0.312
 402 I   0.00000 0.00022 0.01212 0.09200 0.19674 0.23067 0.23407 0.23418 ( 8)  0.822
 403 K   0.23451 0.22981 0.19903 0.13316 0.07481 0.04833 0.04072 0.03963 ( 1)  0.231
 404 N   0.23532 0.23059 0.19959 0.13322 0.07441 0.04775 0.04011 0.03901 ( 1)  0.229
 405 S   0.19509 0.19270 0.17652 0.13785 0.09610 0.07271 0.06508 0.06395 ( 1)  0.314
 406 F   0.21202 0.20877 0.18702 0.13717 0.08731 0.06160 0.05364 0.05247 ( 1)  0.276
 407 K   0.00013 0.01270 0.08698 0.19249 0.20645 0.17725 0.16313 0.16087 ( 5)  0.676
 408 D   0.24338 0.23806 0.20347 0.13118 0.06984 0.04331 0.03591 0.03486 ( 1)  0.214
 409 V   0.00009 0.00841 0.06032 0.15219 0.19796 0.19717 0.19239 0.19148 ( 5)  0.733
 410 D   0.23601 0.23123 0.19991 0.13302 0.07400 0.04738 0.03977 0.03868 ( 1)  0.228
 411 Q   0.19742 0.19491 0.17790 0.13764 0.09483 0.07123 0.06360 0.06247 ( 1)  0.309
 412 S   0.00000 0.00014 0.00795 0.06827 0.17540 0.23705 0.25440 0.25679 ( 8)  0.849
 413 F   0.19557 0.19316 0.17681 0.13782 0.09584 0.07239 0.06477 0.06363 ( 1)  0.312
 414 Q   0.20830 0.20523 0.18461 0.13713 0.08917 0.06412 0.05629 0.05514 ( 1)  0.285
 415 K   0.24086 0.23567 0.20192 0.13130 0.07117 0.04495 0.03759 0.03654 ( 1)  0.219
 416 E   0.23464 0.22993 0.19908 0.13310 0.07473 0.04827 0.04067 0.03959 ( 1)  0.231
 417 L   0.16917 0.16786 0.15882 0.13590 0.10835 0.09099 0.08491 0.08399 ( 1)  0.375
 418 E   0.00012 0.01170 0.08102 0.18460 0.20585 0.18150 0.16865 0.16655 ( 5)  0.688
 419 T   0.00008 0.00727 0.05321 0.14142 0.19576 0.20252 0.20016 0.19959 ( 6)  0.748
 420 L   0.17764 0.17600 0.16475 0.13682 0.10447 0.08491 0.07821 0.07720 ( 1)  0.354
 421 L   0.17916 0.17746 0.16579 0.13694 0.10375 0.08383 0.07705 0.07603 ( 1)  0.351
 422 D   0.24338 0.23806 0.20347 0.13118 0.06984 0.04331 0.03591 0.03486 ( 1)  0.214
 423 A   0.00007 0.00715 0.05236 0.13965 0.19481 0.20321 0.20160 0.20115 ( 6)  0.750
 424 K   0.24709 0.24144 0.20491 0.12976 0.06768 0.04151 0.03432 0.03330 ( 1)  0.208
 425 R   0.00000 0.00000 0.00065 0.02085 0.12107 0.24556 0.30141 0.31046 ( 8)  0.907
 426 N   0.00000 0.00015 0.00868 0.07292 0.18050 0.23611 0.24993 0.25171 ( 8)  0.844
 427 D   0.23600 0.23122 0.19991 0.13303 0.07401 0.04738 0.03977 0.03868 ( 1)  0.228
 428 I   0.22016 0.21640 0.19143 0.13580 0.08277 0.05675 0.04891 0.04778 ( 1)  0.260
 429 C   0.17765 0.17602 0.16484 0.13700 0.10456 0.08483 0.07806 0.07704 ( 1)  0.354
 430 K   0.23429 0.22961 0.19894 0.13324 0.07494 0.04844 0.04082 0.03973 ( 1)  0.232
 431 Q   0.00000 0.00000 0.00061 0.01986 0.11838 0.24506 0.30329 0.31280 ( 8)  0.909
 432 N   0.23532 0.23059 0.19959 0.13322 0.07441 0.04775 0.04011 0.03902 ( 1)  0.229
 433 L   0.00000 0.00000 0.00022 0.00993 0.08766 0.23736 0.32469 0.34013 ( 8)  0.928
 434 E   0.23639 0.23152 0.19977 0.13243 0.07370 0.04742 0.03992 0.03885 ( 1)  0.228
 435 A   0.20855 0.20546 0.18479 0.13718 0.08906 0.06394 0.05609 0.05494 ( 1)  0.284
 436 S   0.17474 0.17322 0.16280 0.13667 0.10588 0.08693 0.08038 0.07939 ( 1)  0.361
 437 S   0.00000 0.00007 0.00446 0.04555 0.14915 0.24100 0.27707 0.28271 ( 8)  0.877
 438 D   0.24338 0.23806 0.20347 0.13118 0.06984 0.04331 0.03591 0.03486 ( 1)  0.214
 439 R   0.00000 0.00009 0.00559 0.05356 0.15976 0.24016 0.26831 0.27252 ( 8)  0.867
 440 C   0.17325 0.17180 0.16179 0.13657 0.10660 0.08797 0.08150 0.08052 ( 1)  0.364
 441 S   0.00000 0.00000 0.00044 0.01571 0.10640 0.24250 0.31163 0.32332 ( 8)  0.916
 442 A   0.00008 0.00760 0.05533 0.14500 0.19688 0.20087 0.19748 0.19676 ( 6)  0.743
 443 L   0.16543 0.16425 0.15611 0.13534 0.10998 0.09375 0.08801 0.08713 ( 1)  0.384
 444 L   0.19326 0.19094 0.17519 0.13757 0.09690 0.07406 0.06660 0.06548 ( 1)  0.318
 445 K   0.00000 0.00014 0.00805 0.06912 0.17663 0.23698 0.25343 0.25565 ( 8)  0.848
 446 D   0.24338 0.23806 0.20347 0.13118 0.06984 0.04331 0.03591 0.03486 ( 1)  0.214
 447 I   0.00009 0.00848 0.06100 0.15436 0.19960 0.19649 0.19054 0.18944 ( 5)  0.730
 448 F   0.20184 0.19911 0.18078 0.13771 0.09264 0.06822 0.06042 0.05927 ( 1)  0.299
 449 G   0.00008 0.00778 0.05651 0.14720 0.19780 0.19994 0.19577 0.19493 ( 6)  0.740
 450 P   0.00006 0.00613 0.04569 0.12774 0.19036 0.20845 0.21071 0.21086 ( 8)  0.766
 451 V   0.00006 0.00550 0.04142 0.11952 0.18658 0.21182 0.21722 0.21788 ( 8)  0.778
 452 E   0.23464 0.22993 0.19907 0.13310 0.07473 0.04827 0.04067 0.03959 ( 1)  0.231
 453 E   0.23464 0.22993 0.19907 0.13310 0.07473 0.04827 0.04067 0.03959 ( 1)  0.231
 454 A   0.00007 0.00709 0.05197 0.13898 0.19457 0.20351 0.20211 0.20170 ( 6)  0.751
 455 V   0.22844 0.22414 0.19583 0.13430 0.07818 0.05188 0.04417 0.04306 ( 1)  0.243
 456 K   0.00012 0.01159 0.08010 0.18221 0.20441 0.18238 0.17056 0.16862 ( 5)  0.691
 457 Q   0.00007 0.00657 0.04854 0.13278 0.19220 0.20621 0.20686 0.20677 ( 7)  0.760
 458 G   0.21699 0.21344 0.18981 0.13648 0.08458 0.05857 0.05064 0.04949 ( 1)  0.266
 459 I   0.22128 0.21746 0.19212 0.13573 0.08218 0.05602 0.04817 0.04703 ( 1)  0.257
 460 Y   0.20397 0.20113 0.18204 0.13751 0.09149 0.06687 0.05907 0.05792 ( 1)  0.294
 461 S   0.00006 0.00577 0.04329 0.12328 0.18849 0.21035 0.21418 0.21458 ( 8)  0.772
 462 K   0.00012 0.01175 0.08106 0.18358 0.20460 0.18166 0.16960 0.16763 ( 5)  0.689
 463 P   0.19141 0.18918 0.17405 0.13767 0.09788 0.07527 0.06783 0.06672 ( 1)  0.322
 464 G   0.21052 0.20735 0.18608 0.13723 0.08809 0.06259 0.05465 0.05349 ( 1)  0.280
 465 G   0.20198 0.19925 0.18084 0.13763 0.09252 0.06815 0.06039 0.05924 ( 1)  0.298
 466 H   0.22097 0.21717 0.19199 0.13585 0.08237 0.05618 0.04831 0.04717 ( 1)  0.258
 467 N   0.00000 0.00015 0.00864 0.07277 0.18047 0.23619 0.25000 0.25177 ( 8)  0.844
 468 L   0.18689 0.18486 0.17102 0.13743 0.10006 0.07841 0.07120 0.07012 ( 1)  0.333
 469 F   0.00007 0.00663 0.04904 0.13395 0.19295 0.20580 0.20587 0.20568 ( 7)  0.758
 470 I   0.22128 0.21746 0.19212 0.13573 0.08218 0.05602 0.04817 0.04703 ( 1)  0.257
 471 Q   0.00007 0.00692 0.05089 0.13727 0.19419 0.20435 0.20334 0.20298 ( 6)  0.754
 472 K   0.24086 0.23567 0.20192 0.13130 0.07117 0.04495 0.03759 0.03654 ( 1)  0.219
 473 M   0.00005 0.00503 0.03881 0.11737 0.18854 0.21371 0.21802 0.21846 ( 8)  0.781
 474 E   0.23464 0.22993 0.19907 0.13310 0.07473 0.04827 0.04067 0.03959 ( 1)  0.231
 475 E   0.24716 0.24150 0.20488 0.12965 0.06762 0.04152 0.03434 0.03333 ( 1)  0.208
 476 L   0.18914 0.18701 0.17248 0.13746 0.09893 0.07688 0.06959 0.06850 ( 1)  0.327
 477 K   0.25001 0.24415 0.20632 0.12904 0.06604 0.03989 0.03277 0.03177 ( 1)  0.202
 478 A   0.00008 0.00762 0.05544 0.14515 0.19688 0.20078 0.19739 0.19666 ( 6)  0.743
 479 K   0.25001 0.24415 0.20632 0.12904 0.06604 0.03989 0.03277 0.03177 ( 1)  0.202
 480 Y   0.19657 0.19410 0.17740 0.13771 0.09529 0.07177 0.06414 0.06301 ( 1)  0.310
 481 Y   0.00008 0.00744 0.05431 0.14341 0.19652 0.20165 0.19863 0.19796 ( 6)  0.745
 482 Q   0.00000 0.00000 0.00065 0.02083 0.12087 0.24543 0.30155 0.31066 ( 8)  0.907
 483 E   0.25009 0.24421 0.20630 0.12893 0.06598 0.03989 0.03279 0.03180 ( 1)  0.202
 484 P   0.19102 0.18881 0.17380 0.13766 0.09808 0.07553 0.06811 0.06700 ( 1)  0.323
 485 R   0.22285 0.21893 0.19300 0.13552 0.08133 0.05506 0.04722 0.04608 ( 1)  0.254
 486 K   0.23429 0.22961 0.19894 0.13324 0.07494 0.04844 0.04082 0.03973 ( 1)  0.232
 487 G   0.20785 0.20481 0.18446 0.13740 0.08950 0.06431 0.05641 0.05525 ( 1)  0.285
 488 I   0.24655 0.24102 0.20509 0.13051 0.06808 0.04149 0.03415 0.03311 ( 1)  0.208
 489 Q   0.00008 0.00796 0.05766 0.14890 0.19806 0.19906 0.19459 0.19370 ( 6)  0.738
 490 A   0.20807 0.20501 0.18450 0.13721 0.08932 0.06425 0.05640 0.05525 ( 1)  0.285
 491 E   0.24105 0.23583 0.20196 0.13119 0.07105 0.04488 0.03754 0.03650 ( 1)  0.219
 492 E   0.00010 0.00979 0.06931 0.16766 0.20307 0.19013 0.18077 0.17916 ( 5)  0.712
 493 V   0.00000 0.00011 0.00659 0.06010 0.16732 0.23900 0.26179 0.26508 ( 8)  0.859
 494 L   0.18478 0.18283 0.16957 0.13727 0.10106 0.07991 0.07283 0.07176 ( 1)  0.338
 495 Q   0.00007 0.00692 0.05089 0.13727 0.19419 0.20435 0.20334 0.20298 ( 6)  0.754
 496 K   0.00000 0.00017 0.00937 0.07674 0.18374 0.23501 0.24676 0.24821 ( 8)  0.839
 497 Y   0.20397 0.20113 0.18204 0.13751 0.09149 0.06687 0.05907 0.05792 ( 1)  0.294
 498 L   0.16452 0.16338 0.15551 0.13530 0.11043 0.09438 0.08867 0.08780 ( 1)  0.386
 499 K   0.24281 0.23751 0.20302 0.13106 0.07012 0.04375 0.03638 0.03534 ( 1)  0.215
 500 S   0.17602 0.17446 0.16371 0.13683 0.10531 0.08599 0.07934 0.07834 ( 1)  0.358
 501 K   0.25001 0.24415 0.20632 0.12904 0.06604 0.03989 0.03277 0.03177 ( 1)  0.202
 502 K   0.00012 0.01153 0.07971 0.18162 0.20434 0.18268 0.17096 0.16904 ( 5)  0.691
 503 S   0.18094 0.17918 0.16710 0.13726 0.10300 0.08250 0.07554 0.07449 ( 1)  0.346
 504 V   0.00010 0.00956 0.06798 0.16615 0.20319 0.19102 0.18179 0.18020 ( 5)  0.714
 505 S   0.21508 0.21166 0.18882 0.13688 0.08567 0.05967 0.05169 0.05053 ( 1)  0.270
 506 D   0.00000 0.00014 0.00810 0.06951 0.17721 0.23695 0.25297 0.25512 ( 8)  0.848
 507 A   0.20850 0.20542 0.18474 0.13715 0.08908 0.06398 0.05614 0.05499 ( 1)  0.284
 508 I   0.00011 0.01044 0.07287 0.17109 0.20198 0.18785 0.17862 0.17706 ( 5)  0.706
 509 L   0.17076 0.16937 0.15981 0.13584 0.10749 0.08995 0.08386 0.08293 ( 1)  0.371
 510 Q   0.00007 0.00703 0.05161 0.13845 0.19450 0.20378 0.20248 0.20207 ( 6)  0.752
 511 A   0.00007 0.00717 0.05254 0.14004 0.19503 0.20306 0.20128 0.20081 ( 6)  0.750
 512 D   0.23607 0.23128 0.19991 0.13296 0.07397 0.04737 0.03977 0.03868 ( 1)  0.228
 513 Q   0.00007 0.00692 0.05089 0.13727 0.19419 0.20435 0.20334 0.20298 ( 6)  0.754
 514 A   0.20807 0.20501 0.18450 0.13721 0.08932 0.06425 0.05640 0.05525 ( 1)  0.285
 515 L   0.18678 0.18476 0.17095 0.13742 0.10011 0.07849 0.07128 0.07021 ( 1)  0.333
 516 T   0.21066 0.20746 0.18608 0.13706 0.08796 0.06257 0.05468 0.05353 ( 1)  0.280
 517 E   0.00011 0.01087 0.07571 0.17609 0.20358 0.18555 0.17493 0.17316 ( 5)  0.699
 518 K   0.00000 0.00022 0.01195 0.09062 0.19498 0.23090 0.23550 0.23582 ( 8)  0.824
 519 E   0.00000 0.00015 0.00850 0.07140 0.17821 0.23619 0.25173 0.25383 ( 8)  0.846
 520 K   0.24086 0.23567 0.20192 0.13130 0.07117 0.04495 0.03759 0.03654 ( 1)  0.219
 521 K   0.00000 0.00000 0.00100 0.02818 0.13744 0.24697 0.28988 0.29652 ( 8)  0.896
 522 M   0.00017 0.01602 0.10664 0.21775 0.20793 0.16349 0.14539 0.14260 ( 4)  0.639
 523 K   0.00000 0.00013 0.00777 0.06742 0.17493 0.23738 0.25497 0.25739 ( 8)  0.850
 524 E   0.00014 0.01335 0.09083 0.19732 0.20658 0.17457 0.15978 0.15743 ( 5)  0.669
 525 E   0.00000 0.00012 0.00717 0.06354 0.17059 0.23812 0.25876 0.26170 ( 8)  0.855
 526 Q   0.00002 0.00228 0.01987 0.07860 0.16855 0.22893 0.24936 0.25240 ( 8)  0.833
 527 V   0.00010 0.00956 0.06766 0.16434 0.20153 0.19150 0.18337 0.18195 ( 5)  0.716
 528 K   0.00010 0.00956 0.06774 0.16480 0.20200 0.19139 0.18293 0.18146 ( 5)  0.715
 529 A   0.20715 0.20414 0.18393 0.13725 0.08979 0.06485 0.05702 0.05587 ( 1)  0.287
 530 E   0.00000 0.00015 0.00860 0.07174 0.17804 0.23595 0.25169 0.25383 ( 8)  0.846
 531 A   0.20755 0.20452 0.18418 0.13724 0.08959 0.06458 0.05674 0.05559 ( 1)  0.286
 532 A   0.00008 0.00816 0.05894 0.15104 0.19872 0.19807 0.19298 0.19201 ( 5)  0.735
 533 K   0.00000 0.00000 0.00104 0.02908 0.13970 0.24729 0.28830 0.29458 ( 8)  0.894
 534 A   0.20755 0.20452 0.18418 0.13724 0.08959 0.06458 0.05674 0.05559 ( 1)  0.286
 535 N   0.00000 0.00014 0.00810 0.06908 0.17605 0.23679 0.25375 0.25608 ( 8)  0.848
 536 A   0.21008 0.20690 0.18569 0.13704 0.08825 0.06297 0.05511 0.05396 ( 1)  0.281
 537 R   0.00000 0.00002 0.00176 0.02738 0.12712 0.24376 0.29577 0.30420 ( 8)  0.900
 538 R   0.22418 0.22020 0.19388 0.13557 0.08067 0.05415 0.04625 0.04511 ( 1)  0.251
 539 L   0.17355 0.17207 0.16195 0.13651 0.10641 0.08780 0.08135 0.08037 ( 1)  0.364
 540 E   0.00000 0.00017 0.00933 0.07577 0.18160 0.23486 0.24826 0.25001 ( 8)  0.841
 541 E   0.00000 0.00000 0.00052 0.01780 0.11307 0.24423 0.30700 0.31739 ( 8)  0.912
 542 I   0.00000 0.00012 0.00701 0.06277 0.17017 0.23844 0.25927 0.26223 ( 8)  0.856
 543 Q   0.00000 0.00009 0.00561 0.05359 0.15943 0.23999 0.26849 0.27279 ( 8)  0.867
 544 R   0.00010 0.00917 0.06543 0.16197 0.20214 0.19303 0.18481 0.18336 ( 5)  0.720
 545 W   0.00000 0.00000 0.00001 0.00210 0.05412 0.22447 0.34802 0.37128 ( 8)  0.947
 546 N   0.00011 0.01087 0.07598 0.17752 0.20485 0.18516 0.17370 0.17179 ( 5)  0.698
 547 Q   0.00008 0.00797 0.05775 0.14904 0.19808 0.19899 0.19449 0.19360 ( 6)  0.737
 548 Q   0.00000 0.00006 0.00362 0.03981 0.14204 0.24182 0.28305 0.28960 ( 8)  0.884
 549 M   0.00015 0.01457 0.09803 0.20673 0.20732 0.16951 0.15313 0.15056 ( 5)  0.655
 550 M   0.26842 0.26105 0.21417 0.12313 0.05560 0.03043 0.02403 0.02315 ( 1)  0.169
 551 Q   0.00009 0.00896 0.06374 0.15725 0.19884 0.19461 0.18878 0.18772 ( 5)  0.726
 552 K   0.00000 0.00009 0.00540 0.05439 0.16350 0.24085 0.26605 0.26972 ( 8)  0.865
 553 R   0.00010 0.00917 0.06534 0.16135 0.20145 0.19316 0.18541 0.18404 ( 5)  0.720
 554 E   0.00008 0.00751 0.05568 0.14944 0.20101 0.19973 0.19384 0.19272 ( 5)  0.738
 555 R   0.20866 0.20558 0.18497 0.13738 0.08908 0.06377 0.05585 0.05469 ( 1)  0.284
 556 V   0.00006 0.00614 0.04574 0.12770 0.19016 0.20840 0.21081 0.21099 ( 8)  0.766
 557 H   0.00009 0.00889 0.06360 0.15873 0.20095 0.19447 0.18728 0.18599 ( 5)  0.724
 558 Q   0.20779 0.20474 0.18429 0.13716 0.08944 0.06445 0.05664 0.05549 ( 1)  0.286
 559 E   0.23400 0.22933 0.19874 0.13322 0.07508 0.04864 0.04104 0.03995 ( 1)  0.232
 560 Q   0.19697 0.19447 0.17761 0.13764 0.09506 0.07153 0.06392 0.06279 ( 1)  0.310
 561 V   0.22782 0.22356 0.19550 0.13439 0.07852 0.05225 0.04454 0.04343 ( 1)  0.245
 562 R   0.20866 0.20558 0.18497 0.13738 0.08908 0.06377 0.05585 0.05469 ( 1)  0.284
 563 Q   0.19697 0.19447 0.17761 0.13764 0.09506 0.07153 0.06392 0.06279 ( 1)  0.310
 564 M   0.26842 0.26105 0.21417 0.12313 0.05560 0.03043 0.02403 0.02315 ( 1)  0.169
 565 E   0.00010 0.00950 0.06743 0.16471 0.20235 0.19156 0.18293 0.18142 ( 5)  0.716
 566 R   0.00000 0.00015 0.00835 0.07049 0.17723 0.23637 0.25260 0.25481 ( 8)  0.847
 567 D   0.00000 0.00011 0.00665 0.06048 0.16772 0.23891 0.26144 0.26469 ( 8)  0.858
 568 K   0.00000 0.00000 0.00008 0.00862 0.09216 0.24222 0.32170 0.33522 ( 8)  0.927
 569 Q   0.00008 0.00781 0.05648 0.14591 0.19604 0.20008 0.19712 0.19648 ( 6)  0.741
 570 N   0.00011 0.01045 0.07332 0.17332 0.20380 0.18718 0.17678 0.17503 ( 5)  0.704
 571 W   0.00005 0.00453 0.03480 0.10624 0.17980 0.21704 0.22799 0.22955 ( 8)  0.795
 572 L   0.00006 0.00591 0.04414 0.12455 0.18864 0.20968 0.21333 0.21371 ( 8)  0.771
 573 A   0.20803 0.20497 0.18447 0.13721 0.08933 0.06427 0.05643 0.05528 ( 1)  0.285
 574 E   0.00014 0.01319 0.08983 0.19600 0.20645 0.17527 0.16072 0.15840 ( 5)  0.671
 575 L   0.00007 0.00634 0.04703 0.13003 0.19105 0.20738 0.20902 0.20908 ( 8)  0.763
 576 Q   0.00000 0.00011 0.00666 0.06054 0.16775 0.23889 0.26140 0.26465 ( 8)  0.858
 577 R   0.00010 0.00964 0.06841 0.16659 0.20317 0.19077 0.18146 0.17985 ( 5)  0.713
 578 T   0.00000 0.00022 0.01222 0.09185 0.19561 0.23043 0.23469 0.23497 ( 8)  0.823
 579 Q   0.00000 0.00011 0.00667 0.06059 0.16780 0.23888 0.26135 0.26459 ( 8)  0.858
 580 E   0.00011 0.01087 0.07587 0.17701 0.20439 0.18530 0.17415 0.17230 ( 5)  0.698
 581 Q   0.00000 0.00004 0.00272 0.03336 0.13319 0.24232 0.29030 0.29807 ( 8)  0.893
 582 R   0.00000 0.00000 0.00062 0.02025 0.11961 0.24537 0.30243 0.31171 ( 8)  0.908
 583 M   0.26842 0.26105 0.21417 0.12313 0.05560 0.03043 0.02403 0.02315 ( 1)  0.169
 584 -   0.12500 0.12500 0.12500 0.12500 0.12500 0.12500 0.12500 0.12500 ( 8)  0.489
 585 -   0.12500 0.12500 0.12500 0.12500 0.12500 0.12500 0.12500 0.12500 ( 8)  0.489
 586 Q   0.20779 0.20474 0.18429 0.13716 0.08944 0.06445 0.05664 0.05549 ( 1)  0.286
 587 -   0.12500 0.12500 0.12500 0.12500 0.12500 0.12500 0.12500 0.12500 ( 6)  0.489
 588 -   0.12500 0.12500 0.12500 0.12500 0.12500 0.12500 0.12500 0.12500 ( 8)  0.489
 589 -   0.12500 0.12500 0.12500 0.12500 0.12500 0.12500 0.12500 0.12500 ( 8)  0.489
 590 -   0.12500 0.12500 0.12500 0.12500 0.12500 0.12500 0.12500 0.12500 ( 8)  0.489
 591 -   0.12500 0.12500 0.12500 0.12500 0.12500 0.12500 0.12500 0.12500 ( 8)  0.489
 592 -   0.12500 0.12500 0.12500 0.12500 0.12500 0.12500 0.12500 0.12500 ( 8)  0.489
 593 -   0.12500 0.12500 0.12500 0.12500 0.12500 0.12500 0.12500 0.12500 ( 8)  0.489
 594 -   0.12500 0.12500 0.12500 0.12500 0.12500 0.12500 0.12500 0.12500 ( 8)  0.489
 595 -   0.12500 0.12500 0.12500 0.12500 0.12500 0.12500 0.12500 0.12500 ( 8)  0.489
 596 -   0.12500 0.12500 0.12500 0.12500 0.12500 0.12500 0.12500 0.12500 ( 5)  0.489
 597 -   0.12500 0.12500 0.12500 0.12500 0.12500 0.12500 0.12500 0.12500 ( 8)  0.489
 598 -   0.12500 0.12500 0.12500 0.12500 0.12500 0.12500 0.12500 0.12500 ( 6)  0.489
 599 -   0.12500 0.12500 0.12500 0.12500 0.12500 0.12500 0.12500 0.12500 ( 8)  0.489
 600 -   0.12500 0.12500 0.12500 0.12500 0.12500 0.12500 0.12500 0.12500 ( 2)  0.489
 601 -   0.12500 0.12500 0.12500 0.12500 0.12500 0.12500 0.12500 0.12500 ( 2)  0.489
 602 -   0.12500 0.12500 0.12500 0.12500 0.12500 0.12500 0.12500 0.12500 ( 6)  0.489
 603 E   0.00000 0.00015 0.00829 0.07055 0.17803 0.23663 0.25214 0.25421 ( 8)  0.847
 604 Q   0.00000 0.00000 0.00082 0.02453 0.12993 0.24662 0.29522 0.30289 ( 8)  0.901
 605 A   0.20737 0.20434 0.18407 0.13725 0.08968 0.06470 0.05687 0.05572 ( 1)  0.287
 606 A   0.00000 0.00011 0.00645 0.05885 0.16517 0.23893 0.26343 0.26704 ( 8)  0.861
 607 Q   0.00000 0.00000 0.00000 0.00148 0.04702 0.21923 0.35325 0.37903 ( 8)  0.950
 608 L   0.18650 0.18448 0.17076 0.13741 0.10025 0.07869 0.07150 0.07042 ( 1)  0.333
 609 R   0.00000 0.00000 0.00070 0.02191 0.12359 0.24584 0.29965 0.30831 ( 8)  0.905
 610 A   0.00000 0.00011 0.00635 0.05838 0.16492 0.23913 0.26374 0.26736 ( 8)  0.861
 611 T   0.00000 0.00010 0.00590 0.05555 0.16193 0.23975 0.26641 0.27037 ( 8)  0.864
 612 F   0.00006 0.00593 0.04433 0.12504 0.18902 0.20952 0.21288 0.21321 ( 8)  0.770
 613 E   0.00010 0.00972 0.06863 0.16566 0.20158 0.19077 0.18249 0.18106 ( 5)  0.714
 614 A   0.20755 0.20452 0.18418 0.13724 0.08959 0.06458 0.05674 0.05559 ( 1)  0.286
 615 E   0.00010 0.00972 0.06863 0.16566 0.20158 0.19077 0.18249 0.18106 ( 5)  0.714
 616 N   0.00000 0.00000 0.00008 0.00828 0.09055 0.24168 0.32278 0.33663 ( 8)  0.928
 617 R   0.20866 0.20558 0.18497 0.13738 0.08908 0.06377 0.05586 0.05469 ( 1)  0.284
 618 R   0.00003 0.00319 0.02416 0.07570 0.15371 0.22535 0.25641 0.26144 ( 8)  0.836
 619 L   0.19210 0.18983 0.17444 0.13757 0.09749 0.07484 0.06742 0.06631 ( 1)  0.321
 620 H   0.00000 0.00010 0.00614 0.05707 0.16351 0.23941 0.26499 0.26877 ( 8)  0.863
 621 H   0.00000 0.00016 0.00909 0.07484 0.18143 0.23530 0.24872 0.25046 ( 8)  0.842
 622 E   0.00010 0.00950 0.06743 0.16470 0.20235 0.19156 0.18293 0.18142 ( 5)  0.716
 623 L   0.00007 0.00660 0.04871 0.13285 0.19192 0.20608 0.20692 0.20686 ( 7)  0.759
 624 Q   0.20779 0.20474 0.18429 0.13716 0.08944 0.06445 0.05664 0.05549 ( 1)  0.286
 625 Y   0.00000 0.00000 0.00005 0.00618 0.07896 0.23671 0.33072 0.34737 ( 8)  0.934
 626 L   0.00000 0.00000 0.00051 0.01760 0.11198 0.24377 0.30774 0.31839 ( 8)  0.913
 627 Q   0.20779 0.20474 0.18429 0.13716 0.08944 0.06445 0.05664 0.05549 ( 1)  0.286
 628 R   0.00000 0.00000 0.00066 0.02102 0.12103 0.24531 0.30143 0.31055 ( 8)  0.907
 629 N   0.00000 0.00000 0.00072 0.02251 0.12539 0.24624 0.29840 0.30674 ( 8)  0.904
 630 V   0.00000 0.00011 0.00651 0.05960 0.16674 0.23909 0.26229 0.26566 ( 8)  0.859
 631 N   0.00012 0.01136 0.07887 0.18140 0.20519 0.18309 0.17099 0.16899 ( 5)  0.692
 632 N   0.00000 0.00000 0.00000 0.00003 0.01139 0.16526 0.38574 0.43758 ( 8)  0.970
 633 -   0.00004 0.00377 0.02948 0.09469 0.17274 0.22113 0.23782 0.24034 ( 8)  0.811
 634 D   0.00000 0.00000 0.00090 0.02630 0.13407 0.24707 0.29231 0.29935 ( 8)  0.898
 635 D   0.24271 0.23743 0.20314 0.13134 0.07022 0.04368 0.03626 0.03521 ( 1)  0.215
 636 P   0.19098 0.18878 0.17377 0.13766 0.09809 0.07556 0.06814 0.06703 ( 1)  0.323
 637 C   0.17731 0.17569 0.16460 0.13696 0.10472 0.08507 0.07833 0.07731 ( 1)  0.355
 638 V   0.00008 0.00738 0.05390 0.14241 0.19587 0.20200 0.19948 0.19889 ( 6)  0.746
 639 L   0.16426 0.16313 0.15532 0.13526 0.11054 0.09457 0.08889 0.08802 ( 1)  0.386
 640 L   0.18662 0.18460 0.17084 0.13741 0.10019 0.07860 0.07141 0.07033 ( 1)  0.333
 641 -   0.12500 0.12500 0.12500 0.12500 0.12500 0.12500 0.12500 0.12500 ( 2)  0.489
 642 -   0.12500 0.12500 0.12500 0.12500 0.12500 0.12500 0.12500 0.12500 ( 8)  0.489
 643 -   0.12500 0.12500 0.12500 0.12500 0.12500 0.12500 0.12500 0.12500 ( 2)  0.489
 644 -   0.12500 0.12500 0.12500 0.12500 0.12500 0.12500 0.12500 0.12500 ( 5)  0.489
 645 -   0.12500 0.12500 0.12500 0.12500 0.12500 0.12500 0.12500 0.12500 ( 8)  0.489
 646 -   0.12500 0.12500 0.12500 0.12500 0.12500 0.12500 0.12500 0.12500 ( 2)  0.489
 647 -   0.12500 0.12500 0.12500 0.12500 0.12500 0.12500 0.12500 0.12500 ( 5)  0.489
 648 -   0.12500 0.12500 0.12500 0.12500 0.12500 0.12500 0.12500 0.12500 ( 8)  0.489
 649 -   0.12500 0.12500 0.12500 0.12500 0.12500 0.12500 0.12500 0.12500 ( 8)  0.489
 650 -   0.12500 0.12500 0.12500 0.12500 0.12500 0.12500 0.12500 0.12500 ( 5)  0.489
 651 -   0.12500 0.12500 0.12500 0.12500 0.12500 0.12500 0.12500 0.12500 ( 2)  0.489
 652 -   0.12500 0.12500 0.12500 0.12500 0.12500 0.12500 0.12500 0.12500 ( 2)  0.489
 653 -   0.12500 0.12500 0.12500 0.12500 0.12500 0.12500 0.12500 0.12500 ( 3)  0.489
 654 -   0.12500 0.12500 0.12500 0.12500 0.12500 0.12500 0.12500 0.12500 ( 2)  0.489


lnL = -6518.336169

