Supplemental results for CODEML (seqf: algn  treef: tree)


dN/dS (w) for site classes (K=8)

p:   0.12500  0.12500  0.12500  0.12500  0.12500  0.12500  0.12500  0.12500
w:   0.00000  0.00000  0.00001  0.00025  0.00254  0.01634  0.07905  0.34546

Naive Empirical Bayes (NEB) probabilities for 8 classes & postmean_w
(amino acids refer to 1st sequence: aotNan_GMPR_XM_012476587)

   1 M   0.14482 0.14482 0.14482 0.14468 0.14335 0.13561 0.10541 0.03650 ( 1)  0.024
   2 P   0.13635 0.13635 0.13634 0.13628 0.13567 0.13209 0.11697 0.06995 ( 1)  0.036
   3 R   0.00000 0.00000 0.00004 0.00092 0.00937 0.05869 0.25303 0.67795 ( 8)  0.255
   4 I   0.14010 0.14010 0.14010 0.14001 0.13912 0.13390 0.11256 0.05410 ( 1)  0.030
   5 D   0.14164 0.14164 0.14164 0.14153 0.14051 0.13451 0.11036 0.04817 ( 1)  0.028
   6 A   0.14084 0.14084 0.14083 0.14074 0.13978 0.13420 0.11154 0.05122 ( 1)  0.029
   7 D   0.14336 0.14336 0.14336 0.14323 0.14205 0.13514 0.10779 0.04169 ( 1)  0.026
   8 L   0.13709 0.13709 0.13708 0.13701 0.13636 0.13247 0.11618 0.06672 ( 1)  0.035
   9 K   0.14156 0.14156 0.14155 0.14145 0.14043 0.13450 0.11055 0.04840 ( 1)  0.028
  10 L   0.13689 0.13689 0.13689 0.13682 0.13618 0.13238 0.11639 0.06755 ( 1)  0.035
  11 D   0.14336 0.14336 0.14336 0.14323 0.14205 0.13514 0.10779 0.04169 ( 1)  0.026
  12 F   0.13802 0.13802 0.13802 0.13794 0.13722 0.13295 0.11515 0.06269 ( 1)  0.033
  13 K   0.14124 0.14124 0.14123 0.14113 0.14015 0.13437 0.11099 0.04966 ( 1)  0.029
  14 D   0.13949 0.13949 0.13949 0.13940 0.13856 0.13362 0.11331 0.05663 ( 1)  0.031
  15 V   0.14152 0.14152 0.14151 0.14141 0.14039 0.13446 0.11055 0.04865 ( 1)  0.028
  16 L   0.13406 0.13406 0.13406 0.13401 0.13356 0.13084 0.11916 0.08025 ( 1)  0.040
  17 L   0.13689 0.13689 0.13689 0.13682 0.13618 0.13238 0.11639 0.06755 ( 1)  0.035
  18 R   0.12985 0.12985 0.12985 0.12982 0.12960 0.12827 0.12240 0.10036 ( 1)  0.047
  19 P   0.13388 0.13388 0.13388 0.13383 0.13338 0.13073 0.11933 0.08110 ( 1)  0.040
  20 K   0.14156 0.14156 0.14155 0.14145 0.14043 0.13450 0.11055 0.04840 ( 1)  0.028
  21 R   0.13439 0.13439 0.13439 0.13434 0.13386 0.13102 0.11887 0.07874 ( 1)  0.039
  22 S   0.14118 0.14118 0.14118 0.14108 0.14010 0.13436 0.11111 0.04982 ( 1)  0.029
  23 S   0.14118 0.14118 0.14118 0.14108 0.14010 0.13436 0.11111 0.04982 ( 1)  0.029
  24 L   0.13709 0.13709 0.13708 0.13701 0.13636 0.13247 0.11618 0.06672 ( 1)  0.035
  25 K   0.14156 0.14156 0.14155 0.14145 0.14043 0.13450 0.11055 0.04840 ( 1)  0.028
  26 S   0.14118 0.14118 0.14118 0.14108 0.14010 0.13436 0.11111 0.04982 ( 1)  0.029
  27 R   0.13178 0.13178 0.13178 0.13174 0.13142 0.12948 0.12104 0.09098 ( 1)  0.043
  28 A   0.00000 0.00000 0.00005 0.00120 0.01213 0.07483 0.30155 0.61024 ( 8)  0.236
  29 E   0.14241 0.14241 0.14241 0.14229 0.14120 0.13481 0.10927 0.04519 ( 1)  0.027
  30 V   0.14083 0.14083 0.14083 0.14073 0.13978 0.13419 0.11151 0.05130 ( 1)  0.029
  31 D   0.13915 0.13915 0.13915 0.13906 0.13825 0.13347 0.11377 0.05800 ( 1)  0.032
  32 L   0.13355 0.13355 0.13354 0.13350 0.13307 0.13054 0.11962 0.08264 ( 1)  0.041
  33 E   0.14010 0.14010 0.14010 0.14001 0.13911 0.13388 0.11250 0.05420 ( 1)  0.030
  34 R   0.00000 0.00000 0.00004 0.00085 0.00860 0.05413 0.23835 0.69803 ( 8)  0.261
  35 T   0.14055 0.14055 0.14055 0.14045 0.13952 0.13409 0.11195 0.05233 ( 1)  0.030
  36 F   0.13776 0.13776 0.13776 0.13768 0.13698 0.13282 0.11544 0.06380 ( 1)  0.034
  37 T   0.13950 0.13950 0.13950 0.13941 0.13857 0.13363 0.11333 0.05656 ( 1)  0.031
  38 F   0.13444 0.13444 0.13444 0.13439 0.13391 0.13106 0.11883 0.07848 ( 1)  0.039
  39 R   0.13020 0.13020 0.13020 0.13018 0.12994 0.12850 0.12216 0.09861 ( 1)  0.046
  40 N   0.14032 0.14032 0.14031 0.14022 0.13931 0.13398 0.11223 0.05330 ( 1)  0.030
  41 S   0.13142 0.13142 0.13142 0.13139 0.13108 0.12926 0.12131 0.09270 ( 1)  0.044
  42 K   0.14156 0.14156 0.14155 0.14145 0.14043 0.13450 0.11055 0.04840 ( 1)  0.028
  43 Q   0.13525 0.13525 0.13525 0.13519 0.13466 0.13150 0.11806 0.07483 ( 1)  0.038
  44 T   0.14022 0.14022 0.14021 0.14012 0.13922 0.13395 0.11240 0.05366 ( 1)  0.030
  45 Y   0.13629 0.13629 0.13628 0.13622 0.13562 0.13206 0.11704 0.07021 ( 1)  0.036
  46 S   0.00000 0.00000 0.00003 0.00072 0.00737 0.04673 0.21352 0.73162 ( 8)  0.270
  47 G   0.14034 0.14034 0.14033 0.14024 0.13933 0.13400 0.11223 0.05319 ( 1)  0.030
  48 I   0.13791 0.13791 0.13790 0.13783 0.13711 0.13288 0.11526 0.06320 ( 1)  0.034
  49 P   0.13640 0.13640 0.13640 0.13634 0.13573 0.13212 0.11691 0.06969 ( 1)  0.036
  50 I   0.14196 0.14196 0.14195 0.14184 0.14079 0.13464 0.10995 0.04691 ( 1)  0.027
  51 I   0.14127 0.14127 0.14127 0.14117 0.14018 0.13438 0.11094 0.04951 ( 1)  0.028
  52 V   0.14083 0.14083 0.14083 0.14073 0.13978 0.13419 0.11151 0.05130 ( 1)  0.029
  53 A   0.14152 0.14152 0.14152 0.14141 0.14040 0.13448 0.11058 0.04856 ( 1)  0.028
  54 N   0.14257 0.14257 0.14257 0.14245 0.14135 0.13488 0.10905 0.04456 ( 1)  0.027
  55 M   0.14505 0.14505 0.14505 0.14490 0.14355 0.13567 0.10501 0.03572 ( 1)  0.023
  56 D   0.14359 0.14358 0.14358 0.14345 0.14225 0.13522 0.10744 0.04089 ( 1)  0.025
  57 T   0.13633 0.13633 0.13632 0.13626 0.13566 0.13208 0.11698 0.07004 ( 1)  0.036
  58 V   0.14069 0.14069 0.14069 0.14059 0.13965 0.13413 0.11172 0.05185 ( 1)  0.029
  59 G   0.14103 0.14103 0.14102 0.14092 0.13996 0.13428 0.11130 0.05046 ( 1)  0.029
  60 T   0.13687 0.13687 0.13687 0.13680 0.13616 0.13236 0.11640 0.06765 ( 1)  0.035
  61 F   0.13467 0.13467 0.13467 0.13462 0.13412 0.13118 0.11862 0.07744 ( 1)  0.039
  62 E   0.14263 0.14263 0.14262 0.14251 0.14139 0.13489 0.10895 0.04439 ( 1)  0.027
  63 M   0.14505 0.14505 0.14505 0.14490 0.14355 0.13567 0.10501 0.03572 ( 1)  0.023
  64 A   0.13586 0.13586 0.13585 0.13579 0.13522 0.13183 0.11746 0.07214 ( 1)  0.037
  65 A   0.13818 0.13818 0.13817 0.13810 0.13736 0.13301 0.11493 0.06207 ( 1)  0.033
  66 V   0.14106 0.14106 0.14106 0.14096 0.13998 0.13428 0.11120 0.05040 ( 1)  0.029
  67 M   0.14505 0.14505 0.14505 0.14490 0.14355 0.13567 0.10501 0.03572 ( 1)  0.023
  68 S   0.13093 0.13093 0.13093 0.13090 0.13062 0.12896 0.12167 0.09505 ( 1)  0.045
  69 Q   0.13558 0.13558 0.13558 0.13552 0.13496 0.13168 0.11775 0.07335 ( 1)  0.037
  70 H   0.13827 0.13827 0.13827 0.13819 0.13745 0.13307 0.11485 0.06162 ( 1)  0.033
  71 S   0.13368 0.13368 0.13368 0.13363 0.13320 0.13062 0.11951 0.08199 ( 1)  0.040
  72 M   0.00000 0.00000 0.00007 0.00152 0.01536 0.09340 0.35206 0.53759 ( 8)  0.215
  73 F   0.13458 0.13458 0.13458 0.13453 0.13404 0.13113 0.11871 0.07785 ( 1)  0.039
  74 T   0.13540 0.13540 0.13540 0.13534 0.13480 0.13159 0.11792 0.07415 ( 1)  0.037
  75 A   0.13620 0.13620 0.13620 0.13613 0.13554 0.13201 0.11710 0.07062 ( 1)  0.036
  76 I   0.13808 0.13808 0.13808 0.13800 0.13727 0.13297 0.11506 0.06245 ( 1)  0.033
  77 H   0.13523 0.13523 0.13522 0.13517 0.13464 0.13149 0.11810 0.07493 ( 1)  0.038
  78 K   0.14140 0.14140 0.14139 0.14129 0.14029 0.13443 0.11077 0.04904 ( 1)  0.028
  79 H   0.13579 0.13579 0.13579 0.13573 0.13516 0.13179 0.11753 0.07243 ( 1)  0.037
  80 Y   0.13668 0.13668 0.13667 0.13661 0.13598 0.13227 0.11663 0.06849 ( 1)  0.035
  81 S   0.00000 0.00000 0.00004 0.00096 0.00978 0.06110 0.26047 0.66764 ( 8)  0.252
  82 L   0.13417 0.13417 0.13417 0.13412 0.13366 0.13090 0.11906 0.07973 ( 1)  0.039
  83 D   0.13934 0.13934 0.13933 0.13925 0.13842 0.13356 0.11354 0.05722 ( 1)  0.031
  84 D   0.14358 0.14358 0.14358 0.14345 0.14225 0.13522 0.10744 0.04089 ( 1)  0.025
  85 W   0.13315 0.13315 0.13315 0.13310 0.13270 0.13031 0.11996 0.08448 ( 1)  0.041
  86 K   0.14177 0.14177 0.14176 0.14165 0.14062 0.13458 0.11025 0.04760 ( 1)  0.028
  87 L   0.13709 0.13709 0.13709 0.13702 0.13636 0.13248 0.11617 0.06669 ( 1)  0.035
  88 F   0.13458 0.13458 0.13458 0.13453 0.13404 0.13113 0.11871 0.07785 ( 1)  0.039
  89 A   0.14160 0.14160 0.14160 0.14149 0.14047 0.13451 0.11047 0.04825 ( 1)  0.028
  90 A   0.00000 0.00000 0.00000 0.00000 0.00009 0.00344 0.07307 0.92341 ( 8)  0.325
  91 N   0.13848 0.13848 0.13847 0.13840 0.13764 0.13316 0.11460 0.06078 ( 1)  0.033
  92 H   0.13827 0.13827 0.13827 0.13819 0.13745 0.13307 0.11485 0.06162 ( 1)  0.033
  93 P   0.00000 0.00000 0.00003 0.00077 0.00785 0.04965 0.22346 0.71823 ( 8)  0.267
  94 E   0.13828 0.13828 0.13828 0.13820 0.13746 0.13307 0.11482 0.06161 ( 1)  0.033
  95 C   0.13576 0.13576 0.13576 0.13570 0.13514 0.13179 0.11758 0.07251 ( 1)  0.037
  96 L   0.13420 0.13420 0.13419 0.13415 0.13368 0.13091 0.11904 0.07963 ( 1)  0.039
  97 Q   0.13558 0.13558 0.13558 0.13552 0.13496 0.13168 0.11775 0.07335 ( 1)  0.037
  98 H   0.00000 0.00000 0.00004 0.00098 0.00990 0.06180 0.26277 0.66451 ( 8)  0.251
  99 V   0.00000 0.00000 0.00000 0.00000 0.00009 0.00379 0.07887 0.91725 ( 8)  0.323
 100 A   0.13965 0.13965 0.13965 0.13956 0.13871 0.13370 0.11314 0.05594 ( 1)  0.031
 101 V   0.14092 0.14092 0.14092 0.14082 0.13986 0.13422 0.11139 0.05094 ( 1)  0.029
 102 S   0.13713 0.13713 0.13713 0.13706 0.13640 0.13250 0.11614 0.06650 ( 1)  0.035
 103 S   0.13245 0.13245 0.13245 0.13241 0.13205 0.12989 0.12052 0.08777 ( 1)  0.042
 104 G   0.14121 0.14121 0.14121 0.14111 0.14012 0.13436 0.11104 0.04974 ( 1)  0.029
 105 S   0.13739 0.13739 0.13739 0.13731 0.13664 0.13263 0.11585 0.06541 ( 1)  0.034
 106 G   0.14054 0.14054 0.14053 0.14044 0.13951 0.13408 0.11197 0.05240 ( 1)  0.030
 107 Q   0.13558 0.13558 0.13558 0.13552 0.13496 0.13168 0.11775 0.07335 ( 1)  0.037
 108 N   0.14237 0.14237 0.14236 0.14225 0.14116 0.13480 0.10935 0.04535 ( 1)  0.027
 109 D   0.13934 0.13934 0.13933 0.13925 0.13842 0.13356 0.11354 0.05722 ( 1)  0.031
 110 L   0.13418 0.13418 0.13418 0.13413 0.13366 0.13090 0.11905 0.07972 ( 1)  0.039
 111 E   0.13857 0.13857 0.13857 0.13849 0.13772 0.13320 0.11446 0.06043 ( 1)  0.032
 112 K   0.14177 0.14177 0.14176 0.14165 0.14062 0.13458 0.11025 0.04760 ( 1)  0.028
 113 M   0.14505 0.14505 0.14505 0.14490 0.14355 0.13567 0.10501 0.03572 ( 1)  0.023
 114 S   0.00000 0.00000 0.00005 0.00120 0.01211 0.07476 0.30144 0.61044 ( 8)  0.236
 115 S   0.14126 0.14126 0.14126 0.14115 0.14017 0.13439 0.11100 0.04952 ( 1)  0.028
 116 I   0.00000 0.00000 0.00000 0.00000 0.00015 0.00585 0.11117 0.88283 ( 8)  0.314
 117 L   0.13414 0.13414 0.13413 0.13409 0.13362 0.13088 0.11909 0.07991 ( 1)  0.040
 118 D   0.00000 0.00000 0.00000 0.00000 0.00012 0.00467 0.09309 0.90213 ( 8)  0.319
 119 A   0.13759 0.13759 0.13759 0.13752 0.13682 0.13272 0.11561 0.06456 ( 1)  0.034
 120 V   0.00000 0.00000 0.00005 0.00116 0.01171 0.07242 0.29451 0.62015 ( 8)  0.239
 121 P   0.13220 0.13220 0.13220 0.13216 0.13181 0.12974 0.12072 0.08897 ( 1)  0.043
 122 Q   0.00000 0.00000 0.00004 0.00091 0.00924 0.05790 0.25050 0.68142 ( 8)  0.256
 123 V   0.00000 0.00000 0.00000 0.00000 0.00010 0.00385 0.07983 0.91622 ( 8)  0.323
 124 K   0.14171 0.14171 0.14171 0.14160 0.14057 0.13456 0.11033 0.04782 ( 1)  0.028
 125 F   0.13479 0.13479 0.13479 0.13474 0.13423 0.13125 0.11851 0.07691 ( 1)  0.038
 126 I   0.13808 0.13808 0.13808 0.13800 0.13727 0.13297 0.11506 0.06245 ( 1)  0.033
 127 C   0.13576 0.13576 0.13576 0.13570 0.13514 0.13179 0.11758 0.07251 ( 1)  0.037
 128 L   0.13420 0.13420 0.13419 0.13415 0.13368 0.13091 0.11904 0.07963 ( 1)  0.039
 129 D   0.13934 0.13934 0.13933 0.13925 0.13842 0.13356 0.11354 0.05722 ( 1)  0.031
 130 V   0.14104 0.14104 0.14103 0.14093 0.13996 0.13427 0.11123 0.05050 ( 1)  0.029
 131 A   0.14054 0.14054 0.14054 0.14044 0.13952 0.13408 0.11195 0.05237 ( 1)  0.030
 132 N   0.13963 0.13963 0.13963 0.13954 0.13869 0.13368 0.11315 0.05606 ( 1)  0.031
 133 G   0.14045 0.14045 0.14045 0.14035 0.13944 0.13404 0.11208 0.05273 ( 1)  0.030
 134 Y   0.13301 0.13301 0.13300 0.13296 0.13257 0.13022 0.12008 0.08515 ( 1)  0.041
 135 S   0.13170 0.13170 0.13170 0.13166 0.13134 0.12943 0.12109 0.09137 ( 1)  0.044
 136 E   0.13943 0.13943 0.13943 0.13934 0.13850 0.13359 0.11338 0.05690 ( 1)  0.031
 137 H   0.13476 0.13476 0.13476 0.13471 0.13421 0.13124 0.11854 0.07702 ( 1)  0.039
 138 F   0.13458 0.13458 0.13458 0.13453 0.13404 0.13113 0.11871 0.07785 ( 1)  0.039
 139 V   0.14096 0.14096 0.14095 0.14085 0.13989 0.13424 0.11134 0.05082 ( 1)  0.029
 140 E   0.13873 0.13873 0.13873 0.13865 0.13787 0.13327 0.11425 0.05977 ( 1)  0.032
 141 F   0.13797 0.13797 0.13796 0.13789 0.13717 0.13292 0.11521 0.06293 ( 1)  0.033
 142 V   0.14104 0.14104 0.14103 0.14093 0.13996 0.13427 0.11123 0.05050 ( 1)  0.029
 143 K   0.13735 0.13735 0.13735 0.13728 0.13660 0.13261 0.11589 0.06557 ( 1)  0.034
 144 L   0.13716 0.13716 0.13716 0.13709 0.13643 0.13251 0.11610 0.06640 ( 1)  0.035
 145 V   0.14173 0.14173 0.14172 0.14161 0.14058 0.13454 0.11025 0.04784 ( 1)  0.028
 146 R   0.13250 0.13250 0.13250 0.13246 0.13209 0.12992 0.12049 0.08754 ( 1)  0.042
 147 A   0.14173 0.14173 0.14173 0.14162 0.14059 0.13456 0.11028 0.04776 ( 1)  0.028
 148 K   0.00000 0.00000 0.00004 0.00098 0.00994 0.06203 0.26348 0.66352 ( 8)  0.251
 149 F   0.13458 0.13458 0.13458 0.13453 0.13404 0.13113 0.11871 0.07785 ( 1)  0.039
 150 P   0.13342 0.13342 0.13341 0.13337 0.13295 0.13046 0.11973 0.08324 ( 1)  0.041
 151 E   0.00000 0.00000 0.00005 0.00105 0.01063 0.06613 0.27603 0.64612 ( 8)  0.246
 152 H   0.13825 0.13825 0.13825 0.13817 0.13743 0.13305 0.11487 0.06172 ( 1)  0.033
 153 T   0.14058 0.14058 0.14058 0.14048 0.13955 0.13410 0.11191 0.05221 ( 1)  0.029
 154 I   0.13808 0.13808 0.13808 0.13800 0.13727 0.13297 0.11506 0.06245 ( 1)  0.033
 155 M   0.14505 0.14505 0.14505 0.14490 0.14355 0.13567 0.10501 0.03572 ( 1)  0.023
 156 A   0.13586 0.13586 0.13585 0.13579 0.13522 0.13183 0.11746 0.07214 ( 1)  0.037
 157 G   0.14045 0.14045 0.14045 0.14035 0.13944 0.13405 0.11208 0.05273 ( 1)  0.030
 158 N   0.14248 0.14248 0.14248 0.14236 0.14127 0.13484 0.10918 0.04490 ( 1)  0.027
 159 V   0.14104 0.14104 0.14103 0.14093 0.13996 0.13427 0.11123 0.05050 ( 1)  0.029
 160 V   0.14071 0.14071 0.14071 0.14061 0.13967 0.13414 0.11169 0.05178 ( 1)  0.029
 161 T   0.13599 0.13599 0.13598 0.13592 0.13534 0.13189 0.11732 0.07157 ( 1)  0.037
 162 G   0.13517 0.13517 0.13517 0.13511 0.13458 0.13145 0.11814 0.07521 ( 1)  0.038
 163 E   0.14027 0.14027 0.14026 0.14017 0.13926 0.13395 0.11228 0.05354 ( 1)  0.030
 164 M   0.14505 0.14505 0.14505 0.14490 0.14355 0.13567 0.10501 0.03572 ( 1)  0.023
 165 V   0.13627 0.13627 0.13627 0.13620 0.13560 0.13204 0.11701 0.07034 ( 1)  0.036
 166 E   0.13863 0.13863 0.13863 0.13855 0.13778 0.13322 0.11438 0.06018 ( 1)  0.032
 167 E   0.14228 0.14228 0.14227 0.14216 0.14108 0.13476 0.10946 0.04571 ( 1)  0.027
 168 L   0.13343 0.13343 0.13343 0.13339 0.13297 0.13047 0.11971 0.08315 ( 1)  0.041
 169 I   0.13821 0.13821 0.13821 0.13813 0.13739 0.13303 0.11490 0.06191 ( 1)  0.033
 170 L   0.13364 0.13364 0.13363 0.13359 0.13316 0.13059 0.11954 0.08222 ( 1)  0.040
 171 S   0.13508 0.13508 0.13507 0.13502 0.13450 0.13141 0.11823 0.07561 ( 1)  0.038
 172 G   0.13517 0.13517 0.13517 0.13511 0.13458 0.13145 0.11814 0.07521 ( 1)  0.038
 173 A   0.13586 0.13586 0.13585 0.13579 0.13522 0.13183 0.11746 0.07214 ( 1)  0.037
 174 D   0.13946 0.13946 0.13945 0.13937 0.13853 0.13361 0.11338 0.05675 ( 1)  0.031
 175 I   0.14263 0.14263 0.14263 0.14251 0.14140 0.13490 0.10895 0.04435 ( 1)  0.027
 176 I   0.00000 0.00000 0.00006 0.00131 0.01325 0.08131 0.31979 0.58429 ( 8)  0.228
 177 K   0.13735 0.13735 0.13735 0.13728 0.13660 0.13261 0.11589 0.06557 ( 1)  0.034
 178 V   0.14104 0.14104 0.14103 0.14093 0.13996 0.13427 0.11123 0.05050 ( 1)  0.029
 179 G   0.13556 0.13556 0.13556 0.13550 0.13495 0.13167 0.11774 0.07345 ( 1)  0.037
 180 V   0.00000 0.00000 0.00004 0.00098 0.00993 0.06197 0.26318 0.66390 ( 8)  0.251
 181 G   0.13517 0.13517 0.13517 0.13511 0.13458 0.13145 0.11814 0.07521 ( 1)  0.038
 182 P   0.13220 0.13220 0.13220 0.13216 0.13181 0.12974 0.12072 0.08897 ( 1)  0.043
 183 G   0.13647 0.13647 0.13647 0.13640 0.13579 0.13215 0.11683 0.06941 ( 1)  0.036
 184 S   0.13325 0.13325 0.13325 0.13321 0.13280 0.13036 0.11987 0.08402 ( 1)  0.041
 185 V   0.14104 0.14104 0.14103 0.14093 0.13996 0.13427 0.11123 0.05050 ( 1)  0.029
 186 C   0.13504 0.13504 0.13503 0.13498 0.13446 0.13138 0.11827 0.07580 ( 1)  0.038
 187 T   0.14075 0.14075 0.14075 0.14065 0.13971 0.13417 0.11169 0.05154 ( 1)  0.029
 188 T   0.14074 0.14074 0.14073 0.14064 0.13970 0.13417 0.11170 0.05159 ( 1)  0.029
 189 R   0.13598 0.13598 0.13598 0.13592 0.13534 0.13190 0.11735 0.07155 ( 1)  0.037
 190 T   0.14075 0.14075 0.14075 0.14065 0.13971 0.13417 0.11169 0.05154 ( 1)  0.029
 191 K   0.14177 0.14177 0.14176 0.14165 0.14062 0.13458 0.11025 0.04760 ( 1)  0.028
 192 T   0.13883 0.13883 0.13883 0.13875 0.13796 0.13332 0.11415 0.05933 ( 1)  0.032
 193 G   0.13571 0.13571 0.13570 0.13565 0.13508 0.13175 0.11760 0.07281 ( 1)  0.037
 194 V   0.14080 0.14080 0.14079 0.14070 0.13975 0.13417 0.11156 0.05144 ( 1)  0.029
 195 G   0.14103 0.14103 0.14102 0.14092 0.13995 0.13428 0.11130 0.05048 ( 1)  0.029
 196 Y   0.13668 0.13668 0.13667 0.13661 0.13598 0.13227 0.11663 0.06848 ( 1)  0.035
 197 P   0.13656 0.13656 0.13656 0.13650 0.13588 0.13221 0.11675 0.06899 ( 1)  0.036
 198 Q   0.13558 0.13558 0.13558 0.13552 0.13496 0.13168 0.11775 0.07335 ( 1)  0.037
 199 L   0.13420 0.13420 0.13419 0.13415 0.13368 0.13091 0.11904 0.07963 ( 1)  0.039
 200 S   0.13796 0.13796 0.13795 0.13788 0.13716 0.13291 0.11521 0.06298 ( 1)  0.033
 201 A   0.13764 0.13764 0.13763 0.13756 0.13687 0.13275 0.11557 0.06434 ( 1)  0.034
 202 V   0.14153 0.14153 0.14152 0.14142 0.14040 0.13447 0.11054 0.04860 ( 1)  0.028
 203 I   0.14060 0.14060 0.14060 0.14050 0.13957 0.13409 0.11184 0.05219 ( 1)  0.029
 204 E   0.14263 0.14263 0.14262 0.14251 0.14139 0.13489 0.10895 0.04439 ( 1)  0.027
 205 C   0.13518 0.13518 0.13518 0.13512 0.13460 0.13147 0.11814 0.07514 ( 1)  0.038
 206 A   0.13772 0.13772 0.13771 0.13764 0.13694 0.13278 0.11545 0.06404 ( 1)  0.034
 207 D   0.14358 0.14358 0.14358 0.14345 0.14225 0.13522 0.10744 0.04089 ( 1)  0.025
 208 S   0.13313 0.13313 0.13313 0.13308 0.13268 0.13030 0.11998 0.08458 ( 1)  0.041
 209 A   0.14139 0.14139 0.14139 0.14129 0.14029 0.13443 0.11077 0.04905 ( 1)  0.028
 210 H   0.13673 0.13673 0.13673 0.13666 0.13603 0.13228 0.11654 0.06830 ( 1)  0.035
 211 G   0.14121 0.14121 0.14121 0.14111 0.14012 0.13436 0.11104 0.04974 ( 1)  0.029
 212 L   0.13420 0.13420 0.13419 0.13415 0.13368 0.13091 0.11904 0.07963 ( 1)  0.039
 213 K   0.00000 0.00000 0.00005 0.00122 0.01231 0.07589 0.30465 0.60588 ( 8)  0.235
 214 G   0.14089 0.14089 0.14089 0.14079 0.13983 0.13423 0.11149 0.05099 ( 1)  0.029
 215 H   0.13827 0.13827 0.13827 0.13819 0.13745 0.13307 0.11485 0.06162 ( 1)  0.033
 216 I   0.14263 0.14263 0.14263 0.14251 0.14140 0.13490 0.10895 0.04435 ( 1)  0.027
 217 I   0.14263 0.14263 0.14263 0.14251 0.14140 0.13490 0.10895 0.04435 ( 1)  0.027
 218 S   0.13248 0.13248 0.13247 0.13244 0.13207 0.12991 0.12051 0.08765 ( 1)  0.042
 219 D   0.13934 0.13934 0.13933 0.13925 0.13842 0.13356 0.11354 0.05722 ( 1)  0.031
 220 G   0.13517 0.13517 0.13517 0.13511 0.13458 0.13145 0.11814 0.07521 ( 1)  0.038
 221 G   0.14121 0.14121 0.14121 0.14111 0.14012 0.13436 0.11104 0.04974 ( 1)  0.029
 222 C   0.13530 0.13530 0.13530 0.13524 0.13471 0.13153 0.11803 0.07459 ( 1)  0.038
 223 T   0.13881 0.13881 0.13881 0.13873 0.13794 0.13331 0.11418 0.05941 ( 1)  0.032
 224 C   0.13253 0.13253 0.13253 0.13249 0.13212 0.12994 0.12047 0.08738 ( 1)  0.042
 225 P   0.13227 0.13227 0.13227 0.13223 0.13188 0.12978 0.12067 0.08863 ( 1)  0.043
 226 G   0.13822 0.13822 0.13821 0.13814 0.13740 0.13304 0.11491 0.06187 ( 1)  0.033
 227 D   0.13940 0.13940 0.13939 0.13931 0.13848 0.13358 0.11346 0.05698 ( 1)  0.031
 228 V   0.14173 0.14173 0.14172 0.14161 0.14058 0.13454 0.11025 0.04784 ( 1)  0.028
 229 A   0.14173 0.14173 0.14173 0.14162 0.14059 0.13456 0.11028 0.04776 ( 1)  0.028
 230 K   0.13735 0.13735 0.13735 0.13728 0.13660 0.13261 0.11589 0.06557 ( 1)  0.034
 231 A   0.14107 0.14107 0.14106 0.14096 0.13999 0.13429 0.11122 0.05034 ( 1)  0.029
 232 F   0.13458 0.13458 0.13458 0.13453 0.13404 0.13113 0.11871 0.07785 ( 1)  0.039
 233 -   0.12500 0.12500 0.12500 0.12500 0.12500 0.12500 0.12500 0.12500 ( 1)  0.055
 234 -   0.12500 0.12500 0.12500 0.12500 0.12500 0.12500 0.12500 0.12500 ( 1)  0.055
 235 -   0.12500 0.12500 0.12500 0.12500 0.12500 0.12500 0.12500 0.12500 ( 1)  0.055
 236 -   0.12500 0.12500 0.12500 0.12500 0.12500 0.12500 0.12500 0.12500 ( 1)  0.055
 237 -   0.12500 0.12500 0.12500 0.12500 0.12500 0.12500 0.12500 0.12500 ( 1)  0.055
 238 -   0.12500 0.12500 0.12500 0.12500 0.12500 0.12500 0.12500 0.12500 ( 2)  0.055
 239 -   0.12500 0.12500 0.12500 0.12500 0.12500 0.12500 0.12500 0.12500 ( 1)  0.055
 240 -   0.12500 0.12500 0.12500 0.12500 0.12500 0.12500 0.12500 0.12500 ( 1)  0.055
 241 -   0.12500 0.12500 0.12500 0.12500 0.12500 0.12500 0.12500 0.12500 ( 4)  0.055
 242 -   0.12500 0.12500 0.12500 0.12500 0.12500 0.12500 0.12500 0.12500 ( 1)  0.055
 243 -   0.12500 0.12500 0.12500 0.12500 0.12500 0.12500 0.12500 0.12500 ( 1)  0.055
 244 -   0.12500 0.12500 0.12500 0.12500 0.12500 0.12500 0.12500 0.12500 ( 1)  0.055
 245 -   0.12500 0.12500 0.12500 0.12500 0.12500 0.12500 0.12500 0.12500 ( 1)  0.055
 246 -   0.12500 0.12500 0.12500 0.12500 0.12500 0.12500 0.12500 0.12500 ( 1)  0.055
 247 -   0.12500 0.12500 0.12500 0.12500 0.12500 0.12500 0.12500 0.12500 ( 8)  0.055
 248 -   0.12500 0.12500 0.12500 0.12500 0.12500 0.12500 0.12500 0.12500 ( 1)  0.055
 249 -   0.12500 0.12500 0.12500 0.12500 0.12500 0.12500 0.12500 0.12500 ( 1)  0.055
 250 -   0.12500 0.12500 0.12500 0.12500 0.12500 0.12500 0.12500 0.12500 ( 8)  0.055
 251 -   0.12500 0.12500 0.12500 0.12500 0.12500 0.12500 0.12500 0.12500 ( 8)  0.055
 252 -   0.12500 0.12500 0.12500 0.12500 0.12500 0.12500 0.12500 0.12500 ( 6)  0.055
 253 -   0.12500 0.12500 0.12500 0.12500 0.12500 0.12500 0.12500 0.12500 ( 1)  0.055
 254 -   0.12500 0.12500 0.12500 0.12500 0.12500 0.12500 0.12500 0.12500 ( 6)  0.055
 255 -   0.12500 0.12500 0.12500 0.12500 0.12500 0.12500 0.12500 0.12500 ( 2)  0.055
 256 -   0.12500 0.12500 0.12500 0.12500 0.12500 0.12500 0.12500 0.12500 ( 1)  0.055
 257 -   0.12500 0.12500 0.12500 0.12500 0.12500 0.12500 0.12500 0.12500 ( 1)  0.055
 258 -   0.12500 0.12500 0.12500 0.12500 0.12500 0.12500 0.12500 0.12500 ( 1)  0.055
 259 -   0.12500 0.12500 0.12500 0.12500 0.12500 0.12500 0.12500 0.12500 ( 8)  0.055
 260 -   0.12500 0.12500 0.12500 0.12500 0.12500 0.12500 0.12500 0.12500 ( 1)  0.055
 261 -   0.12500 0.12500 0.12500 0.12500 0.12500 0.12500 0.12500 0.12500 ( 1)  0.055
 262 -   0.12500 0.12500 0.12500 0.12500 0.12500 0.12500 0.12500 0.12500 ( 1)  0.055
 263 -   0.12500 0.12500 0.12500 0.12500 0.12500 0.12500 0.12500 0.12500 ( 1)  0.055
 264 -   0.12500 0.12500 0.12500 0.12500 0.12500 0.12500 0.12500 0.12500 ( 1)  0.055
 265 -   0.12500 0.12500 0.12500 0.12500 0.12500 0.12500 0.12500 0.12500 ( 1)  0.055
 266 -   0.12500 0.12500 0.12500 0.12500 0.12500 0.12500 0.12500 0.12500 ( 1)  0.055
 267 -   0.12500 0.12500 0.12500 0.12500 0.12500 0.12500 0.12500 0.12500 ( 1)  0.055
 268 -   0.12500 0.12500 0.12500 0.12500 0.12500 0.12500 0.12500 0.12500 ( 6)  0.055
 269 -   0.12500 0.12500 0.12500 0.12500 0.12500 0.12500 0.12500 0.12500 ( 2)  0.055
 270 -   0.12500 0.12500 0.12500 0.12500 0.12500 0.12500 0.12500 0.12500 ( 1)  0.055
 271 -   0.12500 0.12500 0.12500 0.12500 0.12500 0.12500 0.12500 0.12500 ( 1)  0.055
 272 -   0.12500 0.12500 0.12500 0.12500 0.12500 0.12500 0.12500 0.12500 ( 1)  0.055
 273 -   0.12500 0.12500 0.12500 0.12500 0.12500 0.12500 0.12500 0.12500 ( 5)  0.055
 274 -   0.12500 0.12500 0.12500 0.12500 0.12500 0.12500 0.12500 0.12500 ( 6)  0.055
 275 -   0.12500 0.12500 0.12500 0.12500 0.12500 0.12500 0.12500 0.12500 ( 1)  0.055
 276 -   0.12500 0.12500 0.12500 0.12500 0.12500 0.12500 0.12500 0.12500 ( 1)  0.055
 277 -   0.12500 0.12500 0.12500 0.12500 0.12500 0.12500 0.12500 0.12500 ( 4)  0.055
 278 -   0.12500 0.12500 0.12500 0.12500 0.12500 0.12500 0.12500 0.12500 ( 1)  0.055
 279 -   0.12500 0.12500 0.12500 0.12500 0.12500 0.12500 0.12500 0.12500 ( 1)  0.055
 280 -   0.12500 0.12500 0.12500 0.12500 0.12500 0.12500 0.12500 0.12500 ( 1)  0.055
 281 -   0.12500 0.12500 0.12500 0.12500 0.12500 0.12500 0.12500 0.12500 ( 1)  0.055
 282 -   0.12500 0.12500 0.12500 0.12500 0.12500 0.12500 0.12500 0.12500 ( 6)  0.055
 283 -   0.12500 0.12500 0.12500 0.12500 0.12500 0.12500 0.12500 0.12500 ( 1)  0.055
 284 -   0.12500 0.12500 0.12500 0.12500 0.12500 0.12500 0.12500 0.12500 ( 1)  0.055
 285 -   0.12500 0.12500 0.12500 0.12500 0.12500 0.12500 0.12500 0.12500 ( 1)  0.055
 286 -   0.12500 0.12500 0.12500 0.12500 0.12500 0.12500 0.12500 0.12500 ( 1)  0.055
 287 -   0.12500 0.12500 0.12500 0.12500 0.12500 0.12500 0.12500 0.12500 ( 1)  0.055
 288 -   0.12500 0.12500 0.12500 0.12500 0.12500 0.12500 0.12500 0.12500 ( 4)  0.055
 289 -   0.12500 0.12500 0.12500 0.12500 0.12500 0.12500 0.12500 0.12500 ( 1)  0.055
 290 -   0.12500 0.12500 0.12500 0.12500 0.12500 0.12500 0.12500 0.12500 ( 1)  0.055
 291 -   0.12500 0.12500 0.12500 0.12500 0.12500 0.12500 0.12500 0.12500 ( 1)  0.055
 292 -   0.12500 0.12500 0.12500 0.12500 0.12500 0.12500 0.12500 0.12500 ( 1)  0.055
 293 -   0.12500 0.12500 0.12500 0.12500 0.12500 0.12500 0.12500 0.12500 ( 1)  0.055
 294 -   0.12500 0.12500 0.12500 0.12500 0.12500 0.12500 0.12500 0.12500 ( 1)  0.055
 295 -   0.12500 0.12500 0.12500 0.12500 0.12500 0.12500 0.12500 0.12500 ( 5)  0.055
 296 -   0.12500 0.12500 0.12500 0.12500 0.12500 0.12500 0.12500 0.12500 ( 1)  0.055
 297 -   0.12500 0.12500 0.12500 0.12500 0.12500 0.12500 0.12500 0.12500 ( 1)  0.055
 298 -   0.12500 0.12500 0.12500 0.12500 0.12500 0.12500 0.12500 0.12500 ( 1)  0.055
 299 -   0.12500 0.12500 0.12500 0.12500 0.12500 0.12500 0.12500 0.12500 ( 1)  0.055
 300 -   0.12500 0.12500 0.12500 0.12500 0.12500 0.12500 0.12500 0.12500 ( 6)  0.055
 301 -   0.12500 0.12500 0.12500 0.12500 0.12500 0.12500 0.12500 0.12500 ( 1)  0.055
 302 -   0.12500 0.12500 0.12500 0.12500 0.12500 0.12500 0.12500 0.12500 ( 1)  0.055
 303 -   0.12500 0.12500 0.12500 0.12500 0.12500 0.12500 0.12500 0.12500 ( 1)  0.055
 304 -   0.12500 0.12500 0.12500 0.12500 0.12500 0.12500 0.12500 0.12500 ( 1)  0.055
 305 -   0.12500 0.12500 0.12500 0.12500 0.12500 0.12500 0.12500 0.12500 ( 1)  0.055
 306 -   0.12500 0.12500 0.12500 0.12500 0.12500 0.12500 0.12500 0.12500 ( 1)  0.055
 307 -   0.12500 0.12500 0.12500 0.12500 0.12500 0.12500 0.12500 0.12500 ( 1)  0.055
 308 -   0.12500 0.12500 0.12500 0.12500 0.12500 0.12500 0.12500 0.12500 ( 1)  0.055
 309 -   0.12500 0.12500 0.12500 0.12500 0.12500 0.12500 0.12500 0.12500 ( 1)  0.055
 310 -   0.12500 0.12500 0.12500 0.12500 0.12500 0.12500 0.12500 0.12500 ( 1)  0.055
 311 -   0.12500 0.12500 0.12500 0.12500 0.12500 0.12500 0.12500 0.12500 ( 1)  0.055
 312 -   0.12500 0.12500 0.12500 0.12500 0.12500 0.12500 0.12500 0.12500 ( 1)  0.055
 313 -   0.12500 0.12500 0.12500 0.12500 0.12500 0.12500 0.12500 0.12500 ( 2)  0.055
 314 -   0.12500 0.12500 0.12500 0.12500 0.12500 0.12500 0.12500 0.12500 ( 2)  0.055
 315 -   0.12500 0.12500 0.12500 0.12500 0.12500 0.12500 0.12500 0.12500 ( 1)  0.055
 316 G   0.13517 0.13517 0.13517 0.13511 0.13458 0.13145 0.11814 0.07521 ( 1)  0.038
 317 A   0.13687 0.13687 0.13687 0.13680 0.13616 0.13236 0.11640 0.06768 ( 1)  0.035
 318 G   0.13527 0.13527 0.13527 0.13521 0.13468 0.13151 0.11804 0.07475 ( 1)  0.038
 319 A   0.13779 0.13779 0.13778 0.13771 0.13700 0.13282 0.11537 0.06374 ( 1)  0.034
 320 D   0.13966 0.13966 0.13965 0.13956 0.13871 0.13369 0.11311 0.05596 ( 1)  0.031
 321 F   0.13486 0.13486 0.13485 0.13480 0.13429 0.13128 0.11844 0.07662 ( 1)  0.038
 322 V   0.14171 0.14171 0.14171 0.14160 0.14057 0.13454 0.11027 0.04789 ( 1)  0.028
 323 M   0.14505 0.14505 0.14505 0.14490 0.14355 0.13567 0.10501 0.03572 ( 1)  0.023
 324 L   0.13420 0.13420 0.13419 0.13415 0.13368 0.13091 0.11904 0.07963 ( 1)  0.039
 325 G   0.13517 0.13517 0.13517 0.13511 0.13458 0.13145 0.11814 0.07521 ( 1)  0.038
 326 G   0.13912 0.13912 0.13912 0.13903 0.13822 0.13345 0.11379 0.05815 ( 1)  0.032
 327 M   0.14505 0.14505 0.14505 0.14490 0.14355 0.13567 0.10501 0.03572 ( 1)  0.023
 328 F   0.13458 0.13458 0.13458 0.13453 0.13404 0.13113 0.11871 0.07785 ( 1)  0.039
 329 S   0.13383 0.13383 0.13383 0.13378 0.13334 0.13070 0.11937 0.08133 ( 1)  0.040
 330 G   0.13869 0.13869 0.13869 0.13861 0.13783 0.13325 0.11430 0.05993 ( 1)  0.032
 331 H   0.13486 0.13486 0.13486 0.13480 0.13430 0.13129 0.11844 0.07660 ( 1)  0.038
 332 T   0.13942 0.13942 0.13942 0.13933 0.13850 0.13359 0.11342 0.05690 ( 1)  0.031
 333 E   0.14157 0.14157 0.14156 0.14145 0.14044 0.13449 0.11052 0.04840 ( 1)  0.028
 334 C   0.13271 0.13271 0.13271 0.13267 0.13229 0.13005 0.12032 0.08654 ( 1)  0.042
 335 A   0.13732 0.13732 0.13731 0.13724 0.13657 0.13258 0.11590 0.06575 ( 1)  0.034
 336 G   0.13517 0.13517 0.13517 0.13511 0.13458 0.13145 0.11814 0.07521 ( 1)  0.038
 337 E   0.13943 0.13943 0.13943 0.13934 0.13850 0.13359 0.11338 0.05690 ( 1)  0.031
 338 V   0.00000 0.00000 0.00005 0.00108 0.01095 0.06798 0.28142 0.63852 ( 8)  0.244
 339 I   0.00000 0.00000 0.00005 0.00106 0.01070 0.06652 0.27714 0.64454 ( 8)  0.246
 340 E   0.14263 0.14263 0.14262 0.14251 0.14139 0.13489 0.10895 0.04439 ( 1)  0.027
 341 R   0.14035 0.14035 0.14034 0.14025 0.13934 0.13401 0.11225 0.05311 ( 1)  0.030
 342 N   0.14262 0.14262 0.14261 0.14249 0.14138 0.13489 0.10898 0.04441 ( 1)  0.027
 343 G   0.13561 0.13561 0.13560 0.13554 0.13499 0.13169 0.11770 0.07326 ( 1)  0.037
 344 Q   0.00000 0.00000 0.00000 0.00000 0.00008 0.00342 0.07268 0.92382 ( 8)  0.325
 345 K   0.14177 0.14177 0.14176 0.14165 0.14062 0.13458 0.11025 0.04760 ( 1)  0.028
 346 L   0.13684 0.13684 0.13684 0.13677 0.13613 0.13235 0.11644 0.06777 ( 1)  0.035
 347 K   0.00000 0.00000 0.00005 0.00122 0.01239 0.07634 0.30588 0.60411 ( 8)  0.234
 348 L   0.13682 0.13682 0.13682 0.13675 0.13612 0.13234 0.11646 0.06786 ( 1)  0.035
 349 F   0.13814 0.13814 0.13813 0.13806 0.13732 0.13300 0.11501 0.06219 ( 1)  0.033
 350 Y   0.13586 0.13586 0.13586 0.13580 0.13523 0.13183 0.11746 0.07209 ( 1)  0.037
 351 G   0.14018 0.14018 0.14018 0.14009 0.13919 0.13393 0.11244 0.05380 ( 1)  0.030
 352 M   0.14505 0.14505 0.14505 0.14490 0.14355 0.13567 0.10501 0.03572 ( 1)  0.023
 353 S   0.14139 0.14139 0.14138 0.14128 0.14028 0.13444 0.11082 0.04902 ( 1)  0.028
 354 S   0.13231 0.13231 0.13231 0.13227 0.13192 0.12981 0.12063 0.08844 ( 1)  0.043
 355 D   0.00000 0.00000 0.00000 0.00000 0.00014 0.00567 0.10851 0.88568 ( 8)  0.315
 356 T   0.14016 0.14016 0.14015 0.14006 0.13917 0.13392 0.11248 0.05389 ( 1)  0.030
 357 A   0.14173 0.14173 0.14173 0.14162 0.14059 0.13456 0.11028 0.04776 ( 1)  0.028
 358 M   0.14505 0.14505 0.14505 0.14490 0.14355 0.13567 0.10501 0.03572 ( 1)  0.023
 359 K   0.00000 0.00000 0.00006 0.00125 0.01260 0.07760 0.30949 0.59901 ( 8)  0.233
 360 K   0.14177 0.14177 0.14176 0.14165 0.14062 0.13458 0.11025 0.04760 ( 1)  0.028
 361 H   0.13814 0.13814 0.13814 0.13806 0.13733 0.13300 0.11500 0.06220 ( 1)  0.033
 362 A   0.13821 0.13821 0.13821 0.13813 0.13739 0.13301 0.11486 0.06199 ( 1)  0.033
 363 G   0.13517 0.13517 0.13517 0.13511 0.13458 0.13145 0.11814 0.07521 ( 1)  0.038
 364 G   0.13552 0.13552 0.13551 0.13546 0.13491 0.13164 0.11779 0.07366 ( 1)  0.037
 365 V   0.13882 0.13882 0.13882 0.13874 0.13795 0.13329 0.11410 0.05946 ( 1)  0.032
 366 A   0.13701 0.13701 0.13700 0.13694 0.13628 0.13243 0.11625 0.06708 ( 1)  0.035
 367 E   0.00000 0.00000 0.00000 0.00000 0.00015 0.00599 0.11328 0.88057 ( 8)  0.313
 368 Y   0.00000 0.00000 0.00000 0.00000 0.00000 0.00001 0.00464 0.99535 ( 8)  0.344
 369 R   0.13547 0.13547 0.13547 0.13541 0.13487 0.13163 0.11785 0.07383 ( 1)  0.037
 370 A   0.14131 0.14131 0.14130 0.14120 0.14021 0.13439 0.11088 0.04940 ( 1)  0.028
 371 S   0.13295 0.13295 0.13295 0.13291 0.13252 0.13019 0.12013 0.08542 ( 1)  0.042
 372 E   0.14114 0.14114 0.14114 0.14103 0.14005 0.13431 0.11109 0.05010 ( 1)  0.029
 373 G   0.13625 0.13625 0.13625 0.13619 0.13559 0.13204 0.11706 0.07038 ( 1)  0.036
 374 K   0.14134 0.14134 0.14134 0.14123 0.14024 0.13441 0.11085 0.04924 ( 1)  0.028
 375 T   0.13578 0.13578 0.13577 0.13571 0.13515 0.13179 0.11754 0.07248 ( 1)  0.037
 376 V   0.14062 0.14062 0.14062 0.14052 0.13959 0.13410 0.11180 0.05214 ( 1)  0.029
 377 E   0.13792 0.13792 0.13792 0.13784 0.13713 0.13289 0.11524 0.06314 ( 1)  0.033
 378 V   0.14006 0.14006 0.14005 0.13996 0.13907 0.13386 0.11256 0.05439 ( 1)  0.030
 379 P   0.13286 0.13286 0.13286 0.13282 0.13243 0.13013 0.12020 0.08585 ( 1)  0.042
 380 Y   0.13635 0.13635 0.13635 0.13628 0.13568 0.13209 0.11697 0.06993 ( 1)  0.036
 381 K   0.00000 0.00000 0.00004 0.00096 0.00976 0.06099 0.26022 0.66802 ( 8)  0.252
 382 G   0.13604 0.13604 0.13603 0.13597 0.13539 0.13191 0.11724 0.07138 ( 1)  0.036
 383 D   0.14000 0.14000 0.13999 0.13990 0.13902 0.13383 0.11262 0.05465 ( 1)  0.030
 384 V   0.13841 0.13841 0.13841 0.13833 0.13757 0.13312 0.11465 0.06110 ( 1)  0.033
 385 E   0.13885 0.13885 0.13885 0.13877 0.13798 0.13331 0.11407 0.05932 ( 1)  0.032
 386 N   0.00000 0.00000 0.00006 0.00126 0.01278 0.07862 0.31225 0.59503 ( 8)  0.232
 387 T   0.13763 0.13763 0.13763 0.13755 0.13686 0.13274 0.11555 0.06442 ( 1)  0.034
 388 I   0.14107 0.14107 0.14106 0.14096 0.13999 0.13430 0.11123 0.05032 ( 1)  0.029
 389 L   0.13392 0.13392 0.13392 0.13387 0.13342 0.13075 0.11928 0.08090 ( 1)  0.040
 390 D   0.13896 0.13896 0.13895 0.13887 0.13807 0.13338 0.11401 0.05880 ( 1)  0.032
 391 I   0.13773 0.13773 0.13772 0.13765 0.13695 0.13279 0.11546 0.06398 ( 1)  0.034
 392 L   0.13662 0.13662 0.13662 0.13656 0.13593 0.13223 0.11667 0.06874 ( 1)  0.036
 393 G   0.13881 0.13881 0.13881 0.13873 0.13794 0.13331 0.11418 0.05941 ( 1)  0.032
 394 G   0.13487 0.13487 0.13487 0.13482 0.13431 0.13129 0.11841 0.07655 ( 1)  0.038
 395 L   0.13393 0.13393 0.13392 0.13388 0.13343 0.13076 0.11928 0.08088 ( 1)  0.040
 396 R   0.13953 0.13953 0.13953 0.13944 0.13859 0.13361 0.11320 0.05656 ( 1)  0.031
 397 S   0.13405 0.13405 0.13404 0.13400 0.13354 0.13083 0.11919 0.08030 ( 1)  0.040
 398 T   0.13984 0.13984 0.13984 0.13975 0.13888 0.13378 0.11289 0.05519 ( 1)  0.031
 399 C   0.13546 0.13546 0.13545 0.13540 0.13485 0.13162 0.11788 0.07388 ( 1)  0.037
 400 T   0.14034 0.14034 0.14034 0.14024 0.13934 0.13400 0.11223 0.05316 ( 1)  0.030
 401 Y   0.13542 0.13542 0.13542 0.13536 0.13482 0.13160 0.11791 0.07406 ( 1)  0.037
 402 V   0.14062 0.14062 0.14062 0.14052 0.13959 0.13410 0.11180 0.05214 ( 1)  0.029
 403 G   0.13979 0.13979 0.13978 0.13969 0.13883 0.13375 0.11296 0.05541 ( 1)  0.031
 404 A   0.14123 0.14123 0.14123 0.14112 0.14014 0.13436 0.11099 0.04970 ( 1)  0.029
 405 A   0.14131 0.14131 0.14130 0.14120 0.14021 0.13439 0.11088 0.04940 ( 1)  0.028
 406 K   0.13701 0.13701 0.13700 0.13694 0.13629 0.13243 0.11627 0.06706 ( 1)  0.035
 407 L   0.13691 0.13691 0.13691 0.13684 0.13620 0.13238 0.11636 0.06748 ( 1)  0.035
 408 K   0.13939 0.13939 0.13939 0.13930 0.13847 0.13358 0.11348 0.05701 ( 1)  0.031
 409 E   0.14219 0.14219 0.14218 0.14207 0.14100 0.13473 0.10960 0.04604 ( 1)  0.027
 410 L   0.13691 0.13691 0.13691 0.13684 0.13620 0.13238 0.11636 0.06748 ( 1)  0.035
 411 S   0.14097 0.14097 0.14097 0.14086 0.13990 0.13427 0.11140 0.05065 ( 1)  0.029
 412 R   0.13947 0.13947 0.13947 0.13938 0.13854 0.13358 0.11326 0.05683 ( 1)  0.031
 413 R   0.13995 0.13995 0.13994 0.13985 0.13898 0.13383 0.11277 0.05472 ( 1)  0.030
 414 A   0.13722 0.13722 0.13721 0.13714 0.13648 0.13253 0.11601 0.06618 ( 1)  0.035
 415 T   0.13950 0.13950 0.13950 0.13941 0.13857 0.13363 0.11332 0.05657 ( 1)  0.031
 416 F   0.13784 0.13784 0.13783 0.13776 0.13705 0.13286 0.11536 0.06347 ( 1)  0.034
 417 I   0.14219 0.14219 0.14219 0.14208 0.14101 0.13473 0.10961 0.04600 ( 1)  0.027
 418 R   0.13417 0.13417 0.13417 0.13412 0.13366 0.13090 0.11907 0.07975 ( 1)  0.039
 419 V   0.14065 0.14065 0.14065 0.14055 0.13961 0.13411 0.11176 0.05201 ( 1)  0.029
 420 T   0.14034 0.14034 0.14034 0.14024 0.13934 0.13400 0.11223 0.05316 ( 1)  0.030
 421 Q   0.13451 0.13451 0.13451 0.13446 0.13397 0.13109 0.11876 0.07820 ( 1)  0.039
 422 Q   0.13505 0.13505 0.13505 0.13500 0.13448 0.13139 0.11825 0.07573 ( 1)  0.038
 423 H   0.13785 0.13785 0.13785 0.13778 0.13707 0.13286 0.11533 0.06341 ( 1)  0.034
 424 N   0.14235 0.14235 0.14235 0.14224 0.14115 0.13480 0.10938 0.04538 ( 1)  0.027
 425 T   0.00000 0.00000 0.00005 0.00112 0.01132 0.07015 0.28801 0.62936 ( 8)  0.241
 426 V   0.00000 0.00000 0.00005 0.00114 0.01153 0.07138 0.29138 0.62452 ( 8)  0.240
 427 F   0.13784 0.13784 0.13783 0.13776 0.13705 0.13286 0.11536 0.06347 ( 1)  0.034
 428 S   0.14097 0.14097 0.14097 0.14086 0.13990 0.13427 0.11140 0.05065 ( 1)  0.029


lnL = -3423.777782

