Supplemental results for CODEML (seqf: algn  treef: tree)


dN/dS (w) for site classes (K=2)

p:   0.92774  0.07226
w:   0.08120  1.00000

Naive Empirical Bayes (NEB) probabilities for 2 classes & postmean_w
(amino acids refer to 1st sequence: aotNan_NT5C3A_XM_012461316)

   1 -   0.92775 0.07225 ( 1)  0.148
   2 -   0.92774 0.07226 ( 1)  0.148
   3 -   0.92774 0.07226 ( 1)  0.148
   4 -   0.92774 0.07226 ( 1)  0.148
   5 -   0.92774 0.07226 ( 1)  0.148
   6 -   0.92775 0.07225 ( 1)  0.148
   7 -   0.92774 0.07226 ( 1)  0.148
   8 -   0.92774 0.07226 ( 1)  0.148
   9 -   0.92774 0.07226 ( 1)  0.148
  10 -   0.92774 0.07226 ( 1)  0.148
  11 -   0.92774 0.07226 ( 1)  0.148
  12 -   0.92774 0.07226 ( 1)  0.148
  13 -   0.92774 0.07226 ( 1)  0.148
  14 -   0.92774 0.07226 ( 1)  0.148
  15 -   0.92774 0.07226 ( 1)  0.148
  16 -   0.92774 0.07226 ( 1)  0.148
  17 -   0.92775 0.07225 ( 1)  0.148
  18 -   0.92774 0.07226 ( 1)  0.148
  19 -   0.92774 0.07226 ( 1)  0.148
  20 -   0.92774 0.07226 ( 1)  0.148
  21 -   0.92774 0.07226 ( 1)  0.148
  22 -   0.92774 0.07226 ( 1)  0.148
  23 -   0.92774 0.07226 ( 1)  0.148
  24 -   0.92774 0.07226 ( 1)  0.148
  25 -   0.92774 0.07226 ( 1)  0.148
  26 -   0.92774 0.07226 ( 1)  0.148
  27 -   0.92774 0.07226 ( 1)  0.148
  28 -   0.92774 0.07226 ( 1)  0.148
  29 -   0.92774 0.07226 ( 1)  0.148
  30 -   0.92774 0.07226 ( 1)  0.148
  31 -   0.92774 0.07226 ( 1)  0.148
  32 -   0.92775 0.07225 ( 1)  0.148
  33 -   0.92774 0.07226 ( 1)  0.148
  34 -   0.92774 0.07226 ( 1)  0.148
  35 -   0.92775 0.07225 ( 1)  0.148
  36 -   0.92774 0.07226 ( 1)  0.148
  37 -   0.92774 0.07226 ( 1)  0.148
  38 -   0.92774 0.07226 ( 1)  0.148
  39 -   0.92774 0.07226 ( 1)  0.148
  40 -   0.92774 0.07226 ( 1)  0.148
  41 -   0.92774 0.07226 ( 1)  0.148
  42 -   0.92774 0.07226 ( 1)  0.148
  43 -   0.92774 0.07226 ( 1)  0.148
  44 -   0.92774 0.07226 ( 1)  0.148
  45 -   0.92774 0.07226 ( 1)  0.148
  46 -   0.92774 0.07226 ( 1)  0.148
  47 -   0.92774 0.07226 ( 1)  0.148
  48 -   0.92774 0.07226 ( 1)  0.148
  49 -   0.92774 0.07226 ( 1)  0.148
  50 -   0.92774 0.07226 ( 1)  0.148
  51 -   0.92775 0.07225 ( 1)  0.148
  52 -   0.92774 0.07226 ( 1)  0.148
  53 -   0.92775 0.07225 ( 1)  0.148
  54 -   0.92774 0.07226 ( 1)  0.148
  55 -   0.92774 0.07226 ( 1)  0.148
  56 -   0.92774 0.07226 ( 1)  0.148
  57 -   0.92774 0.07226 ( 1)  0.148
  58 -   0.92774 0.07226 ( 1)  0.148
  59 -   0.92774 0.07226 ( 1)  0.148
  60 -   0.92774 0.07226 ( 1)  0.148
  61 -   0.92775 0.07225 ( 1)  0.148
  62 -   0.92775 0.07225 ( 1)  0.148
  63 -   0.98539 0.01461 ( 1)  0.095
  64 -   0.97909 0.02091 ( 1)  0.100
  65 -   0.98689 0.01311 ( 1)  0.093
  66 -   0.69354 0.30646 ( 1)  0.363
  67 -   0.97451 0.02549 ( 1)  0.105
  68 -   0.96521 0.03479 ( 1)  0.113
  69 -   0.97935 0.02065 ( 1)  0.100
  70 -   0.97976 0.02024 ( 1)  0.100
  71 -   0.77378 0.22622 ( 1)  0.289
  72 -   0.71686 0.28314 ( 1)  0.341
  73 -   0.98201 0.01799 ( 1)  0.098
  74 M   0.82113 0.17887 ( 1)  0.246
  75 -   0.92774 0.07226 ( 1)  0.148
  76 -   0.92774 0.07226 ( 1)  0.148
  77 -   0.92774 0.07226 ( 1)  0.148
  78 -   0.92774 0.07226 ( 1)  0.148
  79 -   0.92774 0.07226 ( 1)  0.148
  80 -   0.92774 0.07226 ( 1)  0.148
  81 -   0.92774 0.07226 ( 1)  0.148
  82 -   0.92774 0.07226 ( 1)  0.148
  83 -   0.92774 0.07226 ( 1)  0.148
  84 -   0.92774 0.07226 ( 1)  0.148
  85 -   0.92774 0.07226 ( 1)  0.148
  86 -   0.92774 0.07226 ( 1)  0.148
  87 -   0.92774 0.07226 ( 1)  0.148
  88 -   0.92774 0.07226 ( 1)  0.148
  89 -   0.92774 0.07226 ( 1)  0.148
  90 -   0.92774 0.07226 ( 1)  0.148
  91 -   0.92774 0.07226 ( 1)  0.148
  92 -   0.92774 0.07226 ( 1)  0.148
  93 -   0.92774 0.07226 ( 1)  0.148
  94 -   0.92774 0.07226 ( 1)  0.148
  95 -   0.92774 0.07226 ( 1)  0.148
  96 -   0.92774 0.07226 ( 1)  0.148
  97 -   0.92774 0.07226 ( 1)  0.148
  98 -   0.92774 0.07226 ( 1)  0.148
  99 -   0.92774 0.07226 ( 1)  0.148
 100 -   0.92774 0.07226 ( 1)  0.148
 101 -   0.92774 0.07226 ( 1)  0.148
 102 -   0.92774 0.07226 ( 1)  0.148
 103 -   0.92774 0.07226 ( 1)  0.148
 104 -   0.92774 0.07226 ( 1)  0.148
 105 -   0.92774 0.07226 ( 1)  0.148
 106 -   0.92774 0.07226 ( 1)  0.148
 107 -   0.92774 0.07226 ( 1)  0.148
 108 -   0.92774 0.07226 ( 1)  0.148
 109 -   0.92774 0.07226 ( 1)  0.148
 110 -   0.92774 0.07226 ( 1)  0.148
 111 -   0.92774 0.07226 ( 1)  0.148
 112 -   0.92774 0.07226 ( 1)  0.148
 113 -   0.92774 0.07226 ( 1)  0.148
 114 -   0.92774 0.07226 ( 1)  0.148
 115 -   0.92774 0.07226 ( 1)  0.148
 116 -   0.92774 0.07226 ( 1)  0.148
 117 -   0.92774 0.07226 ( 1)  0.148
 118 -   0.92774 0.07226 ( 1)  0.148
 119 -   0.92774 0.07226 ( 1)  0.148
 120 -   0.92774 0.07226 ( 1)  0.148
 121 -   0.92774 0.07226 ( 1)  0.148
 122 -   0.92774 0.07226 ( 1)  0.148
 123 -   0.92774 0.07226 ( 1)  0.148
 124 -   0.92774 0.07226 ( 1)  0.148
 125 -   0.92774 0.07226 ( 1)  0.148
 126 -   0.92774 0.07226 ( 1)  0.148
 127 -   0.92774 0.07226 ( 1)  0.148
 128 -   0.92774 0.07226 ( 1)  0.148
 129 -   0.92774 0.07226 ( 1)  0.148
 130 -   0.92774 0.07226 ( 1)  0.148
 131 -   0.92774 0.07226 ( 1)  0.148
 132 -   0.92774 0.07226 ( 1)  0.148
 133 -   0.92774 0.07226 ( 1)  0.148
 134 -   0.92774 0.07226 ( 1)  0.148
 135 -   0.92774 0.07226 ( 1)  0.148
 136 -   0.92774 0.07226 ( 1)  0.148
 137 -   0.92774 0.07226 ( 1)  0.148
 138 -   0.92774 0.07226 ( 1)  0.148
 139 -   0.92774 0.07226 ( 1)  0.148
 140 -   0.92774 0.07226 ( 1)  0.148
 141 -   0.92774 0.07226 ( 1)  0.148
 142 -   0.92774 0.07226 ( 1)  0.148
 143 -   0.92774 0.07226 ( 1)  0.148
 144 -   0.92774 0.07226 ( 1)  0.148
 145 -   0.92774 0.07226 ( 1)  0.148
 146 -   0.92774 0.07226 ( 1)  0.148
 147 -   0.92774 0.07226 ( 1)  0.148
 148 -   0.92774 0.07226 ( 1)  0.148
 149 -   0.92774 0.07226 ( 1)  0.148
 150 -   0.92774 0.07226 ( 1)  0.148
 151 -   0.92774 0.07226 ( 1)  0.148
 152 -   0.92774 0.07226 ( 1)  0.148
 153 -   0.92774 0.07226 ( 1)  0.148
 154 -   0.92774 0.07226 ( 1)  0.148
 155 -   0.92774 0.07226 ( 1)  0.148
 156 -   0.92774 0.07226 ( 1)  0.148
 157 -   0.92774 0.07226 ( 1)  0.148
 158 -   0.92774 0.07226 ( 1)  0.148
 159 -   0.92774 0.07226 ( 1)  0.148
 160 -   0.92774 0.07226 ( 1)  0.148
 161 -   0.92774 0.07226 ( 1)  0.148
 162 -   0.92774 0.07226 ( 1)  0.148
 163 -   0.92774 0.07226 ( 1)  0.148
 164 -   0.92774 0.07226 ( 1)  0.148
 165 -   0.92774 0.07226 ( 1)  0.148
 166 -   0.92774 0.07226 ( 1)  0.148
 167 -   0.92774 0.07226 ( 1)  0.148
 168 -   0.92774 0.07226 ( 1)  0.148
 169 -   0.92774 0.07226 ( 1)  0.148
 170 -   0.92774 0.07226 ( 1)  0.148
 171 -   0.92774 0.07226 ( 1)  0.148
 172 -   0.92774 0.07226 ( 1)  0.148
 173 -   0.92774 0.07226 ( 1)  0.148
 174 -   0.92774 0.07226 ( 1)  0.148
 175 -   0.92774 0.07226 ( 1)  0.148
 176 -   0.92774 0.07226 ( 1)  0.148
 177 -   0.92774 0.07226 ( 1)  0.148
 178 -   0.92774 0.07226 ( 1)  0.148
 179 -   0.92774 0.07226 ( 1)  0.148
 180 -   0.92774 0.07226 ( 1)  0.148
 181 -   0.92774 0.07226 ( 1)  0.148
 182 -   0.92774 0.07226 ( 1)  0.148
 183 -   0.92774 0.07226 ( 1)  0.148
 184 -   0.92774 0.07226 ( 1)  0.148
 185 -   0.92774 0.07226 ( 1)  0.148
 186 -   0.92774 0.07226 ( 1)  0.148
 187 -   0.92774 0.07226 ( 1)  0.148
 188 -   0.92774 0.07226 ( 1)  0.148
 189 -   0.92774 0.07226 ( 1)  0.148
 190 -   0.92774 0.07226 ( 1)  0.148
 191 -   0.92774 0.07226 ( 1)  0.148
 192 -   0.92774 0.07226 ( 1)  0.148
 193 -   0.92774 0.07226 ( 1)  0.148
 194 -   0.92774 0.07226 ( 1)  0.148
 195 -   0.92774 0.07226 ( 1)  0.148
 196 -   0.92774 0.07226 ( 1)  0.148
 197 -   0.92774 0.07226 ( 1)  0.148
 198 -   0.92774 0.07226 ( 1)  0.148
 199 -   0.92774 0.07226 ( 1)  0.148
 200 -   0.92774 0.07226 ( 1)  0.148
 201 -   0.92774 0.07226 ( 1)  0.148
 202 -   0.92774 0.07226 ( 1)  0.148
 203 -   0.92774 0.07226 ( 1)  0.148
 204 K   0.63644 0.36356 ( 1)  0.415
 205 A   0.95074 0.04926 ( 1)  0.126
 206 Q   0.09788 0.90212 ( 2)  0.910
 207 S   0.94223 0.05777 ( 1)  0.134
 208 M   0.98304 0.01696 ( 1)  0.097
 209 D   0.97607 0.02393 ( 1)  0.103
 210 R   0.95206 0.04794 ( 1)  0.125
 211 A   0.96782 0.03218 ( 1)  0.111
 212 A   0.96359 0.03641 ( 1)  0.115
 213 V   0.97641 0.02359 ( 1)  0.103
 214 A   0.96782 0.03218 ( 1)  0.111
 215 R   0.97241 0.02759 ( 1)  0.107
 216 V   0.96882 0.03118 ( 1)  0.110
 217 G   0.96430 0.03570 ( 1)  0.114
 218 A   0.96782 0.03218 ( 1)  0.111
 219 V   0.98260 0.01740 ( 1)  0.097
 220 A   0.70934 0.29066 ( 1)  0.348
 221 S   0.96681 0.03319 ( 1)  0.112
 222 A   0.96359 0.03641 ( 1)  0.115
 223 S   0.96884 0.03116 ( 1)  0.110
 224 V   0.96882 0.03118 ( 1)  0.110
 225 C   0.95265 0.04735 ( 1)  0.125
 226 A   0.96359 0.03641 ( 1)  0.115
 227 L   0.61177 0.38823 ( 1)  0.438
 228 V   0.96909 0.03091 ( 1)  0.110
 229 A   0.96916 0.03084 ( 1)  0.110
 230 G   0.96857 0.03143 ( 1)  0.110
 231 V   0.96900 0.03100 ( 1)  0.110
 232 V   0.96882 0.03118 ( 1)  0.110
 233 L   0.95105 0.04895 ( 1)  0.126
 234 A   0.98197 0.01803 ( 1)  0.098
 235 Q   0.95923 0.04077 ( 1)  0.119
 236 Y   0.96581 0.03419 ( 1)  0.113
 237 I   0.98825 0.01175 ( 1)  0.092
 238 F   0.96247 0.03753 ( 1)  0.116
 239 T   0.96238 0.03762 ( 1)  0.116
 240 L   0.95508 0.04492 ( 1)  0.122
 241 K   0.97702 0.02298 ( 1)  0.102
 242 R   0.96985 0.03015 ( 1)  0.109
 243 K   0.97702 0.02298 ( 1)  0.102
 244 T   0.96988 0.03012 ( 1)  0.109
 245 G   0.71392 0.28608 ( 1)  0.344
 246 R   0.95298 0.04702 ( 1)  0.124
 247 K   0.97702 0.02298 ( 1)  0.102
 248 T   0.96238 0.03762 ( 1)  0.116
 249 K   0.97702 0.02298 ( 1)  0.102
 250 I   0.96834 0.03166 ( 1)  0.110
 251 I   0.96834 0.03166 ( 1)  0.110
 252 E   0.97741 0.02259 ( 1)  0.102
 253 -   0.92774 0.07226 ( 1)  0.148
 254 -   0.92774 0.07226 ( 1)  0.148
 255 -   0.92774 0.07226 ( 1)  0.148
 256 -   0.92774 0.07226 ( 1)  0.148
 257 -   0.92774 0.07226 ( 1)  0.148
 258 -   0.92774 0.07226 ( 1)  0.148
 259 -   0.92774 0.07226 ( 1)  0.148
 260 -   0.92774 0.07226 ( 1)  0.148
 261 -   0.92774 0.07226 ( 1)  0.148
 262 -   0.92774 0.07226 ( 1)  0.148
 263 -   0.92774 0.07226 ( 1)  0.148
 264 -   0.92879 0.07121 ( 1)  0.147
 265 -   0.92856 0.07144 ( 1)  0.147
 266 -   0.92888 0.07112 ( 1)  0.147
 267 -   0.92815 0.07185 ( 1)  0.147
 268 -   0.92843 0.07157 ( 1)  0.147
 269 -   0.92824 0.07176 ( 1)  0.147
 270 -   0.92815 0.07185 ( 1)  0.147
 271 -   0.92859 0.07141 ( 1)  0.147
 272 -   0.92852 0.07148 ( 1)  0.147
 273 -   0.92824 0.07176 ( 1)  0.147
 274 -   0.92876 0.07124 ( 1)  0.147
 275 -   0.92774 0.07226 ( 1)  0.148
 276 -   0.92774 0.07226 ( 1)  0.148
 277 -   0.92774 0.07226 ( 1)  0.148
 278 -   0.92774 0.07226 ( 1)  0.148
 279 -   0.92774 0.07226 ( 1)  0.148
 280 -   0.92774 0.07226 ( 1)  0.148
 281 -   0.92774 0.07226 ( 1)  0.148
 282 -   0.92774 0.07226 ( 1)  0.148
 283 -   0.92774 0.07226 ( 1)  0.148
 284 -   0.92774 0.07226 ( 1)  0.148
 285 -   0.92774 0.07226 ( 1)  0.148
 286 -   0.92775 0.07225 ( 1)  0.148
 287 -   0.92775 0.07225 ( 1)  0.148
 288 -   0.92775 0.07225 ( 1)  0.148
 289 -   0.92774 0.07226 ( 1)  0.148
 290 -   0.92774 0.07226 ( 1)  0.148
 291 -   0.92774 0.07226 ( 1)  0.148
 292 -   0.92775 0.07225 ( 1)  0.148
 293 -   0.92775 0.07225 ( 1)  0.148
 294 -   0.92775 0.07225 ( 1)  0.148
 295 -   0.92774 0.07226 ( 1)  0.148
 296 -   0.92775 0.07225 ( 1)  0.148
 297 M   0.86291 0.13709 ( 1)  0.207
 298 -   0.92774 0.07226 ( 1)  0.148
 299 -   0.92774 0.07226 ( 1)  0.148
 300 -   0.92774 0.07226 ( 1)  0.148
 301 -   0.92774 0.07226 ( 1)  0.148
 302 -   0.92774 0.07226 ( 1)  0.148
 303 -   0.92774 0.07226 ( 1)  0.148
 304 -   0.92774 0.07226 ( 1)  0.148
 305 -   0.92774 0.07226 ( 1)  0.148
 306 -   0.92774 0.07226 ( 1)  0.148
 307 -   0.92774 0.07226 ( 1)  0.148
 308 -   0.92774 0.07226 ( 1)  0.148
 309 -   0.92774 0.07226 ( 1)  0.148
 310 -   0.92774 0.07226 ( 1)  0.148
 311 -   0.92774 0.07226 ( 1)  0.148
 312 -   0.92774 0.07226 ( 1)  0.148
 313 -   0.92774 0.07226 ( 1)  0.148
 314 -   0.92774 0.07226 ( 1)  0.148
 315 -   0.92774 0.07226 ( 1)  0.148
 316 -   0.92774 0.07226 ( 1)  0.148
 317 -   0.92774 0.07226 ( 1)  0.148
 318 -   0.92774 0.07226 ( 1)  0.148
 319 -   0.92774 0.07226 ( 1)  0.148
 320 M   0.99214 0.00786 ( 1)  0.088
 321 P   0.97345 0.02655 ( 1)  0.106
 322 E   0.99099 0.00901 ( 1)  0.089
 323 F   0.96943 0.03057 ( 1)  0.109
 324 Q   0.96452 0.03548 ( 1)  0.114
 325 R   0.41276 0.58724 ( 2)  0.621
 326 S   0.88270 0.11730 ( 1)  0.189
 327 S   0.96819 0.03181 ( 1)  0.110
 328 V   0.98870 0.01130 ( 1)  0.092
 329 R   0.67324 0.32676 ( 1)  0.381
 330 I   0.97410 0.02590 ( 1)  0.105
 331 K   0.98262 0.01738 ( 1)  0.097
 332 N   0.98136 0.01864 ( 1)  0.098
 333 P   0.75920 0.24080 ( 1)  0.302
 334 T   0.98388 0.01612 ( 1)  0.096
 335 R   0.29418 0.70582 ( 2)  0.730
 336 V   0.98705 0.01295 ( 1)  0.093
 337 E   0.99151 0.00849 ( 1)  0.089
 338 E   0.99151 0.00849 ( 1)  0.089
 339 I   0.89146 0.10854 ( 1)  0.181
 340 I   0.97410 0.02590 ( 1)  0.105
 341 C   0.97559 0.02441 ( 1)  0.104
 342 G   0.98863 0.01137 ( 1)  0.092
 343 L   0.98030 0.01970 ( 1)  0.099
 344 I   0.97588 0.02412 ( 1)  0.103
 345 K   0.99147 0.00853 ( 1)  0.089
 346 G   0.98747 0.01253 ( 1)  0.093
 347 G   0.98713 0.01287 ( 1)  0.093
 348 A   0.98724 0.01276 ( 1)  0.093
 349 A   0.96995 0.03005 ( 1)  0.109
 350 K   0.99147 0.00853 ( 1)  0.089
 351 L   0.98072 0.01928 ( 1)  0.099
 352 Q   0.96452 0.03548 ( 1)  0.114
 353 I   0.43906 0.56094 ( 2)  0.597
 354 -   0.92774 0.07226 ( 1)  0.148
 355 -   0.92774 0.07226 ( 1)  0.148
 356 -   0.92774 0.07226 ( 1)  0.148
 357 -   0.92774 0.07226 ( 1)  0.148
 358 -   0.92774 0.07226 ( 1)  0.148
 359 -   0.92774 0.07226 ( 1)  0.148
 360 -   0.92774 0.07226 ( 1)  0.148
 361 -   0.92774 0.07226 ( 1)  0.148
 362 -   0.92774 0.07226 ( 1)  0.148
 363 -   0.92774 0.07226 ( 1)  0.148
 364 -   0.92774 0.07226 ( 1)  0.148
 365 -   0.92774 0.07226 ( 1)  0.148
 366 -   0.92774 0.07226 ( 1)  0.148
 367 I   0.99217 0.00783 ( 1)  0.088
 368 T   0.98055 0.01945 ( 1)  0.099
 369 D   0.98132 0.01868 ( 1)  0.098
 370 F   0.98371 0.01629 ( 1)  0.096
 371 D   0.99304 0.00696 ( 1)  0.088
 372 M   0.99186 0.00814 ( 1)  0.089
 373 T   0.98562 0.01438 ( 1)  0.094
 374 L   0.96279 0.03721 ( 1)  0.115
 375 S   0.98886 0.01114 ( 1)  0.091
 376 R   0.98651 0.01349 ( 1)  0.094
 377 F   0.98371 0.01629 ( 1)  0.096
 378 S   0.96264 0.03736 ( 1)  0.116
 379 Y   0.14882 0.85118 ( 2)  0.863
 380 R   0.90009 0.09991 ( 1)  0.173
 381 G   0.97321 0.02679 ( 1)  0.106
 382 K   0.99117 0.00883 ( 1)  0.089
 383 R   0.98669 0.01331 ( 1)  0.093
 384 C   0.95690 0.04310 ( 1)  0.121
 385 P   0.97303 0.02697 ( 1)  0.106
 386 T   0.98386 0.01614 ( 1)  0.096
 387 C   0.97517 0.02483 ( 1)  0.104
 388 H   0.98486 0.01514 ( 1)  0.095
 389 N   0.99302 0.00698 ( 1)  0.088
 390 -   0.92774 0.07226 ( 1)  0.148
 391 -   0.92774 0.07226 ( 1)  0.148
 392 -   0.92774 0.07226 ( 1)  0.148
 393 -   0.92774 0.07226 ( 1)  0.148
 394 -   0.92774 0.07226 ( 1)  0.148
 395 -   0.92774 0.07226 ( 1)  0.148
 396 -   0.92774 0.07226 ( 1)  0.148
 397 -   0.92774 0.07226 ( 1)  0.148
 398 -   0.92774 0.07226 ( 1)  0.148
 399 -   0.92774 0.07226 ( 1)  0.148
 400 -   0.92774 0.07226 ( 1)  0.148
 401 -   0.92774 0.07226 ( 1)  0.148
 402 -   0.92774 0.07226 ( 1)  0.148
 403 -   0.92774 0.07226 ( 1)  0.148
 404 -   0.92774 0.07226 ( 1)  0.148
 405 -   0.92774 0.07226 ( 1)  0.148
 406 -   0.92774 0.07226 ( 1)  0.148
 407 -   0.92774 0.07226 ( 1)  0.148
 408 -   0.92774 0.07226 ( 1)  0.148
 409 -   0.92774 0.07226 ( 1)  0.148
 410 -   0.92774 0.07226 ( 1)  0.148
 411 -   0.92774 0.07226 ( 1)  0.148
 412 -   0.92774 0.07226 ( 1)  0.148
 413 -   0.92774 0.07226 ( 1)  0.148
 414 -   0.92774 0.07226 ( 1)  0.148
 415 -   0.92774 0.07226 ( 1)  0.148
 416 -   0.92774 0.07226 ( 1)  0.148
 417 -   0.92774 0.07226 ( 1)  0.148
 418 -   0.92774 0.07226 ( 1)  0.148
 419 -   0.92774 0.07226 ( 1)  0.148
 420 -   0.92774 0.07226 ( 1)  0.148
 421 -   0.92774 0.07226 ( 1)  0.148
 422 -   0.92774 0.07226 ( 1)  0.148
 423 -   0.92774 0.07226 ( 1)  0.148
 424 -   0.92774 0.07226 ( 1)  0.148
 425 -   0.92774 0.07226 ( 1)  0.148
 426 -   0.92774 0.07226 ( 1)  0.148
 427 -   0.92774 0.07226 ( 1)  0.148
 428 -   0.92774 0.07226 ( 1)  0.148
 429 -   0.92774 0.07226 ( 1)  0.148
 430 -   0.92774 0.07226 ( 1)  0.148
 431 -   0.92774 0.07226 ( 1)  0.148
 432 -   0.92774 0.07226 ( 1)  0.148
 433 -   0.92774 0.07226 ( 1)  0.148
 434 -   0.92774 0.07226 ( 1)  0.148
 435 -   0.92774 0.07226 ( 1)  0.148
 436 -   0.92774 0.07226 ( 1)  0.148
 437 -   0.92774 0.07226 ( 1)  0.148
 438 -   0.92774 0.07226 ( 1)  0.148
 439 -   0.92774 0.07226 ( 1)  0.148
 440 -   0.92774 0.07226 ( 1)  0.148
 441 -   0.92774 0.07226 ( 1)  0.148
 442 -   0.92774 0.07226 ( 1)  0.148
 443 -   0.92774 0.07226 ( 1)  0.148
 444 -   0.92774 0.07226 ( 1)  0.148
 445 -   0.92774 0.07226 ( 1)  0.148
 446 -   0.92774 0.07226 ( 1)  0.148
 447 -   0.92774 0.07226 ( 1)  0.148
 448 -   0.92774 0.07226 ( 1)  0.148
 449 -   0.92774 0.07226 ( 1)  0.148
 450 -   0.92774 0.07226 ( 1)  0.148
 451 -   0.92774 0.07226 ( 1)  0.148
 452 -   0.92774 0.07226 ( 1)  0.148
 453 -   0.92774 0.07226 ( 1)  0.148
 454 -   0.92774 0.07226 ( 1)  0.148
 455 -   0.92774 0.07226 ( 1)  0.148
 456 -   0.92774 0.07226 ( 1)  0.148
 457 -   0.92774 0.07226 ( 1)  0.148
 458 -   0.92774 0.07226 ( 1)  0.148
 459 -   0.92774 0.07226 ( 1)  0.148
 460 -   0.92774 0.07226 ( 1)  0.148
 461 -   0.92774 0.07226 ( 1)  0.148
 462 -   0.92774 0.07226 ( 1)  0.148
 463 -   0.92774 0.07226 ( 1)  0.148
 464 -   0.92774 0.07226 ( 1)  0.148
 465 -   0.92774 0.07226 ( 1)  0.148
 466 -   0.92774 0.07226 ( 1)  0.148
 467 -   0.92774 0.07226 ( 1)  0.148
 468 -   0.92774 0.07226 ( 1)  0.148
 469 -   0.92774 0.07226 ( 1)  0.148
 470 -   0.92774 0.07226 ( 1)  0.148
 471 -   0.92774 0.07226 ( 1)  0.148
 472 -   0.92774 0.07226 ( 1)  0.148
 473 -   0.92774 0.07226 ( 1)  0.148
 474 -   0.92774 0.07226 ( 1)  0.148
 475 -   0.92774 0.07226 ( 1)  0.148
 476 -   0.92774 0.07226 ( 1)  0.148
 477 -   0.92774 0.07226 ( 1)  0.148
 478 -   0.92774 0.07226 ( 1)  0.148
 479 -   0.92774 0.07226 ( 1)  0.148
 480 -   0.92774 0.07226 ( 1)  0.148
 481 -   0.92774 0.07226 ( 1)  0.148
 482 -   0.92774 0.07226 ( 1)  0.148
 483 -   0.92774 0.07226 ( 1)  0.148
 484 -   0.92774 0.07226 ( 1)  0.148
 485 -   0.92774 0.07226 ( 1)  0.148
 486 -   0.92774 0.07226 ( 1)  0.148
 487 -   0.92774 0.07226 ( 1)  0.148
 488 -   0.92774 0.07226 ( 1)  0.148
 489 -   0.92774 0.07226 ( 1)  0.148
 490 -   0.92774 0.07226 ( 1)  0.148
 491 -   0.92774 0.07226 ( 1)  0.148
 492 -   0.92774 0.07226 ( 1)  0.148
 493 -   0.92774 0.07226 ( 1)  0.148
 494 -   0.92774 0.07226 ( 1)  0.148
 495 -   0.92774 0.07226 ( 1)  0.148
 496 -   0.92774 0.07226 ( 1)  0.148
 497 -   0.92774 0.07226 ( 1)  0.148
 498 -   0.92774 0.07226 ( 1)  0.148
 499 I   0.00148 0.99852 ( 2)  0.999
 500 I   0.98997 0.01003 ( 1)  0.090
 501 D   0.98132 0.01868 ( 1)  0.098
 502 N   0.98084 0.01916 ( 1)  0.099
 503 C   0.97517 0.02483 ( 1)  0.104
 504 K   0.82911 0.17089 ( 1)  0.238
 505 L   0.95511 0.04489 ( 1)  0.122
 506 V   0.98835 0.01165 ( 1)  0.092
 507 T   0.98560 0.01440 ( 1)  0.094
 508 D   0.99304 0.00696 ( 1)  0.088
 509 E   0.99121 0.00879 ( 1)  0.089
 510 C   0.97436 0.02564 ( 1)  0.105
 511 R   0.97657 0.02343 ( 1)  0.103
 512 K   0.89799 0.10201 ( 1)  0.175
 513 K   0.98222 0.01778 ( 1)  0.098
 514 L   0.96738 0.03262 ( 1)  0.111
 515 L   0.14320 0.85680 ( 2)  0.868
 516 Q   0.75284 0.24716 ( 1)  0.308
 517 L   0.96769 0.03231 ( 1)  0.111
 518 K   0.98222 0.01778 ( 1)  0.098
 519 E   0.90182 0.09818 ( 1)  0.171
 520 K   0.98919 0.01081 ( 1)  0.091
 521 Y   0.98166 0.01834 ( 1)  0.098
 522 Y   0.96653 0.03347 ( 1)  0.112
 523 A   0.98746 0.01254 ( 1)  0.093
 524 I   0.98997 0.01003 ( 1)  0.090
 525 E   0.99121 0.00879 ( 1)  0.089
 526 V   0.87269 0.12731 ( 1)  0.198
 527 D   0.99304 0.00696 ( 1)  0.088
 528 P   0.97418 0.02582 ( 1)  0.105
 529 V   0.32554 0.67446 ( 2)  0.701
 530 L   0.98031 0.01969 ( 1)  0.099
 531 T   0.83292 0.16708 ( 1)  0.235
 532 V   0.98735 0.01265 ( 1)  0.093
 533 E   0.99121 0.00879 ( 1)  0.089
 534 E   0.80914 0.19086 ( 1)  0.257
 535 K   0.98235 0.01765 ( 1)  0.097
 536 Y   0.96453 0.03547 ( 1)  0.114
 537 P   0.97422 0.02578 ( 1)  0.105
 538 Y   0.80292 0.19708 ( 1)  0.262
 539 M   0.99214 0.00786 ( 1)  0.088
 540 -   0.92774 0.07226 ( 1)  0.148
 541 -   0.92774 0.07226 ( 1)  0.148
 542 -   0.92774 0.07226 ( 1)  0.148
 543 -   0.92774 0.07226 ( 1)  0.148
 544 V   0.98164 0.01836 ( 1)  0.098
 545 E   0.08812 0.91188 ( 2)  0.919
 546 W   0.95010 0.04990 ( 1)  0.127
 547 -   0.92774 0.07226 ( 1)  0.148
 548 -   0.92774 0.07226 ( 1)  0.148
 549 -   0.92774 0.07226 ( 1)  0.148
 550 -   0.92774 0.07226 ( 1)  0.148
 551 -   0.92774 0.07226 ( 1)  0.148
 552 -   0.92774 0.07226 ( 1)  0.148
 553 -   0.92774 0.07226 ( 1)  0.148
 554 -   0.92774 0.07226 ( 1)  0.148
 555 Y   0.98168 0.01832 ( 1)  0.098
 556 T   0.85481 0.14519 ( 1)  0.215
 557 K   0.99147 0.00853 ( 1)  0.089
 558 S   0.96819 0.03181 ( 1)  0.110
 559 H   0.98593 0.01407 ( 1)  0.094
 560 G   0.86836 0.13164 ( 1)  0.202
 561 L   0.95997 0.04003 ( 1)  0.118
 562 L   0.98072 0.01928 ( 1)  0.099
 563 V   0.98870 0.01130 ( 1)  0.092
 564 E   0.88123 0.11877 ( 1)  0.190
 565 Q   0.97522 0.02478 ( 1)  0.104
 566 A   0.86187 0.13813 ( 1)  0.208
 567 L   0.96848 0.03152 ( 1)  0.110
 568 P   0.97345 0.02655 ( 1)  0.106
 569 K   0.99147 0.00853 ( 1)  0.089
 570 A   0.30919 0.69081 ( 2)  0.716
 571 K   0.99124 0.00876 ( 1)  0.089
 572 L   0.98072 0.01928 ( 1)  0.099
 573 K   0.99147 0.00853 ( 1)  0.089
 574 E   0.99151 0.00849 ( 1)  0.089
 575 I   0.99029 0.00971 ( 1)  0.090
 576 V   0.97458 0.02542 ( 1)  0.105
 577 A   0.98708 0.01292 ( 1)  0.093
 578 E   0.99151 0.00849 ( 1)  0.089
 579 S   0.97484 0.02516 ( 1)  0.104
 580 D   0.98820 0.01180 ( 1)  0.092
 581 V   0.98870 0.01130 ( 1)  0.092
 582 M   0.99214 0.00786 ( 1)  0.088
 583 L   0.96127 0.03873 ( 1)  0.117
 584 K   0.84569 0.15431 ( 1)  0.223
 585 E   0.99151 0.00849 ( 1)  0.089
 586 G   0.84922 0.15078 ( 1)  0.220
 587 Y   0.98246 0.01754 ( 1)  0.097
 588 E   0.98351 0.01649 ( 1)  0.096
 589 N   0.49102 0.50898 ( 2)  0.549
 590 F   0.96909 0.03091 ( 1)  0.110
 591 F   0.98008 0.01992 ( 1)  0.099
 592 D   0.99127 0.00873 ( 1)  0.089
 593 K   0.97961 0.02039 ( 1)  0.100
 594 L   0.95848 0.04152 ( 1)  0.119
 595 Q   0.97118 0.02882 ( 1)  0.108
 596 Q   0.73788 0.26212 ( 1)  0.322
 597 H   0.75829 0.24171 ( 1)  0.303
 598 S   0.85650 0.14350 ( 1)  0.213
 599 I   0.76605 0.23395 ( 1)  0.296
 600 P   0.95699 0.04301 ( 1)  0.121
 601 V   0.71867 0.28133 ( 1)  0.340
 602 F   0.96494 0.03506 ( 1)  0.113
 603 I   0.99029 0.00971 ( 1)  0.090
 604 F   0.98008 0.01992 ( 1)  0.099
 605 S   0.95761 0.04239 ( 1)  0.120
 606 A   0.98545 0.01455 ( 1)  0.095
 607 G   0.98358 0.01642 ( 1)  0.096
 608 I   0.97398 0.02602 ( 1)  0.105
 609 G   0.98335 0.01665 ( 1)  0.096
 610 D   0.98851 0.01149 ( 1)  0.092
 611 V   0.98466 0.01534 ( 1)  0.095
 612 L   0.96530 0.03470 ( 1)  0.113
 613 E   0.98123 0.01877 ( 1)  0.098
 614 E   0.98050 0.01950 ( 1)  0.099
 615 V   0.85399 0.14601 ( 1)  0.215
 616 I   0.97603 0.02397 ( 1)  0.103
 617 R   0.73702 0.26298 ( 1)  0.323
 618 Q   0.97170 0.02830 ( 1)  0.107
 619 A   0.98545 0.01455 ( 1)  0.095
 620 G   0.98570 0.01430 ( 1)  0.094
 621 V   0.98568 0.01432 ( 1)  0.094
 622 Y   0.97944 0.02056 ( 1)  0.100
 623 H   0.81983 0.18017 ( 1)  0.247
 624 P   0.96879 0.03121 ( 1)  0.110
 625 N   0.99124 0.00876 ( 1)  0.089
 626 V   0.96979 0.03021 ( 1)  0.109
 627 K   0.98917 0.01083 ( 1)  0.091
 628 V   0.98457 0.01543 ( 1)  0.095
 629 V   0.97218 0.02782 ( 1)  0.107
 630 S   0.95352 0.04648 ( 1)  0.124
 631 N   0.98596 0.01404 ( 1)  0.094
 632 F   0.97380 0.02620 ( 1)  0.105
 633 M   0.98993 0.01007 ( 1)  0.090
 634 D   0.99127 0.00873 ( 1)  0.089
 635 F   0.97947 0.02053 ( 1)  0.100
 636 D   0.99127 0.00873 ( 1)  0.089
 637 E   0.98922 0.01078 ( 1)  0.091
 638 T   0.86530 0.13470 ( 1)  0.205
 639 G   0.97272 0.02728 ( 1)  0.106
 640 V   0.19851 0.80149 ( 2)  0.818
 641 L   0.64791 0.35209 ( 1)  0.405
 642 K   0.88079 0.11921 ( 1)  0.191
 643 G   0.98438 0.01562 ( 1)  0.096
 644 F   0.98116 0.01884 ( 1)  0.099
 645 K   0.98917 0.01083 ( 1)  0.091
 646 G   0.98438 0.01562 ( 1)  0.096
 647 E   0.98922 0.01078 ( 1)  0.091
 648 L   0.96534 0.03466 ( 1)  0.113
 649 I   0.98785 0.01215 ( 1)  0.092
 650 H   0.98309 0.01691 ( 1)  0.097
 651 V   0.98502 0.01498 ( 1)  0.095
 652 F   0.98116 0.01884 ( 1)  0.099
 653 N   0.97818 0.02182 ( 1)  0.101
 654 K   0.98899 0.01101 ( 1)  0.091
 655 H   0.98309 0.01691 ( 1)  0.097
 656 D   0.99127 0.00873 ( 1)  0.089
 657 G   0.98613 0.01387 ( 1)  0.094
 658 A   0.96609 0.03391 ( 1)  0.112
 659 L   0.95723 0.04277 ( 1)  0.120
 660 R   0.12994 0.87006 ( 2)  0.881
 661 N   0.99124 0.00876 ( 1)  0.089
 662 T   0.98315 0.01685 ( 1)  0.097
 663 E   0.74323 0.25677 ( 1)  0.317
 664 Y   0.97828 0.02172 ( 1)  0.101
 665 F   0.97008 0.02992 ( 1)  0.109
 666 N   0.99124 0.00876 ( 1)  0.089
 667 Q   0.97206 0.02794 ( 1)  0.107
 668 L   0.96474 0.03526 ( 1)  0.114
 669 K   0.98917 0.01083 ( 1)  0.091
 670 D   0.97997 0.02003 ( 1)  0.100
 671 N   0.99039 0.00961 ( 1)  0.090
 672 S   0.97923 0.02077 ( 1)  0.100
 673 N   0.97818 0.02182 ( 1)  0.101
 674 I   0.99029 0.00971 ( 1)  0.090
 675 I   0.98785 0.01215 ( 1)  0.092
 676 L   0.96678 0.03322 ( 1)  0.112
 677 L   0.95298 0.04702 ( 1)  0.124
 678 G   0.98438 0.01562 ( 1)  0.096
 679 D   0.98151 0.01849 ( 1)  0.098
 680 S   0.95760 0.04240 ( 1)  0.120
 681 Q   0.97206 0.02794 ( 1)  0.107
 682 G   0.98438 0.01562 ( 1)  0.096
 683 D   0.97868 0.02132 ( 1)  0.101
 684 L   0.96552 0.03448 ( 1)  0.113
 685 R   0.98429 0.01571 ( 1)  0.096
 686 M   0.98993 0.01007 ( 1)  0.090
 687 A   0.98328 0.01672 ( 1)  0.097
 688 D   0.99127 0.00873 ( 1)  0.089
 689 G   0.98374 0.01626 ( 1)  0.096
 690 V   0.98066 0.01934 ( 1)  0.099
 691 A   0.96609 0.03391 ( 1)  0.112
 692 N   0.99124 0.00876 ( 1)  0.089
 693 V   0.98610 0.01390 ( 1)  0.094
 694 E   0.98524 0.01476 ( 1)  0.095
 695 H   0.96708 0.03292 ( 1)  0.111
 696 I   0.98785 0.01215 ( 1)  0.092
 697 L   0.95352 0.04648 ( 1)  0.124
 698 K   0.98917 0.01083 ( 1)  0.091
 699 I   0.98691 0.01309 ( 1)  0.093
 700 G   0.98438 0.01562 ( 1)  0.096
 701 Y   0.97925 0.02075 ( 1)  0.100
 702 L   0.96497 0.03503 ( 1)  0.113
 703 N   0.99124 0.00876 ( 1)  0.089
 704 D   0.99127 0.00873 ( 1)  0.089
 705 R   0.98348 0.01652 ( 1)  0.096
 706 V   0.97143 0.02857 ( 1)  0.107
 707 D   0.99052 0.00948 ( 1)  0.090
 708 E   0.98000 0.02000 ( 1)  0.100
 709 L   0.97764 0.02236 ( 1)  0.102
 710 L   0.96552 0.03448 ( 1)  0.113
 711 E   0.98922 0.01078 ( 1)  0.091
 712 K   0.97961 0.02039 ( 1)  0.100
 713 Y   0.96260 0.03740 ( 1)  0.116
 714 M   0.98993 0.01007 ( 1)  0.090
 715 D   0.78726 0.21274 ( 1)  0.277
 716 S   0.97168 0.02832 ( 1)  0.107
 717 Y   0.97728 0.02272 ( 1)  0.102
 718 D   0.99127 0.00873 ( 1)  0.089
 719 I   0.98785 0.01215 ( 1)  0.092
 720 V   0.98610 0.01390 ( 1)  0.094
 721 L   0.96517 0.03483 ( 1)  0.113
 722 V   0.98436 0.01564 ( 1)  0.096
 723 Q   0.97206 0.02794 ( 1)  0.107
 724 D   0.99127 0.00873 ( 1)  0.089
 725 E   0.98922 0.01078 ( 1)  0.091
 726 S   0.96555 0.03445 ( 1)  0.113
 727 L   0.95891 0.04109 ( 1)  0.119
 728 E   0.98519 0.01481 ( 1)  0.095
 729 V   0.83555 0.16445 ( 1)  0.232
 730 A   0.70017 0.29983 ( 1)  0.357
 731 N   0.97818 0.02182 ( 1)  0.101
 732 S   0.97141 0.02859 ( 1)  0.107
 733 I   0.98785 0.01215 ( 1)  0.092
 734 L   0.96552 0.03448 ( 1)  0.113
 735 Q   0.96158 0.03842 ( 1)  0.116
 736 K   0.97961 0.02039 ( 1)  0.100
 737 I   0.98785 0.01215 ( 1)  0.092
 738 L   0.96901 0.03099 ( 1)  0.110


lnL = -4483.427440

