Supplemental results for CODEML (seqf: algn  treef: tree)


dN/dS (w) for site classes (K=8)

p:   0.12500  0.12500  0.12500  0.12500  0.12500  0.12500  0.12500  0.12500
w:   0.00000  0.00103  0.01339  0.07055  0.22833  0.51170  0.82228  0.98691

Naive Empirical Bayes (NEB) probabilities for 8 classes & postmean_w
(amino acids refer to 1st sequence: aotNan_TREX1_XM_012467648)

   1 -   0.12625 0.12624 0.12619 0.12598 0.12537 0.12430 0.12314 0.12253 ( 1)  0.325
   2 -   0.12540 0.12540 0.12538 0.12531 0.12512 0.12478 0.12440 0.12420 ( 1)  0.328
   3 -   0.12542 0.12542 0.12540 0.12533 0.12513 0.12477 0.12437 0.12416 ( 1)  0.328
   4 -   0.12593 0.12593 0.12589 0.12573 0.12528 0.12448 0.12361 0.12315 ( 1)  0.326
   5 -   0.12550 0.12549 0.12548 0.12539 0.12515 0.12472 0.12426 0.12401 ( 1)  0.328
   6 -   0.12540 0.12540 0.12538 0.12531 0.12512 0.12478 0.12440 0.12420 ( 1)  0.328
   7 -   0.12610 0.12609 0.12605 0.12586 0.12533 0.12439 0.12336 0.12283 ( 1)  0.326
   8 -   0.12552 0.12552 0.12550 0.12541 0.12516 0.12471 0.12422 0.12396 ( 1)  0.328
   9 -   0.12584 0.12584 0.12581 0.12566 0.12525 0.12453 0.12374 0.12332 ( 1)  0.326
  10 -   0.12583 0.12583 0.12580 0.12565 0.12525 0.12454 0.12376 0.12335 ( 1)  0.326
  11 -   0.12591 0.12591 0.12587 0.12571 0.12527 0.12449 0.12364 0.12319 ( 1)  0.326
  12 -   0.12610 0.12609 0.12605 0.12586 0.12533 0.12439 0.12336 0.12283 ( 1)  0.326
  13 -   0.12560 0.12559 0.12557 0.12547 0.12518 0.12467 0.12411 0.12382 ( 1)  0.327
  14 -   0.12555 0.12555 0.12553 0.12543 0.12517 0.12469 0.12418 0.12391 ( 1)  0.327
  15 -   0.12594 0.12594 0.12590 0.12574 0.12528 0.12447 0.12360 0.12313 ( 1)  0.326
  16 -   0.12545 0.12545 0.12543 0.12536 0.12514 0.12475 0.12432 0.12410 ( 1)  0.328
  17 -   0.12594 0.12594 0.12590 0.12574 0.12528 0.12447 0.12360 0.12313 ( 1)  0.326
  18 -   0.12540 0.12540 0.12538 0.12531 0.12512 0.12478 0.12441 0.12421 ( 1)  0.328
  19 -   0.12593 0.12593 0.12589 0.12573 0.12528 0.12448 0.12361 0.12315 ( 1)  0.326
  20 -   0.12571 0.12571 0.12568 0.12556 0.12522 0.12460 0.12394 0.12358 ( 1)  0.327
  21 -   0.12548 0.12548 0.12546 0.12538 0.12515 0.12473 0.12428 0.12404 ( 1)  0.328
  22 -   0.12596 0.12596 0.12592 0.12575 0.12529 0.12446 0.12356 0.12309 ( 1)  0.326
  23 -   0.12582 0.12581 0.12578 0.12564 0.12525 0.12454 0.12378 0.12338 ( 1)  0.327
  24 -   0.12548 0.12548 0.12546 0.12538 0.12515 0.12473 0.12428 0.12404 ( 1)  0.328
  25 -   0.12583 0.12583 0.12580 0.12565 0.12525 0.12454 0.12376 0.12335 ( 1)  0.326
  26 -   0.12559 0.12559 0.12556 0.12546 0.12518 0.12467 0.12412 0.12383 ( 1)  0.327
  27 -   0.12601 0.12601 0.12597 0.12579 0.12531 0.12443 0.12348 0.12299 ( 1)  0.326
  28 -   0.12545 0.12545 0.12543 0.12536 0.12514 0.12475 0.12432 0.12410 ( 1)  0.328
  29 -   0.12571 0.12571 0.12568 0.12556 0.12522 0.12460 0.12394 0.12358 ( 1)  0.327
  30 -   0.12610 0.12609 0.12605 0.12586 0.12533 0.12439 0.12336 0.12283 ( 1)  0.326
  31 -   0.12594 0.12594 0.12590 0.12574 0.12528 0.12447 0.12360 0.12313 ( 1)  0.326
  32 -   0.12609 0.12609 0.12605 0.12586 0.12533 0.12439 0.12337 0.12283 ( 1)  0.326
  33 -   0.12543 0.12543 0.12541 0.12534 0.12513 0.12476 0.12436 0.12414 ( 1)  0.328
  34 -   0.12584 0.12584 0.12581 0.12566 0.12525 0.12453 0.12374 0.12332 ( 1)  0.326
  35 -   0.12582 0.12581 0.12578 0.12564 0.12525 0.12454 0.12378 0.12338 ( 1)  0.327
  36 -   0.12571 0.12571 0.12568 0.12556 0.12522 0.12460 0.12394 0.12358 ( 1)  0.327
  37 -   0.12571 0.12571 0.12568 0.12556 0.12522 0.12460 0.12394 0.12358 ( 1)  0.327
  38 -   0.12591 0.12591 0.12587 0.12571 0.12527 0.12449 0.12364 0.12319 ( 1)  0.326
  39 -   0.12610 0.12610 0.12606 0.12586 0.12533 0.12438 0.12335 0.12281 ( 1)  0.326
  40 -   0.12545 0.12545 0.12543 0.12536 0.12514 0.12475 0.12432 0.12410 ( 1)  0.328
  41 -   0.12552 0.12552 0.12550 0.12541 0.12516 0.12471 0.12422 0.12396 ( 1)  0.328
  42 -   0.00000 0.00040 0.00514 0.02704 0.08732 0.19490 0.31182 0.37338 ( 8)  0.747
  43 -   0.12540 0.12540 0.12538 0.12531 0.12512 0.12478 0.12440 0.12420 ( 1)  0.328
  44 -   0.12593 0.12593 0.12589 0.12573 0.12528 0.12448 0.12361 0.12315 ( 1)  0.326
  45 -   0.12621 0.12621 0.12616 0.12595 0.12536 0.12432 0.12319 0.12259 ( 1)  0.325
  46 -   0.12584 0.12584 0.12581 0.12566 0.12525 0.12453 0.12374 0.12332 ( 1)  0.326
  47 -   0.12596 0.12596 0.12592 0.12575 0.12529 0.12446 0.12356 0.12309 ( 1)  0.326
  48 -   0.12559 0.12559 0.12556 0.12546 0.12518 0.12467 0.12412 0.12383 ( 1)  0.327
  49 -   0.12553 0.12553 0.12551 0.12542 0.12516 0.12470 0.12421 0.12394 ( 1)  0.328
  50 -   0.12594 0.12594 0.12590 0.12574 0.12528 0.12447 0.12360 0.12313 ( 1)  0.326
  51 -   0.12620 0.12619 0.12615 0.12594 0.12536 0.12433 0.12321 0.12263 ( 1)  0.325
  52 -   0.12560 0.12560 0.12558 0.12547 0.12518 0.12466 0.12410 0.12380 ( 1)  0.327
  53 -   0.12620 0.12619 0.12615 0.12594 0.12536 0.12433 0.12321 0.12263 ( 1)  0.325
  54 -   0.12582 0.12581 0.12578 0.12564 0.12525 0.12454 0.12378 0.12338 ( 1)  0.327
  55 -   0.12622 0.12621 0.12617 0.12595 0.12536 0.12432 0.12318 0.12258 ( 1)  0.325
  56 -   0.12555 0.12555 0.12553 0.12543 0.12517 0.12469 0.12418 0.12391 ( 1)  0.327
  57 -   0.12545 0.12545 0.12543 0.12536 0.12514 0.12475 0.12432 0.12410 ( 1)  0.328
  58 -   0.12560 0.12559 0.12557 0.12547 0.12518 0.12467 0.12411 0.12382 ( 1)  0.327
  59 -   0.12620 0.12619 0.12615 0.12594 0.12536 0.12433 0.12321 0.12263 ( 1)  0.325
  60 -   0.00000 0.00039 0.00512 0.02695 0.08709 0.19467 0.31194 0.37383 ( 8)  0.747
  61 -   0.12550 0.12549 0.12548 0.12539 0.12515 0.12472 0.12426 0.12401 ( 1)  0.328
  62 -   0.12559 0.12559 0.12556 0.12546 0.12518 0.12467 0.12412 0.12383 ( 1)  0.327
  63 -   0.12540 0.12540 0.12538 0.12531 0.12512 0.12478 0.12440 0.12420 ( 1)  0.328
  64 -   0.12554 0.12554 0.12552 0.12542 0.12516 0.12470 0.12419 0.12393 ( 1)  0.327
  65 -   0.12594 0.12594 0.12590 0.12574 0.12528 0.12447 0.12360 0.12313 ( 1)  0.326
  66 -   0.12593 0.12593 0.12589 0.12573 0.12528 0.12448 0.12361 0.12315 ( 1)  0.326
  67 -   0.12610 0.12609 0.12605 0.12586 0.12533 0.12439 0.12336 0.12283 ( 1)  0.326
  68 -   0.12550 0.12549 0.12548 0.12539 0.12515 0.12472 0.12426 0.12401 ( 1)  0.328
  69 -   0.12540 0.12540 0.12538 0.12531 0.12512 0.12478 0.12440 0.12420 ( 1)  0.328
  70 -   0.00000 0.00040 0.00519 0.02732 0.08800 0.19559 0.31147 0.37204 ( 8)  0.745
  71 -   0.12621 0.12621 0.12616 0.12595 0.12536 0.12432 0.12319 0.12259 ( 1)  0.325
  72 -   0.12618 0.12618 0.12613 0.12592 0.12535 0.12434 0.12324 0.12266 ( 1)  0.325
  73 -   0.12582 0.12582 0.12579 0.12564 0.12525 0.12454 0.12377 0.12336 ( 1)  0.327
  74 -   0.12545 0.12545 0.12543 0.12536 0.12514 0.12475 0.12432 0.12410 ( 1)  0.328
  75 -   0.12571 0.12571 0.12568 0.12556 0.12522 0.12460 0.12394 0.12358 ( 1)  0.327
  76 -   0.12593 0.12593 0.12589 0.12573 0.12528 0.12448 0.12361 0.12315 ( 1)  0.326
  77 -   0.12559 0.12559 0.12556 0.12546 0.12518 0.12467 0.12412 0.12383 ( 1)  0.327
  78 -   0.12618 0.12618 0.12613 0.12592 0.12535 0.12434 0.12324 0.12266 ( 1)  0.325
  79 -   0.12545 0.12545 0.12543 0.12535 0.12514 0.12475 0.12433 0.12411 ( 1)  0.328
  80 -   0.12548 0.12548 0.12546 0.12538 0.12515 0.12473 0.12428 0.12404 ( 1)  0.328
  81 -   0.12594 0.12594 0.12590 0.12574 0.12528 0.12447 0.12360 0.12313 ( 1)  0.326
  82 -   0.12610 0.12610 0.12606 0.12586 0.12533 0.12438 0.12335 0.12281 ( 1)  0.326
  83 -   0.12559 0.12559 0.12556 0.12546 0.12518 0.12467 0.12412 0.12383 ( 1)  0.327
  84 -   0.12547 0.12546 0.12545 0.12537 0.12514 0.12474 0.12430 0.12407 ( 1)  0.328
  85 -   0.12604 0.12603 0.12599 0.12581 0.12531 0.12442 0.12345 0.12294 ( 1)  0.326
  86 -   0.12582 0.12581 0.12578 0.12564 0.12525 0.12454 0.12378 0.12338 ( 1)  0.327
  87 -   0.12584 0.12584 0.12581 0.12566 0.12525 0.12453 0.12374 0.12332 ( 1)  0.326
  88 -   0.12608 0.12607 0.12603 0.12584 0.12532 0.12440 0.12339 0.12286 ( 1)  0.326
  89 -   0.12584 0.12584 0.12581 0.12566 0.12525 0.12453 0.12374 0.12332 ( 1)  0.326
  90 -   0.12583 0.12583 0.12580 0.12565 0.12525 0.12454 0.12376 0.12335 ( 1)  0.326
  91 -   0.12559 0.12559 0.12556 0.12546 0.12518 0.12467 0.12412 0.12383 ( 1)  0.327
  92 -   0.12584 0.12584 0.12581 0.12566 0.12525 0.12453 0.12374 0.12332 ( 1)  0.326
  93 -   0.12559 0.12559 0.12556 0.12546 0.12518 0.12467 0.12412 0.12383 ( 1)  0.327
  94 -   0.00000 0.00040 0.00516 0.02717 0.08763 0.19522 0.31166 0.37276 ( 8)  0.746
  95 -   0.00000 0.00040 0.00517 0.02721 0.08774 0.19533 0.31160 0.37254 ( 8)  0.746
  96 -   0.12540 0.12540 0.12538 0.12531 0.12512 0.12478 0.12440 0.12420 ( 1)  0.328
  97 -   0.12540 0.12540 0.12538 0.12531 0.12512 0.12478 0.12440 0.12420 ( 1)  0.328
  98 -   0.12559 0.12559 0.12556 0.12546 0.12518 0.12467 0.12412 0.12383 ( 1)  0.327
  99 -   0.12527 0.12527 0.12526 0.12521 0.12508 0.12485 0.12459 0.12446 ( 1)  0.328
 100 -   0.12591 0.12591 0.12587 0.12571 0.12527 0.12449 0.12364 0.12319 ( 1)  0.326
 101 -   0.12540 0.12540 0.12538 0.12531 0.12512 0.12478 0.12440 0.12420 ( 1)  0.328
 102 -   0.12571 0.12571 0.12568 0.12556 0.12522 0.12460 0.12394 0.12358 ( 1)  0.327
 103 -   0.12621 0.12621 0.12616 0.12595 0.12536 0.12432 0.12319 0.12259 ( 1)  0.325
 104 -   0.12582 0.12582 0.12579 0.12564 0.12525 0.12454 0.12377 0.12336 ( 1)  0.327
 105 -   0.12571 0.12571 0.12568 0.12556 0.12522 0.12460 0.12394 0.12358 ( 1)  0.327
 106 -   0.12560 0.12559 0.12557 0.12547 0.12518 0.12467 0.12411 0.12382 ( 1)  0.327
 107 -   0.12601 0.12601 0.12597 0.12579 0.12531 0.12443 0.12348 0.12299 ( 1)  0.326
 108 -   0.12591 0.12591 0.12587 0.12571 0.12527 0.12449 0.12364 0.12319 ( 1)  0.326
 109 -   0.12571 0.12571 0.12568 0.12556 0.12522 0.12460 0.12394 0.12358 ( 1)  0.327
 110 -   0.12594 0.12594 0.12590 0.12574 0.12528 0.12447 0.12360 0.12314 ( 1)  0.326
 111 -   0.12584 0.12584 0.12581 0.12566 0.12525 0.12453 0.12374 0.12332 ( 1)  0.326
 112 -   0.12551 0.12551 0.12549 0.12540 0.12516 0.12471 0.12423 0.12398 ( 1)  0.328
 113 -   0.12594 0.12594 0.12590 0.12574 0.12528 0.12447 0.12360 0.12314 ( 1)  0.326
 114 -   0.12545 0.12545 0.12543 0.12535 0.12514 0.12475 0.12433 0.12411 ( 1)  0.328
 115 -   0.12541 0.12541 0.12540 0.12532 0.12513 0.12477 0.12438 0.12418 ( 1)  0.328
 116 -   0.12584 0.12584 0.12581 0.12566 0.12525 0.12453 0.12374 0.12332 ( 1)  0.326
 117 -   0.12560 0.12559 0.12557 0.12547 0.12518 0.12467 0.12411 0.12382 ( 1)  0.327
 118 -   0.12553 0.12553 0.12551 0.12542 0.12516 0.12470 0.12420 0.12394 ( 1)  0.327
 119 -   0.12594 0.12594 0.12590 0.12574 0.12528 0.12447 0.12360 0.12314 ( 1)  0.326
 120 -   0.12584 0.12584 0.12581 0.12566 0.12525 0.12453 0.12374 0.12332 ( 1)  0.326
 121 -   0.12604 0.12603 0.12599 0.12581 0.12531 0.12442 0.12345 0.12295 ( 1)  0.326
 122 -   0.00000 0.00040 0.00514 0.02708 0.08741 0.19500 0.31178 0.37319 ( 8)  0.746
 123 -   0.12545 0.12545 0.12543 0.12536 0.12514 0.12475 0.12432 0.12410 ( 1)  0.328
 124 -   0.12550 0.12550 0.12548 0.12540 0.12515 0.12472 0.12425 0.12400 ( 1)  0.328
 125 -   0.12597 0.12596 0.12593 0.12576 0.12529 0.12446 0.12355 0.12308 ( 1)  0.326
 126 -   0.12560 0.12560 0.12558 0.12547 0.12518 0.12466 0.12410 0.12380 ( 1)  0.327
 127 -   0.12607 0.12607 0.12603 0.12584 0.12532 0.12440 0.12340 0.12288 ( 1)  0.326
 128 -   0.12583 0.12583 0.12580 0.12565 0.12525 0.12453 0.12375 0.12334 ( 1)  0.326
 129 -   0.12593 0.12592 0.12589 0.12573 0.12528 0.12448 0.12362 0.12316 ( 1)  0.326
 130 -   0.12579 0.12579 0.12576 0.12562 0.12524 0.12456 0.12382 0.12343 ( 1)  0.327
 131 -   0.12579 0.12579 0.12576 0.12562 0.12524 0.12456 0.12382 0.12343 ( 1)  0.327
 132 -   0.12571 0.12571 0.12568 0.12556 0.12522 0.12460 0.12394 0.12358 ( 1)  0.327
 133 -   0.12527 0.12527 0.12526 0.12521 0.12508 0.12485 0.12459 0.12446 ( 1)  0.328
 134 -   0.12591 0.12591 0.12587 0.12571 0.12527 0.12449 0.12364 0.12319 ( 1)  0.326
 135 -   0.12593 0.12593 0.12589 0.12573 0.12528 0.12448 0.12361 0.12315 ( 1)  0.326
 136 -   0.12571 0.12571 0.12568 0.12556 0.12522 0.12460 0.12393 0.12358 ( 1)  0.327
 137 -   0.12591 0.12591 0.12587 0.12571 0.12527 0.12449 0.12364 0.12319 ( 1)  0.326
 138 -   0.12550 0.12550 0.12548 0.12540 0.12515 0.12472 0.12425 0.12400 ( 1)  0.328
 139 -   0.12610 0.12609 0.12605 0.12586 0.12533 0.12439 0.12336 0.12283 ( 1)  0.326
 140 -   0.12571 0.12571 0.12568 0.12556 0.12522 0.12460 0.12394 0.12358 ( 1)  0.327
 141 -   0.12539 0.12539 0.12537 0.12530 0.12512 0.12478 0.12442 0.12423 ( 1)  0.328
 142 -   0.12550 0.12550 0.12548 0.12540 0.12515 0.12472 0.12425 0.12400 ( 1)  0.328
 143 -   0.12593 0.12592 0.12589 0.12573 0.12528 0.12448 0.12362 0.12316 ( 1)  0.326
 144 -   0.12573 0.12572 0.12570 0.12557 0.12522 0.12459 0.12391 0.12355 ( 1)  0.327
 145 -   0.12579 0.12579 0.12576 0.12562 0.12524 0.12456 0.12382 0.12343 ( 1)  0.327
 146 -   0.12582 0.12581 0.12578 0.12564 0.12525 0.12454 0.12378 0.12338 ( 1)  0.327
 147 -   0.12551 0.12551 0.12549 0.12540 0.12516 0.12471 0.12423 0.12398 ( 1)  0.328
 148 -   0.12620 0.12619 0.12615 0.12594 0.12536 0.12433 0.12321 0.12263 ( 1)  0.325
 149 -   0.12579 0.12579 0.12576 0.12562 0.12524 0.12456 0.12382 0.12343 ( 1)  0.327
 150 -   0.12582 0.12581 0.12578 0.12564 0.12525 0.12454 0.12378 0.12338 ( 1)  0.327
 151 -   0.12540 0.12540 0.12538 0.12531 0.12512 0.12478 0.12441 0.12421 ( 1)  0.328
 152 -   0.12571 0.12571 0.12568 0.12556 0.12522 0.12460 0.12393 0.12358 ( 1)  0.327
 153 -   0.12610 0.12610 0.12606 0.12586 0.12533 0.12438 0.12335 0.12281 ( 1)  0.326
 154 -   0.12596 0.12596 0.12592 0.12575 0.12529 0.12446 0.12356 0.12309 ( 1)  0.326
 155 -   0.12594 0.12594 0.12590 0.12574 0.12528 0.12447 0.12360 0.12314 ( 1)  0.326
 156 -   0.12582 0.12582 0.12579 0.12564 0.12525 0.12454 0.12377 0.12336 ( 1)  0.327
 157 -   0.12607 0.12607 0.12603 0.12584 0.12532 0.12440 0.12340 0.12288 ( 1)  0.326
 158 -   0.12573 0.12572 0.12570 0.12557 0.12522 0.12459 0.12391 0.12355 ( 1)  0.327
 159 -   0.12545 0.12545 0.12543 0.12536 0.12514 0.12475 0.12432 0.12410 ( 1)  0.328
 160 -   0.12621 0.12621 0.12616 0.12595 0.12536 0.12432 0.12319 0.12259 ( 1)  0.325
 161 -   0.12868 0.12867 0.12852 0.12786 0.12606 0.12289 0.11953 0.11779 ( 1)  0.317
 162 -   0.12777 0.12776 0.12766 0.12716 0.12580 0.12342 0.12087 0.11955 ( 1)  0.320
 163 -   0.12652 0.12652 0.12646 0.12619 0.12545 0.12414 0.12273 0.12199 ( 1)  0.324
 164 -   0.12619 0.12618 0.12614 0.12593 0.12536 0.12433 0.12323 0.12265 ( 1)  0.325
 165 -   0.12676 0.12676 0.12669 0.12638 0.12552 0.12400 0.12237 0.12152 ( 1)  0.323
 166 -   0.12746 0.12746 0.12736 0.12692 0.12572 0.12360 0.12133 0.12015 ( 1)  0.321
 167 -   0.12625 0.12624 0.12620 0.12598 0.12537 0.12430 0.12314 0.12252 ( 1)  0.325
 168 -   0.12711 0.12710 0.12702 0.12664 0.12562 0.12381 0.12186 0.12084 ( 1)  0.322
 169 -   0.12777 0.12776 0.12766 0.12716 0.12580 0.12342 0.12087 0.11955 ( 1)  0.320
 170 -   0.12743 0.12743 0.12733 0.12690 0.12571 0.12362 0.12137 0.12020 ( 1)  0.321
 171 -   0.12680 0.12679 0.12672 0.12641 0.12553 0.12399 0.12232 0.12144 ( 1)  0.323
 172 -   0.12823 0.12822 0.12809 0.12751 0.12593 0.12315 0.12019 0.11867 ( 1)  0.319
 173 -   0.12711 0.12710 0.12702 0.12664 0.12562 0.12381 0.12186 0.12084 ( 1)  0.322
 174 -   0.12619 0.12618 0.12614 0.12593 0.12536 0.12433 0.12323 0.12265 ( 1)  0.325
 175 -   0.12743 0.12743 0.12733 0.12690 0.12571 0.12362 0.12137 0.12020 ( 1)  0.321
 176 -   0.12652 0.12652 0.12646 0.12619 0.12545 0.12414 0.12273 0.12199 ( 1)  0.324
 177 -   0.12769 0.12768 0.12758 0.12710 0.12578 0.12347 0.12100 0.11971 ( 1)  0.320
 178 -   0.12868 0.12867 0.12852 0.12786 0.12606 0.12289 0.11953 0.11779 ( 1)  0.317
 179 -   0.12734 0.12733 0.12724 0.12682 0.12569 0.12368 0.12152 0.12039 ( 1)  0.322
 180 -   0.12787 0.12786 0.12775 0.12723 0.12584 0.12337 0.12073 0.11936 ( 1)  0.320
 181 -   0.12734 0.12733 0.12724 0.12682 0.12569 0.12368 0.12152 0.12039 ( 1)  0.322
 182 -   0.12634 0.12634 0.12629 0.12605 0.12540 0.12425 0.12300 0.12234 ( 1)  0.325
 183 -   0.12805 0.12804 0.12792 0.12737 0.12587 0.12325 0.12047 0.11903 ( 1)  0.319
 184 -   0.12652 0.12652 0.12646 0.12619 0.12545 0.12414 0.12273 0.12199 ( 1)  0.324
 185 -   0.12858 0.12857 0.12843 0.12778 0.12602 0.12294 0.11968 0.11799 ( 1)  0.317
 186 -   0.12634 0.12634 0.12629 0.12605 0.12540 0.12425 0.12300 0.12234 ( 1)  0.325
 187 -   0.12825 0.12824 0.12811 0.12753 0.12593 0.12314 0.12017 0.11863 ( 1)  0.318
 188 -   0.12652 0.12652 0.12646 0.12619 0.12545 0.12414 0.12273 0.12199 ( 1)  0.324
 189 -   0.12805 0.12804 0.12792 0.12737 0.12587 0.12325 0.12047 0.11903 ( 1)  0.319
 190 -   0.12662 0.12662 0.12655 0.12627 0.12548 0.12409 0.12258 0.12179 ( 1)  0.324
 191 -   0.12711 0.12710 0.12702 0.12665 0.12562 0.12380 0.12186 0.12084 ( 1)  0.322
 192 -   0.12848 0.12847 0.12834 0.12771 0.12600 0.12301 0.11982 0.11817 ( 1)  0.318
 193 -   0.12559 0.12559 0.12557 0.12547 0.12518 0.12467 0.12411 0.12382 ( 1)  0.327
 194 -   0.12657 0.12657 0.12651 0.12623 0.12547 0.12412 0.12265 0.12189 ( 1)  0.324
 195 -   0.12741 0.12740 0.12731 0.12688 0.12570 0.12363 0.12141 0.12026 ( 1)  0.321
 196 -   0.12777 0.12776 0.12766 0.12716 0.12580 0.12342 0.12087 0.11955 ( 1)  0.320
 197 -   0.12679 0.12678 0.12671 0.12640 0.12553 0.12399 0.12234 0.12147 ( 1)  0.323
 198 -   0.12774 0.12773 0.12762 0.12713 0.12580 0.12344 0.12092 0.11962 ( 1)  0.320
 199 -   0.12657 0.12657 0.12651 0.12623 0.12547 0.12412 0.12265 0.12189 ( 1)  0.324
 200 -   0.12805 0.12804 0.12792 0.12737 0.12587 0.12325 0.12047 0.11903 ( 1)  0.319
 201 -   0.12858 0.12857 0.12843 0.12778 0.12602 0.12294 0.11968 0.11799 ( 1)  0.317
 202 -   0.12634 0.12634 0.12629 0.12605 0.12540 0.12425 0.12300 0.12234 ( 1)  0.325
 203 -   0.12734 0.12733 0.12724 0.12682 0.12569 0.12368 0.12152 0.12039 ( 1)  0.322
 204 -   0.12816 0.12815 0.12803 0.12746 0.12592 0.12320 0.12029 0.11879 ( 1)  0.319
 205 -   0.12732 0.12731 0.12722 0.12681 0.12568 0.12369 0.12155 0.12043 ( 1)  0.322
 206 -   0.12634 0.12634 0.12629 0.12605 0.12540 0.12425 0.12300 0.12234 ( 1)  0.325
 207 -   0.12568 0.12568 0.12565 0.12554 0.12521 0.12462 0.12398 0.12364 ( 1)  0.327
 208 -   0.12522 0.12522 0.12521 0.12517 0.12507 0.12488 0.12467 0.12456 ( 1)  0.329
 209 -   0.12523 0.12523 0.12522 0.12518 0.12507 0.12487 0.12466 0.12454 ( 1)  0.329
 210 -   0.12551 0.12551 0.12549 0.12540 0.12516 0.12472 0.12424 0.12398 ( 1)  0.328
 211 -   0.12527 0.12527 0.12526 0.12521 0.12508 0.12485 0.12459 0.12446 ( 1)  0.328
 212 -   0.12522 0.12522 0.12521 0.12517 0.12507 0.12488 0.12467 0.12456 ( 1)  0.329
 213 -   0.12560 0.12560 0.12558 0.12547 0.12518 0.12467 0.12410 0.12380 ( 1)  0.327
 214 -   0.12529 0.12529 0.12528 0.12523 0.12509 0.12484 0.12457 0.12443 ( 1)  0.328
 215 -   0.12546 0.12546 0.12544 0.12536 0.12514 0.12474 0.12431 0.12408 ( 1)  0.328
 216 -   0.12546 0.12545 0.12544 0.12536 0.12514 0.12475 0.12432 0.12409 ( 1)  0.328
 217 -   0.12550 0.12550 0.12548 0.12539 0.12515 0.12472 0.12425 0.12401 ( 1)  0.328
 218 -   0.12560 0.12560 0.12558 0.12547 0.12518 0.12467 0.12410 0.12380 ( 1)  0.327
 219 -   0.12533 0.12533 0.12531 0.12526 0.12510 0.12482 0.12451 0.12435 ( 1)  0.328
 220 -   0.12530 0.12530 0.12529 0.12524 0.12509 0.12483 0.12455 0.12440 ( 1)  0.328
 221 -   0.12551 0.12551 0.12549 0.12540 0.12516 0.12471 0.12423 0.12398 ( 1)  0.328
 222 -   0.12525 0.12525 0.12524 0.12519 0.12508 0.12486 0.12463 0.12451 ( 1)  0.328
 223 -   0.12551 0.12551 0.12549 0.12540 0.12516 0.12471 0.12423 0.12398 ( 1)  0.328
 224 -   0.12522 0.12522 0.12521 0.12517 0.12507 0.12488 0.12467 0.12457 ( 1)  0.329
 225 -   0.12551 0.12551 0.12549 0.12540 0.12516 0.12472 0.12424 0.12398 ( 1)  0.328
 226 -   0.12539 0.12539 0.12537 0.12531 0.12512 0.12478 0.12442 0.12422 ( 1)  0.328
 227 -   0.12526 0.12526 0.12525 0.12521 0.12508 0.12485 0.12461 0.12447 ( 1)  0.328
 228 -   0.12553 0.12553 0.12551 0.12541 0.12516 0.12471 0.12421 0.12395 ( 1)  0.328
 229 -   0.12545 0.12545 0.12543 0.12535 0.12514 0.12475 0.12433 0.12411 ( 1)  0.328
 230 -   0.12522 0.12522 0.12521 0.12517 0.12507 0.12488 0.12467 0.12456 ( 1)  0.329
 231 -   0.12551 0.12551 0.12549 0.12540 0.12516 0.12472 0.12424 0.12398 ( 1)  0.328
 232 -   0.12532 0.12532 0.12531 0.12525 0.12510 0.12482 0.12452 0.12436 ( 1)  0.328
 233 -   0.12556 0.12555 0.12553 0.12544 0.12517 0.12469 0.12417 0.12389 ( 1)  0.327
 234 -   0.12525 0.12525 0.12524 0.12519 0.12508 0.12486 0.12463 0.12451 ( 1)  0.328
 235 -   0.12539 0.12539 0.12537 0.12531 0.12512 0.12478 0.12442 0.12422 ( 1)  0.328
 236 -   0.12515 0.12515 0.12514 0.12512 0.12505 0.12492 0.12478 0.12470 ( 1)  0.329
 237 -   0.12550 0.12550 0.12548 0.12539 0.12515 0.12472 0.12425 0.12401 ( 1)  0.328
 238 -   0.12551 0.12551 0.12549 0.12540 0.12515 0.12472 0.12424 0.12398 ( 1)  0.328
 239 -   0.12539 0.12539 0.12538 0.12531 0.12512 0.12478 0.12441 0.12422 ( 1)  0.328
 240 -   0.12550 0.12550 0.12548 0.12539 0.12515 0.12472 0.12425 0.12401 ( 1)  0.328
 241 -   0.12528 0.12528 0.12526 0.12522 0.12508 0.12485 0.12459 0.12445 ( 1)  0.328
 242 -   0.12560 0.12560 0.12558 0.12547 0.12518 0.12467 0.12410 0.12380 ( 1)  0.327
 243 -   0.12539 0.12539 0.12537 0.12531 0.12512 0.12478 0.12442 0.12422 ( 1)  0.328
 244 -   0.12551 0.12551 0.12549 0.12540 0.12515 0.12472 0.12424 0.12398 ( 1)  0.328
 245 -   0.12528 0.12528 0.12526 0.12522 0.12508 0.12485 0.12459 0.12445 ( 1)  0.328
 246 -   0.12551 0.12551 0.12549 0.12540 0.12515 0.12472 0.12424 0.12399 ( 1)  0.328
 247 -   0.12540 0.12540 0.12538 0.12531 0.12512 0.12478 0.12440 0.12421 ( 1)  0.328
 248 -   0.12543 0.12543 0.12541 0.12534 0.12513 0.12476 0.12435 0.12414 ( 1)  0.328
 249 -   0.12545 0.12545 0.12543 0.12535 0.12514 0.12475 0.12433 0.12411 ( 1)  0.328
 250 -   0.12528 0.12528 0.12527 0.12522 0.12509 0.12484 0.12458 0.12444 ( 1)  0.328
 251 -   0.12566 0.12566 0.12563 0.12552 0.12520 0.12463 0.12402 0.12369 ( 1)  0.327
 252 -   0.12543 0.12543 0.12541 0.12534 0.12513 0.12476 0.12435 0.12414 ( 1)  0.328
 253 -   0.12545 0.12545 0.12543 0.12535 0.12514 0.12475 0.12433 0.12411 ( 1)  0.328
 254 -   0.12528 0.12528 0.12527 0.12522 0.12509 0.12484 0.12458 0.12444 ( 1)  0.328
 255 -   0.12549 0.12549 0.12547 0.12539 0.12515 0.12473 0.12426 0.12402 ( 1)  0.328
 256 -   0.12500 0.12500 0.12500 0.12500 0.12500 0.12500 0.12500 0.12500 ( 8)  0.329
 257 -   0.12500 0.12500 0.12500 0.12500 0.12500 0.12500 0.12500 0.12500 ( 8)  0.329
 258 -   0.12860 0.12859 0.12845 0.12780 0.12604 0.12294 0.11964 0.11794 ( 1)  0.317
 259 -   0.12672 0.12672 0.12665 0.12635 0.12551 0.12403 0.12243 0.12159 ( 1)  0.324
 260 -   0.12875 0.12874 0.12860 0.12792 0.12608 0.12285 0.11942 0.11765 ( 1)  0.317
 261 -   0.12701 0.12701 0.12693 0.12657 0.12560 0.12386 0.12200 0.12102 ( 1)  0.323
 262 -   0.12679 0.12679 0.12672 0.12640 0.12553 0.12399 0.12233 0.12145 ( 1)  0.323
 263 -   0.12929 0.12928 0.12911 0.12834 0.12623 0.12253 0.11862 0.11660 ( 1)  0.315
 264 -   0.12779 0.12778 0.12767 0.12718 0.12582 0.12342 0.12084 0.11950 ( 1)  0.320
 265 -   0.12674 0.12673 0.12667 0.12636 0.12552 0.12402 0.12240 0.12156 ( 1)  0.323
 266 -   0.13028 0.13026 0.13005 0.12909 0.12648 0.12194 0.11717 0.11473 ( 1)  0.312
 267 -   0.12500 0.12500 0.12500 0.12500 0.12500 0.12500 0.12500 0.12500 ( 8)  0.329
 268 -   0.12500 0.12500 0.12500 0.12500 0.12500 0.12500 0.12500 0.12500 ( 8)  0.329
 269 -   0.12500 0.12500 0.12500 0.12500 0.12500 0.12500 0.12500 0.12500 ( 8)  0.329
 270 -   0.12500 0.12500 0.12500 0.12500 0.12500 0.12500 0.12500 0.12500 ( 8)  0.329
 271 -   0.12500 0.12500 0.12500 0.12500 0.12500 0.12500 0.12500 0.12500 ( 8)  0.329
 272 -   0.12500 0.12500 0.12500 0.12500 0.12500 0.12500 0.12500 0.12500 ( 8)  0.329
 273 -   0.12500 0.12500 0.12500 0.12500 0.12500 0.12500 0.12500 0.12500 ( 6)  0.329
 274 -   0.12500 0.12500 0.12500 0.12500 0.12500 0.12500 0.12500 0.12500 ( 8)  0.329
 275 -   0.12500 0.12500 0.12500 0.12500 0.12500 0.12500 0.12500 0.12500 ( 8)  0.329
 276 -   0.12500 0.12500 0.12500 0.12500 0.12500 0.12500 0.12500 0.12500 ( 8)  0.329
 277 -   0.12500 0.12500 0.12500 0.12500 0.12500 0.12500 0.12500 0.12500 ( 8)  0.329
 278 -   0.12500 0.12500 0.12500 0.12500 0.12500 0.12500 0.12500 0.12500 ( 8)  0.329
 279 -   0.12500 0.12500 0.12500 0.12500 0.12500 0.12500 0.12500 0.12500 ( 8)  0.329
 280 -   0.12500 0.12500 0.12500 0.12500 0.12500 0.12500 0.12500 0.12500 ( 6)  0.329
 281 -   0.12500 0.12500 0.12500 0.12500 0.12500 0.12500 0.12500 0.12500 ( 7)  0.329
 282 -   0.12500 0.12500 0.12500 0.12500 0.12500 0.12500 0.12500 0.12500 ( 8)  0.329
 283 -   0.12500 0.12500 0.12500 0.12500 0.12500 0.12500 0.12500 0.12500 ( 8)  0.329
 284 -   0.12500 0.12500 0.12500 0.12500 0.12500 0.12500 0.12500 0.12500 ( 8)  0.329
 285 -   0.12500 0.12500 0.12500 0.12500 0.12500 0.12500 0.12500 0.12500 ( 8)  0.329
 286 -   0.12500 0.12500 0.12500 0.12500 0.12500 0.12500 0.12500 0.12500 ( 8)  0.329
 287 -   0.12500 0.12500 0.12500 0.12500 0.12500 0.12500 0.12500 0.12500 ( 8)  0.329
 288 -   0.12500 0.12500 0.12500 0.12500 0.12500 0.12500 0.12500 0.12500 ( 8)  0.329
 289 -   0.12500 0.12500 0.12500 0.12500 0.12500 0.12500 0.12500 0.12500 ( 8)  0.329
 290 -   0.12500 0.12500 0.12500 0.12500 0.12500 0.12500 0.12500 0.12500 ( 8)  0.329
 291 -   0.12500 0.12500 0.12500 0.12500 0.12500 0.12500 0.12500 0.12500 ( 8)  0.329
 292 -   0.12500 0.12500 0.12500 0.12500 0.12500 0.12500 0.12500 0.12500 ( 8)  0.329
 293 -   0.12500 0.12500 0.12500 0.12500 0.12500 0.12500 0.12500 0.12500 ( 8)  0.329
 294 -   0.12500 0.12500 0.12500 0.12500 0.12500 0.12500 0.12500 0.12500 ( 8)  0.329
 295 -   0.12500 0.12500 0.12500 0.12500 0.12500 0.12500 0.12500 0.12500 ( 8)  0.329
 296 -   0.12500 0.12500 0.12500 0.12500 0.12500 0.12500 0.12500 0.12500 ( 8)  0.329
 297 -   0.12500 0.12500 0.12500 0.12500 0.12500 0.12500 0.12500 0.12500 ( 8)  0.329
 298 -   0.12500 0.12500 0.12500 0.12500 0.12500 0.12500 0.12500 0.12500 ( 8)  0.329
 299 -   0.12500 0.12500 0.12500 0.12500 0.12500 0.12500 0.12500 0.12500 ( 8)  0.329
 300 -   0.12500 0.12500 0.12500 0.12500 0.12500 0.12500 0.12500 0.12500 ( 8)  0.329
 301 -   0.12500 0.12500 0.12500 0.12500 0.12500 0.12500 0.12500 0.12500 ( 8)  0.329
 302 -   0.12500 0.12500 0.12500 0.12500 0.12500 0.12500 0.12500 0.12500 ( 8)  0.329
 303 -   0.12500 0.12500 0.12500 0.12500 0.12500 0.12500 0.12500 0.12500 ( 8)  0.329
 304 -   0.12500 0.12500 0.12500 0.12500 0.12500 0.12500 0.12500 0.12500 ( 8)  0.329
 305 -   0.12500 0.12500 0.12500 0.12500 0.12500 0.12500 0.12500 0.12500 ( 8)  0.329
 306 -   0.12500 0.12500 0.12500 0.12500 0.12500 0.12500 0.12500 0.12500 ( 8)  0.329
 307 -   0.12500 0.12500 0.12500 0.12500 0.12500 0.12500 0.12500 0.12500 ( 8)  0.329
 308 -   0.12500 0.12500 0.12500 0.12500 0.12500 0.12500 0.12500 0.12500 ( 8)  0.329
 309 -   0.12500 0.12500 0.12500 0.12500 0.12500 0.12500 0.12500 0.12500 ( 8)  0.329
 310 -   0.12500 0.12500 0.12500 0.12500 0.12500 0.12500 0.12500 0.12500 ( 8)  0.329
 311 -   0.12500 0.12500 0.12500 0.12500 0.12500 0.12500 0.12500 0.12500 ( 8)  0.329
 312 -   0.12500 0.12500 0.12500 0.12500 0.12500 0.12500 0.12500 0.12500 ( 8)  0.329
 313 -   0.12500 0.12500 0.12500 0.12500 0.12500 0.12500 0.12500 0.12500 ( 8)  0.329
 314 -   0.12500 0.12500 0.12500 0.12500 0.12500 0.12500 0.12500 0.12500 ( 8)  0.329
 315 -   0.12500 0.12500 0.12500 0.12500 0.12500 0.12500 0.12500 0.12500 ( 8)  0.329
 316 -   0.12500 0.12500 0.12500 0.12500 0.12500 0.12500 0.12500 0.12500 ( 8)  0.329
 317 -   0.12500 0.12500 0.12500 0.12500 0.12500 0.12500 0.12500 0.12500 ( 6)  0.329
 318 -   0.12500 0.12500 0.12500 0.12500 0.12500 0.12500 0.12500 0.12500 ( 8)  0.329
 319 -   0.12500 0.12500 0.12500 0.12500 0.12500 0.12500 0.12500 0.12500 ( 8)  0.329
 320 -   0.12500 0.12500 0.12500 0.12500 0.12500 0.12500 0.12500 0.12500 ( 8)  0.329
 321 -   0.12500 0.12500 0.12500 0.12500 0.12500 0.12500 0.12500 0.12500 ( 8)  0.329
 322 -   0.12500 0.12500 0.12500 0.12500 0.12500 0.12500 0.12500 0.12500 ( 8)  0.329
 323 -   0.12500 0.12500 0.12500 0.12500 0.12500 0.12500 0.12500 0.12500 ( 8)  0.329
 324 -   0.12500 0.12500 0.12500 0.12500 0.12500 0.12500 0.12500 0.12500 ( 8)  0.329
 325 -   0.12500 0.12500 0.12500 0.12500 0.12500 0.12500 0.12500 0.12500 ( 8)  0.329
 326 M   0.21636 0.21569 0.20773 0.17463 0.10848 0.04663 0.01879 0.01169 ( 1)  0.091
 327 G   0.19987 0.19940 0.19383 0.17007 0.11889 0.06319 0.03214 0.02262 ( 1)  0.123
 328 S   0.19135 0.19096 0.18644 0.16687 0.12310 0.07172 0.04004 0.02951 ( 1)  0.141
 329 Q   0.18552 0.18519 0.18128 0.16424 0.12525 0.07740 0.04604 0.03508 ( 1)  0.155
 330 A   0.21319 0.21255 0.20500 0.17352 0.11017 0.04983 0.02163 0.01411 ( 1)  0.098
 331 L   0.00000 0.00110 0.01399 0.06749 0.17161 0.25085 0.25458 0.24038 ( 7)  0.619
 332 P   0.00001 0.00182 0.02281 0.10431 0.22950 0.26211 0.20697 0.17248 ( 6)  0.535
 333 P   0.00001 0.00134 0.01699 0.08035 0.19339 0.25732 0.23718 0.21343 ( 6)  0.587
 334 G   0.00000 0.00000 0.00041 0.01022 0.07878 0.22959 0.33026 0.35072 ( 8)  0.754
 335 P   0.20478 0.20424 0.19795 0.17138 0.11570 0.05822 0.02824 0.01949 ( 1)  0.114
 336 M   0.21688 0.21620 0.20815 0.17473 0.10808 0.04611 0.01843 0.01142 ( 1)  0.090
 337 Q   0.18615 0.18581 0.18183 0.16454 0.12505 0.07680 0.04537 0.03445 ( 1)  0.153
 338 T   0.21502 0.21436 0.20658 0.17417 0.10922 0.04800 0.01997 0.01268 ( 1)  0.094
 339 L   0.00001 0.00200 0.02506 0.11352 0.24300 0.26336 0.19554 0.15750 ( 6)  0.515
 340 I   0.21359 0.21295 0.20544 0.17406 0.11049 0.04941 0.02081 0.01325 ( 1)  0.096
 341 F   0.19340 0.19300 0.18826 0.16781 0.12235 0.06972 0.03792 0.02754 ( 1)  0.137
 342 F   0.00000 0.00120 0.01524 0.07303 0.18198 0.25552 0.24671 0.22632 ( 6)  0.604
 343 D   0.20486 0.20433 0.19812 0.17180 0.11623 0.05819 0.02768 0.01879 ( 1)  0.113
 344 M   0.00001 0.00184 0.02314 0.10597 0.23328 0.26430 0.20417 0.16730 ( 6)  0.529
 345 E   0.19885 0.19839 0.19298 0.16983 0.11961 0.06424 0.03290 0.02320 ( 1)  0.125
 346 A   0.20434 0.20381 0.19761 0.17137 0.11616 0.05871 0.02844 0.01955 ( 1)  0.114
 347 T   0.17850 0.17822 0.17498 0.16075 0.12733 0.08410 0.05369 0.04243 ( 1)  0.172
 348 G   0.19506 0.19464 0.18965 0.16825 0.12123 0.06798 0.03662 0.02656 ( 1)  0.133
 349 L   0.17729 0.17703 0.17384 0.15988 0.12717 0.08502 0.05539 0.04438 ( 1)  0.176
 350 P   0.19979 0.19931 0.19368 0.16973 0.11845 0.06319 0.03261 0.02324 ( 1)  0.124
 351 F   0.20262 0.20213 0.19626 0.17130 0.11783 0.06047 0.02933 0.02005 ( 1)  0.117
 352 S   0.00001 0.00172 0.02162 0.09983 0.22476 0.26425 0.21154 0.17627 ( 6)  0.542
 353 -   0.12500 0.12500 0.12500 0.12500 0.12500 0.12500 0.12500 0.12500 ( 8)  0.329
 354 -   0.12500 0.12500 0.12500 0.12500 0.12500 0.12500 0.12500 0.12500 ( 6)  0.329
 355 -   0.12500 0.12500 0.12500 0.12500 0.12500 0.12500 0.12500 0.12500 ( 7)  0.329
 356 -   0.12500 0.12500 0.12500 0.12500 0.12500 0.12500 0.12500 0.12500 ( 8)  0.329
 357 -   0.12500 0.12500 0.12500 0.12500 0.12500 0.12500 0.12500 0.12500 ( 6)  0.329
 358 -   0.12500 0.12500 0.12500 0.12500 0.12500 0.12500 0.12500 0.12500 ( 8)  0.329
 359 -   0.12500 0.12500 0.12500 0.12500 0.12500 0.12500 0.12500 0.12500 ( 8)  0.329
 360 -   0.12500 0.12500 0.12500 0.12500 0.12500 0.12500 0.12500 0.12500 ( 8)  0.329
 361 -   0.12500 0.12500 0.12500 0.12500 0.12500 0.12500 0.12500 0.12500 ( 7)  0.329
 362 -   0.12500 0.12500 0.12500 0.12500 0.12500 0.12500 0.12500 0.12500 ( 8)  0.329
 363 -   0.12500 0.12500 0.12500 0.12500 0.12500 0.12500 0.12500 0.12500 ( 8)  0.329
 364 -   0.12500 0.12500 0.12500 0.12500 0.12500 0.12500 0.12500 0.12500 ( 8)  0.329
 365 -   0.12500 0.12500 0.12500 0.12500 0.12500 0.12500 0.12500 0.12500 ( 8)  0.329
 366 -   0.12500 0.12500 0.12500 0.12500 0.12500 0.12500 0.12500 0.12500 ( 8)  0.329
 367 -   0.12500 0.12500 0.12500 0.12500 0.12500 0.12500 0.12500 0.12500 ( 8)  0.329
 368 -   0.12500 0.12500 0.12500 0.12500 0.12500 0.12500 0.12500 0.12500 ( 8)  0.329
 369 -   0.12500 0.12500 0.12500 0.12500 0.12500 0.12500 0.12500 0.12500 ( 8)  0.329
 370 -   0.12500 0.12500 0.12500 0.12500 0.12500 0.12500 0.12500 0.12500 ( 6)  0.329
 371 -   0.12500 0.12500 0.12500 0.12500 0.12500 0.12500 0.12500 0.12500 ( 8)  0.329
 372 -   0.12500 0.12500 0.12500 0.12500 0.12500 0.12500 0.12500 0.12500 ( 8)  0.329
 373 -   0.12500 0.12500 0.12500 0.12500 0.12500 0.12500 0.12500 0.12500 ( 7)  0.329
 374 -   0.12500 0.12500 0.12500 0.12500 0.12500 0.12500 0.12500 0.12500 ( 8)  0.329
 375 -   0.12500 0.12500 0.12500 0.12500 0.12500 0.12500 0.12500 0.12500 ( 8)  0.329
 376 -   0.12500 0.12500 0.12500 0.12500 0.12500 0.12500 0.12500 0.12500 ( 7)  0.329
 377 -   0.12500 0.12500 0.12500 0.12500 0.12500 0.12500 0.12500 0.12500 ( 8)  0.329
 378 -   0.12500 0.12500 0.12500 0.12500 0.12500 0.12500 0.12500 0.12500 ( 8)  0.329
 379 -   0.12500 0.12500 0.12500 0.12500 0.12500 0.12500 0.12500 0.12500 ( 7)  0.329
 380 -   0.12500 0.12500 0.12500 0.12500 0.12500 0.12500 0.12500 0.12500 ( 8)  0.329
 381 -   0.12500 0.12500 0.12500 0.12500 0.12500 0.12500 0.12500 0.12500 ( 8)  0.329
 382 -   0.12500 0.12500 0.12500 0.12500 0.12500 0.12500 0.12500 0.12500 ( 6)  0.329
 383 -   0.12500 0.12500 0.12500 0.12500 0.12500 0.12500 0.12500 0.12500 ( 8)  0.329
 384 -   0.12500 0.12500 0.12500 0.12500 0.12500 0.12500 0.12500 0.12500 ( 8)  0.329
 385 -   0.12500 0.12500 0.12500 0.12500 0.12500 0.12500 0.12500 0.12500 ( 8)  0.329
 386 -   0.12500 0.12500 0.12500 0.12500 0.12500 0.12500 0.12500 0.12500 ( 6)  0.329
 387 -   0.12500 0.12500 0.12500 0.12500 0.12500 0.12500 0.12500 0.12500 ( 8)  0.329
 388 -   0.12500 0.12500 0.12500 0.12500 0.12500 0.12500 0.12500 0.12500 ( 8)  0.329
 389 -   0.12500 0.12500 0.12500 0.12500 0.12500 0.12500 0.12500 0.12500 ( 8)  0.329
 390 -   0.12500 0.12500 0.12500 0.12500 0.12500 0.12500 0.12500 0.12500 ( 8)  0.329
 391 -   0.12500 0.12500 0.12500 0.12500 0.12500 0.12500 0.12500 0.12500 ( 8)  0.329
 392 -   0.12500 0.12500 0.12500 0.12500 0.12500 0.12500 0.12500 0.12500 ( 8)  0.329
 393 -   0.12500 0.12500 0.12500 0.12500 0.12500 0.12500 0.12500 0.12500 ( 6)  0.329
 394 -   0.12500 0.12500 0.12500 0.12500 0.12500 0.12500 0.12500 0.12500 ( 8)  0.329
 395 -   0.12500 0.12500 0.12500 0.12500 0.12500 0.12500 0.12500 0.12500 ( 6)  0.329
 396 -   0.12500 0.12500 0.12500 0.12500 0.12500 0.12500 0.12500 0.12500 ( 8)  0.329
 397 -   0.12500 0.12500 0.12500 0.12500 0.12500 0.12500 0.12500 0.12500 ( 8)  0.329
 398 -   0.12500 0.12500 0.12500 0.12500 0.12500 0.12500 0.12500 0.12500 ( 8)  0.329
 399 -   0.12500 0.12500 0.12500 0.12500 0.12500 0.12500 0.12500 0.12500 ( 6)  0.329
 400 -   0.12500 0.12500 0.12500 0.12500 0.12500 0.12500 0.12500 0.12500 ( 8)  0.329
 401 -   0.12500 0.12500 0.12500 0.12500 0.12500 0.12500 0.12500 0.12500 ( 7)  0.329
 402 -   0.12500 0.12500 0.12500 0.12500 0.12500 0.12500 0.12500 0.12500 ( 8)  0.329
 403 -   0.12500 0.12500 0.12500 0.12500 0.12500 0.12500 0.12500 0.12500 ( 8)  0.329
 404 -   0.12500 0.12500 0.12500 0.12500 0.12500 0.12500 0.12500 0.12500 ( 6)  0.329
 405 Q   0.18615 0.18581 0.18183 0.16454 0.12505 0.07680 0.04537 0.03445 ( 1)  0.153
 406 P   0.20275 0.20224 0.19625 0.17086 0.11704 0.06027 0.02983 0.02076 ( 1)  0.117
 407 K   0.19418 0.19378 0.18894 0.16813 0.12199 0.06893 0.03717 0.02688 ( 1)  0.135
 408 V   0.21510 0.21444 0.20662 0.17412 0.10907 0.04793 0.01999 0.01273 ( 1)  0.094
 409 T   0.20633 0.20578 0.19934 0.17214 0.11520 0.05670 0.02657 0.01793 ( 1)  0.110
 410 E   0.19658 0.19615 0.19101 0.16900 0.12076 0.06652 0.03498 0.02500 ( 1)  0.130
 411 L   0.19272 0.19232 0.18760 0.16729 0.12225 0.07029 0.03891 0.02862 ( 1)  0.139
 412 C   0.19161 0.19123 0.18670 0.16712 0.12321 0.07152 0.03960 0.02902 ( 1)  0.140
 413 L   0.19052 0.19015 0.18568 0.16638 0.12319 0.07246 0.04106 0.03056 ( 1)  0.144
 414 L   0.19047 0.19009 0.18563 0.16635 0.12320 0.07250 0.04112 0.03064 ( 1)  0.144
 415 A   0.19186 0.19146 0.18676 0.16657 0.12204 0.07101 0.04022 0.03008 ( 1)  0.141
 416 V   0.00000 0.00000 0.00080 0.01877 0.12438 0.27802 0.30149 0.27653 ( 7)  0.693
 417 H   0.19978 0.19931 0.19378 0.17013 0.11908 0.06329 0.03209 0.02252 ( 1)  0.123
 418 R   0.16422 0.16404 0.16196 0.15266 0.12972 0.09698 0.07065 0.05978 ( 1)  0.209
 419 C   0.16412 0.16395 0.16187 0.15262 0.12976 0.09707 0.07074 0.05986 ( 1)  0.210
 420 A   0.21372 0.21307 0.20544 0.17363 0.10980 0.04931 0.02123 0.01379 ( 1)  0.097
 421 L   0.19272 0.19232 0.18760 0.16729 0.12225 0.07029 0.03891 0.02862 ( 1)  0.139
 422 E   0.19885 0.19839 0.19298 0.16983 0.11961 0.06424 0.03290 0.02320 ( 1)  0.125
 423 N   0.00000 0.00000 0.00054 0.01302 0.09479 0.24955 0.32099 0.32111 ( 8)  0.731
 424 P   0.00001 0.00188 0.02356 0.10735 0.23384 0.26230 0.20324 0.16784 ( 6)  0.528
 425 P   0.19711 0.19666 0.19139 0.16885 0.11996 0.06588 0.03494 0.02521 ( 1)  0.129
 426 T   0.00001 0.00230 0.02871 0.12800 0.26221 0.26255 0.17872 0.13750 ( 6)  0.486
 427 S   0.00000 0.00090 0.01151 0.05663 0.15171 0.24255 0.26986 0.26683 ( 7)  0.648
 428 Q   0.18431 0.18399 0.18020 0.16367 0.12565 0.07857 0.04732 0.03629 ( 1)  0.158
 429 G   0.19116 0.19078 0.18624 0.16668 0.12297 0.07185 0.04039 0.02994 ( 1)  0.142
 430 P   0.16665 0.16646 0.16418 0.15403 0.12930 0.09475 0.06777 0.05687 ( 1)  0.203
 431 P   0.00000 0.00098 0.01255 0.06113 0.15973 0.24546 0.26357 0.25657 ( 7)  0.636
 432 P   0.00001 0.00133 0.01689 0.08068 0.19753 0.26297 0.23485 0.20573 ( 6)  0.582
 433 I   0.00000 0.00000 0.00000 0.00058 0.01584 0.12375 0.35392 0.50591 ( 8)  0.857
 434 V   0.18747 0.18712 0.18298 0.16502 0.12435 0.07544 0.04417 0.03344 ( 1)  0.151
 435 P   0.18845 0.18809 0.18377 0.16512 0.12341 0.07430 0.04362 0.03323 ( 1)  0.149
 436 P   0.00000 0.00095 0.01212 0.05924 0.15619 0.24383 0.26624 0.26143 ( 7)  0.642
 437 P   0.16665 0.16646 0.16418 0.15403 0.12930 0.09475 0.06777 0.05687 ( 1)  0.203
 438 P   0.19128 0.19089 0.18629 0.16645 0.12247 0.07162 0.04064 0.03036 ( 1)  0.142
 439 R   0.16355 0.16337 0.16133 0.15220 0.12968 0.09749 0.07155 0.06082 ( 1)  0.211
 440 V   0.20900 0.20842 0.20158 0.17283 0.11344 0.05402 0.02448 0.01624 ( 1)  0.105
 441 V   0.00001 0.00197 0.02469 0.11211 0.24144 0.26390 0.19701 0.15887 ( 6)  0.517
 442 D   0.20486 0.20433 0.19812 0.17180 0.11623 0.05819 0.02768 0.01879 ( 1)  0.113
 443 K   0.19418 0.19378 0.18894 0.16813 0.12199 0.06893 0.03717 0.02688 ( 1)  0.135
 444 L   0.20368 0.20317 0.19706 0.17121 0.11658 0.05934 0.02896 0.02000 ( 1)  0.115
 445 S   0.20554 0.20501 0.19873 0.17214 0.11600 0.05751 0.02695 0.01811 ( 1)  0.111
 446 L   0.19272 0.19232 0.18760 0.16729 0.12225 0.07029 0.03891 0.02862 ( 1)  0.139
 447 C   0.16825 0.16805 0.16567 0.15509 0.12933 0.09348 0.06565 0.05449 ( 1)  0.198
 448 V   0.20900 0.20842 0.20158 0.17283 0.11344 0.05402 0.02448 0.01624 ( 1)  0.105
 449 A   0.17800 0.17773 0.17452 0.16040 0.12728 0.08449 0.05437 0.04320 ( 1)  0.173
 450 P   0.19085 0.19047 0.18595 0.16645 0.12295 0.07212 0.04082 0.03038 ( 1)  0.143
 451 G   0.00000 0.00112 0.01422 0.06849 0.17335 0.25145 0.25321 0.23815 ( 7)  0.617
 452 K   0.19147 0.19108 0.18655 0.16697 0.12313 0.07162 0.03986 0.02932 ( 1)  0.141
 453 A   0.00000 0.00000 0.00075 0.01769 0.11816 0.27049 0.30527 0.28763 ( 7)  0.702
 454 C   0.18193 0.18163 0.17808 0.16254 0.12648 0.08089 0.04983 0.03863 ( 1)  0.163
 455 S   0.20202 0.20152 0.19571 0.17098 0.11799 0.06107 0.03001 0.02070 ( 1)  0.118
 456 P   0.00000 0.00093 0.01183 0.05799 0.15401 0.24311 0.26796 0.26417 ( 7)  0.645
 457 A   0.17233 0.17210 0.16938 0.15733 0.12850 0.08972 0.06090 0.04974 ( 1)  0.188
 458 A   0.21372 0.21307 0.20544 0.17363 0.10980 0.04931 0.02123 0.01379 ( 1)  0.097
 459 I   0.00001 0.00149 0.01884 0.08827 0.20699 0.26160 0.22637 0.19644 ( 6)  0.568
 460 E   0.00000 0.00000 0.00000 0.00010 0.00758 0.10394 0.35934 0.52904 ( 8)  0.873
 461 I   0.21105 0.21045 0.20334 0.17351 0.11231 0.05196 0.02267 0.01471 ( 1)  0.101
 462 T   0.17299 0.17276 0.17000 0.15778 0.12852 0.08918 0.06002 0.04875 ( 1)  0.186
 463 G   0.17103 0.17081 0.16819 0.15661 0.12874 0.09090 0.06243 0.05129 ( 1)  0.191
 464 L   0.19239 0.19200 0.18732 0.16715 0.12238 0.07061 0.03923 0.02892 ( 1)  0.139
 465 S   0.20202 0.20152 0.19571 0.17098 0.11799 0.06107 0.03001 0.02070 ( 1)  0.118
 466 T   0.00000 0.00096 0.01220 0.05971 0.15750 0.24520 0.26548 0.25895 ( 7)  0.640
 467 A   0.17776 0.17749 0.17429 0.16027 0.12734 0.08472 0.05465 0.04348 ( 1)  0.174
 468 V   0.20659 0.20604 0.19956 0.17220 0.11502 0.05644 0.02637 0.01777 ( 1)  0.109
 469 L   0.19272 0.19232 0.18760 0.16729 0.12225 0.07029 0.03891 0.02862 ( 1)  0.139
 470 A   0.17233 0.17210 0.16938 0.15733 0.12850 0.08972 0.06090 0.04974 ( 1)  0.188
 471 A   0.18392 0.18361 0.17983 0.16340 0.12565 0.07890 0.04784 0.03685 ( 1)  0.159
 472 H   0.17031 0.17010 0.16755 0.15628 0.12901 0.09162 0.06318 0.05195 ( 1)  0.193
 473 G   0.19468 0.19427 0.18934 0.16816 0.12150 0.06838 0.03690 0.02677 ( 1)  0.134
 474 R   0.16355 0.16337 0.16133 0.15220 0.12968 0.09749 0.07155 0.06082 ( 1)  0.211
 475 Q   0.16683 0.16664 0.16436 0.15423 0.12946 0.09471 0.06741 0.05636 ( 1)  0.202
 476 C   0.00000 0.00105 0.01341 0.06502 0.16739 0.24959 0.25796 0.24557 ( 7)  0.625
 477 F   0.19704 0.19660 0.19144 0.16929 0.12073 0.06610 0.03440 0.02441 ( 1)  0.128
 478 D   0.00000 0.00099 0.01265 0.06169 0.16123 0.24691 0.26267 0.25386 ( 7)  0.634
 479 D   0.20486 0.20433 0.19812 0.17180 0.11623 0.05819 0.02768 0.01879 ( 1)  0.113
 480 N   0.00001 0.00157 0.01976 0.09213 0.21295 0.26254 0.22141 0.18963 ( 6)  0.559
 481 L   0.00001 0.00133 0.01680 0.07953 0.19205 0.25696 0.23825 0.21508 ( 6)  0.589
 482 A   0.00001 0.00156 0.01968 0.09258 0.21710 0.26688 0.21875 0.18345 ( 6)  0.554
 483 N   0.20036 0.19989 0.19430 0.17045 0.11894 0.06274 0.03143 0.02188 ( 1)  0.122
 484 L   0.19245 0.19205 0.18736 0.16717 0.12236 0.07056 0.03918 0.02887 ( 1)  0.139
 485 L   0.20882 0.20824 0.20141 0.17271 0.11345 0.05419 0.02470 0.01647 ( 1)  0.105
 486 L   0.16205 0.16189 0.15995 0.15127 0.12976 0.09875 0.07345 0.06288 ( 1)  0.216
 487 A   0.21372 0.21307 0.20544 0.17363 0.10980 0.04931 0.02123 0.01379 ( 1)  0.097
 488 F   0.20262 0.20213 0.19626 0.17130 0.11783 0.06047 0.02933 0.02005 ( 1)  0.117
 489 L   0.18988 0.18951 0.18511 0.16609 0.12343 0.07308 0.04172 0.03119 ( 1)  0.145
 490 Q   0.00000 0.00000 0.00023 0.00603 0.05184 0.18633 0.34169 0.41388 ( 8)  0.797
 491 R   0.19398 0.19357 0.18871 0.16785 0.12176 0.06906 0.03763 0.02744 ( 1)  0.136
 492 Q   0.18615 0.18581 0.18183 0.16454 0.12505 0.07680 0.04537 0.03445 ( 1)  0.153
 493 P   0.17053 0.17031 0.16771 0.15622 0.12863 0.09125 0.06317 0.05216 ( 1)  0.193
 494 Q   0.18615 0.18581 0.18183 0.16454 0.12505 0.07680 0.04537 0.03445 ( 1)  0.153
 495 P   0.20529 0.20475 0.19839 0.17154 0.11540 0.05771 0.02780 0.01912 ( 1)  0.113
 496 W   0.17745 0.17719 0.17406 0.16028 0.12773 0.08514 0.05475 0.04339 ( 1)  0.174
 497 C   0.18957 0.18921 0.18490 0.16622 0.12401 0.07352 0.04167 0.03091 ( 1)  0.145
 498 L   0.20115 0.20067 0.19489 0.17035 0.11795 0.06186 0.03120 0.02192 ( 1)  0.121
 499 V   0.20900 0.20842 0.20158 0.17283 0.11344 0.05402 0.02448 0.01624 ( 1)  0.105
 500 A   0.17468 0.17444 0.17151 0.15861 0.12800 0.08755 0.05819 0.04702 ( 1)  0.182
 501 H   0.19978 0.19931 0.19378 0.17013 0.11908 0.06329 0.03209 0.02252 ( 1)  0.123
 502 N   0.17715 0.17689 0.17375 0.15998 0.12754 0.08531 0.05530 0.04407 ( 1)  0.176
 503 G   0.16830 0.16810 0.16570 0.15507 0.12921 0.09337 0.06566 0.05458 ( 1)  0.198
 504 D   0.20486 0.20433 0.19812 0.17180 0.11623 0.05819 0.02768 0.01879 ( 1)  0.113
 505 R   0.19398 0.19357 0.18871 0.16785 0.12176 0.06906 0.03763 0.02744 ( 1)  0.136
 506 Y   0.18276 0.18246 0.17884 0.16301 0.12631 0.08012 0.04885 0.03765 ( 1)  0.161
 507 D   0.20486 0.20433 0.19812 0.17180 0.11623 0.05819 0.02768 0.01879 ( 1)  0.113
 508 F   0.20262 0.20213 0.19626 0.17130 0.11783 0.06047 0.02933 0.02005 ( 1)  0.117
 509 P   0.20529 0.20475 0.19839 0.17154 0.11540 0.05771 0.02780 0.01912 ( 1)  0.113
 510 L   0.19004 0.18967 0.18525 0.16616 0.12337 0.07292 0.04155 0.03104 ( 1)  0.145
 511 L   0.20735 0.20679 0.20018 0.17231 0.11440 0.05567 0.02588 0.01742 ( 1)  0.108
 512 Q   0.17390 0.17366 0.17080 0.15820 0.12819 0.08828 0.05908 0.04789 ( 1)  0.184
 513 A   0.17487 0.17462 0.17167 0.15871 0.12796 0.08738 0.05798 0.04681 ( 1)  0.181
 514 E   0.19885 0.19839 0.19298 0.16983 0.11961 0.06424 0.03290 0.02320 ( 1)  0.125
 515 L   0.19052 0.19015 0.18568 0.16638 0.12319 0.07246 0.04106 0.03056 ( 1)  0.144
 516 A   0.18177 0.18146 0.17788 0.16223 0.12610 0.08089 0.05033 0.03935 ( 1)  0.164
 517 M   0.00000 0.00001 0.00084 0.01973 0.12928 0.28261 0.29822 0.26930 ( 7)  0.687
 518 L   0.19255 0.19215 0.18745 0.16722 0.12232 0.07046 0.03907 0.02877 ( 1)  0.139
 519 G   0.20036 0.19988 0.19425 0.17025 0.11864 0.06270 0.03169 0.02223 ( 1)  0.122
 520 L   0.19407 0.19366 0.18882 0.16801 0.12193 0.06903 0.03737 0.02711 ( 1)  0.135
 521 P   0.00000 0.00000 0.00068 0.01616 0.11011 0.26237 0.31051 0.30018 ( 7)  0.712
 522 S   0.00000 0.00000 0.00024 0.00615 0.05334 0.19120 0.34234 0.40672 ( 8)  0.793
 523 A   0.00000 0.00098 0.01244 0.06070 0.15919 0.24565 0.26410 0.25694 ( 7)  0.637
 524 L   0.19272 0.19232 0.18760 0.16729 0.12225 0.07029 0.03891 0.02862 ( 1)  0.139
 525 D   0.17369 0.17346 0.17064 0.15820 0.12845 0.08858 0.05916 0.04784 ( 1)  0.184
 526 G   0.17105 0.17083 0.16821 0.15661 0.12872 0.09088 0.06242 0.05128 ( 1)  0.191
 527 A   0.21372 0.21307 0.20544 0.17363 0.10980 0.04931 0.02123 0.01379 ( 1)  0.097
 528 F   0.20262 0.20213 0.19626 0.17130 0.11783 0.06047 0.02933 0.02005 ( 1)  0.117
 529 C   0.17075 0.17054 0.16796 0.15653 0.12895 0.09123 0.06264 0.05139 ( 1)  0.192
 530 V   0.00001 0.00162 0.02039 0.09469 0.21663 0.26259 0.21822 0.18586 ( 6)  0.554
 531 D   0.17369 0.17346 0.17064 0.15820 0.12845 0.08858 0.05916 0.04784 ( 1)  0.184
 532 S   0.20202 0.20152 0.19571 0.17098 0.11799 0.06107 0.03001 0.02070 ( 1)  0.118
 533 I   0.21127 0.21066 0.20352 0.17356 0.11215 0.05174 0.02252 0.01459 ( 1)  0.100
 534 T   0.00000 0.00000 0.00029 0.00735 0.06121 0.20442 0.33926 0.38746 ( 8)  0.780
 535 A   0.19492 0.19449 0.18946 0.16792 0.12086 0.06803 0.03712 0.02720 ( 1)  0.134
 536 L   0.19052 0.19015 0.18568 0.16638 0.12319 0.07246 0.04106 0.03056 ( 1)  0.144
 537 K   0.19418 0.19378 0.18894 0.16813 0.12199 0.06893 0.03717 0.02688 ( 1)  0.135
 538 A   0.21372 0.21307 0.20544 0.17363 0.10980 0.04931 0.02123 0.01379 ( 1)  0.097
 539 L   0.00001 0.00143 0.01806 0.08489 0.20098 0.25943 0.23108 0.20413 ( 6)  0.576
 540 E   0.18493 0.18461 0.18077 0.16405 0.12560 0.07802 0.04654 0.03547 ( 1)  0.156
 541 R   0.00000 0.00065 0.00838 0.04240 0.12259 0.22469 0.29039 0.31089 ( 8)  0.692
 542 A   0.19382 0.19340 0.18848 0.16739 0.12121 0.06909 0.03829 0.02831 ( 1)  0.137
 543 D   0.00000 0.00000 0.00000 0.00048 0.01418 0.12078 0.35615 0.50841 ( 8)  0.860
 544 S   0.00001 0.00174 0.02185 0.10073 0.22596 0.26418 0.21049 0.17505 ( 6)  0.540
 545 P   0.20322 0.20271 0.19664 0.17092 0.11665 0.05979 0.02953 0.02055 ( 1)  0.117
 546 S   0.00000 0.00101 0.01285 0.06250 0.16245 0.24697 0.26159 0.25263 ( 7)  0.632
 547 E   0.00000 0.00116 0.01469 0.07057 0.17714 0.25300 0.25029 0.23314 ( 6)  0.611
 548 H   0.19167 0.19129 0.18672 0.16699 0.12293 0.07139 0.03975 0.02926 ( 1)  0.141
 549 G   0.20036 0.19988 0.19425 0.17025 0.11864 0.06270 0.03169 0.02223 ( 1)  0.122
 550 P   0.16665 0.16646 0.16418 0.15403 0.12930 0.09475 0.06777 0.05687 ( 1)  0.203
 551 R   0.19328 0.19288 0.18814 0.16771 0.12232 0.06982 0.03811 0.02776 ( 1)  0.137
 552 K   0.19418 0.19378 0.18894 0.16813 0.12199 0.06893 0.03717 0.02688 ( 1)  0.135
 553 S   0.20202 0.20152 0.19571 0.17098 0.11799 0.06107 0.03001 0.02070 ( 1)  0.118
 554 Y   0.18677 0.18643 0.18241 0.16495 0.12505 0.07627 0.04455 0.03356 ( 1)  0.152
 555 S   0.20202 0.20152 0.19571 0.17098 0.11799 0.06107 0.03001 0.02070 ( 1)  0.118
 556 L   0.17119 0.17097 0.16833 0.15667 0.12866 0.09073 0.06228 0.05116 ( 1)  0.191
 557 G   0.20036 0.19988 0.19425 0.17025 0.11864 0.06270 0.03169 0.02223 ( 1)  0.122
 558 S   0.00001 0.00176 0.02214 0.10195 0.22779 0.26439 0.20895 0.17301 ( 6)  0.537
 559 I   0.21359 0.21295 0.20544 0.17406 0.11049 0.04941 0.02081 0.01325 ( 1)  0.096
 560 Y   0.18702 0.18668 0.18264 0.16507 0.12497 0.07602 0.04428 0.03331 ( 1)  0.151
 561 T   0.00000 0.00101 0.01287 0.06256 0.16226 0.24646 0.26162 0.25320 ( 7)  0.633
 562 R   0.19398 0.19357 0.18871 0.16785 0.12176 0.06906 0.03763 0.02744 ( 1)  0.136
 563 L   0.19403 0.19362 0.18874 0.16778 0.12159 0.06898 0.03769 0.02756 ( 1)  0.136
 564 Y   0.17101 0.17079 0.16818 0.15664 0.12883 0.09097 0.06239 0.05118 ( 1)  0.191
 565 G   0.19207 0.19168 0.18706 0.16712 0.12270 0.07098 0.03941 0.02899 ( 1)  0.140
 566 K   0.00001 0.00127 0.01606 0.07652 0.18761 0.25670 0.24207 0.21977 ( 6)  0.596
 567 A   0.00000 0.00000 0.00001 0.00113 0.02698 0.16495 0.35965 0.44728 ( 8)  0.828
 568 P   0.18604 0.18570 0.18166 0.16412 0.12444 0.07667 0.04599 0.03538 ( 1)  0.155
 569 P   0.18771 0.18735 0.18316 0.16502 0.12409 0.07517 0.04407 0.03343 ( 1)  0.150
 570 D   0.20486 0.20433 0.19812 0.17180 0.11623 0.05819 0.02768 0.01879 ( 1)  0.113
 571 S   0.17959 0.17931 0.17598 0.16140 0.12720 0.08314 0.05235 0.04104 ( 1)  0.169
 572 H   0.19978 0.19931 0.19378 0.17014 0.11908 0.06329 0.03209 0.02252 ( 1)  0.123
 573 T   0.19315 0.19275 0.18803 0.16769 0.12243 0.06996 0.03819 0.02780 ( 1)  0.137
 574 A   0.18805 0.18769 0.18344 0.16507 0.12379 0.07478 0.04385 0.03332 ( 1)  0.150
 575 E   0.19885 0.19839 0.19298 0.16983 0.11961 0.06424 0.03290 0.02320 ( 1)  0.125
 576 G   0.17717 0.17691 0.17378 0.16002 0.12758 0.08530 0.05524 0.04401 ( 1)  0.175
 577 D   0.18835 0.18800 0.18377 0.16544 0.12406 0.07460 0.04324 0.03255 ( 1)  0.148
 578 V   0.21510 0.21444 0.20663 0.17412 0.10907 0.04793 0.01999 0.01273 ( 1)  0.094
 579 L   0.17754 0.17727 0.17411 0.16024 0.12754 0.08499 0.05479 0.04352 ( 1)  0.174
 580 A   0.21372 0.21307 0.20544 0.17363 0.10980 0.04931 0.02123 0.01379 ( 1)  0.097
 581 L   0.19329 0.19288 0.18809 0.16748 0.12193 0.06971 0.03841 0.02820 ( 1)  0.137
 582 L   0.20927 0.20868 0.20179 0.17283 0.11316 0.05374 0.02435 0.01618 ( 1)  0.104
 583 S   0.19699 0.19655 0.19137 0.16916 0.12057 0.06611 0.03459 0.02466 ( 1)  0.129
 584 I   0.21359 0.21295 0.20544 0.17406 0.11049 0.04941 0.02081 0.01325 ( 1)  0.096
 585 C   0.16263 0.16247 0.16050 0.15171 0.12988 0.09835 0.07260 0.06185 ( 1)  0.214
 586 Q   0.18615 0.18581 0.18183 0.16454 0.12505 0.07680 0.04537 0.03445 ( 1)  0.153
 587 W   0.17745 0.17719 0.17406 0.16028 0.12773 0.08514 0.05475 0.04339 ( 1)  0.174
 588 R   0.00000 0.00094 0.01204 0.05899 0.15608 0.24444 0.26652 0.26098 ( 7)  0.642
 589 P   0.00000 0.00080 0.01027 0.05098 0.14010 0.23536 0.27804 0.28444 ( 8)  0.666
 590 Q   0.18615 0.18581 0.18183 0.16454 0.12505 0.07680 0.04537 0.03445 ( 1)  0.153
 591 A   0.21302 0.21238 0.20486 0.17348 0.11030 0.05001 0.02175 0.01420 ( 1)  0.098
 592 L   0.19016 0.18979 0.18536 0.16622 0.12333 0.07281 0.04143 0.03090 ( 1)  0.144
 593 L   0.19272 0.19232 0.18760 0.16729 0.12225 0.07029 0.03891 0.02862 ( 1)  0.139
 594 R   0.00000 0.00120 0.01518 0.07264 0.18064 0.25402 0.24749 0.22883 ( 6)  0.606
 595 W   0.17745 0.17719 0.17406 0.16028 0.12773 0.08514 0.05475 0.04339 ( 1)  0.174
 596 V   0.20617 0.20562 0.19920 0.17208 0.11528 0.05686 0.02672 0.01806 ( 1)  0.110
 597 D   0.17385 0.17361 0.17078 0.15828 0.12842 0.08843 0.05897 0.04765 ( 1)  0.184
 598 A   0.17776 0.17749 0.17429 0.16027 0.12734 0.08472 0.05465 0.04348 ( 1)  0.174
 599 H   0.19821 0.19776 0.19241 0.16955 0.11986 0.06487 0.03355 0.02379 ( 1)  0.126
 600 A   0.21372 0.21307 0.20544 0.17363 0.10980 0.04931 0.02123 0.01379 ( 1)  0.097
 601 R   0.00000 0.00000 0.00043 0.01057 0.08089 0.23269 0.32926 0.34617 ( 8)  0.751
 602 P   0.00001 0.00174 0.02193 0.10081 0.22473 0.26215 0.21110 0.17753 ( 6)  0.542
 603 F   0.20212 0.20163 0.19583 0.17113 0.11811 0.06099 0.02978 0.02043 ( 1)  0.118
 604 S   0.00001 0.00169 0.02126 0.09823 0.22177 0.26304 0.21387 0.18013 ( 6)  0.546
 605 T   0.21502 0.21436 0.20658 0.17417 0.10922 0.04800 0.01997 0.01268 ( 1)  0.094
 606 I   0.00000 0.00000 0.00072 0.01715 0.11643 0.27130 0.30692 0.28747 ( 7)  0.703
 607 R   0.00000 0.00000 0.00041 0.01011 0.07817 0.22899 0.33074 0.35158 ( 8)  0.755
 608 P   0.20472 0.20419 0.19791 0.17137 0.11574 0.05828 0.02828 0.01952 ( 1)  0.114
 609 M   0.21688 0.21620 0.20816 0.17473 0.10808 0.04611 0.01843 0.01142 ( 1)  0.090
 610 Y   0.15911 0.15897 0.15724 0.14948 0.13003 0.10129 0.07711 0.06677 ( 1)  0.224
 611 G   0.00001 0.00142 0.01800 0.08464 0.20056 0.25930 0.23142 0.20465 ( 6)  0.577
 612 V   0.00001 0.00236 0.02943 0.13073 0.26534 0.26178 0.17585 0.13451 ( 5)  0.481
 613 T   0.17354 0.17330 0.17049 0.15808 0.12842 0.08869 0.05938 0.04810 ( 1)  0.185
 614 A   0.21372 0.21307 0.20544 0.17363 0.10980 0.04931 0.02123 0.01379 ( 1)  0.097
 615 S   0.00000 0.00000 0.00026 0.00665 0.05670 0.19705 0.34114 0.39819 ( 8)  0.788
 616 A   0.00001 0.00130 0.01645 0.07805 0.18950 0.25617 0.24028 0.21824 ( 6)  0.593
 617 R   0.00000 0.00000 0.00001 0.00099 0.02450 0.15826 0.36064 0.45561 ( 8)  0.833
 618 T   0.21502 0.21436 0.20658 0.17417 0.10922 0.04800 0.01997 0.01268 ( 1)  0.094
 619 K   0.00001 0.00158 0.01994 0.09287 0.21417 0.26284 0.22041 0.18818 ( 6)  0.557
 620 P   0.00000 0.00079 0.01013 0.05040 0.13919 0.23530 0.27884 0.28533 ( 8)  0.667
 621 R   0.16579 0.16560 0.16340 0.15360 0.12956 0.09560 0.06871 0.05774 ( 1)  0.205
 622 P   0.00000 0.00067 0.00861 0.04358 0.12575 0.22804 0.28869 0.30466 ( 8)  0.687
 623 S   0.00000 0.00096 0.01219 0.05965 0.15753 0.24545 0.26553 0.25869 ( 7)  0.640
 624 A   0.18034 0.18005 0.17662 0.16162 0.12670 0.08230 0.05175 0.04062 ( 1)  0.168
 625 V   0.21491 0.21425 0.20647 0.17408 0.10921 0.04811 0.02013 0.01283 ( 1)  0.094
 626 T   0.00000 0.00000 0.00025 0.00656 0.05603 0.19581 0.34134 0.40001 ( 8)  0.789
 627 A   0.00000 0.00000 0.00000 0.00013 0.00924 0.11320 0.36064 0.51679 ( 8)  0.867
 628 T   0.00000 0.00000 0.00000 0.00053 0.01511 0.12259 0.35488 0.50688 ( 8)  0.858
 629 V   0.00000 0.00000 0.00024 0.00615 0.05324 0.19071 0.34217 0.40749 ( 8)  0.794
 630 H   0.00000 0.00000 0.00035 0.00883 0.07060 0.21881 0.33484 0.36656 ( 8)  0.766
 631 L   0.00001 0.00143 0.01807 0.08497 0.20117 0.25958 0.23095 0.20382 ( 6)  0.576
 632 A   0.00001 0.00224 0.02795 0.12482 0.25726 0.26185 0.18286 0.14302 ( 6)  0.493
 633 T   0.00000 0.00091 0.01162 0.05710 0.15254 0.24282 0.26920 0.26581 ( 7)  0.647
 634 T   0.00000 0.00000 0.00001 0.00147 0.03326 0.18419 0.35981 0.42126 ( 8)  0.814
 635 S   0.00001 0.00145 0.01834 0.08617 0.20363 0.26090 0.22912 0.20037 ( 6)  0.572
 636 N   0.19746 0.19702 0.19179 0.16939 0.12043 0.06566 0.03408 0.02417 ( 1)  0.128
 637 V   0.00000 0.00000 0.00028 0.00718 0.06011 0.20257 0.33969 0.39016 ( 8)  0.782
 638 S   0.00000 0.00092 0.01169 0.05742 0.15322 0.24328 0.26874 0.26474 ( 7)  0.646
 639 P   0.00000 0.00000 0.00001 0.00132 0.03068 0.17682 0.36018 0.43098 ( 8)  0.819
 640 S   0.00001 0.00158 0.01999 0.09309 0.21457 0.26296 0.22009 0.18771 ( 6)  0.557
 641 L   0.00000 0.00000 0.00025 0.00636 0.05468 0.19335 0.34175 0.40362 ( 8)  0.791
 642 E   0.00000 0.00000 0.00000 0.00050 0.01432 0.11865 0.35333 0.51320 ( 8)  0.861
 643 G   0.00000 0.00000 0.00000 0.00009 0.00718 0.10063 0.35749 0.53461 ( 8)  0.875
 644 S   0.00001 0.00163 0.02060 0.09559 0.21822 0.26324 0.21699 0.18372 ( 6)  0.551
 645 R   0.19357 0.19317 0.18840 0.16784 0.12219 0.06952 0.03781 0.02749 ( 1)  0.136
 646 R   0.00000 0.00000 0.00021 0.00539 0.04810 0.18157 0.34390 0.42084 ( 8)  0.802
 647 P   0.00000 0.00000 0.00048 0.01173 0.08736 0.24014 0.32527 0.33501 ( 8)  0.742
 648 K   0.00001 0.00145 0.01832 0.08609 0.20345 0.26080 0.22926 0.20062 ( 6)  0.573
 649 D   0.00000 0.00000 0.00024 0.00616 0.05336 0.19101 0.34220 0.40703 ( 8)  0.793
 650 L   0.00000 0.00098 0.01251 0.06103 0.15991 0.24616 0.26361 0.25579 ( 7)  0.636
 651 P   0.00000 0.00073 0.00933 0.04692 0.13297 0.23308 0.28377 0.29320 ( 8)  0.676
 652 P   0.00000 0.00085 0.01091 0.05392 0.14617 0.23917 0.27378 0.27519 ( 8)  0.656
 653 V   0.00000 0.00000 0.00000 0.00000 0.00046 0.03306 0.30644 0.66005 ( 8)  0.920
 654 K   0.00000 0.00000 0.00001 0.00105 0.02565 0.16229 0.36101 0.45000 ( 8)  0.830
 655 D   0.00001 0.00168 0.02121 0.09796 0.22108 0.26263 0.21438 0.18105 ( 6)  0.547
 656 S   0.00000 0.00000 0.00000 0.00056 0.01562 0.12427 0.35488 0.50467 ( 8)  0.857
 657 E   0.00000 0.00000 0.00000 0.00046 0.01344 0.11456 0.35194 0.51959 ( 8)  0.864
 658 A   0.00000 0.00000 0.00069 0.01642 0.11153 0.26363 0.30942 0.29831 ( 7)  0.710
 659 P   0.00000 0.00000 0.00015 0.00413 0.03928 0.16471 0.34607 0.44565 ( 8)  0.818
 660 R   0.00000 0.00000 0.00001 0.00124 0.02899 0.17102 0.35963 0.43911 ( 8)  0.823
 661 R   0.00000 0.00000 0.00040 0.00991 0.07701 0.22757 0.33143 0.35368 ( 8)  0.756
 662 E   0.19885 0.19839 0.19298 0.16983 0.11961 0.06424 0.03290 0.02320 ( 1)  0.125
 663 G   0.00001 0.00148 0.01872 0.08773 0.20577 0.26075 0.22722 0.19832 ( 6)  0.569
 664 L   0.18946 0.18909 0.18473 0.16590 0.12358 0.07349 0.04216 0.03160 ( 1)  0.146
 665 L   0.19152 0.19113 0.18655 0.16680 0.12278 0.07148 0.04007 0.02966 ( 1)  0.141
 666 A   0.00001 0.00194 0.02428 0.11010 0.23683 0.26124 0.20041 0.16520 ( 6)  0.524
 667 P   0.16665 0.16646 0.16418 0.15403 0.12930 0.09475 0.06777 0.05687 ( 1)  0.203
 668 L   0.19272 0.19232 0.18760 0.16729 0.12225 0.07029 0.03891 0.02862 ( 1)  0.139
 669 G   0.17105 0.17083 0.16821 0.15661 0.12872 0.09088 0.06242 0.05128 ( 1)  0.191
 670 L   0.00001 0.00130 0.01646 0.07810 0.18977 0.25649 0.24013 0.21775 ( 6)  0.593
 671 L   0.19272 0.19232 0.18760 0.16729 0.12225 0.07029 0.03891 0.02862 ( 1)  0.139
 672 A   0.20546 0.20492 0.19852 0.17155 0.11525 0.05755 0.02771 0.01905 ( 1)  0.112
 673 V   0.00000 0.00000 0.00000 0.00013 0.00937 0.11688 0.36479 0.50884 ( 8)  0.864
 674 L   0.19220 0.19181 0.18715 0.16707 0.12246 0.07080 0.03942 0.02909 ( 1)  0.140
 675 T   0.21314 0.21250 0.20502 0.17379 0.11059 0.04988 0.02134 0.01375 ( 1)  0.097
 676 L   0.16172 0.16156 0.15965 0.15111 0.12987 0.09908 0.07381 0.06320 ( 1)  0.216
 677 A   0.17233 0.17210 0.16938 0.15733 0.12850 0.08972 0.06090 0.04974 ( 1)  0.188
 678 V   0.00000 0.00104 0.01321 0.06411 0.16568 0.24881 0.25926 0.24789 ( 7)  0.628
 679 A   0.21372 0.21307 0.20544 0.17363 0.10980 0.04931 0.02123 0.01379 ( 1)  0.097
 680 T   0.00000 0.00000 0.00037 0.00920 0.07217 0.21902 0.33318 0.36606 ( 8)  0.764
 681 L   0.18723 0.18688 0.18275 0.16485 0.12435 0.07564 0.04450 0.03380 ( 1)  0.151
 682 Y   0.15911 0.15897 0.15724 0.14948 0.13003 0.10129 0.07711 0.06677 ( 1)  0.224
 683 G   0.16259 0.16243 0.16045 0.15162 0.12976 0.09831 0.07275 0.06210 ( 1)  0.214
 684 L   0.16385 0.16368 0.16160 0.15236 0.12960 0.09720 0.07121 0.06050 ( 1)  0.211
 685 F   0.00001 0.00198 0.02479 0.11273 0.24328 0.26527 0.19571 0.15623 ( 6)  0.515
 686 L   0.19272 0.19232 0.18760 0.16729 0.12225 0.07029 0.03891 0.02862 ( 1)  0.139
 687 A   0.00001 0.00208 0.02609 0.11740 0.24724 0.26188 0.19154 0.15377 ( 6)  0.508
 688 T   0.00000 0.00000 0.00000 0.00052 0.01485 0.12123 0.35430 0.50909 ( 8)  0.859
 689 P   0.17502 0.17477 0.17180 0.15872 0.12779 0.08717 0.05790 0.04681 ( 1)  0.181
 690 G   0.19472 0.19430 0.18937 0.16818 0.12149 0.06834 0.03686 0.02673 ( 1)  0.134
 691 E   0.00000 0.00000 0.00042 0.01050 0.08036 0.23155 0.32938 0.34778 ( 8)  0.752


lnL = -5080.759948

