Supplemental results for CODEML (seqf: algn  treef: tree)


dN/dS (w) for site classes (K=2)

p:   0.63318  0.36682
w:   0.15234  1.00000

Naive Empirical Bayes (NEB) probabilities for 2 classes & postmean_w
(amino acids refer to 1st sequence: aotNan_HERC5_XM_021673250)

   1 -   0.83284 0.16716 ( 1)  0.294
   2 -   0.74222 0.25778 ( 1)  0.371
   3 -   0.76262 0.23738 ( 1)  0.354
   4 -   0.66679 0.33321 ( 1)  0.435
   5 -   0.68032 0.31968 ( 1)  0.423
   6 -   0.66756 0.33244 ( 1)  0.434
   7 -   0.66831 0.33169 ( 1)  0.433
   8 -   0.66546 0.33454 ( 1)  0.436
   9 -   0.24407 0.75593 ( 2)  0.793
  10 -   0.69864 0.30136 ( 1)  0.408
  11 -   0.22255 0.77745 ( 2)  0.811
  12 -   0.67164 0.32836 ( 1)  0.431
  13 -   0.67709 0.32291 ( 1)  0.426
  14 -   0.67742 0.32258 ( 1)  0.426
  15 -   0.67486 0.32514 ( 1)  0.428
  16 -   0.69864 0.30136 ( 1)  0.408
  17 -   0.68196 0.31804 ( 1)  0.422
  18 -   0.24514 0.75486 ( 2)  0.792
  19 -   0.66445 0.33555 ( 1)  0.437
  20 -   0.67516 0.32484 ( 1)  0.428
  21 -   0.23488 0.76512 ( 2)  0.801
  22 -   0.69238 0.30762 ( 1)  0.413
  23 -   0.23786 0.76214 ( 2)  0.798
  24 -   0.68572 0.31428 ( 1)  0.419
  25 -   0.66096 0.33904 ( 1)  0.440
  26 -   0.04272 0.95728 ( 2)  0.964
  27 -   0.66105 0.33895 ( 1)  0.440
  28 -   0.66447 0.33553 ( 1)  0.437
  29 -   0.67276 0.32724 ( 1)  0.430
  30 -   0.67164 0.32836 ( 1)  0.431
  31 -   0.63318 0.36682 ( 1)  0.463
  32 -   0.63318 0.36682 ( 1)  0.463
  33 -   0.63318 0.36682 ( 1)  0.463
  34 -   0.63318 0.36682 ( 1)  0.463
  35 -   0.63318 0.36682 ( 1)  0.463
  36 -   0.63318 0.36682 ( 1)  0.463
  37 -   0.63318 0.36682 ( 1)  0.463
  38 -   0.63318 0.36682 ( 1)  0.463
  39 -   0.63318 0.36682 ( 1)  0.463
  40 -   0.63318 0.36682 ( 1)  0.463
  41 -   0.63318 0.36682 ( 1)  0.463
  42 -   0.63318 0.36682 ( 1)  0.463
  43 -   0.63318 0.36682 ( 1)  0.463
  44 -   0.63318 0.36682 ( 1)  0.463
  45 -   0.63318 0.36682 ( 1)  0.463
  46 -   0.63318 0.36682 ( 1)  0.463
  47 -   0.63318 0.36682 ( 1)  0.463
  48 -   0.63318 0.36682 ( 1)  0.463
  49 -   0.63318 0.36682 ( 1)  0.463
  50 -   0.63318 0.36682 ( 1)  0.463
  51 -   0.63318 0.36682 ( 1)  0.463
  52 -   0.63318 0.36682 ( 1)  0.463
  53 -   0.63318 0.36682 ( 1)  0.463
  54 -   0.63318 0.36682 ( 1)  0.463
  55 -   0.63318 0.36682 ( 1)  0.463
  56 -   0.63318 0.36682 ( 1)  0.463
  57 -   0.63318 0.36682 ( 1)  0.463
  58 -   0.63318 0.36682 ( 1)  0.463
  59 -   0.63318 0.36682 ( 1)  0.463
  60 -   0.63318 0.36682 ( 1)  0.463
  61 -   0.63318 0.36682 ( 1)  0.463
  62 -   0.63318 0.36682 ( 1)  0.463
  63 -   0.63318 0.36682 ( 1)  0.463
  64 -   0.63318 0.36682 ( 1)  0.463
  65 -   0.63318 0.36682 ( 1)  0.463
  66 -   0.63318 0.36682 ( 1)  0.463
  67 -   0.63318 0.36682 ( 1)  0.463
  68 -   0.63318 0.36682 ( 1)  0.463
  69 -   0.63318 0.36682 ( 1)  0.463
  70 -   0.63318 0.36682 ( 1)  0.463
  71 -   0.63318 0.36682 ( 1)  0.463
  72 -   0.63318 0.36682 ( 1)  0.463
  73 -   0.63318 0.36682 ( 1)  0.463
  74 -   0.63318 0.36682 ( 1)  0.463
  75 -   0.63318 0.36682 ( 1)  0.463
  76 -   0.63318 0.36682 ( 1)  0.463
  77 -   0.63318 0.36682 ( 1)  0.463
  78 -   0.63318 0.36682 ( 1)  0.463
  79 -   0.63318 0.36682 ( 1)  0.463
  80 -   0.63318 0.36682 ( 1)  0.463
  81 -   0.63318 0.36682 ( 1)  0.463
  82 -   0.63318 0.36682 ( 1)  0.463
  83 -   0.63318 0.36682 ( 1)  0.463
  84 -   0.63318 0.36682 ( 1)  0.463
  85 -   0.63318 0.36682 ( 1)  0.463
  86 -   0.63318 0.36682 ( 1)  0.463
  87 -   0.63318 0.36682 ( 1)  0.463
  88 -   0.63318 0.36682 ( 1)  0.463
  89 -   0.63318 0.36682 ( 1)  0.463
  90 -   0.63318 0.36682 ( 1)  0.463
  91 -   0.63318 0.36682 ( 1)  0.463
  92 -   0.63318 0.36682 ( 1)  0.463
  93 -   0.63318 0.36682 ( 1)  0.463
  94 -   0.63318 0.36682 ( 1)  0.463
  95 -   0.63318 0.36682 ( 1)  0.463
  96 -   0.63318 0.36682 ( 1)  0.463
  97 -   0.63318 0.36682 ( 1)  0.463
  98 -   0.63318 0.36682 ( 1)  0.463
  99 -   0.63318 0.36682 ( 1)  0.463
 100 -   0.63318 0.36682 ( 1)  0.463
 101 -   0.63318 0.36682 ( 1)  0.463
 102 -   0.63318 0.36682 ( 1)  0.463
 103 -   0.63318 0.36682 ( 1)  0.463
 104 -   0.63318 0.36682 ( 1)  0.463
 105 -   0.63318 0.36682 ( 1)  0.463
 106 -   0.63318 0.36682 ( 1)  0.463
 107 -   0.63318 0.36682 ( 1)  0.463
 108 -   0.63318 0.36682 ( 1)  0.463
 109 -   0.63318 0.36682 ( 1)  0.463
 110 -   0.63318 0.36682 ( 1)  0.463
 111 -   0.63318 0.36682 ( 1)  0.463
 112 -   0.63318 0.36682 ( 1)  0.463
 113 -   0.63318 0.36682 ( 1)  0.463
 114 -   0.63318 0.36682 ( 1)  0.463
 115 -   0.69120 0.30880 ( 1)  0.414
 116 -   0.15071 0.84929 ( 2)  0.872
 117 -   0.24425 0.75575 ( 2)  0.793
 118 -   0.69022 0.30978 ( 1)  0.415
 119 -   0.67709 0.32291 ( 1)  0.426
 120 -   0.68220 0.31780 ( 1)  0.422
 121 -   0.22322 0.77678 ( 2)  0.811
 122 -   0.12689 0.87311 ( 2)  0.892
 123 -   0.69238 0.30762 ( 1)  0.413
 124 -   0.66127 0.33873 ( 1)  0.439
 125 -   0.22716 0.77284 ( 2)  0.807
 126 -   0.67276 0.32724 ( 1)  0.430
 127 -   0.23228 0.76772 ( 2)  0.803
 128 -   0.66447 0.33553 ( 1)  0.437
 129 -   0.67515 0.32485 ( 1)  0.428
 130 -   0.69120 0.30880 ( 1)  0.414
 131 -   0.68196 0.31804 ( 1)  0.422
 132 -   0.63318 0.36682 ( 1)  0.463
 133 -   0.63318 0.36682 ( 1)  0.463
 134 -   0.63318 0.36682 ( 1)  0.463
 135 -   0.63318 0.36682 ( 1)  0.463
 136 -   0.63318 0.36682 ( 1)  0.463
 137 -   0.63318 0.36682 ( 1)  0.463
 138 -   0.63318 0.36682 ( 1)  0.463
 139 -   0.63318 0.36682 ( 1)  0.463
 140 -   0.68572 0.31428 ( 1)  0.419
 141 -   0.67368 0.32632 ( 1)  0.429
 142 -   0.23244 0.76756 ( 2)  0.803
 143 -   0.68879 0.31121 ( 1)  0.416
 144 -   0.68308 0.31692 ( 1)  0.421
 145 -   0.69238 0.30762 ( 1)  0.413
 146 -   0.68738 0.31262 ( 1)  0.417
 147 -   0.67926 0.32074 ( 1)  0.424
 148 -   0.69023 0.30977 ( 1)  0.415
 149 -   0.66447 0.33553 ( 1)  0.437
 150 -   0.66283 0.33717 ( 1)  0.438
 151 -   0.66505 0.33495 ( 1)  0.436
 152 -   0.68016 0.31984 ( 1)  0.423
 153 -   0.68598 0.31402 ( 1)  0.419
 154 -   0.68738 0.31262 ( 1)  0.417
 155 -   0.67926 0.32074 ( 1)  0.424
 156 -   0.23247 0.76753 ( 2)  0.803
 157 -   0.24937 0.75063 ( 2)  0.789
 158 -   0.23093 0.76907 ( 2)  0.804
 159 -   0.67742 0.32258 ( 1)  0.426
 160 -   0.66971 0.33029 ( 1)  0.432
 161 -   0.66831 0.33169 ( 1)  0.433
 162 -   0.67297 0.32703 ( 1)  0.430
 163 -   0.23259 0.76741 ( 2)  0.803
 164 -   0.68244 0.31756 ( 1)  0.422
 165 -   0.67974 0.32026 ( 1)  0.424
 166 -   0.67032 0.32968 ( 1)  0.432
 167 -   0.04903 0.95097 ( 2)  0.958
 168 -   0.68598 0.31402 ( 1)  0.419
 169 -   0.68189 0.31811 ( 1)  0.422
 170 -   0.67368 0.32632 ( 1)  0.429
 171 -   0.67926 0.32074 ( 1)  0.424
 172 -   0.23263 0.76737 ( 2)  0.803
 173 -   0.69683 0.30317 ( 1)  0.409
 174 -   0.66447 0.33553 ( 1)  0.437
 175 -   0.68032 0.31968 ( 1)  0.423
 176 -   0.67655 0.32345 ( 1)  0.427
 177 -   0.04191 0.95809 ( 2)  0.964
 178 -   0.24123 0.75877 ( 2)  0.796
 179 -   0.67628 0.32372 ( 1)  0.427
 180 -   0.22697 0.77303 ( 2)  0.808
 181 -   0.66831 0.33169 ( 1)  0.433
 182 -   0.66494 0.33506 ( 1)  0.436
 183 -   0.67630 0.32370 ( 1)  0.427
 184 -   0.66127 0.33873 ( 1)  0.439
 185 -   0.67368 0.32632 ( 1)  0.429
 186 -   0.22255 0.77745 ( 2)  0.811
 187 -   0.68438 0.31562 ( 1)  0.420
 188 -   0.66447 0.33553 ( 1)  0.437
 189 -   0.23259 0.76741 ( 2)  0.803
 190 -   0.69892 0.30108 ( 1)  0.408
 191 -   0.68244 0.31756 ( 1)  0.422
 192 -   0.68308 0.31692 ( 1)  0.421
 193 M   0.90945 0.09055 ( 1)  0.229
 194 E   0.85923 0.14077 ( 1)  0.272
 195 R   0.77774 0.22226 ( 1)  0.341
 196 R   0.84136 0.15864 ( 1)  0.287
 197 S   0.34268 0.65732 ( 2)  0.710
 198 R   0.06761 0.93239 ( 2)  0.943
 199 R   0.84307 0.15693 ( 1)  0.285
 200 K   0.47551 0.52449 ( 2)  0.597
 201 S   0.33301 0.66699 ( 2)  0.718
 202 G   0.34826 0.65174 ( 2)  0.705
 203 H   0.00461 0.99539 ( 2)  0.996
 204 D   0.00034 0.99966 ( 2)  1.000
 205 R   0.07210 0.92790 ( 2)  0.939
 206 R   0.77188 0.22812 ( 1)  0.346
 207 S   0.78071 0.21929 ( 1)  0.338
 208 V   0.06455 0.93545 ( 2)  0.945
 209 A   0.08402 0.91598 ( 2)  0.929
 210 G   0.80836 0.19164 ( 1)  0.315
 211 Q   0.00001 0.99999 ( 2)  1.000
 212 A   0.37668 0.62332 ( 2)  0.681
 213 A   0.34835 0.65165 ( 2)  0.705
 214 A   0.35333 0.64667 ( 2)  0.700
 215 S   0.34422 0.65578 ( 2)  0.708
 216 Q   0.21653 0.78347 ( 2)  0.816
 217 -   0.63318 0.36682 ( 1)  0.463
 218 -   0.63318 0.36682 ( 1)  0.463
 219 -   0.63318 0.36682 ( 1)  0.463
 220 -   0.63318 0.36682 ( 1)  0.463
 221 -   0.63318 0.36682 ( 1)  0.463
 222 P   0.33539 0.66461 ( 2)  0.716
 223 A   0.82139 0.17861 ( 1)  0.304
 224 K   0.44166 0.55834 ( 2)  0.626
 225 S   0.38229 0.61771 ( 2)  0.676
 226 P   0.35680 0.64320 ( 2)  0.698
 227 G   0.07939 0.92061 ( 2)  0.933
 228 A   0.41502 0.58498 ( 2)  0.648
 229 E   0.37254 0.62746 ( 2)  0.684
 230 L   0.78371 0.21629 ( 1)  0.336
 231 W   0.75613 0.24387 ( 1)  0.359
 232 L   0.77813 0.22187 ( 1)  0.340
 233 F   0.81811 0.18189 ( 1)  0.307
 234 P   0.76967 0.23033 ( 1)  0.348
 235 S   0.41408 0.58592 ( 2)  0.649
 236 T   0.08054 0.91946 ( 2)  0.932
 237 A   0.01579 0.98421 ( 2)  0.987
 238 G   0.81373 0.18627 ( 1)  0.310
 239 L   0.07409 0.92591 ( 2)  0.937
 240 R   0.01365 0.98635 ( 2)  0.988
 241 R   0.33048 0.66952 ( 2)  0.720
 242 A   0.09674 0.90326 ( 2)  0.918
 243 V   0.32191 0.67809 ( 2)  0.727
 244 L   0.78248 0.21752 ( 1)  0.337
 245 R   0.06363 0.93637 ( 2)  0.946
 246 R   0.44812 0.55188 ( 2)  0.620
 247 V   0.08098 0.91902 ( 2)  0.931
 248 E   0.10394 0.89606 ( 2)  0.912
 249 A   0.37336 0.62664 ( 2)  0.684
 250 T   0.82288 0.17712 ( 1)  0.302
 251 R   0.78039 0.21961 ( 1)  0.338
 252 Q   0.80018 0.19982 ( 1)  0.322
 253 I   0.43340 0.56660 ( 2)  0.633
 254 C   0.78127 0.21873 ( 1)  0.338
 255 C   0.78340 0.21660 ( 1)  0.336
 256 S   0.33033 0.66967 ( 2)  0.720
 257 S   0.06579 0.93421 ( 2)  0.944
 258 G   0.40782 0.59218 ( 2)  0.654
 259 R   0.77188 0.22812 ( 1)  0.346
 260 L   0.76542 0.23458 ( 1)  0.351
 261 A   0.82202 0.17798 ( 1)  0.303
 262 F   0.38567 0.61433 ( 2)  0.673
 263 L   0.76803 0.23197 ( 1)  0.349
 264 E   0.86007 0.13993 ( 1)  0.271
 265 R   0.35564 0.64436 ( 2)  0.699
 266 G   0.80296 0.19704 ( 1)  0.319
 267 G   0.82477 0.17523 ( 1)  0.301
 268 A   0.81654 0.18346 ( 1)  0.308
 269 G   0.39766 0.60234 ( 2)  0.663
 270 V   0.80735 0.19265 ( 1)  0.316
 271 Q   0.79577 0.20423 ( 1)  0.325
 272 V   0.84440 0.15560 ( 1)  0.284
 273 H   0.83209 0.16791 ( 1)  0.295
 274 Q   0.34677 0.65323 ( 2)  0.706
 275 L   0.01048 0.98952 ( 2)  0.991
 276 F   0.35605 0.64395 ( 2)  0.698
 277 P   0.08711 0.91289 ( 2)  0.926
 278 G   0.82477 0.17523 ( 1)  0.301
 279 S   0.83071 0.16929 ( 1)  0.296
 280 D   0.36558 0.63442 ( 2)  0.690
 281 G   0.80063 0.19937 ( 1)  0.321
 282 L   0.07567 0.92433 ( 2)  0.936
 283 R   0.35279 0.64721 ( 2)  0.701
 284 T   0.39415 0.60585 ( 2)  0.666
 285 P   0.78485 0.21515 ( 1)  0.335
 286 K   0.13714 0.86286 ( 2)  0.884
 287 C   0.39355 0.60645 ( 2)  0.666
 288 -   0.63318 0.36682 ( 1)  0.463
 289 -   0.63318 0.36682 ( 1)  0.463
 290 -   0.63318 0.36682 ( 1)  0.463
 291 -   0.63318 0.36682 ( 1)  0.463
 292 -   0.63318 0.36682 ( 1)  0.463
 293 -   0.63318 0.36682 ( 1)  0.463
 294 -   0.63318 0.36682 ( 1)  0.463
 295 -   0.63318 0.36682 ( 1)  0.463
 296 -   0.63318 0.36682 ( 1)  0.463
 297 -   0.63318 0.36682 ( 1)  0.463
 298 -   0.63318 0.36682 ( 1)  0.463
 299 -   0.63318 0.36682 ( 1)  0.463
 300 -   0.63318 0.36682 ( 1)  0.463
 301 -   0.63318 0.36682 ( 1)  0.463
 302 -   0.63318 0.36682 ( 1)  0.463
 303 -   0.63318 0.36682 ( 1)  0.463
 304 -   0.63318 0.36682 ( 1)  0.463
 305 -   0.63318 0.36682 ( 1)  0.463
 306 -   0.63318 0.36682 ( 1)  0.463
 307 -   0.63318 0.36682 ( 1)  0.463
 308 -   0.63318 0.36682 ( 1)  0.463
 309 -   0.63318 0.36682 ( 1)  0.463
 310 -   0.63318 0.36682 ( 1)  0.463
 311 -   0.63318 0.36682 ( 1)  0.463
 312 -   0.63318 0.36682 ( 1)  0.463
 313 -   0.63318 0.36682 ( 1)  0.463
 314 I   0.52898 0.47102 ( 1)  0.552
 315 K   0.90080 0.09920 ( 1)  0.236
 316 L   0.80403 0.19597 ( 1)  0.318
 317 G   0.13681 0.86319 ( 2)  0.884
 318 K   0.91226 0.08774 ( 1)  0.227
 319 N   0.55309 0.44691 ( 1)  0.531
 320 M   0.94204 0.05796 ( 1)  0.201
 321 K   0.89694 0.10306 ( 1)  0.240
 322 I   0.91729 0.08271 ( 1)  0.222
 323 H   0.89869 0.10131 ( 1)  0.238
 324 S   0.79832 0.20168 ( 1)  0.323
 325 M   0.20787 0.79213 ( 2)  0.824
 326 D   0.89180 0.10820 ( 1)  0.244
 327 L   0.43147 0.56853 ( 2)  0.634
 328 G   0.87266 0.12734 ( 1)  0.260
 329 A   0.11708 0.88292 ( 2)  0.901
 330 D   0.15458 0.84542 ( 2)  0.869
 331 H   0.85907 0.14093 ( 1)  0.272
 332 M   0.21187 0.78813 ( 2)  0.820
 333 L   0.33464 0.66536 ( 2)  0.716
 334 I   0.51205 0.48795 ( 1)  0.566
 335 L   0.77873 0.22127 ( 1)  0.340
 336 S   0.81501 0.18499 ( 1)  0.309
 337 S   0.80724 0.19276 ( 1)  0.316
 338 D   0.21021 0.78979 ( 2)  0.822
 339 G   0.87294 0.12706 ( 1)  0.260
 340 K   0.91226 0.08774 ( 1)  0.227
 341 P   0.84141 0.15859 ( 1)  0.287
 342 F   0.88462 0.11538 ( 1)  0.250
 343 E   0.89604 0.10396 ( 1)  0.240
 344 Y   0.84879 0.15121 ( 1)  0.281
 345 D   0.76811 0.23189 ( 1)  0.349
 346 N   0.48607 0.51393 ( 2)  0.588
 347 Y   0.86667 0.13333 ( 1)  0.265
 348 S   0.12214 0.87786 ( 2)  0.896
 349 M   0.69917 0.30083 ( 1)  0.407
 350 K   0.55137 0.44863 ( 1)  0.533
 351 H   0.55421 0.44579 ( 1)  0.530
 352 L   0.08347 0.91653 ( 2)  0.929
 353 R   0.87708 0.12292 ( 1)  0.257
 354 F   0.54436 0.45564 ( 1)  0.539
 355 E   0.50645 0.49355 ( 1)  0.571
 356 S   0.13146 0.86854 ( 2)  0.889
 357 I   0.59266 0.40734 ( 1)  0.498
 358 L   0.38300 0.61700 ( 2)  0.675
 359 Q   0.84396 0.15604 ( 1)  0.285
 360 E   0.61002 0.38998 ( 1)  0.483
 361 K   0.90890 0.09110 ( 1)  0.230
 362 K   0.02382 0.97618 ( 2)  0.980
 363 I   0.92767 0.07233 ( 1)  0.214
 364 I   0.89961 0.10039 ( 1)  0.237
 365 Q   0.82862 0.17138 ( 1)  0.298
 366 I   0.86304 0.13696 ( 1)  0.268
 367 T   0.87756 0.12244 ( 1)  0.256
 368 C   0.85694 0.14306 ( 1)  0.274
 369 G   0.87294 0.12706 ( 1)  0.260
 370 D   0.92209 0.07791 ( 1)  0.218
 371 Y   0.86981 0.13019 ( 1)  0.263
 372 H   0.89869 0.10131 ( 1)  0.238
 373 S   0.84553 0.15447 ( 1)  0.283
 374 L   0.86315 0.13685 ( 1)  0.268
 375 A   0.87779 0.12221 ( 1)  0.256
 376 L   0.81500 0.18500 ( 1)  0.309
 377 S   0.80849 0.19151 ( 1)  0.315
 378 K   0.91226 0.08774 ( 1)  0.227
 379 G   0.88494 0.11506 ( 1)  0.250
 380 G   0.88561 0.11439 ( 1)  0.249
 381 E   0.89675 0.10325 ( 1)  0.240
 382 L   0.86315 0.13685 ( 1)  0.268
 383 F   0.88998 0.11002 ( 1)  0.246
 384 A   0.83250 0.16750 ( 1)  0.294
 385 W   0.78265 0.21735 ( 1)  0.337
 386 G   0.87401 0.12599 ( 1)  0.259
 387 Q   0.82811 0.17189 ( 1)  0.298
 388 N   0.89276 0.10724 ( 1)  0.243
 389 L   0.35634 0.64366 ( 2)  0.698
 390 H   0.89869 0.10131 ( 1)  0.238
 391 G   0.84823 0.15177 ( 1)  0.281
 392 Q   0.82811 0.17189 ( 1)  0.298
 393 L   0.84497 0.15503 ( 1)  0.284
 394 G   0.87294 0.12706 ( 1)  0.260
 395 I   0.02418 0.97582 ( 2)  0.980
 396 G   0.87294 0.12706 ( 1)  0.260
 397 R   0.51491 0.48509 ( 1)  0.564
 398 K   0.09358 0.90642 ( 2)  0.921
 399 F   0.54954 0.45046 ( 1)  0.534
 400 P   0.79840 0.20160 ( 1)  0.323
 401 S   0.80840 0.19160 ( 1)  0.315
 402 T   0.83508 0.16492 ( 1)  0.292
 403 T   0.01389 0.98611 ( 2)  0.988
 404 T   0.52597 0.47403 ( 1)  0.554
 405 P   0.83829 0.16171 ( 1)  0.289
 406 Q   0.82811 0.17189 ( 1)  0.298
 407 I   0.17812 0.82188 ( 2)  0.849
 408 V   0.86511 0.13489 ( 1)  0.267
 409 E   0.56454 0.43546 ( 1)  0.521
 410 H   0.01889 0.98111 ( 2)  0.984
 411 L   0.81203 0.18797 ( 1)  0.312
 412 A   0.51918 0.48082 ( 1)  0.560
 413 G   0.87294 0.12706 ( 1)  0.260
 414 I   0.52497 0.47503 ( 1)  0.555
 415 P   0.79840 0.20160 ( 1)  0.323
 416 L   0.80166 0.19834 ( 1)  0.320
 417 A   0.48015 0.51985 ( 2)  0.593
 418 Q   0.82811 0.17189 ( 1)  0.298
 419 I   0.90565 0.09435 ( 1)  0.232
 420 S   0.44251 0.55749 ( 2)  0.625
 421 A   0.85052 0.14948 ( 1)  0.279
 422 G   0.87294 0.12706 ( 1)  0.260
 423 E   0.91162 0.08838 ( 1)  0.227
 424 A   0.83279 0.16721 ( 1)  0.294
 425 H   0.85907 0.14093 ( 1)  0.272
 426 S   0.86504 0.13496 ( 1)  0.267
 427 M   0.71205 0.28795 ( 1)  0.396
 428 A   0.83250 0.16750 ( 1)  0.294
 429 L   0.80403 0.19597 ( 1)  0.318
 430 S   0.38570 0.61430 ( 2)  0.673
 431 M   0.94204 0.05796 ( 1)  0.201
 432 S   0.10713 0.89287 ( 2)  0.909
 433 G   0.85512 0.14488 ( 1)  0.275
 434 N   0.89276 0.10724 ( 1)  0.243
 435 I   0.59319 0.40681 ( 1)  0.497
 436 Y   0.84955 0.15045 ( 1)  0.280
 437 S   0.80818 0.19182 ( 1)  0.315
 438 W   0.78265 0.21735 ( 1)  0.337
 439 G   0.87125 0.12875 ( 1)  0.261
 440 K   0.59764 0.40236 ( 1)  0.493
 441 N   0.92760 0.07240 ( 1)  0.214
 442 E   0.91162 0.08838 ( 1)  0.227
 443 F   0.55070 0.44930 ( 1)  0.533
 444 G   0.87294 0.12706 ( 1)  0.260
 445 Q   0.84396 0.15604 ( 1)  0.285
 446 L   0.80275 0.19725 ( 1)  0.320
 447 G   0.83599 0.16401 ( 1)  0.291
 448 L   0.78417 0.21583 ( 1)  0.335
 449 D   0.44893 0.55107 ( 2)  0.619
 450 H   0.85907 0.14093 ( 1)  0.272
 451 T   0.87723 0.12277 ( 1)  0.256
 452 E   0.14090 0.85910 ( 2)  0.881
 453 S   0.16543 0.83457 ( 2)  0.860
 454 K   0.60212 0.39788 ( 1)  0.490
 455 D   0.60798 0.39202 ( 1)  0.485
 456 S   0.01923 0.98077 ( 2)  0.984
 457 P   0.84520 0.15480 ( 1)  0.284
 458 S   0.37570 0.62430 ( 2)  0.682
 459 L   0.86315 0.13685 ( 1)  0.268
 460 I   0.90565 0.09435 ( 1)  0.232
 461 E   0.91162 0.08838 ( 1)  0.227
 462 A   0.02162 0.97838 ( 2)  0.982
 463 L   0.79422 0.20578 ( 1)  0.327
 464 D   0.89180 0.10820 ( 1)  0.244
 465 N   0.62905 0.37095 ( 1)  0.467
 466 Q   0.82811 0.17189 ( 1)  0.298
 467 K   0.03031 0.96969 ( 2)  0.974
 468 V   0.88727 0.11273 ( 1)  0.248
 469 E   0.91162 0.08838 ( 1)  0.227
 470 F   0.88998 0.11002 ( 1)  0.246
 471 L   0.41415 0.58585 ( 2)  0.649
 472 A   0.50858 0.49142 ( 1)  0.569
 473 C   0.85048 0.14952 ( 1)  0.279
 474 G   0.88561 0.11439 ( 1)  0.249
 475 G   0.83599 0.16401 ( 1)  0.291
 476 S   0.84553 0.15447 ( 1)  0.283
 477 H   0.85907 0.14093 ( 1)  0.272
 478 T   0.53556 0.46444 ( 1)  0.546
 479 A   0.83250 0.16750 ( 1)  0.294
 480 L   0.78459 0.21541 ( 1)  0.335
 481 L   0.81481 0.18519 ( 1)  0.309
 482 T   0.87939 0.12061 ( 1)  0.255
 483 Q   0.42171 0.57829 ( 2)  0.643
 484 D   0.92704 0.07296 ( 1)  0.214
 485 G   0.85981 0.14019 ( 1)  0.271
 486 L   0.78417 0.21583 ( 1)  0.335
 487 L   0.38898 0.61102 ( 2)  0.670
 488 F   0.88998 0.11002 ( 1)  0.246
 489 T   0.88358 0.11642 ( 1)  0.251
 490 F   0.88842 0.11158 ( 1)  0.247
 491 G   0.88561 0.11439 ( 1)  0.249
 492 A   0.88199 0.11801 ( 1)  0.252
 493 G   0.87294 0.12706 ( 1)  0.260
 494 K   0.90924 0.09076 ( 1)  0.229
 495 H   0.49233 0.50767 ( 2)  0.583
 496 G   0.85973 0.14027 ( 1)  0.271
 497 Q   0.84384 0.15616 ( 1)  0.285
 498 L   0.86284 0.13716 ( 1)  0.269
 499 G   0.88561 0.11439 ( 1)  0.249
 500 H   0.86980 0.13020 ( 1)  0.263
 501 N   0.21113 0.78887 ( 2)  0.821
 502 S   0.07479 0.92521 ( 2)  0.937
 503 K   0.52413 0.47587 ( 1)  0.556
 504 Q   0.82811 0.17189 ( 1)  0.298
 505 N   0.92267 0.07733 ( 1)  0.218
 506 E   0.89604 0.10396 ( 1)  0.240
 507 L   0.80275 0.19725 ( 1)  0.320
 508 R   0.40768 0.59232 ( 2)  0.654
 509 P   0.79840 0.20160 ( 1)  0.323
 510 C   0.43848 0.56152 ( 2)  0.628
 511 L   0.80166 0.19834 ( 1)  0.320
 512 V   0.86525 0.13475 ( 1)  0.267
 513 T   0.13582 0.86418 ( 2)  0.885
 514 E   0.89604 0.10396 ( 1)  0.240
 515 L   0.46676 0.53324 ( 2)  0.604
 516 A   0.02416 0.97584 ( 2)  0.980
 517 G   0.48587 0.51413 ( 2)  0.588
 518 N   0.21399 0.78601 ( 2)  0.819
 519 R   0.02657 0.97343 ( 2)  0.977
 520 V   0.86511 0.13489 ( 1)  0.267
 521 T   0.46218 0.53782 ( 2)  0.608
 522 Q   0.82811 0.17189 ( 1)  0.298
 523 I   0.92777 0.07223 ( 1)  0.214
 524 A   0.87779 0.12221 ( 1)  0.256
 525 C   0.85182 0.14818 ( 1)  0.278
 526 G   0.87294 0.12706 ( 1)  0.260
 527 R   0.87694 0.12306 ( 1)  0.257
 528 W   0.33775 0.66225 ( 2)  0.714
 529 H   0.85907 0.14093 ( 1)  0.272
 530 T   0.87754 0.12246 ( 1)  0.256
 531 L   0.86315 0.13685 ( 1)  0.268
 532 A   0.83250 0.16750 ( 1)  0.294
 533 Y   0.87084 0.12916 ( 1)  0.262
 534 V   0.89025 0.10975 ( 1)  0.245
 535 S   0.84553 0.15447 ( 1)  0.283
 536 D   0.92704 0.07296 ( 1)  0.214
 537 L   0.38133 0.61867 ( 2)  0.677
 538 G   0.87294 0.12706 ( 1)  0.260
 539 K   0.89696 0.10304 ( 1)  0.240
 540 V   0.84169 0.15831 ( 1)  0.287
 541 F   0.88998 0.11002 ( 1)  0.246
 542 S   0.79832 0.20168 ( 1)  0.323
 543 F   0.88998 0.11002 ( 1)  0.246
 544 G   0.88561 0.11439 ( 1)  0.249
 545 S   0.84553 0.15447 ( 1)  0.283
 546 G   0.87294 0.12706 ( 1)  0.260
 547 K   0.91226 0.08774 ( 1)  0.227
 548 E   0.56311 0.43689 ( 1)  0.523
 549 G   0.87294 0.12706 ( 1)  0.260
 550 Q   0.84396 0.15604 ( 1)  0.285
 551 L   0.78417 0.21583 ( 1)  0.335
 552 G   0.87294 0.12706 ( 1)  0.260
 553 N   0.90270 0.09730 ( 1)  0.235
 554 G   0.53953 0.46047 ( 1)  0.543
 555 G   0.87125 0.12875 ( 1)  0.261
 556 T   0.87939 0.12061 ( 1)  0.255
 557 R   0.00804 0.99196 ( 2)  0.993
 558 D   0.52718 0.47282 ( 1)  0.553
 559 Q   0.82811 0.17189 ( 1)  0.298
 560 L   0.35604 0.64396 ( 2)  0.698
 561 I   0.00614 0.99386 ( 2)  0.995
 562 P   0.82987 0.17013 ( 1)  0.297
 563 L   0.86315 0.13685 ( 1)  0.268
 564 P   0.80927 0.19073 ( 1)  0.314
 565 M   0.20829 0.79171 ( 2)  0.823
 566 K   0.58844 0.41156 ( 1)  0.501
 567 V   0.43742 0.56258 ( 2)  0.629
 568 S   0.39370 0.60630 ( 2)  0.666
 569 S   0.80849 0.19151 ( 1)  0.315
 570 N   0.59229 0.40771 ( 1)  0.498
 571 E   0.90821 0.09179 ( 1)  0.230
 572 D   0.59817 0.40183 ( 1)  0.493
 573 L   0.81481 0.18519 ( 1)  0.309
 574 K   0.02705 0.97295 ( 2)  0.977
 575 F   0.12573 0.87427 ( 2)  0.893
 576 E   0.91162 0.08838 ( 1)  0.227
 577 S   0.49061 0.50939 ( 2)  0.584
 578 H   0.89237 0.10763 ( 1)  0.244
 579 T   0.09970 0.90030 ( 2)  0.915
 580 S   0.80849 0.19151 ( 1)  0.315
 581 E   0.91162 0.08838 ( 1)  0.227
 582 K   0.89686 0.10314 ( 1)  0.240
 583 E   0.89604 0.10396 ( 1)  0.240
 584 L   0.80310 0.19690 ( 1)  0.319
 585 I   0.92777 0.07223 ( 1)  0.214
 586 M   0.94219 0.05781 ( 1)  0.201
 587 I   0.90584 0.09416 ( 1)  0.232
 588 A   0.88218 0.11782 ( 1)  0.252
 589 G   0.87313 0.12687 ( 1)  0.260
 590 E   0.13421 0.86579 ( 2)  0.886
 591 N   0.92777 0.07223 ( 1)  0.214
 592 Q   0.84414 0.15586 ( 1)  0.284
 593 S   0.86523 0.13477 ( 1)  0.267
 594 I   0.90584 0.09416 ( 1)  0.232
 595 L   0.78486 0.21514 ( 1)  0.335
 596 L   0.81473 0.18527 ( 1)  0.309
 597 W   0.78280 0.21720 ( 1)  0.336
 598 I   0.03590 0.96410 ( 2)  0.970
 599 K   0.13791 0.86209 ( 2)  0.883
 600 K   0.91245 0.08755 ( 1)  0.227
 601 E   0.89623 0.10377 ( 1)  0.240
 602 N   0.92777 0.07223 ( 1)  0.214
 603 S   0.80617 0.19383 ( 1)  0.317
 604 Y   0.87039 0.12961 ( 1)  0.262
 605 V   0.89044 0.10956 ( 1)  0.245
 606 N   0.92777 0.07223 ( 1)  0.214
 607 L   0.78433 0.21567 ( 1)  0.335
 608 R   0.51438 0.48562 ( 1)  0.564
 609 R   0.87713 0.12287 ( 1)  0.256
 610 T   0.51588 0.48412 ( 1)  0.563
 611 I   0.90584 0.09416 ( 1)  0.232
 612 L   0.23617 0.76383 ( 2)  0.800
 613 T   0.52766 0.47234 ( 1)  0.553
 614 L   0.78430 0.21570 ( 1)  0.335
 615 N   0.92777 0.07223 ( 1)  0.214
 616 E   0.91180 0.08820 ( 1)  0.227
 617 G   0.12617 0.87383 ( 2)  0.893
 618 T   0.88334 0.11666 ( 1)  0.251
 619 V   0.54473 0.45527 ( 1)  0.538
 620 K   0.56930 0.43070 ( 1)  0.517
 621 R   0.88485 0.11515 ( 1)  0.250
 622 W   0.78280 0.21720 ( 1)  0.336
 623 I   0.90584 0.09416 ( 1)  0.232
 624 A   0.51584 0.48416 ( 1)  0.563
 625 D   0.92660 0.07340 ( 1)  0.215
 626 V   0.86317 0.13683 ( 1)  0.268
 627 E   0.89623 0.10377 ( 1)  0.240
 628 T   0.52565 0.47435 ( 1)  0.554
 629 K   0.90943 0.09057 ( 1)  0.229
 630 R   0.80807 0.19193 ( 1)  0.315
 631 W   0.78280 0.21720 ( 1)  0.336
 632 Q   0.43795 0.56205 ( 2)  0.629
 633 S   0.53846 0.46154 ( 1)  0.544
 634 T   0.87386 0.12614 ( 1)  0.259
 635 K   0.91245 0.08755 ( 1)  0.227
 636 R   0.87713 0.12287 ( 1)  0.256
 637 E   0.91180 0.08820 ( 1)  0.227
 638 I   0.86323 0.13677 ( 1)  0.268
 639 Q   0.22404 0.77596 ( 2)  0.810
 640 E   0.89623 0.10377 ( 1)  0.240
 641 I   0.92795 0.07205 ( 1)  0.213
 642 F   0.55239 0.44761 ( 1)  0.532
 643 S   0.80858 0.19142 ( 1)  0.315
 644 S   0.84572 0.15428 ( 1)  0.283
 645 P   0.84581 0.15419 ( 1)  0.283
 646 A   0.88218 0.11782 ( 1)  0.252
 647 C   0.85713 0.14287 ( 1)  0.273
 648 L   0.79439 0.20561 ( 1)  0.327
 649 S   0.51089 0.48911 ( 1)  0.567
 650 G   0.87313 0.12687 ( 1)  0.260
 651 S   0.59783 0.40217 ( 1)  0.493
 652 F   0.89017 0.10983 ( 1)  0.245
 653 L   0.38394 0.61606 ( 2)  0.675
 654 R   0.87713 0.12287 ( 1)  0.256
 655 K   0.91245 0.08755 ( 1)  0.227
 656 R   0.88805 0.11195 ( 1)  0.247
 657 R   0.53720 0.46280 ( 1)  0.545
 658 T   0.14021 0.85979 ( 2)  0.881
 659 T   0.13987 0.86013 ( 2)  0.881
 660 E   0.59647 0.40353 ( 1)  0.494
 661 T   0.00354 0.99646 ( 2)  0.997
 662 M   0.26758 0.73242 ( 2)  0.773
 663 P   0.42561 0.57439 ( 2)  0.639
 664 V   0.14796 0.85204 ( 2)  0.875
 665 Y   0.11888 0.88112 ( 2)  0.899
 666 S   0.38104 0.61896 ( 2)  0.677
 667 D   0.89586 0.10414 ( 1)  0.241
 668 L   0.80420 0.19580 ( 1)  0.318
 669 S   0.63444 0.36556 ( 1)  0.462
 670 K   0.91245 0.08755 ( 1)  0.227
 671 A   0.87798 0.12202 ( 1)  0.256
 672 R   0.88618 0.11382 ( 1)  0.249
 673 T   0.00367 0.99633 ( 2)  0.997
 674 I   0.86323 0.13677 ( 1)  0.268
 675 F   0.86857 0.13143 ( 1)  0.264
 676 K   0.16293 0.83707 ( 2)  0.862
 677 E   0.55859 0.44141 ( 1)  0.527
 678 L   0.80401 0.19599 ( 1)  0.318
 679 T   0.43463 0.56537 ( 2)  0.632
 680 Q   0.84414 0.15586 ( 1)  0.284
 681 K   0.89705 0.10295 ( 1)  0.240
 682 D   0.89199 0.10801 ( 1)  0.244
 683 W   0.35451 0.64549 ( 2)  0.699
 684 I   0.90584 0.09416 ( 1)  0.232
 685 T   0.50121 0.49879 ( 1)  0.575
 686 N   0.55691 0.44309 ( 1)  0.528
 687 T   0.18359 0.81641 ( 2)  0.844
 688 I   0.20552 0.79448 ( 2)  0.826
 689 T   0.84060 0.15940 ( 1)  0.287
 690 T   0.83511 0.16489 ( 1)  0.292
 691 C   0.83463 0.16537 ( 1)  0.293
 692 L   0.81499 0.18501 ( 1)  0.309
 693 K   0.52905 0.47095 ( 1)  0.552
 694 D   0.64036 0.35964 ( 1)  0.457
 695 N   0.62566 0.37434 ( 1)  0.470
 696 L   0.79389 0.20611 ( 1)  0.327
 697 L   0.81499 0.18501 ( 1)  0.309
 698 K   0.57660 0.42340 ( 1)  0.511
 699 R   0.12593 0.87407 ( 2)  0.893
 700 L   0.85783 0.14217 ( 1)  0.273
 701 P   0.42701 0.57299 ( 2)  0.638
 702 F   0.89017 0.10983 ( 1)  0.245
 703 H   0.00359 0.99641 ( 2)  0.997
 704 S   0.84572 0.15428 ( 1)  0.283
 705 L   0.44600 0.55400 ( 2)  0.622
 706 Y   0.01864 0.98136 ( 2)  0.984
 707 Q   0.84414 0.15586 ( 1)  0.284
 708 E   0.91180 0.08820 ( 1)  0.227
 709 A   0.87583 0.12417 ( 1)  0.258
 710 L   0.80385 0.19615 ( 1)  0.319
 711 E   0.58273 0.41727 ( 1)  0.506
 712 V   0.12712 0.87288 ( 2)  0.892
 713 F   0.84979 0.15021 ( 1)  0.280
 714 F   0.84979 0.15021 ( 1)  0.280
 715 L   0.85719 0.14281 ( 1)  0.273
 716 L   0.81387 0.18613 ( 1)  0.310
 717 P   0.84160 0.15840 ( 1)  0.287
 718 E   0.91180 0.08820 ( 1)  0.227
 719 C   0.46967 0.53033 ( 2)  0.602
 720 P   0.84531 0.15469 ( 1)  0.283
 721 V   0.49502 0.50498 ( 2)  0.580
 722 M   0.94236 0.05764 ( 1)  0.201
 723 -   0.63318 0.36682 ( 1)  0.463
 724 -   0.63318 0.36682 ( 1)  0.463
 725 -   0.63318 0.36682 ( 1)  0.463
 726 -   0.63318 0.36682 ( 1)  0.463
 727 -   0.63318 0.36682 ( 1)  0.463
 728 -   0.63318 0.36682 ( 1)  0.463
 729 -   0.63318 0.36682 ( 1)  0.463
 730 -   0.63318 0.36682 ( 1)  0.463
 731 -   0.63318 0.36682 ( 1)  0.463
 732 -   0.63318 0.36682 ( 1)  0.463
 733 -   0.63318 0.36682 ( 1)  0.463
 734 -   0.63318 0.36682 ( 1)  0.463
 735 -   0.63318 0.36682 ( 1)  0.463
 736 -   0.63318 0.36682 ( 1)  0.463
 737 -   0.63318 0.36682 ( 1)  0.463
 738 -   0.63318 0.36682 ( 1)  0.463
 739 -   0.63318 0.36682 ( 1)  0.463
 740 -   0.63318 0.36682 ( 1)  0.463
 741 -   0.63318 0.36682 ( 1)  0.463
 742 -   0.63318 0.36682 ( 1)  0.463
 743 -   0.63318 0.36682 ( 1)  0.463
 744 -   0.63318 0.36682 ( 1)  0.463
 745 -   0.63318 0.36682 ( 1)  0.463
 746 -   0.63318 0.36682 ( 1)  0.463
 747 -   0.63318 0.36682 ( 1)  0.463
 748 -   0.63318 0.36682 ( 1)  0.463
 749 -   0.63318 0.36682 ( 1)  0.463
 750 -   0.63318 0.36682 ( 1)  0.463
 751 -   0.63318 0.36682 ( 1)  0.463
 752 -   0.63318 0.36682 ( 1)  0.463
 753 -   0.63318 0.36682 ( 1)  0.463
 754 -   0.63318 0.36682 ( 1)  0.463
 755 -   0.63318 0.36682 ( 1)  0.463
 756 -   0.63318 0.36682 ( 1)  0.463
 757 -   0.63318 0.36682 ( 1)  0.463
 758 -   0.63318 0.36682 ( 1)  0.463
 759 -   0.63318 0.36682 ( 1)  0.463
 760 -   0.63318 0.36682 ( 1)  0.463
 761 -   0.63318 0.36682 ( 1)  0.463
 762 -   0.63318 0.36682 ( 1)  0.463
 763 -   0.63318 0.36682 ( 1)  0.463
 764 -   0.63318 0.36682 ( 1)  0.463
 765 -   0.63318 0.36682 ( 1)  0.463
 766 -   0.63318 0.36682 ( 1)  0.463
 767 -   0.63318 0.36682 ( 1)  0.463
 768 -   0.63318 0.36682 ( 1)  0.463
 769 -   0.63318 0.36682 ( 1)  0.463
 770 -   0.63318 0.36682 ( 1)  0.463
 771 -   0.63318 0.36682 ( 1)  0.463
 772 -   0.63318 0.36682 ( 1)  0.463
 773 -   0.63318 0.36682 ( 1)  0.463
 774 -   0.63318 0.36682 ( 1)  0.463
 775 -   0.63318 0.36682 ( 1)  0.463
 776 -   0.63318 0.36682 ( 1)  0.463
 777 -   0.63318 0.36682 ( 1)  0.463
 778 -   0.63318 0.36682 ( 1)  0.463
 779 -   0.63318 0.36682 ( 1)  0.463
 780 -   0.63318 0.36682 ( 1)  0.463
 781 -   0.63318 0.36682 ( 1)  0.463
 782 -   0.63318 0.36682 ( 1)  0.463
 783 -   0.63318 0.36682 ( 1)  0.463
 784 H   0.89908 0.10092 ( 1)  0.238
 785 N   0.00068 0.99932 ( 2)  0.999
 786 S   0.42957 0.57043 ( 2)  0.636
 787 N   0.53826 0.46174 ( 1)  0.544
 788 N   0.89316 0.10684 ( 1)  0.243
 789 W   0.33662 0.66338 ( 2)  0.715
 790 E   0.89644 0.10356 ( 1)  0.240
 791 T   0.12139 0.87861 ( 2)  0.897
 792 I   0.42523 0.57477 ( 2)  0.640
 793 V   0.86375 0.13625 ( 1)  0.268
 794 V   0.89065 0.10935 ( 1)  0.245
 795 A   0.00256 0.99744 ( 2)  0.998
 796 F   0.88400 0.11600 ( 1)  0.251
 797 A   0.13487 0.86513 ( 2)  0.886
 798 K   0.12530 0.87470 ( 2)  0.894
 799 A   0.12557 0.87443 ( 2)  0.894
 800 V   0.89065 0.10935 ( 1)  0.245
 801 C   0.85734 0.14266 ( 1)  0.273
 802 K   0.58961 0.41039 ( 1)  0.500
 803 M   0.65130 0.34870 ( 1)  0.448
 804 S   0.59910 0.40090 ( 1)  0.492
 805 D   0.51868 0.48132 ( 1)  0.560
 806 Q   0.42036 0.57964 ( 2)  0.644
 807 S   0.84592 0.15408 ( 1)  0.283
 808 L   0.01351 0.98649 ( 2)  0.989
 809 L   0.25215 0.74785 ( 2)  0.786
 810 V   0.13819 0.86181 ( 2)  0.883
 811 L   0.78711 0.21289 ( 1)  0.333
 812 E   0.90898 0.09102 ( 1)  0.229
 813 E   0.89715 0.10285 ( 1)  0.240
 814 Y   0.49453 0.50547 ( 2)  0.581
 815 W   0.78297 0.21703 ( 1)  0.336
 816 A   0.87819 0.12181 ( 1)  0.256
 817 T   0.88398 0.11602 ( 1)  0.251
 818 L   0.79658 0.20342 ( 1)  0.325
 819 Q   0.84112 0.15888 ( 1)  0.287
 820 E   0.91201 0.08799 ( 1)  0.227
 821 S   0.40416 0.59584 ( 2)  0.657
 822 T   0.11729 0.88271 ( 2)  0.901
 823 F   0.85000 0.15000 ( 1)  0.279
 824 S   0.86544 0.13456 ( 1)  0.266
 825 K   0.91265 0.08735 ( 1)  0.226
 826 L   0.78429 0.21571 ( 1)  0.335
 827 V   0.84208 0.15792 ( 1)  0.286
 828 Q   0.82900 0.17100 ( 1)  0.297
 829 M   0.94236 0.05764 ( 1)  0.201
 830 F   0.89038 0.10962 ( 1)  0.245
 831 K   0.91265 0.08735 ( 1)  0.226
 832 T   0.12995 0.87005 ( 2)  0.890
 833 A   0.83920 0.16080 ( 1)  0.289
 834 I   0.01432 0.98568 ( 2)  0.988
 835 I   0.56080 0.43920 ( 1)  0.525
 836 C   0.39629 0.60371 ( 2)  0.664
 837 Q   0.42890 0.57110 ( 2)  0.636
 838 L   0.79781 0.20219 ( 1)  0.324
 839 Y   0.02526 0.97474 ( 2)  0.979
 840 Y   0.10739 0.89261 ( 2)  0.909
 841 W   0.78297 0.21703 ( 1)  0.336
 842 N   0.14938 0.85062 ( 2)  0.873
 843 E   0.58058 0.41942 ( 1)  0.508
 844 N   0.12147 0.87853 ( 2)  0.897
 845 A   0.88239 0.11761 ( 1)  0.252
 846 E   0.55914 0.44086 ( 1)  0.526
 847 E   0.13975 0.86025 ( 2)  0.882
 848 N   0.63657 0.36343 ( 1)  0.460
 849 G   0.51254 0.48746 ( 1)  0.566
 850 N   0.58188 0.41812 ( 1)  0.507
 851 V   0.88813 0.11187 ( 1)  0.247
 852 Q   0.48149 0.51851 ( 2)  0.592
 853 A   0.88239 0.11761 ( 1)  0.252
 854 L   0.81518 0.18482 ( 1)  0.309
 855 L   0.38298 0.61702 ( 2)  0.675
 856 E   0.50764 0.49236 ( 1)  0.570
 857 M   0.94236 0.05764 ( 1)  0.201
 858 L   0.80201 0.19799 ( 1)  0.320
 859 K   0.89796 0.10204 ( 1)  0.239
 860 K   0.89726 0.10274 ( 1)  0.239
 861 L   0.78682 0.21318 ( 1)  0.333
 862 H   0.45818 0.54182 ( 2)  0.612
 863 R   0.87748 0.12252 ( 1)  0.256
 864 V   0.88660 0.11340 ( 1)  0.248
 865 N   0.89316 0.10684 ( 1)  0.243
 866 Q   0.82849 0.17151 ( 1)  0.298
 867 M   0.15362 0.84638 ( 2)  0.870
 868 K   0.02773 0.97227 ( 2)  0.976
 869 C   0.11547 0.88453 ( 2)  0.902
 870 L   0.01584 0.98416 ( 2)  0.987
 871 L   0.79538 0.20462 ( 1)  0.326
 872 P   0.44324 0.55676 ( 2)  0.624
 873 E   0.91200 0.08800 ( 1)  0.227
 874 S   0.16021 0.83979 ( 2)  0.864
 875 I   0.59359 0.40641 ( 1)  0.497
 876 F   0.85000 0.15000 ( 1)  0.279
 877 Q   0.02050 0.97950 ( 2)  0.983
 878 V   0.51932 0.48068 ( 1)  0.560
 879 D   0.90599 0.09401 ( 1)  0.232
 880 E   0.91200 0.08800 ( 1)  0.227
 881 L   0.82321 0.17679 ( 1)  0.302
 882 L   0.33571 0.66429 ( 2)  0.715
 883 Y   0.00251 0.99749 ( 2)  0.998
 884 R   0.44149 0.55851 ( 2)  0.626
 885 L   0.82258 0.17742 ( 1)  0.303
 886 D   0.20654 0.79346 ( 2)  0.825
 887 F   0.89037 0.10963 ( 1)  0.245
 888 F   0.11902 0.88098 ( 2)  0.899
 889 V   0.14584 0.85416 ( 2)  0.876
 890 E   0.91200 0.08800 ( 1)  0.227
 891 V   0.51347 0.48653 ( 1)  0.565
 892 C   0.40343 0.59657 ( 2)  0.658
 893 R   0.50909 0.49091 ( 1)  0.568
 894 R   0.51644 0.48356 ( 1)  0.562
 895 Y   0.01605 0.98395 ( 2)  0.986
 896 L   0.37608 0.62392 ( 2)  0.681
 897 W   0.23986 0.76014 ( 2)  0.797
 898 K   0.60327 0.39673 ( 1)  0.489
 899 M   0.16793 0.83207 ( 2)  0.858
 900 T   0.10347 0.89653 ( 2)  0.912
 901 V   0.36411 0.63589 ( 2)  0.691
 902 D   0.85397 0.14603 ( 1)  0.276
 903 T   0.01510 0.98490 ( 2)  0.987
 904 L   0.32540 0.67460 ( 2)  0.724
 905 E   0.86354 0.13646 ( 1)  0.268
 906 N   0.52975 0.47025 ( 1)  0.551
 907 V   0.11125 0.88875 ( 2)  0.906
 908 G   0.00606 0.99394 ( 2)  0.995
 909 C   0.35058 0.64942 ( 2)  0.703
 910 C   0.08646 0.91354 ( 2)  0.927
 911 V   0.79637 0.20363 ( 1)  0.325
 912 I   0.54203 0.45797 ( 1)  0.541
 913 F   0.80478 0.19522 ( 1)  0.318
 914 S   0.85892 0.14108 ( 1)  0.272
 915 H   0.38975 0.61025 ( 2)  0.670
 916 F   0.89037 0.10963 ( 1)  0.245
 917 P   0.79621 0.20379 ( 1)  0.325
 918 F   0.84142 0.15858 ( 1)  0.287
 919 I   0.39570 0.60430 ( 2)  0.665
 920 F   0.43457 0.56543 ( 2)  0.632
 921 N   0.88104 0.11896 ( 1)  0.253
 922 N   0.12210 0.87790 ( 2)  0.897
 923 L   0.74810 0.25190 ( 1)  0.366
 924 S   0.76546 0.23454 ( 1)  0.351
 925 K   0.86422 0.13578 ( 1)  0.267
 926 I   0.85724 0.14276 ( 1)  0.273
 927 K   0.86422 0.13578 ( 1)  0.267
 928 L   0.76306 0.23694 ( 1)  0.353
 929 L   0.76306 0.23694 ( 1)  0.353
 930 R   0.37870 0.62130 ( 2)  0.679
 931 T   0.42585 0.57415 ( 2)  0.639
 932 D   0.84321 0.15679 ( 1)  0.285
 933 T   0.82661 0.17339 ( 1)  0.299
 934 L   0.66801 0.33199 ( 1)  0.434
 935 V   0.34069 0.65931 ( 2)  0.711
 936 K   0.86422 0.13578 ( 1)  0.267
 937 I   0.88123 0.11877 ( 1)  0.253
 938 Q   0.42170 0.57830 ( 2)  0.643
 939 V   0.00760 0.99240 ( 2)  0.994
 940 K   0.55256 0.44744 ( 1)  0.532
 941 K   0.18070 0.81930 ( 2)  0.847
 942 H   0.02258 0.97742 ( 2)  0.981
 943 K   0.57722 0.42278 ( 1)  0.511
 944 H   0.14559 0.85441 ( 2)  0.877
 945 Y   0.02199 0.97801 ( 2)  0.981
 946 F   0.02032 0.97968 ( 2)  0.983
 947 R   0.15032 0.84968 ( 2)  0.873
 948 W   0.01205 0.98795 ( 2)  0.990
 949 A   0.11748 0.88252 ( 2)  0.900
 950 A   0.51520 0.48480 ( 1)  0.563
 951 V   0.17030 0.82970 ( 2)  0.856
 952 E   0.14036 0.85964 ( 2)  0.881
 953 E   0.14575 0.85425 ( 2)  0.876
 954 E   0.56498 0.43502 ( 1)  0.521
 955 R   0.02532 0.97468 ( 2)  0.979
 956 E   0.15936 0.84064 ( 2)  0.865
 957 S   0.84047 0.15953 ( 1)  0.288
 958 E   0.91201 0.08799 ( 1)  0.227
 959 F   0.09962 0.90038 ( 2)  0.916
 960 A   0.11401 0.88599 ( 2)  0.903
 961 -   0.63318 0.36682 ( 1)  0.463
 962 -   0.63318 0.36682 ( 1)  0.463
 963 L   0.68871 0.31129 ( 1)  0.416
 964 L   0.00371 0.99629 ( 2)  0.997
 965 P   0.79874 0.20126 ( 1)  0.323
 966 M   0.46037 0.53963 ( 2)  0.610
 967 F   0.52674 0.47326 ( 1)  0.554
 968 T   0.04199 0.95801 ( 2)  0.964
 969 L   0.80102 0.19898 ( 1)  0.321
 970 T   0.51254 0.48746 ( 1)  0.566
 971 V   0.84208 0.15792 ( 1)  0.286
 972 R   0.52780 0.47220 ( 1)  0.553
 973 R   0.87738 0.12262 ( 1)  0.256
 974 N   0.65034 0.34966 ( 1)  0.449
 975 H   0.46185 0.53815 ( 2)  0.609
 976 L   0.80201 0.19799 ( 1)  0.320
 977 I   0.57726 0.42274 ( 1)  0.511
 978 E   0.89644 0.10356 ( 1)  0.240
 979 D   0.92740 0.07260 ( 1)  0.214
 980 V   0.89065 0.10935 ( 1)  0.245
 981 L   0.80078 0.19922 ( 1)  0.321
 982 N   0.92796 0.07204 ( 1)  0.213
 983 Q   0.08931 0.91069 ( 2)  0.924
 984 L   0.80301 0.19699 ( 1)  0.319
 985 S   0.90754 0.09246 ( 1)  0.231
 986 Q   0.44742 0.55258 ( 2)  0.621
 987 F   0.13043 0.86957 ( 2)  0.889
 988 E   0.89644 0.10356 ( 1)  0.240
 989 N   0.92791 0.07209 ( 1)  0.213
 990 E   0.91201 0.08799 ( 1)  0.227
 991 D   0.54764 0.45236 ( 1)  0.536
 992 L   0.78442 0.21558 ( 1)  0.335
 993 R   0.87734 0.12266 ( 1)  0.256
 994 K   0.90522 0.09478 ( 1)  0.233
 995 E   0.89644 0.10356 ( 1)  0.240
 996 L   0.80213 0.19787 ( 1)  0.320
 997 W   0.25891 0.74109 ( 2)  0.781
 998 V   0.88813 0.11187 ( 1)  0.247
 999 S   0.80789 0.19211 ( 1)  0.315
1000 F   0.89038 0.10962 ( 1)  0.245
1001 S   0.90754 0.09246 ( 1)  0.231
1002 G   0.87334 0.12666 ( 1)  0.260
1003 E   0.91201 0.08799 ( 1)  0.227
1004 I   0.90604 0.09396 ( 1)  0.232
1005 G   0.44352 0.55648 ( 2)  0.624
1006 Y   0.87125 0.12875 ( 1)  0.261
1007 D   0.55731 0.44269 ( 1)  0.528
1008 F   0.09010 0.90990 ( 2)  0.924
1009 G   0.51240 0.48760 ( 1)  0.566
1010 G   0.87334 0.12666 ( 1)  0.260
1011 V   0.84342 0.15658 ( 1)  0.285
1012 K   0.51630 0.48370 ( 1)  0.562
1013 T   0.02089 0.97911 ( 2)  0.982
1014 E   0.89644 0.10356 ( 1)  0.240
1015 F   0.85000 0.15000 ( 1)  0.279
1016 F   0.85000 0.15000 ( 1)  0.279
1017 Y   0.42003 0.57997 ( 2)  0.644
1018 C   0.85734 0.14266 ( 1)  0.273
1019 L   0.78450 0.21550 ( 1)  0.335
1020 F   0.89038 0.10962 ( 1)  0.245
1021 E   0.60626 0.39374 ( 1)  0.486
1022 E   0.56491 0.43509 ( 1)  0.521
1023 M   0.94236 0.05764 ( 1)  0.201
1024 T   0.43227 0.56773 ( 2)  0.634
1025 Q   0.09337 0.90663 ( 2)  0.921
1026 P   0.83972 0.16028 ( 1)  0.288
1027 E   0.91201 0.08799 ( 1)  0.227
1028 Y   0.87125 0.12875 ( 1)  0.261
1029 G   0.48046 0.51954 ( 2)  0.593
1030 L   0.66380 0.33620 ( 1)  0.437
1031 F   0.85000 0.15000 ( 1)  0.279
1032 M   0.15911 0.84089 ( 2)  0.865
1033 Y   0.87125 0.12875 ( 1)  0.261
1034 P   0.84601 0.15399 ( 1)  0.283
1035 E   0.91201 0.08799 ( 1)  0.227
1036 G   0.47309 0.52691 ( 2)  0.599
1037 A   0.53194 0.46806 ( 1)  0.549
1038 S   0.79866 0.20134 ( 1)  0.323
1039 C   0.36672 0.63328 ( 2)  0.689
1040 M   0.94236 0.05764 ( 1)  0.201
1041 W   0.78297 0.21703 ( 1)  0.336
1042 F   0.89038 0.10962 ( 1)  0.245
1043 P   0.83981 0.16019 ( 1)  0.288
1044 V   0.84993 0.15007 ( 1)  0.280
1045 K   0.14012 0.85988 ( 2)  0.881
1046 P   0.84601 0.15399 ( 1)  0.283
1047 K   0.91265 0.08735 ( 1)  0.226
1048 F   0.51559 0.48441 ( 1)  0.563
1049 E   0.89644 0.10356 ( 1)  0.240
1050 K   0.56031 0.43969 ( 1)  0.525
1051 K   0.90522 0.09478 ( 1)  0.233
1052 R   0.88690 0.11310 ( 1)  0.248
1053 Y   0.85309 0.14691 ( 1)  0.277
1054 F   0.85000 0.15000 ( 1)  0.279
1055 F   0.85470 0.14530 ( 1)  0.276
1056 F   0.89038 0.10962 ( 1)  0.245
1057 G   0.86142 0.13858 ( 1)  0.270
1058 V   0.53366 0.46634 ( 1)  0.548
1059 L   0.79391 0.20609 ( 1)  0.327
1060 C   0.85734 0.14266 ( 1)  0.273
1061 G   0.87320 0.12680 ( 1)  0.260
1062 L   0.85741 0.14259 ( 1)  0.273
1063 S   0.79866 0.20134 ( 1)  0.323
1064 L   0.78450 0.21550 ( 1)  0.335
1065 F   0.85000 0.15000 ( 1)  0.279
1066 H   0.65725 0.34275 ( 1)  0.443
1067 C   0.40720 0.59280 ( 2)  0.655
1068 S   0.63509 0.36491 ( 1)  0.462
1069 V   0.53450 0.46550 ( 1)  0.547
1070 A   0.83288 0.16712 ( 1)  0.294
1071 N   0.89696 0.10304 ( 1)  0.240
1072 L   0.09526 0.90474 ( 2)  0.919
1073 P   0.84601 0.15399 ( 1)  0.283
1074 F   0.85000 0.15000 ( 1)  0.279
1075 P   0.84180 0.15820 ( 1)  0.286
1076 L   0.78450 0.21550 ( 1)  0.335
1077 A   0.87819 0.12181 ( 1)  0.256
1078 L   0.78500 0.21500 ( 1)  0.335
1079 F   0.89038 0.10962 ( 1)  0.245
1080 K   0.89726 0.10274 ( 1)  0.239
1081 K   0.90522 0.09478 ( 1)  0.233
1082 L   0.86355 0.13645 ( 1)  0.268
1083 L   0.79794 0.20206 ( 1)  0.324
1084 D   0.52788 0.47212 ( 1)  0.553
1085 Q   0.84110 0.15890 ( 1)  0.287
1086 M   0.04522 0.95478 ( 2)  0.962
1087 P   0.84160 0.15840 ( 1)  0.287
1088 S   0.80884 0.19116 ( 1)  0.314
1089 L   0.79777 0.20223 ( 1)  0.324
1090 E   0.91201 0.08799 ( 1)  0.227
1091 D   0.89255 0.10745 ( 1)  0.243
1092 L   0.80326 0.19674 ( 1)  0.319
1093 K   0.91265 0.08735 ( 1)  0.226
1094 E   0.60753 0.39247 ( 1)  0.485
1095 L   0.81518 0.18482 ( 1)  0.309
1096 S   0.90754 0.09246 ( 1)  0.231
1097 P   0.84601 0.15399 ( 1)  0.283
1098 D   0.16096 0.83904 ( 2)  0.864
1099 L   0.40138 0.59862 ( 2)  0.660
1100 G   0.87334 0.12666 ( 1)  0.260
1101 K   0.89726 0.10274 ( 1)  0.239
1102 N   0.63796 0.36204 ( 1)  0.459
1103 L   0.80061 0.19939 ( 1)  0.321
1104 Q   0.84050 0.15950 ( 1)  0.288
1105 T   0.34715 0.65285 ( 2)  0.706
1106 I   0.49556 0.50444 ( 2)  0.580
1107 L   0.78450 0.21550 ( 1)  0.335
1108 D   0.92740 0.07260 ( 1)  0.214
1109 D   0.16474 0.83526 ( 2)  0.860
1110 E   0.91201 0.08799 ( 1)  0.227
1111 G   0.13455 0.86545 ( 2)  0.886
1112 D   0.92740 0.07260 ( 1)  0.214
1113 N   0.50891 0.49109 ( 1)  0.569
1114 F   0.88503 0.11497 ( 1)  0.250
1115 E   0.02532 0.97468 ( 2)  0.979
1116 E   0.91201 0.08799 ( 1)  0.227
1117 V   0.88660 0.11340 ( 1)  0.248
1118 F   0.89038 0.10962 ( 1)  0.245
1119 Y   0.82250 0.17750 ( 1)  0.303
1120 I   0.86344 0.13656 ( 1)  0.268
1121 H   0.57423 0.42577 ( 1)  0.513
1122 F   0.89038 0.10962 ( 1)  0.245
1123 N   0.92796 0.07204 ( 1)  0.213
1124 V   0.50890 0.49110 ( 1)  0.569
1125 H   0.86393 0.13607 ( 1)  0.268
1126 W   0.78297 0.21703 ( 1)  0.336
1127 D   0.89220 0.10780 ( 1)  0.244
1128 R   0.88826 0.11174 ( 1)  0.247
1129 N   0.18367 0.81633 ( 2)  0.844
1130 D   0.59794 0.40206 ( 1)  0.493
1131 T   0.01834 0.98166 ( 2)  0.984
1132 D   0.52529 0.47471 ( 1)  0.555
1133 L   0.80264 0.19736 ( 1)  0.320
1134 I   0.50869 0.49131 ( 1)  0.569
1135 P   0.44759 0.55241 ( 2)  0.621
1136 N   0.65034 0.34966 ( 1)  0.449
1137 G   0.87334 0.12666 ( 1)  0.260
1138 S   0.59845 0.40155 ( 1)  0.493
1139 N   0.00306 0.99694 ( 2)  0.997
1140 I   0.91769 0.08231 ( 1)  0.222
1141 I   0.08583 0.91417 ( 2)  0.927
1142 V   0.84878 0.15122 ( 1)  0.281
1143 N   0.53952 0.46048 ( 1)  0.543
1144 Q   0.82854 0.17146 ( 1)  0.298
1145 T   0.87872 0.12128 ( 1)  0.255
1146 N   0.89362 0.10638 ( 1)  0.243
1147 -   0.63318 0.36682 ( 1)  0.463
1148 -   0.63318 0.36682 ( 1)  0.463
1149 -   0.63318 0.36682 ( 1)  0.463
1150 -   0.63318 0.36682 ( 1)  0.463
1151 -   0.63318 0.36682 ( 1)  0.463
1152 -   0.63318 0.36682 ( 1)  0.463
1153 -   0.63318 0.36682 ( 1)  0.463
1154 -   0.63318 0.36682 ( 1)  0.463
1155 -   0.63318 0.36682 ( 1)  0.463
1156 -   0.63318 0.36682 ( 1)  0.463
1157 -   0.63318 0.36682 ( 1)  0.463
1158 -   0.63318 0.36682 ( 1)  0.463
1159 -   0.63318 0.36682 ( 1)  0.463
1160 -   0.63318 0.36682 ( 1)  0.463
1161 -   0.63318 0.36682 ( 1)  0.463
1162 K   0.89726 0.10274 ( 1)  0.239
1163 R   0.88826 0.11174 ( 1)  0.247
1164 D   0.89220 0.10780 ( 1)  0.244
1165 Y   0.87125 0.12875 ( 1)  0.261
1166 V   0.53450 0.46550 ( 1)  0.547
1167 S   0.84096 0.15904 ( 1)  0.287
1168 K   0.89726 0.10274 ( 1)  0.239
1169 Y   0.49163 0.50837 ( 2)  0.583
1170 I   0.44441 0.55559 ( 2)  0.623
1171 D   0.65982 0.34018 ( 1)  0.441
1172 Y   0.82250 0.17750 ( 1)  0.303
1173 I   0.54627 0.45373 ( 1)  0.537
1174 F   0.85387 0.14613 ( 1)  0.276
1175 N   0.90321 0.09679 ( 1)  0.234
1176 D   0.11018 0.88982 ( 2)  0.907
1177 S   0.84592 0.15408 ( 1)  0.283
1178 V   0.88552 0.11448 ( 1)  0.249
1179 K   0.89727 0.10273 ( 1)  0.239
1180 V   0.08800 0.91200 ( 2)  0.925
1181 V   0.53703 0.46297 ( 1)  0.545
1182 Y   0.87125 0.12875 ( 1)  0.261
1183 E   0.91201 0.08799 ( 1)  0.227
1184 E   0.91201 0.08799 ( 1)  0.227
1185 F   0.89037 0.10963 ( 1)  0.245
1186 R   0.36618 0.63382 ( 2)  0.690
1187 R   0.88826 0.11174 ( 1)  0.247
1188 G   0.87334 0.12666 ( 1)  0.260
1189 F   0.89037 0.10963 ( 1)  0.245
1190 Y   0.85428 0.14572 ( 1)  0.276
1191 K   0.91265 0.08735 ( 1)  0.226
1192 I   0.02613 0.97387 ( 2)  0.978
1193 C   0.11292 0.88708 ( 2)  0.904
1194 E   0.15385 0.84615 ( 2)  0.870
1195 E   0.14345 0.85655 ( 2)  0.878
1196 D   0.55664 0.44336 ( 1)  0.528
1197 I   0.90604 0.09396 ( 1)  0.232
1198 I   0.86857 0.13143 ( 1)  0.264
1199 K   0.03144 0.96856 ( 2)  0.973
1200 L   0.28935 0.71065 ( 2)  0.755
1201 F   0.85617 0.14383 ( 1)  0.274
1202 H   0.52352 0.47648 ( 1)  0.556
1203 P   0.83543 0.16457 ( 1)  0.292
1204 E   0.60200 0.39800 ( 1)  0.490
1205 E   0.56498 0.43502 ( 1)  0.521
1206 L   0.78450 0.21550 ( 1)  0.335
1207 K   0.54974 0.45026 ( 1)  0.534
1208 D   0.91242 0.08758 ( 1)  0.227
1209 V   0.86620 0.13380 ( 1)  0.266
1210 I   0.63395 0.36605 ( 1)  0.463
1211 V   0.50598 0.49402 ( 1)  0.571
1212 G   0.87321 0.12679 ( 1)  0.260
1213 N   0.64949 0.35051 ( 1)  0.449
1214 T   0.87979 0.12021 ( 1)  0.254
1215 N   0.22311 0.77689 ( 2)  0.811
1216 Y   0.86446 0.13554 ( 1)  0.267
1217 D   0.91242 0.08758 ( 1)  0.227
1218 W   0.78297 0.21703 ( 1)  0.336
1219 K   0.54513 0.45487 ( 1)  0.538
1220 T   0.87984 0.12016 ( 1)  0.254
1221 F   0.89037 0.10963 ( 1)  0.245
1222 E   0.91201 0.08799 ( 1)  0.227
1223 K   0.14417 0.85583 ( 2)  0.878
1224 -   0.63318 0.36682 ( 1)  0.463
1225 -   0.63318 0.36682 ( 1)  0.463
1226 -   0.63318 0.36682 ( 1)  0.463
1227 -   0.63318 0.36682 ( 1)  0.463
1228 -   0.63318 0.36682 ( 1)  0.463
1229 N   0.64628 0.35372 ( 1)  0.452
1230 A   0.87819 0.12181 ( 1)  0.256
1231 H   0.00237 0.99763 ( 2)  0.998
1232 Y   0.87124 0.12876 ( 1)  0.261
1233 K   0.16203 0.83797 ( 2)  0.863
1234 P   0.41805 0.58195 ( 2)  0.646
1235 E   0.14752 0.85248 ( 2)  0.875
1236 Y   0.86515 0.13485 ( 1)  0.267
1237 D   0.01783 0.98217 ( 2)  0.985
1238 S   0.90753 0.09247 ( 1)  0.231
1239 S   0.81391 0.18609 ( 1)  0.310
1240 H   0.89908 0.10092 ( 1)  0.238
1241 P   0.79874 0.20126 ( 1)  0.323
1242 T   0.83447 0.16553 ( 1)  0.293
1243 I   0.92813 0.07187 ( 1)  0.213
1244 V   0.45763 0.54237 ( 2)  0.612
1245 M   0.94236 0.05764 ( 1)  0.201
1246 F   0.89037 0.10963 ( 1)  0.245
1247 W   0.78282 0.21718 ( 1)  0.336
1248 E   0.16001 0.83999 ( 2)  0.864
1249 A   0.88186 0.11814 ( 1)  0.252
1250 F   0.84981 0.15019 ( 1)  0.280
1251 Y   0.11418 0.88582 ( 2)  0.903
1252 K   0.91220 0.08780 ( 1)  0.227
1253 L   0.80112 0.19888 ( 1)  0.321
1254 T   0.31781 0.68219 ( 2)  0.731
1255 L   0.79643 0.20357 ( 1)  0.325
1256 E   0.55168 0.44832 ( 1)  0.532
1257 E   0.91182 0.08818 ( 1)  0.227
1258 K   0.89707 0.10293 ( 1)  0.240
1259 K   0.91246 0.08754 ( 1)  0.227
1260 K   0.60981 0.39019 ( 1)  0.483
1261 F   0.84981 0.15019 ( 1)  0.280
1262 L   0.86335 0.13665 ( 1)  0.268
1263 V   0.87764 0.12236 ( 1)  0.256
1264 F   0.89019 0.10981 ( 1)  0.245
1265 L   0.86335 0.13665 ( 1)  0.268
1266 T   0.87960 0.12040 ( 1)  0.254
1267 G   0.47161 0.52839 ( 2)  0.600
1268 T   0.88379 0.11621 ( 1)  0.251
1269 D   0.89236 0.10764 ( 1)  0.244
1270 R   0.88807 0.11193 ( 1)  0.247
1271 I   0.02059 0.97941 ( 2)  0.983
1272 Q   0.45232 0.54768 ( 2)  0.617
1273 M   0.02142 0.97858 ( 2)  0.982
1274 K   0.91246 0.08754 ( 1)  0.227
1275 D   0.64462 0.35538 ( 1)  0.454
1276 L   0.80422 0.19578 ( 1)  0.318
1277 K   0.57755 0.42245 ( 1)  0.510
1278 N   0.61746 0.38254 ( 1)  0.477
1279 M   0.94220 0.05780 ( 1)  0.201
1280 K   0.91246 0.08754 ( 1)  0.227
1281 I   0.92796 0.07204 ( 1)  0.213
1282 T   0.51550 0.48450 ( 1)  0.563
1283 F   0.89019 0.10981 ( 1)  0.245
1284 C   0.38881 0.61119 ( 2)  0.670
1285 C   0.46324 0.53676 ( 2)  0.607
1286 P   0.10538 0.89462 ( 2)  0.911
1287 E   0.56754 0.43246 ( 1)  0.519
1288 N   0.15101 0.84899 ( 2)  0.872
1289 W   0.07831 0.92169 ( 2)  0.934
1290 N   0.61005 0.38995 ( 1)  0.483
1291 E   0.91182 0.08818 ( 1)  0.227
1292 R   0.53724 0.46276 ( 1)  0.545
1293 D   0.56821 0.43179 ( 1)  0.518
1294 P   0.82353 0.17647 ( 1)  0.302
1295 M   0.26814 0.73186 ( 2)  0.773
1296 R   0.88807 0.11193 ( 1)  0.247
1297 A   0.87800 0.12200 ( 1)  0.256
1298 L   0.08640 0.91360 ( 2)  0.927
1299 T   0.87615 0.12385 ( 1)  0.257
1300 C   0.85715 0.14285 ( 1)  0.273
1301 F   0.47975 0.52025 ( 2)  0.593
1302 S   0.59921 0.40079 ( 1)  0.492
1303 V   0.46357 0.53643 ( 2)  0.607
1304 L   0.81500 0.18500 ( 1)  0.309
1305 F   0.44834 0.55166 ( 2)  0.620
1306 L   0.83868 0.16132 ( 1)  0.289
1307 P   0.83962 0.16038 ( 1)  0.288
1308 K   0.90968 0.09032 ( 1)  0.229
1309 Y   0.86582 0.13418 ( 1)  0.266
1310 S   0.84192 0.15808 ( 1)  0.286
1311 T   0.87611 0.12389 ( 1)  0.257
1312 M   0.94220 0.05780 ( 1)  0.201
1313 E   0.91182 0.08818 ( 1)  0.227
1314 R   0.14340 0.85660 ( 2)  0.878
1315 V   0.55311 0.44689 ( 1)  0.531
1316 E   0.91182 0.08818 ( 1)  0.227
1317 E   0.91182 0.08818 ( 1)  0.227
1318 A   0.86789 0.13211 ( 1)  0.264
1319 L   0.86335 0.13665 ( 1)  0.268
1320 Q   0.45205 0.54795 ( 2)  0.617
1321 V   0.13352 0.86648 ( 2)  0.887
1322 A   0.83270 0.16730 ( 1)  0.294
1323 I   0.86325 0.13675 ( 1)  0.268
1324 N   0.55476 0.44524 ( 1)  0.530
1325 N   0.89297 0.10703 ( 1)  0.243
1326 N   0.02603 0.97397 ( 2)  0.978
1327 R   0.88807 0.11193 ( 1)  0.247
1328 G   0.86952 0.13048 ( 1)  0.263
1329 F   0.89019 0.10981 ( 1)  0.245
1330 G   0.83620 0.16380 ( 1)  0.291


lnL = -11950.252730

