Supplemental results for CODEML (seqf: algn  treef: tree)


dN/dS (w) for site classes (K=8)

p:   0.12500  0.12500  0.12500  0.12500  0.12500  0.12500  0.12500  0.12500
w:   0.00000  0.00000  0.00018  0.00222  0.01451  0.06486  0.22449  0.63998

Naive Empirical Bayes (NEB) probabilities for 8 classes & postmean_w
(amino acids refer to 1st sequence: aotNan_RB1_XM_012465151)

   1 M   0.14569 0.14569 0.14564 0.14512 0.14202 0.12998 0.09824 0.04762 ( 1)  0.063
   2 P   0.13372 0.13372 0.13370 0.13353 0.13248 0.12827 0.11579 0.08879 ( 1)  0.093
   3 P   0.13214 0.13214 0.13213 0.13199 0.13116 0.12778 0.11767 0.09498 ( 1)  0.098
   4 K   0.14478 0.14478 0.14473 0.14424 0.14132 0.12995 0.09972 0.05048 ( 1)  0.066
   5 T   0.00000 0.00001 0.00027 0.00335 0.02172 0.09342 0.28622 0.59501 ( 8)  0.451
   6 P   0.13225 0.13225 0.13224 0.13210 0.13125 0.12782 0.11754 0.09455 ( 1)  0.097
   7 R   0.13517 0.13517 0.13515 0.13494 0.13368 0.12867 0.11399 0.08324 ( 1)  0.089
   8 K   0.00000 0.00001 0.00038 0.00463 0.02970 0.12296 0.33390 0.50843 ( 8)  0.409
   9 A   0.00000 0.00001 0.00027 0.00329 0.02134 0.09197 0.28359 0.59953 ( 8)  0.454
  10 A   0.00000 0.00001 0.00025 0.00313 0.02032 0.08808 0.27647 0.61174 ( 8)  0.460
  11 -   0.13482 0.13482 0.13480 0.13460 0.13339 0.12855 0.11437 0.08464 ( 1)  0.090
  12 A   0.00000 0.00001 0.00026 0.00324 0.02099 0.09063 0.28113 0.60374 ( 8)  0.456
  13 A   0.13353 0.13353 0.13351 0.13334 0.13232 0.12821 0.11603 0.08954 ( 1)  0.094
  14 A   0.13433 0.13433 0.13431 0.13413 0.13299 0.12844 0.11504 0.08643 ( 1)  0.092
  15 A   0.13512 0.13512 0.13510 0.13490 0.13365 0.12865 0.11404 0.08342 ( 1)  0.090
  16 -   0.12500 0.12500 0.12500 0.12500 0.12500 0.12500 0.12500 0.12500 ( 1)  0.118
  17 -   0.13797 0.13797 0.13795 0.13766 0.13597 0.12926 0.11017 0.07304 ( 1)  0.082
  18 A   0.13335 0.13335 0.13333 0.13317 0.13217 0.12816 0.11624 0.09023 ( 1)  0.094
  19 A   0.00000 0.00001 0.00027 0.00327 0.02121 0.09149 0.28276 0.60099 ( 8)  0.454
  20 E   0.14370 0.14370 0.14366 0.14320 0.14049 0.12993 0.10152 0.05381 ( 1)  0.068
  21 P   0.13209 0.13209 0.13208 0.13194 0.13111 0.12777 0.11773 0.09520 ( 1)  0.098
  22 P   0.13496 0.13496 0.13494 0.13474 0.13351 0.12861 0.11425 0.08402 ( 1)  0.090
  23 A   0.13768 0.13768 0.13765 0.13738 0.13574 0.12925 0.11065 0.07397 ( 1)  0.083
  24 -   0.12505 0.12505 0.12505 0.12505 0.12504 0.12502 0.12496 0.12479 ( 1)  0.118
  25 P   0.13411 0.13410 0.13409 0.13390 0.13280 0.12838 0.11532 0.08730 ( 1)  0.092
  26 P   0.00000 0.00001 0.00025 0.00312 0.02027 0.08786 0.27606 0.61243 ( 8)  0.460
  27 P   0.13476 0.13476 0.13474 0.13454 0.13335 0.12856 0.11450 0.08479 ( 1)  0.091
  28 P   0.00000 0.00001 0.00025 0.00313 0.02027 0.08789 0.27612 0.61233 ( 8)  0.460
  29 -   0.12735 0.12735 0.12735 0.12731 0.12705 0.12602 0.12279 0.11478 ( 1)  0.111
  30 S   0.00000 0.00001 0.00031 0.00388 0.02502 0.10583 0.30749 0.55746 ( 8)  0.433
  31 S   0.00000 0.00001 0.00031 0.00388 0.02502 0.10583 0.30749 0.55746 ( 8)  0.433
  32 -   0.12500 0.12500 0.12500 0.12500 0.12500 0.12500 0.12500 0.12500 ( 3)  0.118
  33 -   0.12500 0.12500 0.12500 0.12500 0.12500 0.12500 0.12500 0.12500 ( 3)  0.118
  34 E   0.13791 0.13791 0.13789 0.13761 0.13593 0.12929 0.11032 0.07315 ( 1)  0.082
  35 E   0.13791 0.13791 0.13789 0.13761 0.13593 0.12929 0.11032 0.07315 ( 1)  0.082
  36 D   0.13724 0.13724 0.13722 0.13696 0.13539 0.12916 0.11125 0.07555 ( 1)  0.084
  37 P   0.13790 0.13790 0.13788 0.13760 0.13593 0.12929 0.11034 0.07315 ( 1)  0.082
  38 E   0.00000 0.00001 0.00030 0.00370 0.02387 0.10154 0.30037 0.57020 ( 8)  0.439
  39 Q   0.13391 0.13391 0.13390 0.13372 0.13264 0.12832 0.11556 0.08804 ( 1)  0.093
  40 D   0.13724 0.13724 0.13722 0.13696 0.13539 0.12916 0.11125 0.07555 ( 1)  0.084
  41 S   0.13799 0.13799 0.13796 0.13768 0.13599 0.12929 0.11019 0.07291 ( 1)  0.082
  42 G   0.13267 0.13267 0.13265 0.13250 0.13160 0.12795 0.11706 0.09290 ( 1)  0.096
  43 P   0.13322 0.13321 0.13320 0.13304 0.13206 0.12812 0.11640 0.09075 ( 1)  0.095
  44 E   0.13791 0.13791 0.13789 0.13761 0.13593 0.12929 0.11032 0.07315 ( 1)  0.082
  45 D   0.13724 0.13724 0.13722 0.13696 0.13539 0.12916 0.11125 0.07555 ( 1)  0.084
  46 L   0.13168 0.13168 0.13167 0.13154 0.13076 0.12761 0.11817 0.09690 ( 1)  0.099
  47 P   0.13942 0.13942 0.13939 0.13907 0.13715 0.12955 0.10818 0.06782 ( 1)  0.078
  48 L   0.13177 0.13177 0.13176 0.13163 0.13084 0.12766 0.11809 0.09647 ( 1)  0.099
  49 V   0.00000 0.00001 0.00026 0.00315 0.02044 0.08851 0.27728 0.61036 ( 8)  0.459
  50 R   0.13642 0.13642 0.13640 0.13616 0.13472 0.12898 0.11236 0.07855 ( 1)  0.086
  51 V   0.00000 0.00001 0.00033 0.00405 0.02607 0.10970 0.31370 0.54615 ( 8)  0.427
  52 E   0.13791 0.13791 0.13789 0.13761 0.13593 0.12929 0.11032 0.07315 ( 1)  0.082
  53 F   0.14200 0.14200 0.14197 0.14157 0.13919 0.12987 0.10429 0.05911 ( 1)  0.072
  54 E   0.14429 0.14428 0.14424 0.14377 0.14095 0.12996 0.10057 0.05194 ( 1)  0.067
  55 E   0.00000 0.00001 0.00039 0.00478 0.03060 0.12617 0.33835 0.49970 ( 8)  0.404
  56 T   0.13890 0.13890 0.13887 0.13856 0.13672 0.12943 0.10887 0.06973 ( 1)  0.080
  57 E   0.14429 0.14428 0.14424 0.14377 0.14095 0.12996 0.10057 0.05194 ( 1)  0.067
  58 E   0.14429 0.14428 0.14424 0.14377 0.14095 0.12996 0.10057 0.05194 ( 1)  0.067
  59 P   0.13942 0.13942 0.13939 0.13907 0.13715 0.12955 0.10818 0.06783 ( 1)  0.078
  60 D   0.14533 0.14533 0.14529 0.14478 0.14174 0.12997 0.09882 0.04874 ( 1)  0.064
  61 F   0.14200 0.14200 0.14197 0.14157 0.13919 0.12987 0.10429 0.05911 ( 1)  0.072
  62 T   0.14285 0.14285 0.14281 0.14238 0.13984 0.12991 0.10292 0.05644 ( 1)  0.070
  63 A   0.13792 0.13792 0.13790 0.13762 0.13594 0.12927 0.11028 0.07315 ( 1)  0.082
  64 L   0.13572 0.13572 0.13570 0.13548 0.13414 0.12880 0.11326 0.08118 ( 1)  0.088
  65 C   0.13764 0.13764 0.13761 0.13734 0.13571 0.12924 0.11072 0.07409 ( 1)  0.083
  66 Q   0.13391 0.13391 0.13390 0.13372 0.13264 0.12832 0.11556 0.08804 ( 1)  0.093
  67 K   0.00000 0.00001 0.00040 0.00487 0.03119 0.12827 0.34116 0.49409 ( 8)  0.402
  68 L   0.13572 0.13572 0.13570 0.13548 0.13414 0.12880 0.11326 0.08118 ( 1)  0.088
  69 K   0.13920 0.13920 0.13917 0.13885 0.13696 0.12947 0.10843 0.06872 ( 1)  0.079
  70 I   0.00000 0.00001 0.00041 0.00503 0.03215 0.13158 0.34518 0.48565 ( 8)  0.397
  71 P   0.00000 0.00001 0.00032 0.00394 0.02541 0.10727 0.30981 0.55323 ( 8)  0.431
  72 D   0.14533 0.14533 0.14529 0.14478 0.14174 0.12997 0.09882 0.04874 ( 1)  0.064
  73 H   0.14259 0.14258 0.14255 0.14213 0.13964 0.12991 0.10336 0.05724 ( 1)  0.071
  74 V   0.13394 0.13394 0.13393 0.13375 0.13267 0.12833 0.11551 0.08793 ( 1)  0.093
  75 R   0.14249 0.14249 0.14245 0.14204 0.13957 0.12991 0.10353 0.05752 ( 1)  0.071
  76 E   0.14007 0.14007 0.14004 0.13970 0.13765 0.12960 0.10715 0.06573 ( 1)  0.077
  77 R   0.14249 0.14249 0.14245 0.14204 0.13957 0.12991 0.10353 0.05752 ( 1)  0.071
  78 A   0.14125 0.14125 0.14121 0.14084 0.13860 0.12979 0.10545 0.06163 ( 1)  0.074
  79 W   0.13022 0.13022 0.13021 0.13012 0.12952 0.12713 0.11983 0.10274 ( 1)  0.103
  80 L   0.13572 0.13572 0.13570 0.13548 0.13414 0.12880 0.11326 0.08118 ( 1)  0.088
  81 T   0.14284 0.14284 0.14280 0.14237 0.13984 0.12991 0.10294 0.05647 ( 1)  0.070
  82 W   0.13022 0.13022 0.13021 0.13012 0.12952 0.12713 0.11983 0.10274 ( 1)  0.103
  83 E   0.13791 0.13791 0.13789 0.13761 0.13593 0.12929 0.11032 0.07315 ( 1)  0.082
  84 K   0.14478 0.14478 0.14473 0.14424 0.14132 0.12995 0.09972 0.05048 ( 1)  0.066
  85 V   0.14265 0.14265 0.14261 0.14219 0.13969 0.12990 0.10324 0.05707 ( 1)  0.070
  86 S   0.13762 0.13762 0.13759 0.13732 0.13569 0.12922 0.11072 0.07421 ( 1)  0.083
  87 S   0.13916 0.13916 0.13913 0.13882 0.13694 0.12951 0.10856 0.06873 ( 1)  0.079
  88 V   0.13586 0.13586 0.13584 0.13562 0.13426 0.12883 0.11308 0.08065 ( 1)  0.088
  89 D   0.14533 0.14533 0.14529 0.14478 0.14174 0.12997 0.09882 0.04874 ( 1)  0.064
  90 G   0.00000 0.00001 0.00032 0.00399 0.02573 0.10845 0.31181 0.54969 ( 8)  0.429
  91 V   0.14315 0.14315 0.14312 0.14268 0.14008 0.12992 0.10243 0.05547 ( 1)  0.069
  92 L   0.00000 0.00000 0.00000 0.00000 0.00002 0.00136 0.05144 0.94719 ( 8)  0.618
  93 -   0.12500 0.12500 0.12500 0.12500 0.12500 0.12500 0.12500 0.12500 ( 3)  0.118
  94 -   0.12500 0.12500 0.12500 0.12500 0.12500 0.12500 0.12500 0.12500 ( 8)  0.118
  95 -   0.12500 0.12500 0.12500 0.12500 0.12500 0.12500 0.12500 0.12500 ( 3)  0.118
  96 -   0.12500 0.12500 0.12500 0.12500 0.12500 0.12500 0.12500 0.12500 ( 2)  0.118
  97 -   0.12500 0.12500 0.12500 0.12500 0.12500 0.12500 0.12500 0.12500 ( 4)  0.118
  98 -   0.12500 0.12500 0.12500 0.12500 0.12500 0.12500 0.12500 0.12500 ( 8)  0.118
  99 -   0.12500 0.12500 0.12500 0.12500 0.12500 0.12500 0.12500 0.12500 ( 8)  0.118
 100 -   0.12500 0.12500 0.12500 0.12500 0.12500 0.12500 0.12500 0.12500 ( 8)  0.118
 101 -   0.12500 0.12500 0.12500 0.12500 0.12500 0.12500 0.12500 0.12500 ( 8)  0.118
 102 -   0.12500 0.12500 0.12500 0.12500 0.12500 0.12500 0.12500 0.12500 ( 8)  0.118
 103 -   0.12500 0.12500 0.12500 0.12500 0.12500 0.12500 0.12500 0.12500 ( 8)  0.118
 104 -   0.12500 0.12500 0.12500 0.12500 0.12500 0.12500 0.12500 0.12500 ( 8)  0.118
 105 -   0.12500 0.12500 0.12500 0.12500 0.12500 0.12500 0.12500 0.12500 ( 6)  0.118
 106 -   0.12500 0.12500 0.12500 0.12500 0.12500 0.12500 0.12500 0.12500 ( 2)  0.118
 107 -   0.12500 0.12500 0.12500 0.12500 0.12500 0.12500 0.12500 0.12500 ( 8)  0.118
 108 -   0.12500 0.12500 0.12500 0.12500 0.12500 0.12500 0.12500 0.12500 ( 1)  0.118
 109 G   0.00000 0.00001 0.00034 0.00415 0.02671 0.11203 0.31728 0.53948 ( 8)  0.424
 110 G   0.13998 0.13998 0.13995 0.13962 0.13760 0.12965 0.10737 0.06585 ( 1)  0.077
 111 Y   0.14037 0.14037 0.14034 0.13999 0.13790 0.12968 0.10677 0.06458 ( 1)  0.076
 112 I   0.14424 0.14424 0.14420 0.14373 0.14091 0.12995 0.10063 0.05210 ( 1)  0.067
 113 Q   0.13836 0.13836 0.13833 0.13804 0.13630 0.12937 0.10969 0.07155 ( 1)  0.081
 114 K   0.13874 0.13874 0.13872 0.13841 0.13660 0.12943 0.10914 0.07020 ( 1)  0.080
 115 K   0.14492 0.14492 0.14488 0.14438 0.14143 0.12995 0.09948 0.05004 ( 1)  0.065
 116 K   0.13945 0.13945 0.13942 0.13909 0.13716 0.12951 0.10806 0.06786 ( 1)  0.078
 117 E   0.14430 0.14429 0.14425 0.14378 0.14095 0.12996 0.10055 0.05192 ( 1)  0.067
 118 L   0.13177 0.13177 0.13176 0.13163 0.13084 0.12766 0.11809 0.09647 ( 1)  0.099
 119 W   0.13027 0.13027 0.13026 0.13016 0.12956 0.12715 0.11978 0.10256 ( 1)  0.103
 120 G   0.13988 0.13988 0.13985 0.13952 0.13752 0.12963 0.10751 0.06620 ( 1)  0.077
 121 I   0.13707 0.13707 0.13704 0.13678 0.13521 0.12899 0.11127 0.07655 ( 1)  0.085
 122 C   0.13774 0.13774 0.13772 0.13744 0.13580 0.12926 0.11058 0.07373 ( 1)  0.083
 123 I   0.13559 0.13559 0.13557 0.13535 0.13403 0.12877 0.11343 0.08166 ( 1)  0.088
 124 F   0.14213 0.14213 0.14210 0.14169 0.13929 0.12988 0.10409 0.05869 ( 1)  0.072
 125 I   0.14424 0.14424 0.14420 0.14373 0.14091 0.12995 0.10063 0.05210 ( 1)  0.067
 126 A   0.14235 0.14235 0.14231 0.14190 0.13946 0.12989 0.10373 0.05800 ( 1)  0.071
 127 A   0.00000 0.00000 0.00000 0.00002 0.00099 0.01839 0.17621 0.80439 ( 8)  0.556
 128 V   0.14278 0.14278 0.14275 0.14232 0.13979 0.12991 0.10303 0.05664 ( 1)  0.070
 129 D   0.13734 0.13734 0.13732 0.13705 0.13547 0.12918 0.11112 0.07519 ( 1)  0.084
 130 L   0.00000 0.00001 0.00029 0.00356 0.02304 0.09840 0.29495 0.57976 ( 8)  0.444
 131 D   0.14548 0.14548 0.14543 0.14492 0.14185 0.12997 0.09857 0.04830 ( 1)  0.064
 132 E   0.13801 0.13801 0.13799 0.13771 0.13602 0.12931 0.11018 0.07278 ( 1)  0.082
 133 M   0.14869 0.14869 0.14864 0.14800 0.14423 0.12976 0.09288 0.03912 ( 1)  0.057
 134 P   0.00000 0.00000 0.00000 0.00002 0.00086 0.01624 0.16202 0.82086 ( 8)  0.563
 135 F   0.13682 0.13682 0.13680 0.13655 0.13505 0.12906 0.11181 0.07708 ( 1)  0.085
 136 T   0.14556 0.14556 0.14551 0.14500 0.14191 0.12996 0.09843 0.04806 ( 1)  0.064
 137 -   0.12500 0.12500 0.12500 0.12500 0.12500 0.12500 0.12500 0.12500 ( 3)  0.118
 138 -   0.12500 0.12500 0.12500 0.12500 0.12500 0.12500 0.12500 0.12500 ( 8)  0.118
 139 -   0.12500 0.12500 0.12500 0.12500 0.12500 0.12500 0.12500 0.12500 ( 2)  0.118
 140 -   0.12500 0.12500 0.12500 0.12500 0.12500 0.12500 0.12500 0.12500 ( 8)  0.118
 141 -   0.12500 0.12500 0.12500 0.12500 0.12500 0.12500 0.12500 0.12500 ( 2)  0.118
 142 -   0.12500 0.12500 0.12500 0.12500 0.12500 0.12500 0.12500 0.12500 ( 8)  0.118
 143 -   0.12500 0.12500 0.12500 0.12500 0.12500 0.12500 0.12500 0.12500 ( 8)  0.118
 144 -   0.12500 0.12500 0.12500 0.12500 0.12500 0.12500 0.12500 0.12500 ( 8)  0.118
 145 F   0.14447 0.14447 0.14443 0.14395 0.14109 0.12999 0.10031 0.05129 ( 1)  0.066
 146 T   0.14539 0.14539 0.14534 0.14483 0.14178 0.12997 0.09872 0.04857 ( 1)  0.064
 147 E   0.14179 0.14179 0.14175 0.14136 0.13901 0.12980 0.10456 0.05994 ( 1)  0.073
 148 L   0.13587 0.13587 0.13585 0.13563 0.13427 0.12884 0.11307 0.08059 ( 1)  0.088
 149 Q   0.13537 0.13537 0.13535 0.13514 0.13385 0.12872 0.11373 0.08247 ( 1)  0.089
 150 K   0.14752 0.14751 0.14746 0.14687 0.14336 0.12983 0.09496 0.04250 ( 1)  0.059
 151 N   0.00000 0.00000 0.00000 0.00002 0.00088 0.01658 0.16432 0.81820 ( 8)  0.562
 152 I   0.00000 0.00001 0.00046 0.00572 0.03641 0.14660 0.36481 0.44599 ( 8)  0.377
 153 E   0.14716 0.14716 0.14711 0.14653 0.14310 0.12988 0.09563 0.04345 ( 1)  0.060
 154 I   0.00000 0.00001 0.00028 0.00348 0.02253 0.09650 0.29170 0.58549 ( 8)  0.447
 155 S   0.14592 0.14591 0.14587 0.14534 0.14219 0.12999 0.09787 0.04692 ( 1)  0.063
 156 V   0.13547 0.13547 0.13545 0.13523 0.13393 0.12874 0.11359 0.08211 ( 1)  0.089
 157 F   0.00000 0.00000 0.00000 0.00002 0.00100 0.01866 0.17800 0.80231 ( 8)  0.555
 158 K   0.14763 0.14763 0.14758 0.14698 0.14344 0.12982 0.09475 0.04218 ( 1)  0.059
 159 F   0.13709 0.13709 0.13707 0.13681 0.13526 0.12911 0.11142 0.07614 ( 1)  0.084
 160 F   0.14457 0.14457 0.14453 0.14405 0.14117 0.13000 0.10014 0.05098 ( 1)  0.066
 161 D   0.00000 0.00000 0.00000 0.00002 0.00084 0.01581 0.15912 0.82422 ( 8)  0.564
 162 L   0.13752 0.13752 0.13750 0.13723 0.13561 0.12918 0.11080 0.07464 ( 1)  0.083
 163 L   0.13824 0.13823 0.13821 0.13792 0.13618 0.12930 0.10980 0.07212 ( 1)  0.081
 164 K   0.14641 0.14641 0.14636 0.14581 0.14254 0.12988 0.09688 0.04570 ( 1)  0.062
 165 E   0.14709 0.14709 0.14704 0.14646 0.14305 0.12988 0.09575 0.04364 ( 1)  0.060
 166 I   0.14636 0.14636 0.14631 0.14576 0.14250 0.12991 0.09701 0.04578 ( 1)  0.062
 167 D   0.14763 0.14762 0.14757 0.14698 0.14344 0.12983 0.09478 0.04215 ( 1)  0.059
 168 T   0.13649 0.13649 0.13647 0.13623 0.13478 0.12899 0.11225 0.07830 ( 1)  0.086
 169 S   0.14519 0.14519 0.14514 0.14464 0.14164 0.12999 0.09910 0.04912 ( 1)  0.065
 170 T   0.13639 0.13639 0.13637 0.13613 0.13469 0.12895 0.11237 0.07869 ( 1)  0.086
 171 K   0.14763 0.14763 0.14758 0.14698 0.14344 0.12982 0.09475 0.04218 ( 1)  0.059
 172 V   0.14529 0.14529 0.14524 0.14473 0.14171 0.12997 0.09890 0.04888 ( 1)  0.064
 173 D   0.14824 0.14823 0.14818 0.14756 0.14389 0.12979 0.09369 0.04043 ( 1)  0.058
 174 N   0.14884 0.14884 0.14879 0.14814 0.14432 0.12969 0.09254 0.03883 ( 1)  0.056
 175 A   0.14431 0.14431 0.14427 0.14379 0.14097 0.12998 0.10056 0.05181 ( 1)  0.067
 176 M   0.14862 0.14862 0.14857 0.14793 0.14418 0.12976 0.09301 0.03931 ( 1)  0.057
 177 S   0.13903 0.13903 0.13900 0.13869 0.13683 0.12949 0.10874 0.06920 ( 1)  0.079
 178 R   0.14511 0.14511 0.14506 0.14456 0.14158 0.13000 0.09924 0.04933 ( 1)  0.065
 179 L   0.13401 0.13401 0.13399 0.13381 0.13272 0.12835 0.11543 0.08767 ( 1)  0.093
 180 L   0.13381 0.13381 0.13380 0.13362 0.13256 0.12830 0.11568 0.08842 ( 1)  0.093
 181 K   0.14081 0.14081 0.14078 0.14041 0.13825 0.12974 0.10611 0.06309 ( 1)  0.075
 182 K   0.14081 0.14081 0.14078 0.14041 0.13825 0.12974 0.10611 0.06309 ( 1)  0.075
 183 Y   0.14262 0.14262 0.14258 0.14217 0.13967 0.12991 0.10330 0.05713 ( 1)  0.071
 184 N   0.00000 0.00000 0.00000 0.00000 0.00003 0.00259 0.08142 0.91596 ( 8)  0.605
 185 V   0.14584 0.14584 0.14580 0.14527 0.14213 0.12995 0.09794 0.04723 ( 1)  0.063
 186 L   0.13383 0.13383 0.13382 0.13364 0.13257 0.12829 0.11563 0.08838 ( 1)  0.093
 187 L   0.00000 0.00000 0.00000 0.00002 0.00090 0.01685 0.16618 0.81606 ( 8)  0.561
 188 A   0.14485 0.14485 0.14480 0.14431 0.14138 0.12999 0.09966 0.05016 ( 1)  0.065
 189 L   0.13382 0.13382 0.13381 0.13363 0.13257 0.12830 0.11567 0.08839 ( 1)  0.093
 190 F   0.00000 0.00001 0.00027 0.00334 0.02164 0.09311 0.28569 0.59594 ( 8)  0.452
 191 S   0.13686 0.13686 0.13684 0.13659 0.13508 0.12908 0.11177 0.07690 ( 1)  0.085
 192 K   0.14763 0.14763 0.14758 0.14698 0.14344 0.12982 0.09475 0.04218 ( 1)  0.059
 193 L   0.13640 0.13639 0.13637 0.13613 0.13469 0.12895 0.11236 0.07869 ( 1)  0.086
 194 E   0.14709 0.14709 0.14704 0.14646 0.14305 0.12988 0.09575 0.04364 ( 1)  0.060
 195 R   0.13835 0.13835 0.13832 0.13803 0.13629 0.12938 0.10973 0.07156 ( 1)  0.081
 196 T   0.14544 0.14544 0.14540 0.14489 0.14183 0.12997 0.09863 0.04840 ( 1)  0.064
 197 C   0.13962 0.13961 0.13959 0.13926 0.13731 0.12960 0.10792 0.06710 ( 1)  0.078
 198 E   0.14716 0.14716 0.14711 0.14653 0.14310 0.12988 0.09563 0.04345 ( 1)  0.060
 199 L   0.00000 0.00000 0.00000 0.00002 0.00101 0.01869 0.17815 0.80213 ( 8)  0.555
 200 I   0.14986 0.14986 0.14980 0.14911 0.14505 0.12952 0.09061 0.03618 ( 1)  0.054
 201 Y   0.14268 0.14268 0.14264 0.14222 0.13972 0.12991 0.10321 0.05694 ( 1)  0.070
 202 L   0.13374 0.13374 0.13373 0.13355 0.13250 0.12826 0.11573 0.08874 ( 1)  0.093
 203 T   0.00000 0.00001 0.00042 0.00512 0.03274 0.13380 0.34883 0.47907 ( 8)  0.394
 204 Q   0.14038 0.14038 0.14035 0.14000 0.13791 0.12969 0.10677 0.06454 ( 1)  0.076
 205 P   0.13342 0.13342 0.13341 0.13324 0.13223 0.12818 0.11615 0.08993 ( 1)  0.094
 206 S   0.00000 0.00000 0.00000 0.00002 0.00077 0.01469 0.15138 0.83313 ( 8)  0.568
 207 S   0.00000 0.00001 0.00042 0.00517 0.03302 0.13483 0.35045 0.47610 ( 8)  0.393
 208 S   0.13395 0.13395 0.13394 0.13376 0.13267 0.12833 0.11551 0.08789 ( 1)  0.093
 209 I   0.14986 0.14986 0.14980 0.14911 0.14505 0.12952 0.09061 0.03618 ( 1)  0.054
 210 S   0.14145 0.14145 0.14142 0.14104 0.13876 0.12982 0.10515 0.06092 ( 1)  0.073
 211 T   0.14556 0.14556 0.14551 0.14500 0.14191 0.12996 0.09843 0.04806 ( 1)  0.064
 212 E   0.14701 0.14701 0.14696 0.14639 0.14299 0.12988 0.09588 0.04387 ( 1)  0.060
 213 I   0.14986 0.14986 0.14980 0.14911 0.14505 0.12952 0.09061 0.03618 ( 1)  0.054
 214 N   0.14892 0.14891 0.14886 0.14821 0.14437 0.12968 0.09241 0.03864 ( 1)  0.056
 215 S   0.14145 0.14145 0.14142 0.14104 0.13876 0.12982 0.10515 0.06092 ( 1)  0.073
 216 A   0.00000 0.00000 0.00000 0.00000 0.00000 0.00022 0.02512 0.97466 ( 8)  0.629
 217 F   0.00000 0.00001 0.00026 0.00319 0.02070 0.08953 0.27916 0.60715 ( 8)  0.457
 218 V   0.13771 0.13771 0.13769 0.13741 0.13577 0.12924 0.11060 0.07387 ( 1)  0.083
 219 L   0.13831 0.13831 0.13829 0.13800 0.13625 0.12933 0.10970 0.07181 ( 1)  0.081
 220 K   0.00000 0.00001 0.00044 0.00542 0.03461 0.14033 0.35713 0.46206 ( 8)  0.385
 221 V   0.00000 0.00000 0.00000 0.00003 0.00117 0.02140 0.19496 0.78245 ( 8)  0.546
 222 S   0.14145 0.14145 0.14142 0.14104 0.13876 0.12982 0.10515 0.06092 ( 1)  0.073
 223 W   0.13118 0.13118 0.13117 0.13105 0.13034 0.12747 0.11877 0.09884 ( 1)  0.100
 224 I   0.13810 0.13810 0.13808 0.13779 0.13608 0.12930 0.11002 0.07252 ( 1)  0.082
 225 T   0.14611 0.14611 0.14606 0.14552 0.14232 0.12994 0.09748 0.04645 ( 1)  0.062
 226 F   0.14406 0.14406 0.14402 0.14355 0.14078 0.12997 0.10097 0.05259 ( 1)  0.067
 227 L   0.13755 0.13755 0.13752 0.13725 0.13564 0.12921 0.11082 0.07446 ( 1)  0.083
 228 L   0.13755 0.13755 0.13752 0.13725 0.13564 0.12921 0.11082 0.07446 ( 1)  0.083
 229 A   0.14437 0.14437 0.14433 0.14385 0.14102 0.12998 0.10046 0.05162 ( 1)  0.066
 230 K   0.14770 0.14770 0.14765 0.14705 0.14349 0.12981 0.09463 0.04198 ( 1)  0.059
 231 G   0.13615 0.13615 0.13613 0.13590 0.13450 0.12891 0.11271 0.07956 ( 1)  0.087
 232 E   0.00000 0.00001 0.00042 0.00512 0.03276 0.13386 0.34893 0.47890 ( 8)  0.394
 233 V   0.14573 0.14573 0.14568 0.14516 0.14204 0.12996 0.09814 0.04758 ( 1)  0.063
 234 L   0.13742 0.13742 0.13740 0.13713 0.13554 0.12919 0.11099 0.07491 ( 1)  0.084
 235 Q   0.14028 0.14028 0.14025 0.13991 0.13784 0.12968 0.10691 0.06485 ( 1)  0.076
 236 M   0.14849 0.14849 0.14844 0.14781 0.14408 0.12978 0.09324 0.03966 ( 1)  0.057
 237 E   0.14697 0.14697 0.14692 0.14635 0.14296 0.12989 0.09596 0.04399 ( 1)  0.061
 238 D   0.14811 0.14811 0.14805 0.14744 0.14380 0.12980 0.09392 0.04078 ( 1)  0.058
 239 D   0.14811 0.14811 0.14805 0.14744 0.14380 0.12980 0.09392 0.04078 ( 1)  0.058
 240 L   0.13274 0.13274 0.13273 0.13258 0.13166 0.12797 0.11696 0.09261 ( 1)  0.096
 241 V   0.13759 0.13759 0.13756 0.13729 0.13567 0.12922 0.11077 0.07432 ( 1)  0.083
 242 I   0.14274 0.14273 0.14270 0.14228 0.13976 0.12992 0.10312 0.05676 ( 1)  0.070
 243 S   0.13941 0.13941 0.13938 0.13906 0.13714 0.12955 0.10818 0.06786 ( 1)  0.078
 244 F   0.14446 0.14446 0.14442 0.14394 0.14109 0.12999 0.10033 0.05132 ( 1)  0.066
 245 Q   0.13536 0.13536 0.13535 0.13513 0.13385 0.12872 0.11374 0.08249 ( 1)  0.089
 246 L   0.13742 0.13742 0.13740 0.13713 0.13554 0.12919 0.11099 0.07491 ( 1)  0.084
 247 M   0.14849 0.14849 0.14844 0.14781 0.14408 0.12978 0.09324 0.03966 ( 1)  0.057
 248 L   0.13761 0.13761 0.13758 0.13731 0.13568 0.12921 0.11072 0.07427 ( 1)  0.083
 249 C   0.13959 0.13959 0.13956 0.13924 0.13729 0.12959 0.10795 0.06718 ( 1)  0.078
 250 V   0.13584 0.13584 0.13582 0.13560 0.13424 0.12883 0.11310 0.08073 ( 1)  0.088
 251 L   0.14243 0.14243 0.14240 0.14198 0.13953 0.12989 0.10360 0.05773 ( 1)  0.071
 252 D   0.13914 0.13914 0.13912 0.13880 0.13693 0.12951 0.10859 0.06876 ( 1)  0.079
 253 Y   0.14252 0.14252 0.14248 0.14206 0.13959 0.12990 0.10347 0.05747 ( 1)  0.071
 254 F   0.14390 0.14390 0.14386 0.14340 0.14066 0.12997 0.10123 0.05307 ( 1)  0.068
 255 I   0.14274 0.14273 0.14270 0.14228 0.13976 0.12992 0.10312 0.05676 ( 1)  0.070
 256 K   0.14750 0.14750 0.14745 0.14686 0.14335 0.12983 0.09497 0.04253 ( 1)  0.059
 257 L   0.13552 0.13552 0.13550 0.13529 0.13397 0.12874 0.11349 0.08196 ( 1)  0.089
 258 S   0.13941 0.13941 0.13938 0.13906 0.13714 0.12955 0.10818 0.06786 ( 1)  0.078
 259 P   0.14159 0.14159 0.14155 0.14117 0.13887 0.12983 0.10493 0.06047 ( 1)  0.073
 260 P   0.14046 0.14046 0.14043 0.14008 0.13798 0.12970 0.10664 0.06426 ( 1)  0.076
 261 V   0.00000 0.00000 0.00000 0.00002 0.00090 0.01685 0.16604 0.81619 ( 8)  0.561
 262 L   0.13379 0.13379 0.13378 0.13360 0.13254 0.12829 0.11570 0.08851 ( 1)  0.093
 263 L   0.13380 0.13380 0.13379 0.13361 0.13255 0.12829 0.11569 0.08847 ( 1)  0.093
 264 K   0.14750 0.14750 0.14745 0.14686 0.14335 0.12983 0.09497 0.04253 ( 1)  0.059
 265 E   0.14697 0.14697 0.14692 0.14635 0.14296 0.12989 0.09596 0.04399 ( 1)  0.061
 266 P   0.14207 0.14207 0.14204 0.14164 0.13925 0.12987 0.10418 0.05889 ( 1)  0.072
 267 Y   0.14252 0.14252 0.14248 0.14206 0.13959 0.12990 0.10347 0.05747 ( 1)  0.071
 268 K   0.00000 0.00000 0.00000 0.00003 0.00130 0.02349 0.20723 0.76795 ( 8)  0.540
 269 T   0.00000 0.00001 0.00041 0.00510 0.03261 0.13333 0.34819 0.48035 ( 8)  0.395
 270 A   0.14437 0.14437 0.14433 0.14385 0.14102 0.12998 0.10046 0.05162 ( 1)  0.066
 271 V   0.14533 0.14533 0.14528 0.14477 0.14174 0.12996 0.09882 0.04877 ( 1)  0.064
 272 I   0.14986 0.14986 0.14980 0.14911 0.14505 0.12952 0.09061 0.03618 ( 1)  0.054
 273 P   0.13342 0.13342 0.13341 0.13324 0.13223 0.12818 0.11615 0.08993 ( 1)  0.094
 274 V   0.00000 0.00001 0.00038 0.00473 0.03030 0.12515 0.33726 0.50217 ( 8)  0.406
 275 N   0.14892 0.14891 0.14886 0.14821 0.14437 0.12968 0.09241 0.03864 ( 1)  0.056
 276 G   0.14226 0.14226 0.14223 0.14182 0.13940 0.12990 0.10390 0.05822 ( 1)  0.071
 277 S   0.13955 0.13955 0.13952 0.13920 0.13725 0.12957 0.10798 0.06738 ( 1)  0.078
 278 P   0.14174 0.14174 0.14171 0.14132 0.13899 0.12985 0.10469 0.05996 ( 1)  0.073
 279 R   0.13700 0.13700 0.13698 0.13673 0.13520 0.12911 0.11158 0.07641 ( 1)  0.085
 280 T   0.14612 0.14612 0.14607 0.14554 0.14233 0.12994 0.09746 0.04641 ( 1)  0.062
 281 P   0.13412 0.13412 0.13410 0.13392 0.13281 0.12838 0.11530 0.08726 ( 1)  0.092
 282 R   0.13835 0.13835 0.13832 0.13803 0.13629 0.12938 0.10973 0.07156 ( 1)  0.081
 283 R   0.13766 0.13766 0.13763 0.13736 0.13571 0.12917 0.11056 0.07426 ( 1)  0.083
 284 G   0.14122 0.14122 0.14118 0.14081 0.13858 0.12980 0.10551 0.06168 ( 1)  0.074
 285 Q   0.13547 0.13547 0.13545 0.13523 0.13393 0.12875 0.11360 0.08209 ( 1)  0.089
 286 N   0.14025 0.14025 0.14022 0.13988 0.13781 0.12968 0.10696 0.06494 ( 1)  0.076
 287 R   0.13835 0.13835 0.13832 0.13803 0.13629 0.12938 0.10973 0.07156 ( 1)  0.081
 288 S   0.14598 0.14598 0.14593 0.14540 0.14224 0.12999 0.09775 0.04672 ( 1)  0.063
 289 A   0.14491 0.14491 0.14487 0.14437 0.14143 0.12999 0.09955 0.04997 ( 1)  0.065
 290 R   0.13331 0.13331 0.13329 0.13313 0.13213 0.12815 0.11630 0.09038 ( 1)  0.095
 291 I   0.14986 0.14986 0.14980 0.14911 0.14505 0.12952 0.09061 0.03618 ( 1)  0.054
 292 A   0.14353 0.14353 0.14349 0.14304 0.14037 0.12995 0.10184 0.05424 ( 1)  0.068
 293 K   0.14770 0.14770 0.14765 0.14705 0.14349 0.12981 0.09463 0.04198 ( 1)  0.059
 294 Q   0.14043 0.14043 0.14040 0.14005 0.13795 0.12970 0.10669 0.06435 ( 1)  0.076
 295 L   0.13843 0.13843 0.13840 0.13811 0.13635 0.12938 0.10959 0.07132 ( 1)  0.081
 296 E   0.14716 0.14716 0.14711 0.14653 0.14310 0.12988 0.09563 0.04345 ( 1)  0.060
 297 N   0.14829 0.14829 0.14824 0.14762 0.14392 0.12974 0.09354 0.04036 ( 1)  0.058
 298 D   0.14830 0.14830 0.14825 0.14763 0.14394 0.12978 0.09356 0.04023 ( 1)  0.058
 299 T   0.14599 0.14599 0.14594 0.14541 0.14223 0.12995 0.09769 0.04680 ( 1)  0.063
 300 R   0.14516 0.14515 0.14511 0.14461 0.14162 0.13000 0.09916 0.04919 ( 1)  0.065
 301 I   0.14695 0.14695 0.14690 0.14633 0.14295 0.12988 0.09598 0.04405 ( 1)  0.061
 302 I   0.14695 0.14695 0.14690 0.14633 0.14295 0.12988 0.09598 0.04405 ( 1)  0.061
 303 E   0.14716 0.14716 0.14711 0.14653 0.14310 0.12988 0.09563 0.04345 ( 1)  0.060
 304 V   0.00000 0.00001 0.00041 0.00501 0.03208 0.13146 0.34571 0.48532 ( 8)  0.397
 305 L   0.13391 0.13391 0.13389 0.13371 0.13264 0.12832 0.11556 0.08806 ( 1)  0.093
 306 C   0.13973 0.13973 0.13970 0.13937 0.13740 0.12961 0.10774 0.06669 ( 1)  0.078
 307 K   0.14770 0.14770 0.14765 0.14705 0.14349 0.12981 0.09463 0.04198 ( 1)  0.059
 308 E   0.14664 0.14664 0.14659 0.14603 0.14271 0.12990 0.09653 0.04496 ( 1)  0.061
 309 H   0.14500 0.14500 0.14496 0.14446 0.14150 0.12998 0.09939 0.04970 ( 1)  0.065
 310 E   0.14716 0.14716 0.14711 0.14653 0.14310 0.12988 0.09563 0.04345 ( 1)  0.060
 311 C   0.13973 0.13973 0.13970 0.13937 0.13740 0.12961 0.10774 0.06669 ( 1)  0.078
 312 N   0.14892 0.14891 0.14886 0.14821 0.14437 0.12968 0.09241 0.03864 ( 1)  0.056
 313 I   0.14986 0.14986 0.14980 0.14911 0.14505 0.12952 0.09061 0.03618 ( 1)  0.054
 314 D   0.14830 0.14830 0.14825 0.14763 0.14394 0.12978 0.09356 0.04023 ( 1)  0.058
 315 E   0.14004 0.14004 0.14001 0.13967 0.13764 0.12964 0.10727 0.06568 ( 1)  0.077
 316 V   0.13771 0.13771 0.13769 0.13741 0.13577 0.12924 0.11060 0.07387 ( 1)  0.083
 317 K   0.14770 0.14770 0.14765 0.14705 0.14349 0.12981 0.09463 0.04198 ( 1)  0.059
 318 N   0.14892 0.14891 0.14886 0.14821 0.14437 0.12968 0.09241 0.03864 ( 1)  0.056
 319 V   0.14535 0.14535 0.14531 0.14480 0.14176 0.12997 0.09879 0.04869 ( 1)  0.064
 320 Y   0.14268 0.14268 0.14264 0.14222 0.13972 0.12991 0.10321 0.05694 ( 1)  0.070
 321 F   0.00000 0.00001 0.00029 0.00354 0.02290 0.09789 0.29415 0.58122 ( 8)  0.445
 322 K   0.14770 0.14770 0.14765 0.14705 0.14349 0.12981 0.09463 0.04198 ( 1)  0.059
 323 N   0.14892 0.14891 0.14886 0.14821 0.14437 0.12968 0.09241 0.03864 ( 1)  0.056
 324 F   0.14463 0.14463 0.14459 0.14411 0.14122 0.13000 0.10004 0.05078 ( 1)  0.066
 325 I   0.14986 0.14986 0.14980 0.14911 0.14505 0.12952 0.09061 0.03618 ( 1)  0.054
 326 P   0.14174 0.14174 0.14171 0.14132 0.13899 0.12985 0.10469 0.05996 ( 1)  0.073
 327 F   0.14463 0.14463 0.14459 0.14411 0.14122 0.13000 0.10004 0.05078 ( 1)  0.066
 328 M   0.14869 0.14869 0.14864 0.14800 0.14423 0.12976 0.09288 0.03912 ( 1)  0.057
 329 N   0.14892 0.14891 0.14886 0.14821 0.14437 0.12968 0.09241 0.03864 ( 1)  0.056
 330 S   0.14145 0.14145 0.14142 0.14104 0.13876 0.12982 0.10515 0.06092 ( 1)  0.073
 331 L   0.14260 0.14259 0.14256 0.14214 0.13965 0.12991 0.10334 0.05721 ( 1)  0.071
 332 G   0.14214 0.14214 0.14210 0.14170 0.13930 0.12989 0.10410 0.05865 ( 1)  0.072
 333 L   0.00000 0.00001 0.00038 0.00472 0.03028 0.12497 0.33642 0.50322 ( 8)  0.406
 334 V   0.00000 0.00001 0.00041 0.00508 0.03246 0.13281 0.34750 0.48173 ( 8)  0.395
 335 T   0.00000 0.00000 0.00000 0.00003 0.00110 0.02033 0.18844 0.79010 ( 8)  0.549
 336 S   0.14089 0.14089 0.14086 0.14049 0.13832 0.12976 0.10601 0.06279 ( 1)  0.075
 337 N   0.14892 0.14891 0.14886 0.14821 0.14437 0.12968 0.09241 0.03864 ( 1)  0.056
 338 G   0.14206 0.14206 0.14202 0.14162 0.13924 0.12988 0.10422 0.05890 ( 1)  0.072
 339 L   0.14260 0.14259 0.14256 0.14214 0.13965 0.12991 0.10334 0.05721 ( 1)  0.071
 340 P   0.14223 0.14223 0.14219 0.14179 0.13937 0.12989 0.10393 0.05837 ( 1)  0.071
 341 E   0.14004 0.14004 0.14001 0.13967 0.13764 0.12964 0.10727 0.06568 ( 1)  0.077
 342 V   0.14529 0.14529 0.14524 0.14473 0.14171 0.12997 0.09890 0.04888 ( 1)  0.064
 343 E   0.14709 0.14709 0.14704 0.14646 0.14305 0.12988 0.09575 0.04364 ( 1)  0.060
 344 S   0.00000 0.00000 0.00000 0.00000 0.00003 0.00267 0.08313 0.91416 ( 8)  0.604
 345 L   0.13368 0.13368 0.13367 0.13349 0.13245 0.12826 0.11584 0.08894 ( 1)  0.093
 346 S   0.14140 0.14140 0.14136 0.14098 0.13872 0.12981 0.10523 0.06110 ( 1)  0.073
 347 K   0.14763 0.14763 0.14758 0.14698 0.14344 0.12982 0.09475 0.04218 ( 1)  0.059
 348 R   0.00000 0.00001 0.00029 0.00352 0.02278 0.09744 0.29336 0.58261 ( 8)  0.445
 349 Y   0.14099 0.14098 0.14095 0.14058 0.13839 0.12975 0.10584 0.06252 ( 1)  0.075
 350 E   0.14709 0.14709 0.14704 0.14646 0.14305 0.12988 0.09575 0.04364 ( 1)  0.060
 351 E   0.14709 0.14709 0.14704 0.14646 0.14305 0.12988 0.09575 0.04364 ( 1)  0.060
 352 I   0.14689 0.14688 0.14684 0.14627 0.14290 0.12989 0.09609 0.04425 ( 1)  0.061
 353 Y   0.14262 0.14262 0.14258 0.14217 0.13967 0.12991 0.10330 0.05713 ( 1)  0.071
 354 L   0.14126 0.14126 0.14123 0.14085 0.13861 0.12979 0.10543 0.06157 ( 1)  0.074
 355 K   0.14763 0.14763 0.14758 0.14698 0.14344 0.12982 0.09475 0.04218 ( 1)  0.059
 356 N   0.14522 0.14522 0.14517 0.14467 0.14166 0.12998 0.09902 0.04906 ( 1)  0.064
 357 K   0.14759 0.14759 0.14754 0.14694 0.14341 0.12982 0.09482 0.04229 ( 1)  0.059
 358 D   0.14824 0.14823 0.14818 0.14756 0.14389 0.12979 0.09369 0.04043 ( 1)  0.058
 359 L   0.13838 0.13838 0.13835 0.13806 0.13631 0.12937 0.10966 0.07149 ( 1)  0.081
 360 D   0.14824 0.14823 0.14818 0.14756 0.14389 0.12979 0.09369 0.04043 ( 1)  0.058
 361 A   0.00000 0.00000 0.00000 0.00003 0.00113 0.02078 0.19127 0.78678 ( 8)  0.548
 362 R   0.14511 0.14511 0.14506 0.14456 0.14158 0.13000 0.09924 0.04933 ( 1)  0.065
 363 L   0.13715 0.13715 0.13713 0.13687 0.13531 0.12911 0.11133 0.07595 ( 1)  0.084
 364 F   0.14457 0.14457 0.14453 0.14405 0.14117 0.13000 0.10014 0.05098 ( 1)  0.066
 365 L   0.13408 0.13407 0.13406 0.13388 0.13277 0.12835 0.11533 0.08746 ( 1)  0.092
 366 D   0.14824 0.14823 0.14818 0.14756 0.14389 0.12979 0.09369 0.04043 ( 1)  0.058
 367 H   0.14522 0.14522 0.14517 0.14467 0.14166 0.12999 0.09904 0.04904 ( 1)  0.064
 368 D   0.14824 0.14823 0.14818 0.14756 0.14389 0.12979 0.09369 0.04043 ( 1)  0.058
 369 K   0.00000 0.00001 0.00043 0.00531 0.03393 0.13794 0.35402 0.46835 ( 8)  0.389
 370 T   0.14550 0.14550 0.14545 0.14493 0.14186 0.12997 0.09854 0.04825 ( 1)  0.064
 371 L   0.14254 0.14254 0.14250 0.14209 0.13961 0.12990 0.10343 0.05739 ( 1)  0.071
 372 Q   0.13543 0.13543 0.13541 0.13520 0.13390 0.12874 0.11365 0.08224 ( 1)  0.089
 373 T   0.14550 0.14550 0.14545 0.14493 0.14186 0.12997 0.09854 0.04825 ( 1)  0.064
 374 D   0.14824 0.14823 0.14818 0.14756 0.14389 0.12979 0.09369 0.04043 ( 1)  0.058
 375 S   0.00000 0.00001 0.00034 0.00420 0.02704 0.11328 0.31938 0.53575 ( 8)  0.422
 376 I   0.14979 0.14979 0.14973 0.14905 0.14499 0.12953 0.09075 0.03637 ( 1)  0.055
 377 D   0.13923 0.13923 0.13921 0.13889 0.13700 0.12953 0.10846 0.06845 ( 1)  0.079
 378 -   0.12500 0.12500 0.12500 0.12500 0.12500 0.12500 0.12500 0.12500 ( 3)  0.118
 379 -   0.12500 0.12500 0.12500 0.12500 0.12500 0.12500 0.12500 0.12500 ( 8)  0.118
 380 -   0.12500 0.12500 0.12500 0.12500 0.12500 0.12500 0.12500 0.12500 ( 8)  0.118
 381 S   0.14598 0.14598 0.14593 0.14540 0.14224 0.12999 0.09775 0.04672 ( 1)  0.063
 382 F   0.14463 0.14463 0.14459 0.14411 0.14122 0.13000 0.10004 0.05078 ( 1)  0.066
 383 E   0.14716 0.14716 0.14711 0.14653 0.14310 0.12988 0.09563 0.04345 ( 1)  0.060
 384 A   0.00000 0.00000 0.00000 0.00001 0.00053 0.01089 0.13144 0.85712 ( 8)  0.579
 385 Q   0.13582 0.13582 0.13580 0.13557 0.13422 0.12881 0.11311 0.08085 ( 1)  0.088
 386 R   0.00000 0.00001 0.00039 0.00476 0.03048 0.12579 0.33810 0.50048 ( 8)  0.405
 387 T   0.14612 0.14612 0.14607 0.14554 0.14233 0.12994 0.09746 0.04641 ( 1)  0.062
 388 P   0.14183 0.14183 0.14179 0.14140 0.13905 0.12985 0.10456 0.05969 ( 1)  0.072
 389 R   0.00000 0.00001 0.00029 0.00361 0.02330 0.09939 0.29674 0.57666 ( 8)  0.442
 390 K   0.14770 0.14770 0.14765 0.14705 0.14349 0.12981 0.09463 0.04198 ( 1)  0.059
 391 S   0.00000 0.00000 0.00000 0.00003 0.00123 0.02246 0.20145 0.77482 ( 8)  0.543
 392 N   0.14091 0.14091 0.14088 0.14051 0.13833 0.12972 0.10591 0.06282 ( 1)  0.075
 393 L   0.00000 0.00000 0.00000 0.00000 0.00002 0.00207 0.06931 0.92860 ( 8)  0.610
 394 D   0.00000 0.00000 0.00000 0.00003 0.00123 0.02242 0.20101 0.77531 ( 8)  0.543
 395 E   0.14716 0.14716 0.14711 0.14653 0.14310 0.12988 0.09563 0.04345 ( 1)  0.060
 396 E   0.14061 0.14061 0.14058 0.14022 0.13809 0.12969 0.10637 0.06383 ( 1)  0.075
 397 V   0.00000 0.00001 0.00031 0.00380 0.02451 0.10391 0.30434 0.56313 ( 8)  0.436
 398 N   0.14892 0.14891 0.14886 0.14821 0.14437 0.12968 0.09241 0.03864 ( 1)  0.056
 399 V   0.00000 0.00000 0.00000 0.00002 0.00084 0.01583 0.15927 0.82404 ( 8)  0.564
 400 I   0.14695 0.14695 0.14690 0.14633 0.14295 0.12988 0.09598 0.04405 ( 1)  0.061
 401 S   0.00000 0.00000 0.00000 0.00002 0.00089 0.01676 0.16557 0.81676 ( 8)  0.561
 402 P   0.14212 0.14212 0.14208 0.14168 0.13928 0.12988 0.10411 0.05874 ( 1)  0.072
 403 H   0.13722 0.13722 0.13720 0.13693 0.13537 0.12915 0.11129 0.07562 ( 1)  0.084
 404 T   0.14492 0.14492 0.14488 0.14438 0.14143 0.12998 0.09952 0.04996 ( 1)  0.065
 405 P   0.14223 0.14223 0.14219 0.14179 0.13937 0.12989 0.10393 0.05837 ( 1)  0.071
 406 V   0.14535 0.14535 0.14531 0.14480 0.14176 0.12997 0.09879 0.04869 ( 1)  0.064
 407 R   0.13835 0.13835 0.13832 0.13803 0.13629 0.12938 0.10973 0.07156 ( 1)  0.081
 408 T   0.14556 0.14556 0.14551 0.14500 0.14191 0.12996 0.09843 0.04806 ( 1)  0.064
 409 V   0.14535 0.14535 0.14531 0.14480 0.14176 0.12997 0.09879 0.04869 ( 1)  0.064
 410 M   0.14869 0.14869 0.14864 0.14800 0.14423 0.12976 0.09288 0.03912 ( 1)  0.057
 411 N   0.00000 0.00001 0.00039 0.00480 0.03075 0.12667 0.33871 0.49867 ( 8)  0.404
 412 T   0.14556 0.14556 0.14551 0.14500 0.14191 0.12996 0.09843 0.04806 ( 1)  0.064
 413 I   0.13730 0.13730 0.13728 0.13701 0.13544 0.12916 0.11116 0.07535 ( 1)  0.084
 414 Q   0.13900 0.13900 0.13897 0.13866 0.13680 0.12946 0.10875 0.06938 ( 1)  0.080
 415 Q   0.14043 0.14043 0.14040 0.14005 0.13795 0.12970 0.10669 0.06435 ( 1)  0.076
 416 L   0.13755 0.13755 0.13752 0.13725 0.13564 0.12921 0.11082 0.07446 ( 1)  0.083
 417 M   0.14869 0.14869 0.14864 0.14800 0.14423 0.12976 0.09288 0.03912 ( 1)  0.057
 418 M   0.14869 0.14869 0.14864 0.14800 0.14423 0.12976 0.09288 0.03912 ( 1)  0.057
 419 I   0.14695 0.14695 0.14690 0.14633 0.14295 0.12988 0.09598 0.04405 ( 1)  0.061
 420 L   0.13755 0.13755 0.13752 0.13725 0.13564 0.12921 0.11082 0.07446 ( 1)  0.083
 421 N   0.14892 0.14891 0.14886 0.14821 0.14437 0.12968 0.09241 0.03864 ( 1)  0.056
 422 S   0.13918 0.13918 0.13915 0.13884 0.13696 0.12951 0.10852 0.06865 ( 1)  0.079
 423 A   0.00000 0.00001 0.00037 0.00450 0.02887 0.11990 0.32920 0.51716 ( 8)  0.413
 424 S   0.14598 0.14598 0.14593 0.14540 0.14224 0.12999 0.09775 0.04672 ( 1)  0.063
 425 D   0.14830 0.14830 0.14825 0.14763 0.14394 0.12978 0.09356 0.04023 ( 1)  0.058
 426 Q   0.13968 0.13968 0.13965 0.13932 0.13736 0.12958 0.10778 0.06694 ( 1)  0.078
 427 P   0.14161 0.14161 0.14158 0.14119 0.13889 0.12983 0.10490 0.06039 ( 1)  0.073
 428 S   0.13955 0.13955 0.13952 0.13920 0.13725 0.12957 0.10798 0.06738 ( 1)  0.078
 429 E   0.14716 0.14716 0.14711 0.14653 0.14310 0.12988 0.09563 0.04345 ( 1)  0.060
 430 N   0.14892 0.14891 0.14886 0.14821 0.14437 0.12968 0.09241 0.03864 ( 1)  0.056
 431 L   0.13283 0.13283 0.13281 0.13266 0.13173 0.12800 0.11687 0.09229 ( 1)  0.096
 432 I   0.14695 0.14695 0.14690 0.14633 0.14295 0.12988 0.09598 0.04405 ( 1)  0.061
 433 S   0.13326 0.13326 0.13324 0.13308 0.13209 0.12813 0.11635 0.09058 ( 1)  0.095
 434 Y   0.14268 0.14268 0.14264 0.14222 0.13972 0.12991 0.10321 0.05694 ( 1)  0.070
 435 F   0.14463 0.14463 0.14459 0.14411 0.14122 0.13000 0.10004 0.05078 ( 1)  0.066
 436 N   0.14578 0.14578 0.14573 0.14520 0.14206 0.12991 0.09799 0.04756 ( 1)  0.063
 437 N   0.14042 0.14042 0.14039 0.14004 0.13794 0.12969 0.10670 0.06440 ( 1)  0.076
 438 C   0.13255 0.13255 0.13253 0.13238 0.13150 0.12792 0.11721 0.09337 ( 1)  0.097
 439 T   0.14612 0.14612 0.14607 0.14554 0.14233 0.12994 0.09746 0.04641 ( 1)  0.062
 440 V   0.13899 0.13899 0.13897 0.13866 0.13680 0.12948 0.10879 0.06932 ( 1)  0.080
 441 N   0.14892 0.14891 0.14886 0.14821 0.14437 0.12968 0.09241 0.03864 ( 1)  0.056
 442 P   0.14181 0.14181 0.14178 0.14139 0.13904 0.12985 0.10458 0.05974 ( 1)  0.072
 443 K   0.14770 0.14770 0.14765 0.14705 0.14349 0.12981 0.09463 0.04198 ( 1)  0.059
 444 E   0.14716 0.14716 0.14711 0.14653 0.14310 0.12988 0.09563 0.04345 ( 1)  0.060
 445 S   0.00000 0.00001 0.00040 0.00488 0.03124 0.12849 0.34179 0.49320 ( 8)  0.401
 446 I   0.14460 0.14460 0.14456 0.14407 0.14117 0.12991 0.09997 0.05111 ( 1)  0.066
 447 L   0.13284 0.13284 0.13282 0.13267 0.13174 0.12800 0.11684 0.09225 ( 1)  0.096
 448 K   0.14719 0.14719 0.14714 0.14656 0.14311 0.12984 0.09552 0.04344 ( 1)  0.060
 449 R   0.14517 0.14517 0.14513 0.14462 0.14163 0.13000 0.09913 0.04914 ( 1)  0.065
 450 V   0.13771 0.13771 0.13769 0.13741 0.13577 0.12924 0.11060 0.07387 ( 1)  0.083
 451 K   0.14086 0.14086 0.14083 0.14047 0.13829 0.12974 0.10603 0.06291 ( 1)  0.075
 452 D   0.14830 0.14830 0.14825 0.14763 0.14394 0.12978 0.09356 0.04023 ( 1)  0.058
 453 I   0.00000 0.00001 0.00044 0.00541 0.03452 0.13995 0.35632 0.46336 ( 8)  0.386
 454 G   0.14206 0.14206 0.14202 0.14162 0.13924 0.12988 0.10422 0.05890 ( 1)  0.072
 455 Y   0.13806 0.13806 0.13804 0.13775 0.13605 0.12930 0.11008 0.07265 ( 1)  0.082
 456 I   0.13974 0.13974 0.13971 0.13938 0.13739 0.12956 0.10766 0.06683 ( 1)  0.078
 457 F   0.14463 0.14463 0.14459 0.14411 0.14122 0.13000 0.10004 0.05078 ( 1)  0.066
 458 K   0.14770 0.14770 0.14765 0.14705 0.14349 0.12981 0.09463 0.04198 ( 1)  0.059
 459 E   0.14004 0.14004 0.14001 0.13967 0.13764 0.12964 0.10727 0.06568 ( 1)  0.077
 460 K   0.14770 0.14770 0.14765 0.14705 0.14349 0.12981 0.09463 0.04198 ( 1)  0.059
 461 F   0.14408 0.14408 0.14404 0.14357 0.14080 0.12997 0.10094 0.05252 ( 1)  0.067
 462 A   0.14395 0.14395 0.14391 0.14345 0.14069 0.12996 0.10114 0.05294 ( 1)  0.067
 463 E   0.00000 0.00001 0.00044 0.00542 0.03459 0.14025 0.35701 0.46228 ( 8)  0.386
 464 A   0.14224 0.14224 0.14221 0.14180 0.13938 0.12988 0.10391 0.05834 ( 1)  0.071
 465 V   0.13771 0.13771 0.13769 0.13741 0.13577 0.12924 0.11060 0.07387 ( 1)  0.083
 466 G   0.14214 0.14214 0.14210 0.14170 0.13930 0.12989 0.10410 0.05865 ( 1)  0.072
 467 Q   0.13583 0.13583 0.13581 0.13559 0.13423 0.12882 0.11309 0.08080 ( 1)  0.088
 468 G   0.14214 0.14214 0.14211 0.14170 0.13930 0.12989 0.10409 0.05862 ( 1)  0.072
 469 C   0.13973 0.13973 0.13970 0.13937 0.13740 0.12961 0.10774 0.06669 ( 1)  0.078
 470 V   0.14263 0.14263 0.14259 0.14217 0.13967 0.12988 0.10326 0.05718 ( 1)  0.071
 471 E   0.14716 0.14716 0.14711 0.14653 0.14310 0.12988 0.09563 0.04345 ( 1)  0.060
 472 I   0.14695 0.14695 0.14690 0.14633 0.14295 0.12988 0.09598 0.04405 ( 1)  0.061
 473 G   0.14214 0.14214 0.14210 0.14170 0.13930 0.12989 0.10410 0.05865 ( 1)  0.072
 474 S   0.13916 0.13916 0.13913 0.13881 0.13694 0.12951 0.10856 0.06874 ( 1)  0.079
 475 Q   0.13547 0.13547 0.13545 0.13523 0.13393 0.12875 0.11360 0.08209 ( 1)  0.089
 476 R   0.13700 0.13700 0.13698 0.13673 0.13520 0.12911 0.11158 0.07641 ( 1)  0.085
 477 Y   0.13614 0.13614 0.13612 0.13589 0.13449 0.12889 0.11270 0.07963 ( 1)  0.087
 478 K   0.14770 0.14770 0.14765 0.14705 0.14349 0.12981 0.09463 0.04198 ( 1)  0.059
 479 L   0.14260 0.14259 0.14256 0.14214 0.13965 0.12991 0.10334 0.05721 ( 1)  0.071
 480 G   0.14214 0.14214 0.14210 0.14170 0.13930 0.12989 0.10409 0.05864 ( 1)  0.072
 481 V   0.14312 0.14312 0.14309 0.14265 0.14006 0.12993 0.10249 0.05553 ( 1)  0.069
 482 R   0.13453 0.13453 0.13452 0.13432 0.13316 0.12850 0.11478 0.08566 ( 1)  0.091
 483 L   0.13385 0.13385 0.13383 0.13365 0.13259 0.12831 0.11564 0.08829 ( 1)  0.093
 484 Y   0.14268 0.14268 0.14264 0.14222 0.13972 0.12991 0.10321 0.05694 ( 1)  0.070
 485 Y   0.13395 0.13395 0.13394 0.13376 0.13268 0.12833 0.11550 0.08788 ( 1)  0.093
 486 R   0.13700 0.13700 0.13698 0.13673 0.13520 0.12911 0.11158 0.07641 ( 1)  0.085
 487 V   0.14579 0.14579 0.14575 0.14522 0.14209 0.12996 0.09803 0.04738 ( 1)  0.063
 488 M   0.14869 0.14869 0.14864 0.14800 0.14423 0.12976 0.09288 0.03912 ( 1)  0.057
 489 E   0.14716 0.14716 0.14711 0.14653 0.14310 0.12988 0.09563 0.04345 ( 1)  0.060
 490 S   0.13531 0.13531 0.13529 0.13508 0.13380 0.12870 0.11379 0.08272 ( 1)  0.089
 491 M   0.14869 0.14869 0.14864 0.14800 0.14423 0.12976 0.09288 0.03912 ( 1)  0.057
 492 L   0.14260 0.14259 0.14256 0.14214 0.13965 0.12991 0.10334 0.05721 ( 1)  0.071
 493 K   0.14770 0.14770 0.14765 0.14705 0.14349 0.12981 0.09463 0.04198 ( 1)  0.059
 494 S   0.13955 0.13955 0.13952 0.13920 0.13725 0.12957 0.10798 0.06738 ( 1)  0.078
 495 E   0.14716 0.14716 0.14711 0.14653 0.14310 0.12988 0.09563 0.04345 ( 1)  0.060
 496 E   0.14716 0.14716 0.14711 0.14653 0.14310 0.12988 0.09563 0.04345 ( 1)  0.060
 497 E   0.14716 0.14716 0.14711 0.14653 0.14310 0.12988 0.09563 0.04345 ( 1)  0.060
 498 R   0.13757 0.13757 0.13755 0.13728 0.13564 0.12916 0.11069 0.07454 ( 1)  0.083
 499 L   0.13755 0.13755 0.13752 0.13725 0.13564 0.12921 0.11082 0.07446 ( 1)  0.083
 500 S   0.13326 0.13326 0.13324 0.13308 0.13209 0.12813 0.11635 0.09058 ( 1)  0.095
 501 I   0.14695 0.14695 0.14690 0.14633 0.14295 0.12988 0.09598 0.04405 ( 1)  0.061
 502 Q   0.14043 0.14043 0.14040 0.14005 0.13795 0.12970 0.10669 0.06435 ( 1)  0.076
 503 N   0.14892 0.14891 0.14886 0.14821 0.14437 0.12968 0.09241 0.03864 ( 1)  0.056
 504 F   0.14456 0.14456 0.14452 0.14404 0.14117 0.12999 0.10015 0.05101 ( 1)  0.066
 505 S   0.13691 0.13691 0.13688 0.13663 0.13512 0.12909 0.11172 0.07675 ( 1)  0.085
 506 K   0.14770 0.14770 0.14765 0.14705 0.14349 0.12981 0.09463 0.04198 ( 1)  0.059
 507 L   0.13919 0.13919 0.13916 0.13884 0.13696 0.12951 0.10851 0.06863 ( 1)  0.079
 508 L   0.13428 0.13428 0.13427 0.13408 0.13295 0.12842 0.11509 0.08664 ( 1)  0.092
 509 N   0.14767 0.14767 0.14761 0.14702 0.14347 0.12981 0.09468 0.04208 ( 1)  0.059
 510 D   0.13928 0.13928 0.13925 0.13894 0.13704 0.12954 0.10839 0.06828 ( 1)  0.079
 511 N   0.00000 0.00001 0.00033 0.00406 0.02612 0.10991 0.31413 0.54545 ( 8)  0.427
 512 I   0.00000 0.00001 0.00037 0.00453 0.02904 0.12058 0.33040 0.51508 ( 8)  0.412
 513 F   0.14463 0.14463 0.14459 0.14411 0.14122 0.13000 0.10004 0.05078 ( 1)  0.066
 514 H   0.14528 0.14528 0.14524 0.14473 0.14171 0.12999 0.09893 0.04885 ( 1)  0.064
 515 M   0.14869 0.14869 0.14864 0.14800 0.14423 0.12976 0.09288 0.03912 ( 1)  0.057
 516 S   0.14135 0.14135 0.14132 0.14094 0.13868 0.12981 0.10530 0.06124 ( 1)  0.074
 517 L   0.13755 0.13755 0.13752 0.13725 0.13564 0.12921 0.11082 0.07446 ( 1)  0.083
 518 L   0.13374 0.13374 0.13373 0.13355 0.13250 0.12826 0.11573 0.08874 ( 1)  0.093
 519 A   0.13706 0.13706 0.13704 0.13678 0.13524 0.12912 0.11149 0.07620 ( 1)  0.084
 520 C   0.13886 0.13886 0.13883 0.13853 0.13670 0.12947 0.10900 0.06974 ( 1)  0.080
 521 A   0.14437 0.14437 0.14433 0.14385 0.14102 0.12998 0.10046 0.05162 ( 1)  0.066
 522 L   0.14260 0.14259 0.14256 0.14214 0.13965 0.12991 0.10334 0.05721 ( 1)  0.071
 523 E   0.00000 0.00001 0.00033 0.00405 0.02607 0.10972 0.31379 0.54603 ( 8)  0.427
 524 V   0.00000 0.00001 0.00041 0.00501 0.03205 0.13135 0.34555 0.48563 ( 8)  0.397
 525 V   0.14591 0.14591 0.14586 0.14533 0.14217 0.12995 0.09783 0.04704 ( 1)  0.063
 526 M   0.14869 0.14869 0.14864 0.14800 0.14423 0.12976 0.09288 0.03912 ( 1)  0.057
 527 A   0.13941 0.13941 0.13938 0.13906 0.13714 0.12953 0.10816 0.06791 ( 1)  0.078
 528 T   0.14612 0.14612 0.14607 0.14554 0.14233 0.12994 0.09746 0.04641 ( 1)  0.062
 529 Y   0.14268 0.14268 0.14264 0.14222 0.13972 0.12991 0.10321 0.05694 ( 1)  0.070
 530 S   0.13691 0.13691 0.13688 0.13663 0.13512 0.12909 0.11172 0.07675 ( 1)  0.085
 531 R   0.14517 0.14517 0.14513 0.14462 0.14163 0.13000 0.09913 0.04914 ( 1)  0.065
 532 S   0.14471 0.14470 0.14466 0.14418 0.14128 0.13000 0.09992 0.05056 ( 1)  0.066
 533 T   0.14611 0.14611 0.14606 0.14552 0.14232 0.12994 0.09748 0.04645 ( 1)  0.062
 534 S   0.14129 0.14129 0.14126 0.14088 0.13864 0.12980 0.10539 0.06144 ( 1)  0.074
 535 Q   0.13547 0.13547 0.13545 0.13523 0.13393 0.12875 0.11360 0.08209 ( 1)  0.089
 536 N   0.14892 0.14891 0.14886 0.14821 0.14437 0.12968 0.09241 0.03864 ( 1)  0.056
 537 L   0.14260 0.14259 0.14256 0.14214 0.13965 0.12991 0.10334 0.05721 ( 1)  0.071
 538 D   0.14830 0.14830 0.14825 0.14763 0.14394 0.12978 0.09356 0.04023 ( 1)  0.058
 539 S   0.14145 0.14145 0.14142 0.14104 0.13876 0.12982 0.10515 0.06092 ( 1)  0.073
 540 G   0.14214 0.14214 0.14210 0.14170 0.13930 0.12989 0.10410 0.05865 ( 1)  0.072
 541 T   0.14612 0.14612 0.14607 0.14554 0.14233 0.12994 0.09746 0.04641 ( 1)  0.062
 542 D   0.14830 0.14830 0.14825 0.14763 0.14394 0.12978 0.09356 0.04023 ( 1)  0.058
 543 L   0.13385 0.13385 0.13383 0.13365 0.13259 0.12831 0.11564 0.08829 ( 1)  0.093
 544 S   0.13592 0.13592 0.13590 0.13568 0.13431 0.12886 0.11302 0.08038 ( 1)  0.087
 545 F   0.13649 0.13649 0.13647 0.13623 0.13478 0.12899 0.11227 0.07829 ( 1)  0.086
 546 P   0.14223 0.14223 0.14219 0.14179 0.13937 0.12989 0.10393 0.05837 ( 1)  0.071
 547 W   0.13118 0.13118 0.13117 0.13105 0.13034 0.12747 0.11877 0.09884 ( 1)  0.100
 548 I   0.14695 0.14695 0.14690 0.14633 0.14295 0.12988 0.09598 0.04405 ( 1)  0.061
 549 L   0.13283 0.13283 0.13281 0.13266 0.13173 0.12800 0.11687 0.09229 ( 1)  0.096
 550 N   0.14892 0.14891 0.14886 0.14821 0.14437 0.12968 0.09241 0.03864 ( 1)  0.056
 551 V   0.14320 0.14320 0.14317 0.14273 0.14011 0.12991 0.10233 0.05534 ( 1)  0.069
 552 L   0.14260 0.14259 0.14256 0.14214 0.13965 0.12991 0.10334 0.05721 ( 1)  0.071
 553 N   0.14892 0.14891 0.14886 0.14821 0.14437 0.12968 0.09241 0.03864 ( 1)  0.056
 554 L   0.13706 0.13706 0.13704 0.13678 0.13524 0.12911 0.11147 0.07623 ( 1)  0.084
 555 K   0.14770 0.14770 0.14765 0.14705 0.14349 0.12981 0.09463 0.04198 ( 1)  0.059
 556 A   0.13492 0.13492 0.13491 0.13470 0.13348 0.12860 0.11429 0.08416 ( 1)  0.090
 557 F   0.14463 0.14463 0.14459 0.14411 0.14122 0.13000 0.10004 0.05078 ( 1)  0.066
 558 D   0.14830 0.14830 0.14825 0.14763 0.14394 0.12978 0.09356 0.04023 ( 1)  0.058
 559 F   0.14463 0.14463 0.14459 0.14411 0.14122 0.13000 0.10004 0.05078 ( 1)  0.066
 560 Y   0.13395 0.13395 0.13394 0.13376 0.13268 0.12833 0.11550 0.08788 ( 1)  0.093
 561 K   0.14770 0.14770 0.14765 0.14705 0.14349 0.12981 0.09463 0.04198 ( 1)  0.059
 562 V   0.13771 0.13771 0.13769 0.13741 0.13577 0.12924 0.11060 0.07387 ( 1)  0.083
 563 I   0.14646 0.14646 0.14641 0.14586 0.14258 0.12991 0.09684 0.04547 ( 1)  0.062
 564 E   0.14716 0.14716 0.14711 0.14653 0.14310 0.12988 0.09563 0.04345 ( 1)  0.060
 565 S   0.14598 0.14598 0.14593 0.14540 0.14224 0.12999 0.09775 0.04672 ( 1)  0.063
 566 F   0.14463 0.14463 0.14459 0.14411 0.14122 0.13000 0.10004 0.05078 ( 1)  0.066
 567 I   0.13748 0.13748 0.13746 0.13719 0.13558 0.12919 0.11090 0.07472 ( 1)  0.083
 568 K   0.14762 0.14762 0.14757 0.14697 0.14343 0.12982 0.09477 0.04222 ( 1)  0.059
 569 A   0.14491 0.14491 0.14487 0.14437 0.14143 0.12999 0.09955 0.04997 ( 1)  0.065
 570 E   0.14716 0.14716 0.14711 0.14653 0.14310 0.12988 0.09563 0.04345 ( 1)  0.060
 571 G   0.00000 0.00001 0.00026 0.00319 0.02071 0.08956 0.27922 0.60705 ( 8)  0.457
 572 N   0.00000 0.00001 0.00033 0.00404 0.02600 0.10946 0.31341 0.54675 ( 8)  0.428
 573 L   0.13385 0.13385 0.13383 0.13365 0.13259 0.12831 0.11564 0.08829 ( 1)  0.093
 574 T   0.14612 0.14612 0.14607 0.14554 0.14233 0.12994 0.09746 0.04641 ( 1)  0.062
 575 R   0.14517 0.14517 0.14513 0.14462 0.14163 0.13000 0.09913 0.04914 ( 1)  0.065
 576 E   0.14716 0.14716 0.14711 0.14653 0.14310 0.12988 0.09563 0.04345 ( 1)  0.060
 577 M   0.14869 0.14869 0.14864 0.14800 0.14423 0.12976 0.09288 0.03912 ( 1)  0.057
 578 I   0.14986 0.14986 0.14980 0.14911 0.14505 0.12952 0.09061 0.03618 ( 1)  0.054
 579 K   0.14770 0.14770 0.14765 0.14705 0.14349 0.12981 0.09463 0.04198 ( 1)  0.059
 580 H   0.14428 0.14428 0.14424 0.14377 0.14095 0.12998 0.10060 0.05190 ( 1)  0.067
 581 L   0.13755 0.13755 0.13752 0.13725 0.13564 0.12921 0.11082 0.07446 ( 1)  0.083
 582 E   0.14716 0.14716 0.14711 0.14653 0.14310 0.12988 0.09563 0.04345 ( 1)  0.060
 583 R   0.13680 0.13680 0.13678 0.13653 0.13503 0.12906 0.11183 0.07716 ( 1)  0.085
 584 C   0.13973 0.13973 0.13970 0.13937 0.13740 0.12961 0.10774 0.06669 ( 1)  0.078
 585 E   0.14716 0.14716 0.14711 0.14653 0.14310 0.12988 0.09563 0.04345 ( 1)  0.060
 586 H   0.14528 0.14528 0.14524 0.14473 0.14171 0.12999 0.09893 0.04885 ( 1)  0.064
 587 R   0.13700 0.13700 0.13698 0.13673 0.13520 0.12911 0.11158 0.07641 ( 1)  0.085
 588 I   0.13730 0.13730 0.13728 0.13701 0.13544 0.12916 0.11116 0.07535 ( 1)  0.084
 589 M   0.14869 0.14869 0.14864 0.14800 0.14423 0.12976 0.09288 0.03912 ( 1)  0.057
 590 E   0.14716 0.14716 0.14711 0.14653 0.14310 0.12988 0.09563 0.04345 ( 1)  0.060
 591 S   0.13326 0.13326 0.13324 0.13308 0.13209 0.12813 0.11635 0.09058 ( 1)  0.095
 592 L   0.14260 0.14259 0.14256 0.14214 0.13965 0.12991 0.10334 0.05721 ( 1)  0.071
 593 A   0.14419 0.14419 0.14415 0.14368 0.14088 0.12998 0.10076 0.05218 ( 1)  0.067
 594 W   0.13118 0.13118 0.13117 0.13105 0.13034 0.12747 0.11877 0.09884 ( 1)  0.100
 595 L   0.00000 0.00001 0.00026 0.00320 0.02072 0.08961 0.27931 0.60689 ( 8)  0.457
 596 S   0.13955 0.13955 0.13952 0.13920 0.13725 0.12957 0.10798 0.06738 ( 1)  0.078
 597 D   0.14830 0.14830 0.14825 0.14763 0.14394 0.12978 0.09356 0.04023 ( 1)  0.058
 598 S   0.13949 0.13949 0.13946 0.13914 0.13720 0.12956 0.10807 0.06760 ( 1)  0.078
 599 P   0.14174 0.14174 0.14171 0.14132 0.13899 0.12985 0.10469 0.05996 ( 1)  0.073
 600 L   0.13726 0.13725 0.13723 0.13697 0.13539 0.12914 0.11120 0.07556 ( 1)  0.084
 601 F   0.14463 0.14463 0.14459 0.14411 0.14122 0.13000 0.10004 0.05078 ( 1)  0.066
 602 D   0.14830 0.14830 0.14825 0.14763 0.14394 0.12978 0.09356 0.04023 ( 1)  0.058
 603 L   0.14260 0.14259 0.14256 0.14214 0.13965 0.12991 0.10334 0.05721 ( 1)  0.071
 604 I   0.14695 0.14695 0.14690 0.14633 0.14295 0.12988 0.09598 0.04405 ( 1)  0.061
 605 K   0.14770 0.14770 0.14765 0.14705 0.14349 0.12981 0.09463 0.04198 ( 1)  0.059
 606 Q   0.13924 0.13924 0.13921 0.13889 0.13700 0.12952 0.10843 0.06847 ( 1)  0.079
 607 S   0.13955 0.13955 0.13952 0.13920 0.13725 0.12957 0.10798 0.06738 ( 1)  0.078
 608 K   0.14086 0.14086 0.14083 0.14047 0.13829 0.12974 0.10603 0.06291 ( 1)  0.075
 609 D   0.14155 0.14155 0.14151 0.14113 0.13883 0.12980 0.10495 0.06070 ( 1)  0.073
 610 R   0.00000 0.00000 0.00017 0.00210 0.01387 0.06384 0.23512 0.68489 ( 8)  0.495
 611 E   0.14716 0.14716 0.14711 0.14653 0.14310 0.12988 0.09563 0.04345 ( 1)  0.060
 612 G   0.14214 0.14214 0.14210 0.14170 0.13930 0.12989 0.10410 0.05865 ( 1)  0.072
 613 P   0.00000 0.00001 0.00035 0.00434 0.02786 0.11629 0.32404 0.52711 ( 8)  0.418
 614 T   0.00000 0.00001 0.00036 0.00448 0.02878 0.11969 0.32953 0.51715 ( 8)  0.413
 615 D   0.14830 0.14830 0.14825 0.14763 0.14394 0.12978 0.09356 0.04023 ( 1)  0.058
 616 H   0.13722 0.13722 0.13720 0.13693 0.13537 0.12915 0.11129 0.07562 ( 1)  0.084
 617 L   0.00000 0.00000 0.00000 0.00002 0.00100 0.01868 0.17805 0.80224 ( 8)  0.555
 618 E   0.14716 0.14716 0.14711 0.14653 0.14310 0.12988 0.09563 0.04345 ( 1)  0.060
 619 S   0.00000 0.00001 0.00034 0.00421 0.02711 0.11352 0.31978 0.53503 ( 8)  0.422
 620 A   0.14437 0.14437 0.14433 0.14385 0.14102 0.12998 0.10046 0.05162 ( 1)  0.066
 621 C   0.13973 0.13973 0.13970 0.13937 0.13740 0.12961 0.10774 0.06669 ( 1)  0.078
 622 P   0.14174 0.14174 0.14171 0.14132 0.13899 0.12985 0.10469 0.05996 ( 1)  0.073
 623 L   0.00000 0.00001 0.00036 0.00445 0.02858 0.11889 0.32789 0.51982 ( 8)  0.414
 624 N   0.14892 0.14891 0.14886 0.14821 0.14437 0.12968 0.09241 0.03864 ( 1)  0.056
 625 V   0.00000 0.00000 0.00000 0.00002 0.00100 0.01865 0.17785 0.80248 ( 8)  0.555
 626 P   0.00000 0.00001 0.00035 0.00430 0.02761 0.11539 0.32266 0.52968 ( 8)  0.419
 627 L   0.13391 0.13391 0.13389 0.13371 0.13264 0.12832 0.11556 0.08806 ( 1)  0.093
 628 Q   0.13582 0.13582 0.13580 0.13557 0.13422 0.12881 0.11311 0.08085 ( 1)  0.088
 629 N   0.14892 0.14891 0.14886 0.14821 0.14437 0.12968 0.09241 0.03864 ( 1)  0.056
 630 N   0.14892 0.14891 0.14886 0.14821 0.14437 0.12968 0.09241 0.03864 ( 1)  0.056
 631 H   0.13875 0.13875 0.13872 0.13842 0.13660 0.12939 0.10906 0.07031 ( 1)  0.080
 632 T   0.14492 0.14492 0.14488 0.14438 0.14143 0.12998 0.09952 0.04996 ( 1)  0.065
 633 A   0.14491 0.14491 0.14487 0.14437 0.14143 0.12999 0.09955 0.04997 ( 1)  0.065
 634 A   0.14491 0.14491 0.14487 0.14437 0.14143 0.12999 0.09955 0.04997 ( 1)  0.065
 635 D   0.14793 0.14793 0.14788 0.14727 0.14366 0.12981 0.09423 0.04130 ( 1)  0.058
 636 M   0.14869 0.14869 0.14864 0.14800 0.14423 0.12976 0.09288 0.03912 ( 1)  0.057
 637 Y   0.14268 0.14268 0.14264 0.14222 0.13972 0.12991 0.10321 0.05694 ( 1)  0.070
 638 L   0.14260 0.14259 0.14256 0.14214 0.13965 0.12991 0.10334 0.05721 ( 1)  0.071
 639 S   0.14131 0.14131 0.14128 0.14090 0.13865 0.12980 0.10536 0.06138 ( 1)  0.074
 640 P   0.14174 0.14174 0.14171 0.14132 0.13899 0.12985 0.10469 0.05996 ( 1)  0.073
 641 V   0.14591 0.14591 0.14586 0.14533 0.14217 0.12995 0.09783 0.04704 ( 1)  0.063
 642 R   0.14517 0.14517 0.14513 0.14462 0.14163 0.13000 0.09913 0.04914 ( 1)  0.065
 643 S   0.13590 0.13590 0.13588 0.13565 0.13429 0.12885 0.11305 0.08049 ( 1)  0.088
 644 P   0.14223 0.14223 0.14219 0.14179 0.13937 0.12989 0.10393 0.05837 ( 1)  0.071
 645 K   0.14086 0.14086 0.14083 0.14047 0.13829 0.12974 0.10603 0.06291 ( 1)  0.075
 646 K   0.14761 0.14760 0.14755 0.14696 0.14342 0.12982 0.09479 0.04225 ( 1)  0.059
 647 K   0.14770 0.14770 0.14765 0.14705 0.14349 0.12981 0.09463 0.04198 ( 1)  0.059
 648 -   0.12500 0.12500 0.12500 0.12500 0.12500 0.12500 0.12500 0.12500 ( 3)  0.118
 649 -   0.12500 0.12500 0.12500 0.12500 0.12500 0.12500 0.12500 0.12500 ( 8)  0.118
 650 -   0.12500 0.12500 0.12500 0.12500 0.12500 0.12500 0.12500 0.12500 ( 8)  0.118
 651 -   0.12500 0.12500 0.12500 0.12500 0.12500 0.12500 0.12500 0.12500 ( 8)  0.118
 652 -   0.12500 0.12500 0.12500 0.12500 0.12500 0.12500 0.12500 0.12500 ( 8)  0.118
 653 -   0.12500 0.12500 0.12500 0.12500 0.12500 0.12500 0.12500 0.12500 ( 8)  0.118
 654 -   0.12500 0.12500 0.12500 0.12500 0.12500 0.12500 0.12500 0.12500 ( 8)  0.118
 655 -   0.12500 0.12500 0.12500 0.12500 0.12500 0.12500 0.12500 0.12500 ( 8)  0.118
 656 -   0.12500 0.12500 0.12500 0.12500 0.12500 0.12500 0.12500 0.12500 ( 8)  0.118
 657 -   0.12500 0.12500 0.12500 0.12500 0.12500 0.12500 0.12500 0.12500 ( 6)  0.118
 658 -   0.12500 0.12500 0.12500 0.12500 0.12500 0.12500 0.12500 0.12500 ( 8)  0.118
 659 -   0.12500 0.12500 0.12500 0.12500 0.12500 0.12500 0.12500 0.12500 ( 6)  0.118
 660 -   0.12500 0.12500 0.12500 0.12500 0.12500 0.12500 0.12500 0.12500 ( 2)  0.118
 661 -   0.12500 0.12500 0.12500 0.12500 0.12500 0.12500 0.12500 0.12500 ( 1)  0.118
 662 -   0.12500 0.12500 0.12500 0.12500 0.12500 0.12500 0.12500 0.12500 ( 8)  0.118
 663 -   0.12500 0.12500 0.12500 0.12500 0.12500 0.12500 0.12500 0.12500 ( 2)  0.118
 664 -   0.12500 0.12500 0.12500 0.12500 0.12500 0.12500 0.12500 0.12500 ( 8)  0.118
 665 -   0.12500 0.12500 0.12500 0.12500 0.12500 0.12500 0.12500 0.12500 ( 8)  0.118
 666 -   0.12500 0.12500 0.12500 0.12500 0.12500 0.12500 0.12500 0.12500 ( 2)  0.118
 667 -   0.12500 0.12500 0.12500 0.12500 0.12500 0.12500 0.12500 0.12500 ( 8)  0.118
 668 -   0.12500 0.12500 0.12500 0.12500 0.12500 0.12500 0.12500 0.12500 ( 3)  0.118
 669 -   0.12500 0.12500 0.12500 0.12500 0.12500 0.12500 0.12500 0.12500 ( 1)  0.118
 670 -   0.12500 0.12500 0.12500 0.12500 0.12500 0.12500 0.12500 0.12500 ( 3)  0.118
 671 -   0.12500 0.12500 0.12500 0.12500 0.12500 0.12500 0.12500 0.12500 ( 2)  0.118
 672 -   0.12500 0.12500 0.12500 0.12500 0.12500 0.12500 0.12500 0.12500 ( 3)  0.118
 673 -   0.12500 0.12500 0.12500 0.12500 0.12500 0.12500 0.12500 0.12500 ( 8)  0.118
 674 -   0.12500 0.12500 0.12500 0.12500 0.12500 0.12500 0.12500 0.12500 ( 2)  0.118
 675 -   0.12500 0.12500 0.12500 0.12500 0.12500 0.12500 0.12500 0.12500 ( 8)  0.118
 676 -   0.12500 0.12500 0.12500 0.12500 0.12500 0.12500 0.12500 0.12500 ( 8)  0.118
 677 -   0.12500 0.12500 0.12500 0.12500 0.12500 0.12500 0.12500 0.12500 ( 8)  0.118
 678 -   0.12500 0.12500 0.12500 0.12500 0.12500 0.12500 0.12500 0.12500 ( 8)  0.118
 679 -   0.12500 0.12500 0.12500 0.12500 0.12500 0.12500 0.12500 0.12500 ( 8)  0.118
 680 -   0.12500 0.12500 0.12500 0.12500 0.12500 0.12500 0.12500 0.12500 ( 2)  0.118
 681 -   0.12500 0.12500 0.12500 0.12500 0.12500 0.12500 0.12500 0.12500 ( 8)  0.118
 682 -   0.12500 0.12500 0.12500 0.12500 0.12500 0.12500 0.12500 0.12500 ( 3)  0.118
 683 G   0.14223 0.14223 0.14219 0.14179 0.13937 0.12990 0.10396 0.05834 ( 1)  0.071
 684 S   0.13952 0.13952 0.13949 0.13917 0.13723 0.12956 0.10803 0.06749 ( 1)  0.078
 685 A   0.00000 0.00001 0.00040 0.00495 0.03166 0.12995 0.34361 0.48942 ( 8)  0.399
 686 T   0.14540 0.14540 0.14536 0.14485 0.14179 0.12996 0.09869 0.04854 ( 1)  0.064
 687 R   0.13987 0.13987 0.13984 0.13951 0.13751 0.12963 0.10754 0.06622 ( 1)  0.077
 688 V   0.14587 0.14587 0.14582 0.14529 0.14214 0.12995 0.09790 0.04716 ( 1)  0.063
 689 N   0.14887 0.14887 0.14881 0.14817 0.14434 0.12969 0.09249 0.03876 ( 1)  0.056
 690 S   0.14134 0.14134 0.14131 0.14093 0.13868 0.12981 0.10531 0.06128 ( 1)  0.074
 691 T   0.14552 0.14552 0.14547 0.14496 0.14188 0.12996 0.09850 0.04819 ( 1)  0.064
 692 A   0.14487 0.14487 0.14483 0.14433 0.14140 0.12999 0.09962 0.05010 ( 1)  0.065
 693 N   0.14887 0.14887 0.14881 0.14817 0.14434 0.12969 0.09249 0.03876 ( 1)  0.056
 694 A   0.14487 0.14487 0.14483 0.14433 0.14140 0.12999 0.09962 0.05010 ( 1)  0.065
 695 E   0.14001 0.14001 0.13998 0.13964 0.13762 0.12964 0.10732 0.06579 ( 1)  0.077
 696 T   0.14608 0.14608 0.14603 0.14549 0.14230 0.12995 0.09753 0.04654 ( 1)  0.063
 697 Q   0.14040 0.14040 0.14037 0.14002 0.13793 0.12969 0.10674 0.06446 ( 1)  0.076
 698 A   0.00000 0.00001 0.00040 0.00491 0.03142 0.12911 0.34258 0.49159 ( 8)  0.400
 699 T   0.13561 0.13561 0.13559 0.13537 0.13405 0.12877 0.11342 0.08160 ( 1)  0.088
 700 S   0.13952 0.13952 0.13949 0.13917 0.13723 0.12956 0.10803 0.06749 ( 1)  0.078
 701 A   0.13490 0.13490 0.13488 0.13468 0.13346 0.12860 0.11432 0.08425 ( 1)  0.090
 702 F   0.13646 0.13646 0.13644 0.13620 0.13475 0.12899 0.11231 0.07839 ( 1)  0.086
 703 Q   0.13544 0.13544 0.13543 0.13521 0.13391 0.12874 0.11363 0.08219 ( 1)  0.089
 704 T   0.00000 0.00001 0.00028 0.00340 0.02202 0.09457 0.28828 0.59144 ( 8)  0.450
 705 Q   0.13544 0.13544 0.13543 0.13521 0.13391 0.12874 0.11363 0.08219 ( 1)  0.089
 706 K   0.14083 0.14083 0.14079 0.14043 0.13827 0.12974 0.10609 0.06303 ( 1)  0.075
 707 P   0.14217 0.14217 0.14214 0.14173 0.13932 0.12988 0.10402 0.05856 ( 1)  0.072
 708 L   0.13383 0.13383 0.13381 0.13363 0.13257 0.12830 0.11567 0.08837 ( 1)  0.093
 709 K   0.14715 0.14714 0.14709 0.14652 0.14308 0.12985 0.09560 0.04357 ( 1)  0.060
 710 S   0.14142 0.14141 0.14138 0.14100 0.13873 0.12982 0.10520 0.06104 ( 1)  0.073
 711 T   0.13561 0.13561 0.13559 0.13537 0.13405 0.12877 0.11342 0.08160 ( 1)  0.088
 712 S   0.13793 0.13792 0.13790 0.13762 0.13595 0.12930 0.11032 0.07306 ( 1)  0.082
 713 L   0.14244 0.14244 0.14240 0.14199 0.13953 0.12989 0.10359 0.05772 ( 1)  0.071
 714 S   0.13947 0.13946 0.13944 0.13911 0.13718 0.12956 0.10811 0.06767 ( 1)  0.078
 715 L   0.13331 0.13331 0.13329 0.13313 0.13214 0.12815 0.11629 0.09039 ( 1)  0.095
 716 F   0.14459 0.14459 0.14455 0.14407 0.14119 0.13000 0.10010 0.05091 ( 1)  0.066
 717 Y   0.14018 0.14018 0.14015 0.13981 0.13775 0.12965 0.10704 0.06524 ( 1)  0.077
 718 K   0.14765 0.14765 0.14760 0.14700 0.14346 0.12982 0.09471 0.04211 ( 1)  0.059
 719 K   0.00000 0.00001 0.00044 0.00538 0.03431 0.13928 0.35566 0.46493 ( 8)  0.387
 720 V   0.13768 0.13768 0.13766 0.13738 0.13574 0.12924 0.11064 0.07398 ( 1)  0.083
 721 Y   0.13895 0.13895 0.13893 0.13862 0.13678 0.12948 0.10886 0.06943 ( 1)  0.080
 722 R   0.13341 0.13341 0.13340 0.13323 0.13222 0.12818 0.11617 0.08997 ( 1)  0.094
 723 L   0.13832 0.13832 0.13830 0.13801 0.13626 0.12936 0.10974 0.07169 ( 1)  0.081
 724 A   0.13974 0.13974 0.13971 0.13938 0.13740 0.12958 0.10767 0.06677 ( 1)  0.078
 725 Y   0.14264 0.14264 0.14260 0.14218 0.13969 0.12991 0.10327 0.05707 ( 1)  0.070
 726 L   0.13389 0.13389 0.13387 0.13369 0.13262 0.12832 0.11559 0.08815 ( 1)  0.093
 727 R   0.13412 0.13412 0.13410 0.13392 0.13281 0.12838 0.11530 0.08726 ( 1)  0.092
 728 L   0.13834 0.13834 0.13832 0.13802 0.13628 0.12936 0.10971 0.07162 ( 1)  0.081
 729 N   0.00000 0.00001 0.00046 0.00566 0.03608 0.14546 0.36347 0.44886 ( 8)  0.379
 730 T   0.14017 0.14017 0.14014 0.13980 0.13775 0.12966 0.10708 0.06523 ( 1)  0.077
 731 L   0.13756 0.13756 0.13754 0.13727 0.13565 0.12921 0.11079 0.07441 ( 1)  0.083
 732 C   0.13968 0.13968 0.13965 0.13932 0.13736 0.12961 0.10783 0.06689 ( 1)  0.078
 733 E   0.00000 0.00001 0.00041 0.00507 0.03244 0.13273 0.34745 0.48188 ( 8)  0.395
 734 R   0.13238 0.13238 0.13237 0.13223 0.13136 0.12786 0.11739 0.09401 ( 1)  0.097
 735 L   0.14256 0.14256 0.14252 0.14210 0.13962 0.12990 0.10340 0.05733 ( 1)  0.071
 736 L   0.13365 0.13365 0.13363 0.13346 0.13241 0.12823 0.11585 0.08913 ( 1)  0.094
 737 S   0.14142 0.14141 0.14138 0.14100 0.13873 0.12982 0.10520 0.06104 ( 1)  0.073
 738 E   0.00000 0.00000 0.00000 0.00002 0.00094 0.01760 0.17091 0.81053 ( 8)  0.558
 739 H   0.13719 0.13719 0.13717 0.13691 0.13535 0.12915 0.11133 0.07572 ( 1)  0.084
 740 P   0.14219 0.14219 0.14216 0.14175 0.13934 0.12988 0.10399 0.05849 ( 1)  0.072
 741 E   0.14711 0.14711 0.14706 0.14649 0.14307 0.12988 0.09570 0.04357 ( 1)  0.060
 742 L   0.13834 0.13834 0.13832 0.13803 0.13628 0.12936 0.10970 0.07163 ( 1)  0.081
 743 E   0.14647 0.14647 0.14642 0.14587 0.14259 0.12990 0.09682 0.04547 ( 1)  0.062
 744 H   0.13785 0.13785 0.13783 0.13755 0.13588 0.12928 0.11041 0.07336 ( 1)  0.082
 745 I   0.13727 0.13727 0.13725 0.13699 0.13541 0.12916 0.11120 0.07545 ( 1)  0.084
 746 I   0.13727 0.13727 0.13725 0.13699 0.13541 0.12916 0.11120 0.07545 ( 1)  0.084
 747 W   0.13117 0.13117 0.13116 0.13104 0.13033 0.12746 0.11879 0.09890 ( 1)  0.100
 748 T   0.13561 0.13561 0.13559 0.13537 0.13405 0.12877 0.11342 0.08160 ( 1)  0.088
 749 L   0.14245 0.14245 0.14241 0.14200 0.13954 0.12990 0.10357 0.05768 ( 1)  0.071
 750 F   0.13711 0.13711 0.13708 0.13682 0.13527 0.12911 0.11141 0.07609 ( 1)  0.084
 751 Q   0.13544 0.13544 0.13543 0.13521 0.13391 0.12874 0.11363 0.08219 ( 1)  0.089
 752 H   0.13785 0.13785 0.13782 0.13755 0.13588 0.12928 0.11042 0.07335 ( 1)  0.082
 753 T   0.13932 0.13932 0.13930 0.13898 0.13706 0.12951 0.10827 0.06824 ( 1)  0.079
 754 L   0.13281 0.13281 0.13279 0.13264 0.13171 0.12799 0.11689 0.09236 ( 1)  0.096
 755 Q   0.13770 0.13770 0.13768 0.13740 0.13576 0.12923 0.11058 0.07394 ( 1)  0.083
 756 N   0.00000 0.00001 0.00047 0.00582 0.03705 0.14884 0.36766 0.44015 ( 8)  0.374
 757 E   0.14072 0.14072 0.14069 0.14032 0.13817 0.12970 0.10620 0.06349 ( 1)  0.075
 758 Y   0.14264 0.14264 0.14260 0.14218 0.13969 0.12991 0.10327 0.05707 ( 1)  0.070
 759 E   0.14711 0.14711 0.14706 0.14649 0.14307 0.12988 0.09570 0.04357 ( 1)  0.060
 760 L   0.13409 0.13409 0.13407 0.13389 0.13279 0.12837 0.11534 0.08736 ( 1)  0.092
 761 M   0.14865 0.14864 0.14859 0.14796 0.14419 0.12976 0.09296 0.03925 ( 1)  0.057
 762 R   0.00000 0.00001 0.00040 0.00497 0.03182 0.13056 0.34466 0.48757 ( 8)  0.398
 763 D   0.13925 0.13925 0.13922 0.13891 0.13701 0.12953 0.10844 0.06839 ( 1)  0.079
 764 R   0.13832 0.13832 0.13829 0.13800 0.13626 0.12938 0.10978 0.07166 ( 1)  0.081
 765 H   0.14524 0.14524 0.14519 0.14469 0.14168 0.12999 0.09900 0.04897 ( 1)  0.064
 766 L   0.13383 0.13383 0.13381 0.13363 0.13257 0.12830 0.11567 0.08837 ( 1)  0.093
 767 D   0.13925 0.13925 0.13922 0.13891 0.13701 0.12953 0.10844 0.06839 ( 1)  0.079
 768 Q   0.13920 0.13920 0.13918 0.13886 0.13697 0.12951 0.10848 0.06859 ( 1)  0.079
 769 I   0.14691 0.14691 0.14686 0.14629 0.14291 0.12989 0.09605 0.04418 ( 1)  0.061
 770 M   0.14865 0.14864 0.14859 0.14796 0.14419 0.12976 0.09296 0.03925 ( 1)  0.057
 771 M   0.14865 0.14864 0.14859 0.14796 0.14419 0.12976 0.09296 0.03925 ( 1)  0.057
 772 C   0.13970 0.13970 0.13967 0.13934 0.13738 0.12961 0.10779 0.06681 ( 1)  0.078
 773 S   0.13324 0.13324 0.13322 0.13306 0.13208 0.12813 0.11638 0.09066 ( 1)  0.095
 774 M   0.14865 0.14864 0.14859 0.14796 0.14419 0.12976 0.09296 0.03925 ( 1)  0.057
 775 Y   0.14264 0.14264 0.14260 0.14218 0.13969 0.12991 0.10327 0.05707 ( 1)  0.070
 776 G   0.13371 0.13371 0.13369 0.13352 0.13247 0.12827 0.11582 0.08883 ( 1)  0.093
 777 I   0.14981 0.14981 0.14975 0.14907 0.14501 0.12953 0.09070 0.03631 ( 1)  0.054
 778 C   0.13253 0.13253 0.13251 0.13237 0.13148 0.12791 0.11723 0.09345 ( 1)  0.097
 779 K   0.14765 0.14765 0.14760 0.14700 0.14346 0.12982 0.09471 0.04211 ( 1)  0.059
 780 V   0.13805 0.13805 0.13802 0.13774 0.13604 0.12931 0.11012 0.07266 ( 1)  0.082
 781 K   0.14083 0.14083 0.14079 0.14043 0.13827 0.12974 0.10609 0.06303 ( 1)  0.075
 782 N   0.14887 0.14887 0.14881 0.14817 0.14434 0.12969 0.09249 0.03876 ( 1)  0.056
 783 I   0.14981 0.14981 0.14975 0.14907 0.14501 0.12953 0.09070 0.03631 ( 1)  0.054
 784 D   0.13994 0.13994 0.13991 0.13958 0.13756 0.12961 0.10737 0.06609 ( 1)  0.077
 785 L   0.14256 0.14256 0.14252 0.14210 0.13962 0.12990 0.10340 0.05733 ( 1)  0.071
 786 K   0.14765 0.14765 0.14760 0.14700 0.14346 0.12982 0.09471 0.04211 ( 1)  0.059
 787 F   0.13646 0.13646 0.13644 0.13620 0.13475 0.12899 0.11231 0.07839 ( 1)  0.086
 788 K   0.14765 0.14765 0.14760 0.14700 0.14346 0.12982 0.09471 0.04211 ( 1)  0.059
 789 I   0.13727 0.13727 0.13725 0.13699 0.13541 0.12916 0.11120 0.07545 ( 1)  0.084
 790 I   0.14573 0.14573 0.14569 0.14516 0.14204 0.12994 0.09810 0.04761 ( 1)  0.063
 791 V   0.14587 0.14587 0.14582 0.14529 0.14214 0.12995 0.09790 0.04716 ( 1)  0.063
 792 T   0.14608 0.14608 0.14603 0.14549 0.14230 0.12995 0.09753 0.04654 ( 1)  0.063
 793 A   0.14487 0.14487 0.14483 0.14433 0.14140 0.12999 0.09962 0.05010 ( 1)  0.065
 794 Y   0.13651 0.13651 0.13649 0.13625 0.13479 0.12898 0.11221 0.07827 ( 1)  0.086
 795 K   0.14197 0.14197 0.14194 0.14154 0.13916 0.12984 0.10431 0.05927 ( 1)  0.072
 796 D   0.14826 0.14826 0.14820 0.14758 0.14391 0.12978 0.09364 0.04036 ( 1)  0.058
 797 L   0.14256 0.14256 0.14252 0.14210 0.13962 0.12990 0.10340 0.05733 ( 1)  0.071
 798 P   0.14171 0.14171 0.14167 0.14128 0.13896 0.12984 0.10475 0.06007 ( 1)  0.073
 799 H   0.14524 0.14524 0.14519 0.14469 0.14168 0.12999 0.09900 0.04897 ( 1)  0.064
 800 A   0.14433 0.14433 0.14429 0.14381 0.14099 0.12998 0.10053 0.05174 ( 1)  0.067
 801 V   0.00000 0.00001 0.00040 0.00495 0.03168 0.13004 0.34376 0.48916 ( 8)  0.399
 802 Q   0.13544 0.13544 0.13543 0.13521 0.13391 0.12874 0.11363 0.08219 ( 1)  0.089
 803 E   0.14001 0.14001 0.13998 0.13964 0.13762 0.12964 0.10732 0.06579 ( 1)  0.077
 804 T   0.14599 0.14599 0.14594 0.14541 0.14223 0.12995 0.09769 0.04680 ( 1)  0.063
 805 F   0.13646 0.13646 0.13644 0.13620 0.13475 0.12899 0.11231 0.07839 ( 1)  0.086
 806 K   0.14765 0.14765 0.14760 0.14700 0.14346 0.12982 0.09471 0.04211 ( 1)  0.059
 807 R   0.13987 0.13987 0.13984 0.13951 0.13751 0.12963 0.10754 0.06622 ( 1)  0.077
 808 V   0.14531 0.14531 0.14526 0.14476 0.14172 0.12997 0.09886 0.04881 ( 1)  0.064
 809 L   0.13383 0.13383 0.13381 0.13363 0.13257 0.12830 0.11567 0.08837 ( 1)  0.093
 810 I   0.13739 0.13738 0.13736 0.13710 0.13550 0.12917 0.11102 0.07508 ( 1)  0.084
 811 K   0.00000 0.00001 0.00042 0.00518 0.03310 0.13509 0.35071 0.47549 ( 8)  0.392
 812 E   0.14711 0.14711 0.14706 0.14649 0.14307 0.12988 0.09571 0.04357 ( 1)  0.060
 813 E   0.14177 0.14177 0.14174 0.14134 0.13900 0.12981 0.10460 0.05997 ( 1)  0.073
 814 E   0.14054 0.14054 0.14051 0.14015 0.13803 0.12968 0.10648 0.06406 ( 1)  0.076
 815 Y   0.14264 0.14264 0.14260 0.14218 0.13969 0.12991 0.10327 0.05707 ( 1)  0.070
 816 D   0.14826 0.14826 0.14820 0.14758 0.14391 0.12978 0.09364 0.04036 ( 1)  0.058
 817 S   0.13793 0.13792 0.13790 0.13762 0.13595 0.12930 0.11032 0.07306 ( 1)  0.082
 818 I   0.14691 0.14691 0.14686 0.14629 0.14291 0.12989 0.09605 0.04418 ( 1)  0.061
 819 I   0.14981 0.14981 0.14975 0.14907 0.14501 0.12953 0.09070 0.03631 ( 1)  0.054
 820 V   0.14587 0.14587 0.14582 0.14529 0.14214 0.12995 0.09790 0.04716 ( 1)  0.063
 821 F   0.13646 0.13646 0.13644 0.13620 0.13475 0.12899 0.11231 0.07839 ( 1)  0.086
 822 Y   0.14264 0.14264 0.14260 0.14218 0.13969 0.12991 0.10327 0.05707 ( 1)  0.070
 823 N   0.14022 0.14022 0.14019 0.13984 0.13779 0.12967 0.10701 0.06506 ( 1)  0.076
 824 S   0.13719 0.13719 0.13717 0.13691 0.13534 0.12912 0.11128 0.07579 ( 1)  0.084
 825 V   0.13548 0.13548 0.13546 0.13525 0.13394 0.12874 0.11358 0.08206 ( 1)  0.089
 826 F   0.13646 0.13646 0.13644 0.13620 0.13475 0.12899 0.11231 0.07839 ( 1)  0.086
 827 M   0.14865 0.14864 0.14859 0.14796 0.14419 0.12976 0.09296 0.03925 ( 1)  0.057
 828 Q   0.13544 0.13544 0.13543 0.13521 0.13391 0.12874 0.11363 0.08219 ( 1)  0.089
 829 R   0.14466 0.14466 0.14462 0.14413 0.14124 0.12999 0.09998 0.05071 ( 1)  0.066
 830 L   0.13281 0.13281 0.13279 0.13264 0.13171 0.12799 0.11689 0.09236 ( 1)  0.096
 831 K   0.14765 0.14765 0.14760 0.14700 0.14346 0.12982 0.09471 0.04211 ( 1)  0.059
 832 T   0.14608 0.14608 0.14603 0.14549 0.14230 0.12995 0.09753 0.04654 ( 1)  0.063
 833 N   0.14887 0.14887 0.14881 0.14817 0.14434 0.12969 0.09249 0.03876 ( 1)  0.056
 834 I   0.14691 0.14691 0.14686 0.14629 0.14291 0.12989 0.09605 0.04418 ( 1)  0.061
 835 L   0.13386 0.13386 0.13385 0.13367 0.13260 0.12831 0.11562 0.08823 ( 1)  0.093
 836 Q   0.13550 0.13550 0.13548 0.13526 0.13396 0.12875 0.11356 0.08200 ( 1)  0.089
 837 Y   0.14264 0.14264 0.14260 0.14218 0.13969 0.12991 0.10327 0.05707 ( 1)  0.070
 838 A   0.14433 0.14433 0.14429 0.14381 0.14099 0.12998 0.10053 0.05174 ( 1)  0.067
 839 S   0.13399 0.13399 0.13397 0.13379 0.13270 0.12834 0.11546 0.08776 ( 1)  0.093
 840 T   0.13561 0.13561 0.13559 0.13537 0.13405 0.12877 0.11342 0.08160 ( 1)  0.088
 841 R   0.13832 0.13832 0.13829 0.13800 0.13626 0.12938 0.10978 0.07166 ( 1)  0.081
 842 P   0.13340 0.13340 0.13339 0.13322 0.13222 0.12818 0.11618 0.09001 ( 1)  0.094
 843 P   0.14163 0.14163 0.14159 0.14121 0.13890 0.12983 0.10487 0.06034 ( 1)  0.073
 844 T   0.13832 0.13832 0.13829 0.13800 0.13626 0.12934 0.10972 0.07175 ( 1)  0.081
 845 L   0.13383 0.13383 0.13381 0.13363 0.13257 0.12830 0.11567 0.08837 ( 1)  0.093
 846 S   0.13952 0.13952 0.13949 0.13917 0.13723 0.12956 0.10803 0.06749 ( 1)  0.078
 847 P   0.14171 0.14171 0.14167 0.14128 0.13896 0.12984 0.10475 0.06007 ( 1)  0.073
 848 I   0.14952 0.14952 0.14946 0.14878 0.14478 0.12950 0.09118 0.03726 ( 1)  0.055
 849 P   0.14171 0.14171 0.14167 0.14128 0.13896 0.12984 0.10475 0.06007 ( 1)  0.073
 850 H   0.13719 0.13719 0.13717 0.13691 0.13535 0.12915 0.11133 0.07572 ( 1)  0.084
 851 I   0.14691 0.14691 0.14686 0.14629 0.14291 0.12989 0.09605 0.04418 ( 1)  0.061
 852 P   0.14164 0.14164 0.14161 0.14122 0.13891 0.12984 0.10485 0.06029 ( 1)  0.073
 853 R   0.13698 0.13698 0.13695 0.13670 0.13517 0.12910 0.11161 0.07651 ( 1)  0.085
 854 S   0.13859 0.13859 0.13856 0.13826 0.13648 0.12942 0.10938 0.07072 ( 1)  0.081
 855 P   0.14114 0.14114 0.14111 0.14073 0.13851 0.12978 0.10563 0.06196 ( 1)  0.074
 856 Y   0.13494 0.13494 0.13492 0.13471 0.13349 0.12860 0.11427 0.08414 ( 1)  0.090
 857 K   0.14215 0.14215 0.14211 0.14171 0.13928 0.12980 0.10393 0.05887 ( 1)  0.072
 858 F   0.14459 0.14459 0.14455 0.14407 0.14119 0.13000 0.10010 0.05091 ( 1)  0.066
 859 P   0.00000 0.00001 0.00034 0.00423 0.02718 0.11380 0.32020 0.53425 ( 8)  0.422
 860 S   0.00000 0.00001 0.00042 0.00512 0.03271 0.13372 0.34901 0.47902 ( 8)  0.394
 861 S   0.13919 0.13919 0.13916 0.13884 0.13696 0.12951 0.10851 0.06864 ( 1)  0.079
 862 P   0.13502 0.13502 0.13501 0.13480 0.13356 0.12861 0.11414 0.08383 ( 1)  0.090
 863 L   0.13752 0.13752 0.13750 0.13723 0.13561 0.12920 0.11086 0.07457 ( 1)  0.083
 864 R   0.13329 0.13329 0.13327 0.13311 0.13212 0.12814 0.11632 0.09046 ( 1)  0.095
 865 I   0.14691 0.14691 0.14686 0.14629 0.14291 0.12989 0.09605 0.04418 ( 1)  0.061
 866 P   0.14171 0.14171 0.14167 0.14128 0.13896 0.12984 0.10475 0.06007 ( 1)  0.073
 867 G   0.14096 0.14096 0.14093 0.14056 0.13838 0.12977 0.10590 0.06254 ( 1)  0.075
 868 G   0.13583 0.13583 0.13581 0.13559 0.13423 0.12884 0.11314 0.08073 ( 1)  0.088
 869 N   0.14032 0.14032 0.14029 0.13994 0.13786 0.12968 0.10686 0.06474 ( 1)  0.076
 870 I   0.13823 0.13823 0.13820 0.13791 0.13616 0.12923 0.10969 0.07235 ( 1)  0.082
 871 Y   0.14207 0.14207 0.14203 0.14163 0.13924 0.12987 0.10418 0.05891 ( 1)  0.072
 872 I   0.14892 0.14892 0.14887 0.14822 0.14437 0.12964 0.09234 0.03873 ( 1)  0.056
 873 S   0.13952 0.13952 0.13949 0.13917 0.13723 0.12956 0.10803 0.06749 ( 1)  0.078
 874 P   0.13406 0.13406 0.13404 0.13386 0.13276 0.12836 0.11537 0.08750 ( 1)  0.092
 875 L   0.13304 0.13304 0.13303 0.13287 0.13191 0.12806 0.11661 0.09143 ( 1)  0.095
 876 K   0.14083 0.14083 0.14079 0.14043 0.13827 0.12974 0.10609 0.06303 ( 1)  0.075
 877 S   0.14594 0.14594 0.14589 0.14536 0.14221 0.12999 0.09783 0.04685 ( 1)  0.063
 878 P   0.14213 0.14213 0.14209 0.14169 0.13929 0.12988 0.10409 0.05870 ( 1)  0.072
 879 Y   0.14264 0.14264 0.14260 0.14218 0.13969 0.12991 0.10327 0.05707 ( 1)  0.070
 880 K   0.14765 0.14765 0.14760 0.14700 0.14346 0.12982 0.09471 0.04211 ( 1)  0.059
 881 I   0.14691 0.14691 0.14686 0.14629 0.14291 0.12989 0.09605 0.04418 ( 1)  0.061
 882 S   0.13946 0.13946 0.13943 0.13911 0.13718 0.12955 0.10811 0.06768 ( 1)  0.078
 883 E   0.14711 0.14711 0.14706 0.14649 0.14307 0.12988 0.09571 0.04357 ( 1)  0.060
 884 G   0.14215 0.14215 0.14212 0.14172 0.13931 0.12989 0.10407 0.05858 ( 1)  0.072
 885 L   0.00000 0.00001 0.00025 0.00308 0.01997 0.08674 0.27395 0.61600 ( 8)  0.462
 886 P   0.14210 0.14210 0.14207 0.14167 0.13927 0.12988 0.10413 0.05878 ( 1)  0.072
 887 T   0.14377 0.14376 0.14372 0.14327 0.14055 0.12995 0.10143 0.05354 ( 1)  0.068
 888 P   0.14217 0.14217 0.14214 0.14173 0.13932 0.12988 0.10403 0.05856 ( 1)  0.072
 889 T   0.14582 0.14582 0.14578 0.14525 0.14211 0.12995 0.09797 0.04729 ( 1)  0.063
 890 K   0.14765 0.14765 0.14760 0.14700 0.14346 0.12982 0.09471 0.04211 ( 1)  0.059
 891 M   0.14865 0.14864 0.14859 0.14796 0.14419 0.12976 0.09296 0.03925 ( 1)  0.057
 892 T   0.14554 0.14554 0.14550 0.14498 0.14190 0.12996 0.09846 0.04812 ( 1)  0.064
 893 P   0.14219 0.14219 0.14216 0.14175 0.13934 0.12988 0.10399 0.05849 ( 1)  0.072
 894 G   0.00000 0.00001 0.00039 0.00484 0.03101 0.12766 0.34066 0.49543 ( 8)  0.402
 895 T   0.00000 0.00001 0.00033 0.00407 0.02622 0.11025 0.31462 0.54450 ( 8)  0.427
 896 R   0.14505 0.14505 0.14500 0.14450 0.14153 0.13000 0.09934 0.04952 ( 1)  0.065
 897 I   0.13727 0.13727 0.13725 0.13699 0.13541 0.12916 0.11120 0.07545 ( 1)  0.084
 898 L   0.13752 0.13752 0.13750 0.13723 0.13561 0.12920 0.11086 0.07457 ( 1)  0.083
 899 V   0.14587 0.14587 0.14582 0.14529 0.14214 0.12995 0.09790 0.04716 ( 1)  0.063
 900 S   0.13952 0.13952 0.13949 0.13917 0.13723 0.12956 0.10803 0.06749 ( 1)  0.078
 901 I   0.14691 0.14691 0.14686 0.14629 0.14291 0.12989 0.09605 0.04418 ( 1)  0.061
 902 G   0.14223 0.14223 0.14219 0.14179 0.13937 0.12990 0.10396 0.05834 ( 1)  0.071
 903 E   0.14711 0.14711 0.14706 0.14649 0.14307 0.12988 0.09571 0.04357 ( 1)  0.060
 904 S   0.13952 0.13952 0.13949 0.13917 0.13723 0.12956 0.10803 0.06749 ( 1)  0.078
 905 F   0.14419 0.14419 0.14415 0.14368 0.14088 0.12999 0.10077 0.05216 ( 1)  0.067
 906 G   0.13556 0.13556 0.13554 0.13533 0.13401 0.12877 0.11348 0.08173 ( 1)  0.088
 907 T   0.14552 0.14552 0.14548 0.14496 0.14189 0.12996 0.09849 0.04817 ( 1)  0.064
 908 S   0.14142 0.14141 0.14138 0.14100 0.13873 0.12982 0.10520 0.06104 ( 1)  0.073
 909 E   0.14031 0.14031 0.14028 0.13993 0.13786 0.12967 0.10684 0.06479 ( 1)  0.076
 910 K   0.14251 0.14251 0.14247 0.14205 0.13957 0.12986 0.10342 0.05761 ( 1)  0.071
 911 F   0.13646 0.13646 0.13644 0.13620 0.13475 0.12899 0.11231 0.07839 ( 1)  0.086
 912 Q   0.13544 0.13544 0.13543 0.13521 0.13391 0.12874 0.11363 0.08219 ( 1)  0.089
 913 K   0.14765 0.14765 0.14760 0.14700 0.14346 0.12982 0.09471 0.04211 ( 1)  0.059
 914 I   0.14981 0.14981 0.14975 0.14907 0.14501 0.12953 0.09070 0.03631 ( 1)  0.054
 915 N   0.14887 0.14887 0.14881 0.14817 0.14434 0.12969 0.09249 0.03876 ( 1)  0.056
 916 Q   0.13544 0.13544 0.13543 0.13521 0.13391 0.12874 0.11363 0.08219 ( 1)  0.089
 917 M   0.14865 0.14864 0.14859 0.14796 0.14419 0.12976 0.09296 0.03925 ( 1)  0.057
 918 V   0.14401 0.14401 0.14396 0.14350 0.14073 0.12995 0.10102 0.05282 ( 1)  0.067
 919 C   0.13970 0.13970 0.13967 0.13934 0.13738 0.12961 0.10779 0.06681 ( 1)  0.078
 920 N   0.14038 0.14038 0.14035 0.14000 0.13792 0.12969 0.10675 0.06452 ( 1)  0.076
 921 S   0.13927 0.13927 0.13924 0.13892 0.13702 0.12951 0.10838 0.06839 ( 1)  0.079
 922 D   0.00000 0.00001 0.00032 0.00392 0.02528 0.10681 0.30914 0.55451 ( 8)  0.432
 923 R   0.13987 0.13987 0.13984 0.13951 0.13751 0.12963 0.10754 0.06622 ( 1)  0.077
 924 V   0.00000 0.00001 0.00030 0.00365 0.02360 0.10053 0.29865 0.57326 ( 8)  0.441
 925 L   0.13389 0.13389 0.13387 0.13369 0.13262 0.12832 0.11559 0.08815 ( 1)  0.093
 926 K   0.14765 0.14765 0.14760 0.14700 0.14346 0.12982 0.09471 0.04211 ( 1)  0.059
 927 R   0.14513 0.14513 0.14509 0.14458 0.14160 0.13000 0.09920 0.04926 ( 1)  0.065
 928 S   0.14463 0.14463 0.14459 0.14410 0.14122 0.13000 0.10004 0.05079 ( 1)  0.066
 929 A   0.14433 0.14433 0.14429 0.14381 0.14099 0.12998 0.10053 0.05174 ( 1)  0.067
 930 E   0.14711 0.14711 0.14706 0.14649 0.14307 0.12988 0.09571 0.04357 ( 1)  0.060
 931 G   0.14210 0.14210 0.14206 0.14166 0.13927 0.12989 0.10415 0.05877 ( 1)  0.072
 932 S   0.13688 0.13688 0.13686 0.13660 0.13509 0.12908 0.11176 0.07685 ( 1)  0.085
 933 N   0.14022 0.14022 0.14019 0.13984 0.13779 0.12967 0.10701 0.06506 ( 1)  0.076
 934 P   0.14171 0.14171 0.14167 0.14128 0.13896 0.12984 0.10475 0.06007 ( 1)  0.073
 935 P   0.14171 0.14171 0.14167 0.14128 0.13896 0.12984 0.10475 0.06007 ( 1)  0.073
 936 K   0.14765 0.14765 0.14760 0.14700 0.14346 0.12982 0.09471 0.04211 ( 1)  0.059
 937 P   0.13919 0.13919 0.13916 0.13885 0.13696 0.12951 0.10850 0.06864 ( 1)  0.079
 938 L   0.13281 0.13281 0.13279 0.13264 0.13171 0.12799 0.11689 0.09236 ( 1)  0.096
 939 K   0.14765 0.14765 0.14760 0.14700 0.14346 0.12982 0.09471 0.04211 ( 1)  0.059
 940 K   0.14765 0.14765 0.14760 0.14700 0.14346 0.12982 0.09471 0.04211 ( 1)  0.059
 941 L   0.13801 0.13801 0.13799 0.13771 0.13601 0.12930 0.11017 0.07279 ( 1)  0.082
 942 R   0.13238 0.13238 0.13237 0.13223 0.13136 0.12786 0.11739 0.09401 ( 1)  0.097
 943 F   0.14459 0.14459 0.14455 0.14407 0.14119 0.13000 0.10010 0.05091 ( 1)  0.066
 944 D   0.14762 0.14762 0.14757 0.14698 0.14344 0.12983 0.09478 0.04215 ( 1)  0.059
 945 I   0.14609 0.14609 0.14604 0.14550 0.14230 0.12993 0.09749 0.04656 ( 1)  0.063
 946 E   0.14711 0.14711 0.14706 0.14649 0.14307 0.12988 0.09571 0.04357 ( 1)  0.060
 947 G   0.14210 0.14210 0.14206 0.14166 0.13927 0.12989 0.10415 0.05877 ( 1)  0.072
 948 S   0.00000 0.00000 0.00000 0.00002 0.00086 0.01620 0.16169 0.82123 ( 8)  0.563
 949 D   0.14765 0.14765 0.14760 0.14700 0.14346 0.12983 0.09473 0.04208 ( 1)  0.059
 950 E   0.14711 0.14711 0.14706 0.14649 0.14307 0.12988 0.09571 0.04357 ( 1)  0.060
 951 A   0.00000 0.00001 0.00039 0.00478 0.03062 0.12623 0.33848 0.49950 ( 8)  0.404
 952 D   0.00000 0.00001 0.00045 0.00555 0.03542 0.14317 0.36075 0.45464 ( 8)  0.382
 953 G   0.14210 0.14210 0.14206 0.14166 0.13927 0.12989 0.10415 0.05877 ( 1)  0.072
 954 S   0.14594 0.14594 0.14589 0.14536 0.14221 0.12999 0.09783 0.04685 ( 1)  0.063
 955 K   0.14765 0.14765 0.14760 0.14700 0.14346 0.12982 0.09471 0.04211 ( 1)  0.059
 956 H   0.00000 0.00001 0.00038 0.00473 0.03034 0.12526 0.33712 0.50215 ( 8)  0.406
 957 L   0.13389 0.13389 0.13387 0.13369 0.13262 0.12832 0.11559 0.08815 ( 1)  0.093
 958 Q   0.00000 0.00001 0.00035 0.00430 0.02764 0.11546 0.32274 0.52951 ( 8)  0.419
 959 G   0.13646 0.13646 0.13644 0.13620 0.13475 0.12899 0.11231 0.07838 ( 1)  0.086
 960 E   0.14067 0.14067 0.14064 0.14028 0.13813 0.12969 0.10628 0.06364 ( 1)  0.075
 961 S   0.13324 0.13324 0.13322 0.13306 0.13208 0.12813 0.11638 0.09066 ( 1)  0.095
 962 K   0.14765 0.14765 0.14760 0.14700 0.14346 0.12982 0.09471 0.04211 ( 1)  0.059
 963 F   0.14459 0.14459 0.14455 0.14407 0.14119 0.13000 0.10010 0.05091 ( 1)  0.066
 964 Q   0.13770 0.13770 0.13768 0.13740 0.13576 0.12923 0.11058 0.07394 ( 1)  0.083
 965 Q   0.13544 0.13544 0.13543 0.13521 0.13391 0.12874 0.11363 0.08219 ( 1)  0.089
 966 K   0.14765 0.14765 0.14760 0.14700 0.14346 0.12982 0.09471 0.04211 ( 1)  0.059
 967 L   0.13281 0.13281 0.13279 0.13264 0.13171 0.12799 0.11689 0.09236 ( 1)  0.096
 968 A   0.14487 0.14487 0.14483 0.14433 0.14140 0.12999 0.09962 0.05010 ( 1)  0.065
 969 E   0.14711 0.14711 0.14706 0.14649 0.14307 0.12988 0.09571 0.04357 ( 1)  0.060
 970 M   0.14865 0.14864 0.14859 0.14796 0.14419 0.12976 0.09296 0.03925 ( 1)  0.057
 971 T   0.14591 0.14591 0.14586 0.14533 0.14217 0.12995 0.09783 0.04705 ( 1)  0.063
 972 S   0.14080 0.14080 0.14077 0.14041 0.13825 0.12975 0.10613 0.06308 ( 1)  0.075
 973 T   0.14485 0.14485 0.14481 0.14432 0.14138 0.12998 0.09964 0.05018 ( 1)  0.065
 974 R   0.13698 0.13698 0.13695 0.13670 0.13517 0.12910 0.11161 0.07651 ( 1)  0.085
 975 T   0.14608 0.14608 0.14603 0.14549 0.14230 0.12995 0.09753 0.04654 ( 1)  0.063
 976 R   0.13691 0.13691 0.13689 0.13664 0.13512 0.12909 0.11170 0.07674 ( 1)  0.085
 977 M   0.14865 0.14864 0.14859 0.14796 0.14419 0.12976 0.09296 0.03925 ( 1)  0.057
 978 Q   0.14040 0.14040 0.14037 0.14002 0.13793 0.12969 0.10674 0.06446 ( 1)  0.076
 979 K   0.14083 0.14083 0.14079 0.14043 0.13827 0.12974 0.10609 0.06303 ( 1)  0.075
 980 Q   0.13544 0.13544 0.13543 0.13521 0.13391 0.12874 0.11363 0.08219 ( 1)  0.089
 981 K   0.14765 0.14765 0.14760 0.14700 0.14346 0.12982 0.09471 0.04211 ( 1)  0.059
 982 M   0.14865 0.14864 0.14859 0.14796 0.14419 0.12976 0.09296 0.03925 ( 1)  0.057
 983 N   0.14827 0.14827 0.14822 0.14760 0.14391 0.12975 0.09357 0.04042 ( 1)  0.058
 984 D   0.14697 0.14697 0.14692 0.14635 0.14296 0.12989 0.09595 0.04398 ( 1)  0.061
 985 S   0.13688 0.13688 0.13686 0.13660 0.13509 0.12908 0.11176 0.07685 ( 1)  0.085
 986 M   0.14865 0.14864 0.14859 0.14796 0.14419 0.12976 0.09296 0.03925 ( 1)  0.057
 987 D   0.00000 0.00001 0.00046 0.00567 0.03616 0.14577 0.36414 0.44779 ( 8)  0.378
 988 T   0.13561 0.13561 0.13559 0.13537 0.13405 0.12877 0.11342 0.08160 ( 1)  0.088
 989 S   0.13952 0.13952 0.13949 0.13917 0.13723 0.12956 0.10803 0.06749 ( 1)  0.078
 990 N   0.00000 0.00001 0.00033 0.00401 0.02583 0.10881 0.31224 0.54878 ( 8)  0.429
 991 K   0.00000 0.00001 0.00033 0.00408 0.02628 0.11049 0.31495 0.54385 ( 8)  0.426
 992 E   0.14711 0.14711 0.14706 0.14649 0.14307 0.12988 0.09571 0.04357 ( 1)  0.060
 993 E   0.14503 0.14503 0.14498 0.14448 0.14150 0.12995 0.09931 0.04972 ( 1)  0.065
 994 K   0.00000 0.00001 0.00045 0.00548 0.03497 0.14158 0.35869 0.45883 ( 8)  0.384
 995 -   0.12500 0.12500 0.12500 0.12500 0.12500 0.12500 0.12500 0.12500 ( 8)  0.118
 996 -   0.12500 0.12500 0.12500 0.12500 0.12500 0.12500 0.12500 0.12500 ( 8)  0.118
 997 -   0.12500 0.12500 0.12500 0.12500 0.12500 0.12500 0.12500 0.12500 ( 2)  0.118
 998 -   0.12500 0.12500 0.12500 0.12500 0.12500 0.12500 0.12500 0.12500 ( 3)  0.118
 999 -   0.12500 0.12500 0.12500 0.12500 0.12500 0.12500 0.12500 0.12500 ( 8)  0.118
1000 -   0.12500 0.12500 0.12500 0.12500 0.12500 0.12500 0.12500 0.12500 ( 3)  0.118
1001 -   0.12500 0.12500 0.12500 0.12500 0.12500 0.12500 0.12500 0.12500 ( 8)  0.118
1002 -   0.12500 0.12500 0.12500 0.12500 0.12500 0.12500 0.12500 0.12500 ( 2)  0.118
1003 -   0.12500 0.12500 0.12500 0.12500 0.12500 0.12500 0.12500 0.12500 ( 8)  0.118
1004 -   0.12500 0.12500 0.12500 0.12500 0.12500 0.12500 0.12500 0.12500 ( 8)  0.118


lnL = -7242.930609

