Supplemental results for CODEML (seqf: algn  treef: tree)


dN/dS (w) for site classes (K=2)

p:   0.92004  0.07996
w:   0.05041  1.00000

Naive Empirical Bayes (NEB) probabilities for 2 classes & postmean_w
(amino acids refer to 1st sequence: aotNan_RB1_XM_012465151)

   1 M   0.98318 0.01682 ( 1)  0.066
   2 P   0.95430 0.04570 ( 1)  0.094
   3 P   0.94901 0.05099 ( 1)  0.099
   4 K   0.98138 0.01862 ( 1)  0.068
   5 T   0.54111 0.45889 ( 1)  0.486
   6 P   0.94939 0.05061 ( 1)  0.098
   7 R   0.95886 0.04114 ( 1)  0.089
   8 K   0.70284 0.29716 ( 1)  0.333
   9 A   0.53140 0.46860 ( 1)  0.495
  10 A   0.50624 0.49376 ( 1)  0.519
  11 -   0.95762 0.04238 ( 1)  0.091
  12 A   0.52288 0.47712 ( 1)  0.503
  13 A   0.95370 0.04630 ( 1)  0.094
  14 A   0.95629 0.04371 ( 1)  0.092
  15 A   0.95873 0.04127 ( 1)  0.090
  16 -   0.92004 0.07996 ( 1)  0.126
  17 -   0.96658 0.03342 ( 1)  0.082
  18 A   0.95312 0.04688 ( 1)  0.095
  19 A   0.52879 0.47121 ( 1)  0.498
  20 E   0.97944 0.02056 ( 1)  0.070
  21 P   0.94882 0.05118 ( 1)  0.099
  22 P   0.95822 0.04178 ( 1)  0.090
  23 A   0.96603 0.03397 ( 1)  0.083
  24 -   0.92026 0.07974 ( 1)  0.126
  25 P   0.95554 0.04446 ( 1)  0.093
  26 P   0.50450 0.49550 ( 1)  0.521
  27 P   0.95760 0.04240 ( 1)  0.091
  28 P   0.50481 0.49519 ( 1)  0.521
  29 -   0.93050 0.06950 ( 1)  0.116
  30 S   0.61560 0.38440 ( 1)  0.415
  31 S   0.61560 0.38440 ( 1)  0.415
  32 -   0.92004 0.07996 ( 1)  0.126
  33 -   0.92004 0.07996 ( 1)  0.126
  34 E   0.96655 0.03345 ( 1)  0.082
  35 E   0.96655 0.03345 ( 1)  0.082
  36 D   0.96476 0.03524 ( 1)  0.084
  37 P   0.96660 0.03340 ( 1)  0.082
  38 E   0.59070 0.40930 ( 1)  0.439
  39 Q   0.95479 0.04521 ( 1)  0.093
  40 D   0.96476 0.03524 ( 1)  0.084
  41 S   0.96670 0.03330 ( 1)  0.082
  42 G   0.95086 0.04914 ( 1)  0.097
  43 P   0.95266 0.04734 ( 1)  0.095
  44 E   0.96655 0.03345 ( 1)  0.082
  45 D   0.96476 0.03524 ( 1)  0.084
  46 L   0.94715 0.05285 ( 1)  0.101
  47 P   0.97041 0.02959 ( 1)  0.079
  48 L   0.94764 0.05236 ( 1)  0.100
  49 V   0.50914 0.49086 ( 1)  0.517
  50 R   0.96256 0.03744 ( 1)  0.086
  51 V   0.63658 0.36342 ( 1)  0.396
  52 E   0.96655 0.03345 ( 1)  0.082
  53 F   0.97621 0.02379 ( 1)  0.073
  54 E   0.98060 0.01940 ( 1)  0.069
  55 E   0.71677 0.28323 ( 1)  0.319
  56 T   0.96897 0.03103 ( 1)  0.080
  57 E   0.98060 0.01940 ( 1)  0.069
  58 E   0.98060 0.01940 ( 1)  0.069
  59 P   0.97040 0.02960 ( 1)  0.079
  60 D   0.98245 0.01755 ( 1)  0.067
  61 F   0.97621 0.02379 ( 1)  0.073
  62 T   0.97791 0.02209 ( 1)  0.071
  63 A   0.96657 0.03343 ( 1)  0.082
  64 L   0.96037 0.03963 ( 1)  0.088
  65 C   0.96593 0.03407 ( 1)  0.083
  66 Q   0.95479 0.04521 ( 1)  0.093
  67 K   0.72501 0.27499 ( 1)  0.312
  68 L   0.96037 0.03963 ( 1)  0.088
  69 K   0.96957 0.03043 ( 1)  0.079
  70 I   0.73771 0.26229 ( 1)  0.299
  71 P   0.62342 0.37658 ( 1)  0.408
  72 D   0.98245 0.01755 ( 1)  0.067
  73 H   0.97736 0.02264 ( 1)  0.072
  74 V   0.95503 0.04497 ( 1)  0.093
  75 R   0.97730 0.02270 ( 1)  0.072
  76 E   0.97170 0.02830 ( 1)  0.077
  77 R   0.97730 0.02270 ( 1)  0.072
  78 A   0.97464 0.02536 ( 1)  0.074
  79 W   0.94197 0.05803 ( 1)  0.106
  80 L   0.96037 0.03963 ( 1)  0.088
  81 T   0.97789 0.02211 ( 1)  0.071
  82 W   0.94197 0.05803 ( 1)  0.106
  83 E   0.96655 0.03345 ( 1)  0.082
  84 K   0.98138 0.01862 ( 1)  0.068
  85 V   0.97751 0.02249 ( 1)  0.072
  86 S   0.96582 0.03418 ( 1)  0.083
  87 S   0.96978 0.03022 ( 1)  0.079
  88 V   0.96090 0.03910 ( 1)  0.088
  89 D   0.98245 0.01755 ( 1)  0.067
  90 G   0.63084 0.36916 ( 1)  0.401
  91 V   0.97851 0.02149 ( 1)  0.071
  92 L   0.00246 0.99754 ( 2)  0.998
  93 -   0.92004 0.07996 ( 1)  0.126
  94 -   0.92004 0.07996 ( 1)  0.126
  95 -   0.92004 0.07996 ( 1)  0.126
  96 -   0.92004 0.07996 ( 1)  0.126
  97 -   0.92004 0.07996 ( 1)  0.126
  98 -   0.92004 0.07996 ( 1)  0.126
  99 -   0.92004 0.07996 ( 1)  0.126
 100 -   0.92004 0.07996 ( 1)  0.126
 101 -   0.92004 0.07996 ( 1)  0.126
 102 -   0.92004 0.07996 ( 1)  0.126
 103 -   0.92004 0.07996 ( 1)  0.126
 104 -   0.92004 0.07996 ( 1)  0.126
 105 -   0.92004 0.07996 ( 1)  0.126
 106 -   0.92004 0.07996 ( 1)  0.126
 107 -   0.92004 0.07996 ( 1)  0.126
 108 -   0.92004 0.07996 ( 1)  0.126
 109 G   0.64888 0.35112 ( 1)  0.384
 110 G   0.97185 0.02815 ( 1)  0.077
 111 Y   0.97258 0.02742 ( 1)  0.076
 112 I   0.98048 0.01952 ( 1)  0.069
 113 Q   0.96760 0.03240 ( 1)  0.081
 114 K   0.96864 0.03136 ( 1)  0.080
 115 K   0.98164 0.01836 ( 1)  0.068
 116 K   0.97017 0.02983 ( 1)  0.079
 117 E   0.98060 0.01940 ( 1)  0.069
 118 L   0.94762 0.05238 ( 1)  0.100
 119 W   0.94214 0.05786 ( 1)  0.105
 120 G   0.97161 0.02839 ( 1)  0.077
 121 I   0.96358 0.03642 ( 1)  0.085
 122 C   0.96621 0.03379 ( 1)  0.083
 123 I   0.96006 0.03994 ( 1)  0.088
 124 F   0.97649 0.02351 ( 1)  0.073
 125 I   0.98048 0.01952 ( 1)  0.069
 126 A   0.97697 0.02303 ( 1)  0.072
 127 A   0.09645 0.90355 ( 2)  0.908
 128 V   0.97779 0.02221 ( 1)  0.072
 129 D   0.96503 0.03497 ( 1)  0.084
 130 L   0.57121 0.42879 ( 1)  0.458
 131 D   0.98271 0.01729 ( 1)  0.067
 132 E   0.96683 0.03317 ( 1)  0.082
 133 M   0.98767 0.01233 ( 1)  0.062
 134 P   0.07783 0.92217 ( 2)  0.926
 135 F   0.96358 0.03642 ( 1)  0.085
 136 T   0.98288 0.01712 ( 1)  0.067
 137 -   0.92004 0.07996 ( 1)  0.126
 138 -   0.92004 0.07996 ( 1)  0.126
 139 -   0.92004 0.07996 ( 1)  0.126
 140 -   0.92004 0.07996 ( 1)  0.126
 141 -   0.92004 0.07996 ( 1)  0.126
 142 -   0.92004 0.07996 ( 1)  0.126
 143 -   0.92004 0.07996 ( 1)  0.126
 144 -   0.92004 0.07996 ( 1)  0.126
 145 F   0.98102 0.01898 ( 1)  0.068
 146 T   0.98259 0.01741 ( 1)  0.067
 147 E   0.97558 0.02442 ( 1)  0.074
 148 L   0.96087 0.03913 ( 1)  0.088
 149 Q   0.95932 0.04068 ( 1)  0.089
 150 K   0.98580 0.01420 ( 1)  0.064
 151 N   0.08044 0.91956 ( 2)  0.924
 152 I   0.79435 0.20565 ( 1)  0.246
 153 E   0.98536 0.01464 ( 1)  0.064
 154 I   0.56041 0.43959 ( 1)  0.468
 155 S   0.98358 0.01642 ( 1)  0.066
 156 V   0.95976 0.04024 ( 1)  0.089
 157 F   0.09849 0.90151 ( 2)  0.906
 158 K   0.98597 0.01403 ( 1)  0.064
 159 F   0.96425 0.03575 ( 1)  0.084
 160 F   0.98120 0.01880 ( 1)  0.068
 161 D   0.07416 0.92584 ( 2)  0.930
 162 L   0.96527 0.03473 ( 1)  0.083
 163 L   0.96710 0.03290 ( 1)  0.082
 164 K   0.98403 0.01597 ( 1)  0.066
 165 E   0.98526 0.01474 ( 1)  0.064
 166 I   0.98407 0.01593 ( 1)  0.066
 167 D   0.98602 0.01398 ( 1)  0.064
 168 T   0.96273 0.03727 ( 1)  0.086
 169 S   0.98231 0.01769 ( 1)  0.067
 170 T   0.96240 0.03760 ( 1)  0.086
 171 K   0.98597 0.01403 ( 1)  0.064
 172 V   0.98242 0.01758 ( 1)  0.067
 173 D   0.98693 0.01307 ( 1)  0.063
 174 N   0.98767 0.01233 ( 1)  0.062
 175 A   0.98077 0.01923 ( 1)  0.069
 176 M   0.98757 0.01243 ( 1)  0.062
 177 S   0.96948 0.03052 ( 1)  0.079
 178 R   0.98223 0.01777 ( 1)  0.067
 179 L   0.95514 0.04486 ( 1)  0.093
 180 L   0.95452 0.04548 ( 1)  0.094
 181 K   0.97357 0.02643 ( 1)  0.076
 182 K   0.97357 0.02643 ( 1)  0.076
 183 Y   0.97746 0.02254 ( 1)  0.072
 184 N   0.00735 0.99265 ( 2)  0.993
 185 V   0.98335 0.01665 ( 1)  0.066
 186 L   0.95449 0.04551 ( 1)  0.094
 187 L   0.08296 0.91704 ( 2)  0.921
 188 A   0.98172 0.01828 ( 1)  0.068
 189 L   0.95461 0.04539 ( 1)  0.094
 190 F   0.53877 0.46123 ( 1)  0.488
 191 S   0.96381 0.03619 ( 1)  0.085
 192 K   0.98597 0.01403 ( 1)  0.064
 193 L   0.96228 0.03772 ( 1)  0.086
 194 E   0.98526 0.01474 ( 1)  0.064
 195 R   0.96779 0.03221 ( 1)  0.081
 196 T   0.98270 0.01730 ( 1)  0.067
 197 C   0.97096 0.02904 ( 1)  0.078
 198 E   0.98536 0.01464 ( 1)  0.064
 199 L   0.09898 0.90102 ( 2)  0.906
 200 I   0.98901 0.01099 ( 1)  0.061
 201 Y   0.97757 0.02243 ( 1)  0.072
 202 L   0.95418 0.04582 ( 1)  0.094
 203 T   0.74895 0.25105 ( 1)  0.289
 204 Q   0.97251 0.02749 ( 1)  0.077
 205 P   0.95335 0.04665 ( 1)  0.095
 206 S   0.06549 0.93451 ( 2)  0.938
 207 S   0.75367 0.24633 ( 1)  0.284
 208 S   0.95509 0.04491 ( 1)  0.093
 209 I   0.98901 0.01099 ( 1)  0.061
 210 S   0.97510 0.02490 ( 1)  0.074
 211 T   0.98288 0.01712 ( 1)  0.067
 212 E   0.98513 0.01487 ( 1)  0.065
 213 I   0.98901 0.01099 ( 1)  0.061
 214 N   0.98777 0.01223 ( 1)  0.062
 215 S   0.97510 0.02490 ( 1)  0.074
 216 A   0.00024 0.99976 ( 2)  1.000
 217 F   0.51518 0.48482 ( 1)  0.511
 218 V   0.96608 0.03392 ( 1)  0.083
 219 L   0.96736 0.03264 ( 1)  0.081
 220 K   0.77234 0.22766 ( 1)  0.267
 221 V   0.12459 0.87541 ( 2)  0.882
 222 S   0.97510 0.02490 ( 1)  0.074
 223 W   0.94552 0.05448 ( 1)  0.102
 224 I   0.96695 0.03305 ( 1)  0.082
 225 T   0.98378 0.01622 ( 1)  0.066
 226 F   0.98022 0.01978 ( 1)  0.069
 227 L   0.96552 0.03448 ( 1)  0.083
 228 L   0.96552 0.03448 ( 1)  0.083
 229 A   0.98088 0.01912 ( 1)  0.069
 230 K   0.98607 0.01393 ( 1)  0.064
 231 G   0.96179 0.03821 ( 1)  0.087
 232 E   0.74877 0.25123 ( 1)  0.289
 233 V   0.98315 0.01685 ( 1)  0.066
 234 L   0.96518 0.03482 ( 1)  0.083
 235 Q   0.97231 0.02769 ( 1)  0.077
 236 M   0.98740 0.01260 ( 1)  0.062
 237 E   0.98507 0.01493 ( 1)  0.065
 238 D   0.98675 0.01325 ( 1)  0.063
 239 D   0.98675 0.01325 ( 1)  0.063
 240 L   0.95099 0.04901 ( 1)  0.097
 241 V   0.96574 0.03426 ( 1)  0.083
 242 I   0.97771 0.02229 ( 1)  0.072
 243 S   0.97042 0.02958 ( 1)  0.079
 244 F   0.98100 0.01900 ( 1)  0.068
 245 Q   0.95930 0.04070 ( 1)  0.089
 246 L   0.96518 0.03482 ( 1)  0.083
 247 M   0.98740 0.01260 ( 1)  0.062
 248 L   0.96563 0.03437 ( 1)  0.083
 249 C   0.97091 0.02909 ( 1)  0.078
 250 V   0.96085 0.03915 ( 1)  0.088
 251 L   0.97709 0.02291 ( 1)  0.072
 252 D   0.96972 0.03028 ( 1)  0.079
 253 Y   0.97724 0.02276 ( 1)  0.072
 254 F   0.97994 0.02006 ( 1)  0.069
 255 I   0.97771 0.02229 ( 1)  0.072
 256 K   0.98578 0.01422 ( 1)  0.064
 257 L   0.95977 0.04023 ( 1)  0.089
 258 S   0.97042 0.02958 ( 1)  0.079
 259 P   0.97538 0.02462 ( 1)  0.074
 260 P   0.97286 0.02714 ( 1)  0.076
 261 V   0.08285 0.91715 ( 2)  0.921
 262 L   0.95444 0.04556 ( 1)  0.094
 263 L   0.95455 0.04545 ( 1)  0.094
 264 K   0.98578 0.01422 ( 1)  0.064
 265 E   0.98507 0.01493 ( 1)  0.065
 266 P   0.97640 0.02360 ( 1)  0.073
 267 Y   0.97724 0.02276 ( 1)  0.072
 268 K   0.14461 0.85539 ( 2)  0.863
 269 T   0.74705 0.25295 ( 1)  0.291
 270 A   0.98088 0.01912 ( 1)  0.069
 271 V   0.98248 0.01752 ( 1)  0.067
 272 I   0.98901 0.01099 ( 1)  0.061
 273 P   0.95335 0.04665 ( 1)  0.095
 274 V   0.71382 0.28618 ( 1)  0.322
 275 N   0.98777 0.01223 ( 1)  0.062
 276 G   0.97689 0.02311 ( 1)  0.072
 277 S   0.97076 0.02924 ( 1)  0.078
 278 P   0.97571 0.02429 ( 1)  0.073
 279 R   0.96419 0.03581 ( 1)  0.084
 280 T   0.98380 0.01620 ( 1)  0.066
 281 P   0.95556 0.04444 ( 1)  0.093
 282 R   0.96779 0.03221 ( 1)  0.081
 283 R   0.96551 0.03449 ( 1)  0.083
 284 G   0.97465 0.02535 ( 1)  0.074
 285 Q   0.95962 0.04038 ( 1)  0.089
 286 N   0.97233 0.02767 ( 1)  0.077
 287 R   0.96779 0.03221 ( 1)  0.081
 288 S   0.98369 0.01631 ( 1)  0.066
 289 A   0.98184 0.01816 ( 1)  0.068
 290 R   0.95301 0.04699 ( 1)  0.095
 291 I   0.98901 0.01099 ( 1)  0.061
 292 A   0.97930 0.02070 ( 1)  0.070
 293 K   0.98607 0.01393 ( 1)  0.064
 294 Q   0.97265 0.02735 ( 1)  0.076
 295 L   0.96781 0.03219 ( 1)  0.081
 296 E   0.98536 0.01464 ( 1)  0.064
 297 N   0.98688 0.01312 ( 1)  0.063
 298 D   0.98703 0.01297 ( 1)  0.063
 299 T   0.98358 0.01642 ( 1)  0.066
 300 R   0.98231 0.01769 ( 1)  0.067
 301 I   0.98502 0.01498 ( 1)  0.065
 302 I   0.98502 0.01498 ( 1)  0.065
 303 E   0.98536 0.01464 ( 1)  0.064
 304 V   0.73965 0.26035 ( 1)  0.298
 305 L   0.95490 0.04510 ( 1)  0.093
 306 C   0.97125 0.02875 ( 1)  0.078
 307 K   0.98607 0.01393 ( 1)  0.064
 308 E   0.98453 0.01547 ( 1)  0.065
 309 H   0.98188 0.01812 ( 1)  0.068
 310 E   0.98536 0.01464 ( 1)  0.064
 311 C   0.97125 0.02875 ( 1)  0.078
 312 N   0.98777 0.01223 ( 1)  0.062
 313 I   0.98901 0.01099 ( 1)  0.061
 314 D   0.98703 0.01297 ( 1)  0.063
 315 E   0.97187 0.02813 ( 1)  0.077
 316 V   0.96608 0.03392 ( 1)  0.083
 317 K   0.98607 0.01393 ( 1)  0.064
 318 N   0.98777 0.01223 ( 1)  0.062
 319 V   0.98253 0.01747 ( 1)  0.067
 320 Y   0.97757 0.02243 ( 1)  0.072
 321 F   0.56869 0.43131 ( 1)  0.460
 322 K   0.98607 0.01393 ( 1)  0.064
 323 N   0.98777 0.01223 ( 1)  0.062
 324 F   0.98132 0.01868 ( 1)  0.068
 325 I   0.98901 0.01099 ( 1)  0.061
 326 P   0.97571 0.02429 ( 1)  0.073
 327 F   0.98132 0.01868 ( 1)  0.068
 328 M   0.98767 0.01233 ( 1)  0.062
 329 N   0.98777 0.01223 ( 1)  0.062
 330 S   0.97510 0.02490 ( 1)  0.074
 331 L   0.97742 0.02258 ( 1)  0.072
 332 G   0.97663 0.02337 ( 1)  0.073
 333 L   0.71043 0.28957 ( 1)  0.325
 334 V   0.74504 0.25496 ( 1)  0.293
 335 T   0.11424 0.88576 ( 2)  0.892
 336 S   0.97387 0.02613 ( 1)  0.075
 337 N   0.98777 0.01223 ( 1)  0.062
 338 G   0.97646 0.02354 ( 1)  0.073
 339 L   0.97742 0.02258 ( 1)  0.072
 340 P   0.97673 0.02327 ( 1)  0.073
 341 E   0.97187 0.02813 ( 1)  0.077
 342 V   0.98242 0.01758 ( 1)  0.067
 343 E   0.98526 0.01474 ( 1)  0.064
 344 S   0.00779 0.99221 ( 2)  0.993
 345 L   0.95412 0.04588 ( 1)  0.094
 346 S   0.97498 0.02502 ( 1)  0.074
 347 K   0.98597 0.01403 ( 1)  0.064
 348 R   0.56625 0.43375 ( 1)  0.462
 349 Y   0.97396 0.02604 ( 1)  0.075
 350 E   0.98526 0.01474 ( 1)  0.064
 351 E   0.98526 0.01474 ( 1)  0.064
 352 I   0.98492 0.01508 ( 1)  0.065
 353 Y   0.97746 0.02254 ( 1)  0.072
 354 L   0.97462 0.02538 ( 1)  0.075
 355 K   0.98597 0.01403 ( 1)  0.064
 356 N   0.98224 0.01776 ( 1)  0.067
 357 K   0.98590 0.01410 ( 1)  0.064
 358 D   0.98693 0.01307 ( 1)  0.063
 359 L   0.96769 0.03231 ( 1)  0.081
 360 D   0.98693 0.01307 ( 1)  0.063
 361 A   0.11882 0.88118 ( 2)  0.887
 362 R   0.98223 0.01777 ( 1)  0.067
 363 L   0.96434 0.03566 ( 1)  0.084
 364 F   0.98120 0.01880 ( 1)  0.068
 365 L   0.95524 0.04476 ( 1)  0.093
 366 D   0.98693 0.01307 ( 1)  0.063
 367 H   0.98228 0.01772 ( 1)  0.067
 368 D   0.98693 0.01307 ( 1)  0.063
 369 K   0.76333 0.23667 ( 1)  0.275
 370 T   0.98277 0.01723 ( 1)  0.067
 371 L   0.97731 0.02269 ( 1)  0.072
 372 Q   0.95950 0.04050 ( 1)  0.089
 373 T   0.98277 0.01723 ( 1)  0.067
 374 D   0.98693 0.01307 ( 1)  0.063
 375 S   0.65585 0.34415 ( 1)  0.377
 376 I   0.98891 0.01109 ( 1)  0.061
 377 D   0.96994 0.03006 ( 1)  0.079
 378 -   0.92004 0.07996 ( 1)  0.126
 379 -   0.92004 0.07996 ( 1)  0.126
 380 -   0.92004 0.07996 ( 1)  0.126
 381 S   0.98369 0.01631 ( 1)  0.066
 382 F   0.98132 0.01868 ( 1)  0.068
 383 E   0.98536 0.01464 ( 1)  0.064
 384 A   0.04622 0.95378 ( 2)  0.956
 385 Q   0.96052 0.03948 ( 1)  0.088
 386 R   0.71645 0.28355 ( 1)  0.320
 387 T   0.98380 0.01620 ( 1)  0.066
 388 P   0.97588 0.02412 ( 1)  0.073
 389 R   0.57825 0.42175 ( 1)  0.451
 390 K   0.98607 0.01393 ( 1)  0.064
 391 S   0.13539 0.86461 ( 2)  0.871
 392 N   0.97364 0.02636 ( 1)  0.075
 393 L   0.00500 0.99500 ( 2)  0.995
 394 D   0.13413 0.86587 ( 2)  0.873
 395 E   0.98536 0.01464 ( 1)  0.064
 396 E   0.97304 0.02696 ( 1)  0.076
 397 V   0.60494 0.39506 ( 1)  0.426
 398 N   0.98777 0.01223 ( 1)  0.062
 399 V   0.07461 0.92539 ( 2)  0.929
 400 I   0.98502 0.01498 ( 1)  0.065
 401 S   0.08225 0.91775 ( 2)  0.922
 402 P   0.97649 0.02351 ( 1)  0.073
 403 H   0.96469 0.03531 ( 1)  0.084
 404 T   0.98181 0.01819 ( 1)  0.068
 405 P   0.97673 0.02327 ( 1)  0.073
 406 V   0.98253 0.01747 ( 1)  0.067
 407 R   0.96779 0.03221 ( 1)  0.081
 408 T   0.98288 0.01712 ( 1)  0.067
 409 V   0.98253 0.01747 ( 1)  0.067
 410 M   0.98767 0.01233 ( 1)  0.062
 411 N   0.71701 0.28299 ( 1)  0.319
 412 T   0.98288 0.01712 ( 1)  0.067
 413 I   0.96493 0.03507 ( 1)  0.084
 414 Q   0.96907 0.03093 ( 1)  0.080
 415 Q   0.97265 0.02735 ( 1)  0.076
 416 L   0.96552 0.03448 ( 1)  0.083
 417 M   0.98767 0.01233 ( 1)  0.062
 418 M   0.98767 0.01233 ( 1)  0.062
 419 I   0.98502 0.01498 ( 1)  0.065
 420 L   0.96552 0.03448 ( 1)  0.083
 421 N   0.98777 0.01223 ( 1)  0.062
 422 S   0.96987 0.03013 ( 1)  0.079
 423 A   0.68821 0.31179 ( 1)  0.346
 424 S   0.98369 0.01631 ( 1)  0.066
 425 D   0.98703 0.01297 ( 1)  0.063
 426 Q   0.97084 0.02916 ( 1)  0.078
 427 P   0.97543 0.02457 ( 1)  0.074
 428 S   0.97076 0.02924 ( 1)  0.078
 429 E   0.98536 0.01464 ( 1)  0.064
 430 N   0.98777 0.01223 ( 1)  0.062
 431 L   0.95126 0.04874 ( 1)  0.097
 432 I   0.98502 0.01498 ( 1)  0.065
 433 S   0.95281 0.04719 ( 1)  0.095
 434 Y   0.97757 0.02243 ( 1)  0.072
 435 F   0.98132 0.01868 ( 1)  0.068
 436 N   0.98298 0.01702 ( 1)  0.067
 437 N   0.97267 0.02733 ( 1)  0.076
 438 C   0.95043 0.04957 ( 1)  0.097
 439 T   0.98380 0.01620 ( 1)  0.066
 440 V   0.96938 0.03062 ( 1)  0.079
 441 N   0.98777 0.01223 ( 1)  0.062
 442 P   0.97585 0.02415 ( 1)  0.073
 443 K   0.98607 0.01393 ( 1)  0.064
 444 E   0.98536 0.01464 ( 1)  0.064
 445 S   0.72766 0.27234 ( 1)  0.309
 446 I   0.98098 0.01902 ( 1)  0.068
 447 L   0.95127 0.04873 ( 1)  0.097
 448 K   0.98527 0.01473 ( 1)  0.064
 449 R   0.98234 0.01766 ( 1)  0.067
 450 V   0.96608 0.03392 ( 1)  0.083
 451 K   0.97369 0.02631 ( 1)  0.075
 452 D   0.98703 0.01297 ( 1)  0.063
 453 I   0.77026 0.22974 ( 1)  0.269
 454 G   0.97647 0.02353 ( 1)  0.073
 455 Y   0.96686 0.03314 ( 1)  0.082
 456 I   0.97097 0.02903 ( 1)  0.078
 457 F   0.98132 0.01868 ( 1)  0.068
 458 K   0.98607 0.01393 ( 1)  0.064
 459 E   0.97187 0.02813 ( 1)  0.077
 460 K   0.98607 0.01393 ( 1)  0.064
 461 F   0.98027 0.01973 ( 1)  0.069
 462 A   0.98007 0.01993 ( 1)  0.069
 463 E   0.77197 0.22803 ( 1)  0.267
 464 A   0.97678 0.02322 ( 1)  0.072
 465 V   0.96608 0.03392 ( 1)  0.083
 466 G   0.97663 0.02337 ( 1)  0.073
 467 Q   0.96056 0.03944 ( 1)  0.088
 468 G   0.97664 0.02336 ( 1)  0.073
 469 C   0.97125 0.02875 ( 1)  0.078
 470 V   0.97742 0.02258 ( 1)  0.072
 471 E   0.98536 0.01464 ( 1)  0.064
 472 I   0.98502 0.01498 ( 1)  0.065
 473 G   0.97663 0.02337 ( 1)  0.073
 474 S   0.96980 0.03020 ( 1)  0.079
 475 Q   0.95962 0.04038 ( 1)  0.089
 476 R   0.96419 0.03581 ( 1)  0.084
 477 Y   0.96161 0.03839 ( 1)  0.087
 478 K   0.98607 0.01393 ( 1)  0.064
 479 L   0.97742 0.02258 ( 1)  0.072
 480 G   0.97661 0.02339 ( 1)  0.073
 481 V   0.97850 0.02150 ( 1)  0.071
 482 R   0.95689 0.04311 ( 1)  0.091
 483 L   0.95463 0.04537 ( 1)  0.093
 484 Y   0.97757 0.02243 ( 1)  0.072
 485 Y   0.95503 0.04497 ( 1)  0.093
 486 R   0.96419 0.03581 ( 1)  0.084
 487 V   0.98326 0.01674 ( 1)  0.066
 488 M   0.98767 0.01233 ( 1)  0.062
 489 E   0.98536 0.01464 ( 1)  0.064
 490 S   0.95924 0.04076 ( 1)  0.089
 491 M   0.98767 0.01233 ( 1)  0.062
 492 L   0.97742 0.02258 ( 1)  0.072
 493 K   0.98607 0.01393 ( 1)  0.064
 494 S   0.97076 0.02924 ( 1)  0.078
 495 E   0.98536 0.01464 ( 1)  0.064
 496 E   0.98536 0.01464 ( 1)  0.064
 497 E   0.98536 0.01464 ( 1)  0.064
 498 R   0.96533 0.03467 ( 1)  0.083
 499 L   0.96552 0.03448 ( 1)  0.083
 500 S   0.95281 0.04719 ( 1)  0.095
 501 I   0.98502 0.01498 ( 1)  0.065
 502 Q   0.97265 0.02735 ( 1)  0.076
 503 N   0.98777 0.01223 ( 1)  0.062
 504 F   0.98118 0.01882 ( 1)  0.068
 505 S   0.96393 0.03607 ( 1)  0.085
 506 K   0.98607 0.01393 ( 1)  0.064
 507 L   0.96982 0.03018 ( 1)  0.079
 508 L   0.95598 0.04402 ( 1)  0.092
 509 N   0.98599 0.01401 ( 1)  0.064
 510 D   0.97006 0.02994 ( 1)  0.079
 511 N   0.63754 0.36246 ( 1)  0.395
 512 I   0.69176 0.30824 ( 1)  0.343
 513 F   0.98132 0.01868 ( 1)  0.068
 514 H   0.98239 0.01761 ( 1)  0.067
 515 M   0.98767 0.01233 ( 1)  0.062
 516 S   0.97488 0.02512 ( 1)  0.074
 517 L   0.96552 0.03448 ( 1)  0.083
 518 L   0.95418 0.04582 ( 1)  0.094
 519 A   0.96436 0.03564 ( 1)  0.084
 520 C   0.96910 0.03090 ( 1)  0.080
 521 A   0.98088 0.01912 ( 1)  0.069
 522 L   0.97742 0.02258 ( 1)  0.072
 523 E   0.63685 0.36315 ( 1)  0.395
 524 V   0.73918 0.26082 ( 1)  0.298
 525 V   0.98345 0.01655 ( 1)  0.066
 526 M   0.98767 0.01233 ( 1)  0.062
 527 A   0.97033 0.02967 ( 1)  0.079
 528 T   0.98380 0.01620 ( 1)  0.066
 529 Y   0.97757 0.02243 ( 1)  0.072
 530 S   0.96393 0.03607 ( 1)  0.085
 531 R   0.98234 0.01766 ( 1)  0.067
 532 S   0.98149 0.01851 ( 1)  0.068
 533 T   0.98377 0.01623 ( 1)  0.066
 534 S   0.97475 0.02525 ( 1)  0.074
 535 Q   0.95962 0.04038 ( 1)  0.089
 536 N   0.98777 0.01223 ( 1)  0.062
 537 L   0.97742 0.02258 ( 1)  0.072
 538 D   0.98703 0.01297 ( 1)  0.063
 539 S   0.97510 0.02490 ( 1)  0.074
 540 G   0.97663 0.02337 ( 1)  0.073
 541 T   0.98380 0.01620 ( 1)  0.066
 542 D   0.98703 0.01297 ( 1)  0.063
 543 L   0.95463 0.04537 ( 1)  0.093
 544 S   0.96113 0.03887 ( 1)  0.087
 545 F   0.96269 0.03731 ( 1)  0.086
 546 P   0.97673 0.02327 ( 1)  0.073
 547 W   0.94552 0.05448 ( 1)  0.102
 548 I   0.98502 0.01498 ( 1)  0.065
 549 L   0.95126 0.04874 ( 1)  0.097
 550 N   0.98777 0.01223 ( 1)  0.062
 551 V   0.97856 0.02144 ( 1)  0.071
 552 L   0.97742 0.02258 ( 1)  0.072
 553 N   0.98777 0.01223 ( 1)  0.062
 554 L   0.96417 0.03583 ( 1)  0.084
 555 K   0.98607 0.01393 ( 1)  0.064
 556 A   0.95814 0.04186 ( 1)  0.090
 557 F   0.98132 0.01868 ( 1)  0.068
 558 D   0.98703 0.01297 ( 1)  0.063
 559 F   0.98132 0.01868 ( 1)  0.068
 560 Y   0.95503 0.04497 ( 1)  0.093
 561 K   0.98607 0.01393 ( 1)  0.064
 562 V   0.96608 0.03392 ( 1)  0.083
 563 I   0.98425 0.01575 ( 1)  0.065
 564 E   0.98536 0.01464 ( 1)  0.064
 565 S   0.98369 0.01631 ( 1)  0.066
 566 F   0.98132 0.01868 ( 1)  0.068
 567 I   0.96536 0.03464 ( 1)  0.083
 568 K   0.98594 0.01406 ( 1)  0.064
 569 A   0.98184 0.01816 ( 1)  0.068
 570 E   0.98536 0.01464 ( 1)  0.064
 571 G   0.51608 0.48392 ( 1)  0.510
 572 N   0.63510 0.36490 ( 1)  0.397
 573 L   0.95463 0.04537 ( 1)  0.093
 574 T   0.98380 0.01620 ( 1)  0.066
 575 R   0.98234 0.01766 ( 1)  0.067
 576 E   0.98536 0.01464 ( 1)  0.064
 577 M   0.98767 0.01233 ( 1)  0.062
 578 I   0.98901 0.01099 ( 1)  0.061
 579 K   0.98607 0.01393 ( 1)  0.064
 580 H   0.98060 0.01940 ( 1)  0.069
 581 L   0.96552 0.03448 ( 1)  0.083
 582 E   0.98536 0.01464 ( 1)  0.064
 583 R   0.96359 0.03641 ( 1)  0.085
 584 C   0.97125 0.02875 ( 1)  0.078
 585 E   0.98536 0.01464 ( 1)  0.064
 586 H   0.98239 0.01761 ( 1)  0.067
 587 R   0.96419 0.03581 ( 1)  0.084
 588 I   0.96493 0.03507 ( 1)  0.084
 589 M   0.98767 0.01233 ( 1)  0.062
 590 E   0.98536 0.01464 ( 1)  0.064
 591 S   0.95281 0.04719 ( 1)  0.095
 592 L   0.97742 0.02258 ( 1)  0.072
 593 A   0.98054 0.01946 ( 1)  0.069
 594 W   0.94552 0.05448 ( 1)  0.102
 595 L   0.51618 0.48382 ( 1)  0.510
 596 S   0.97076 0.02924 ( 1)  0.078
 597 D   0.98703 0.01297 ( 1)  0.063
 598 S   0.97060 0.02940 ( 1)  0.078
 599 P   0.97571 0.02429 ( 1)  0.073
 600 L   0.96465 0.03535 ( 1)  0.084
 601 F   0.98132 0.01868 ( 1)  0.068
 602 D   0.98703 0.01297 ( 1)  0.063
 603 L   0.97742 0.02258 ( 1)  0.072
 604 I   0.98502 0.01498 ( 1)  0.065
 605 K   0.98607 0.01393 ( 1)  0.064
 606 Q   0.96978 0.03022 ( 1)  0.079
 607 S   0.97076 0.02924 ( 1)  0.078
 608 K   0.97369 0.02631 ( 1)  0.075
 609 D   0.97510 0.02490 ( 1)  0.074
 610 R   0.35949 0.64051 ( 2)  0.659
 611 E   0.98536 0.01464 ( 1)  0.064
 612 G   0.97663 0.02337 ( 1)  0.073
 613 P   0.67130 0.32870 ( 1)  0.363
 614 T   0.68910 0.31090 ( 1)  0.346
 615 D   0.98703 0.01297 ( 1)  0.063
 616 H   0.96469 0.03531 ( 1)  0.084
 617 L   0.09881 0.90119 ( 2)  0.906
 618 E   0.98536 0.01464 ( 1)  0.064
 619 S   0.65715 0.34285 ( 1)  0.376
 620 A   0.98088 0.01912 ( 1)  0.069
 621 C   0.97125 0.02875 ( 1)  0.078
 622 P   0.97571 0.02429 ( 1)  0.073
 623 L   0.68361 0.31639 ( 1)  0.351
 624 N   0.98777 0.01223 ( 1)  0.062
 625 V   0.09856 0.90144 ( 2)  0.906
 626 P   0.66674 0.33326 ( 1)  0.367
 627 L   0.95490 0.04510 ( 1)  0.093
 628 Q   0.96052 0.03948 ( 1)  0.088
 629 N   0.98777 0.01223 ( 1)  0.062
 630 N   0.98777 0.01223 ( 1)  0.062
 631 H   0.96840 0.03160 ( 1)  0.080
 632 T   0.98181 0.01819 ( 1)  0.068
 633 A   0.98184 0.01816 ( 1)  0.068
 634 A   0.98184 0.01816 ( 1)  0.068
 635 D   0.98646 0.01354 ( 1)  0.063
 636 M   0.98767 0.01233 ( 1)  0.062
 637 Y   0.97757 0.02243 ( 1)  0.072
 638 L   0.97742 0.02258 ( 1)  0.072
 639 S   0.97479 0.02521 ( 1)  0.074
 640 P   0.97571 0.02429 ( 1)  0.073
 641 V   0.98345 0.01655 ( 1)  0.066
 642 R   0.98234 0.01766 ( 1)  0.067
 643 S   0.96105 0.03895 ( 1)  0.087
 644 P   0.97673 0.02327 ( 1)  0.073
 645 K   0.97369 0.02631 ( 1)  0.075
 646 K   0.98592 0.01408 ( 1)  0.064
 647 K   0.98607 0.01393 ( 1)  0.064
 648 -   0.92004 0.07996 ( 1)  0.126
 649 -   0.92004 0.07996 ( 1)  0.126
 650 -   0.92004 0.07996 ( 1)  0.126
 651 -   0.92004 0.07996 ( 1)  0.126
 652 -   0.92004 0.07996 ( 1)  0.126
 653 -   0.92004 0.07996 ( 1)  0.126
 654 -   0.92004 0.07996 ( 1)  0.126
 655 -   0.92004 0.07996 ( 1)  0.126
 656 -   0.92004 0.07996 ( 1)  0.126
 657 -   0.92004 0.07996 ( 1)  0.126
 658 -   0.92004 0.07996 ( 1)  0.126
 659 -   0.92004 0.07996 ( 1)  0.126
 660 -   0.92004 0.07996 ( 1)  0.126
 661 -   0.92004 0.07996 ( 1)  0.126
 662 -   0.92004 0.07996 ( 1)  0.126
 663 -   0.92004 0.07996 ( 1)  0.126
 664 -   0.92004 0.07996 ( 1)  0.126
 665 -   0.92004 0.07996 ( 1)  0.126
 666 -   0.92004 0.07996 ( 1)  0.126
 667 -   0.92004 0.07996 ( 1)  0.126
 668 -   0.92004 0.07996 ( 1)  0.126
 669 -   0.92004 0.07996 ( 1)  0.126
 670 -   0.92004 0.07996 ( 1)  0.126
 671 -   0.92004 0.07996 ( 1)  0.126
 672 -   0.92004 0.07996 ( 1)  0.126
 673 -   0.92004 0.07996 ( 1)  0.126
 674 -   0.92004 0.07996 ( 1)  0.126
 675 -   0.92004 0.07996 ( 1)  0.126
 676 -   0.92004 0.07996 ( 1)  0.126
 677 -   0.92004 0.07996 ( 1)  0.126
 678 -   0.92004 0.07996 ( 1)  0.126
 679 -   0.92004 0.07996 ( 1)  0.126
 680 -   0.92004 0.07996 ( 1)  0.126
 681 -   0.92004 0.07996 ( 1)  0.126
 682 -   0.92004 0.07996 ( 1)  0.126
 683 G   0.97682 0.02318 ( 1)  0.072
 684 S   0.97068 0.02932 ( 1)  0.078
 685 A   0.73331 0.26669 ( 1)  0.304
 686 T   0.98260 0.01740 ( 1)  0.067
 687 R   0.97158 0.02842 ( 1)  0.077
 688 V   0.98338 0.01662 ( 1)  0.066
 689 N   0.98771 0.01229 ( 1)  0.062
 690 S   0.97486 0.02514 ( 1)  0.074
 691 T   0.98281 0.01719 ( 1)  0.067
 692 A   0.98176 0.01824 ( 1)  0.068
 693 N   0.98771 0.01229 ( 1)  0.062
 694 A   0.98176 0.01824 ( 1)  0.068
 695 E   0.97180 0.02820 ( 1)  0.077
 696 T   0.98373 0.01627 ( 1)  0.066
 697 Q   0.97257 0.02743 ( 1)  0.076
 698 A   0.73033 0.26967 ( 1)  0.306
 699 T   0.96017 0.03983 ( 1)  0.088
 700 S   0.97068 0.02932 ( 1)  0.078
 701 A   0.95807 0.04193 ( 1)  0.090
 702 F   0.96262 0.03738 ( 1)  0.086
 703 Q   0.95954 0.04046 ( 1)  0.089
 704 T   0.54844 0.45156 ( 1)  0.479
 705 Q   0.95954 0.04046 ( 1)  0.089
 706 K   0.97361 0.02639 ( 1)  0.075
 707 P   0.97661 0.02339 ( 1)  0.073
 708 L   0.95456 0.04544 ( 1)  0.094
 709 K   0.98520 0.01480 ( 1)  0.064
 710 S   0.97502 0.02498 ( 1)  0.074
 711 T   0.96017 0.03983 ( 1)  0.088
 712 S   0.96669 0.03331 ( 1)  0.082
 713 L   0.97710 0.02290 ( 1)  0.072
 714 S   0.97055 0.02945 ( 1)  0.078
 715 L   0.95291 0.04709 ( 1)  0.095
 716 F   0.98124 0.01876 ( 1)  0.068
 717 Y   0.97213 0.02787 ( 1)  0.077
 718 K   0.98600 0.01400 ( 1)  0.064
 719 K   0.76799 0.23201 ( 1)  0.271
 720 V   0.96600 0.03400 ( 1)  0.083
 721 Y   0.96927 0.03073 ( 1)  0.080
 722 R   0.95336 0.04664 ( 1)  0.095
 723 L   0.96755 0.03245 ( 1)  0.081
 724 A   0.97113 0.02887 ( 1)  0.078
 725 Y   0.97750 0.02250 ( 1)  0.072
 726 L   0.95483 0.04517 ( 1)  0.093
 727 R   0.95559 0.04441 ( 1)  0.093
 728 L   0.96760 0.03240 ( 1)  0.081
 729 N   0.78984 0.21016 ( 1)  0.250
 730 T   0.97224 0.02776 ( 1)  0.077
 731 L   0.96556 0.03444 ( 1)  0.083
 732 C   0.97111 0.02889 ( 1)  0.078
 733 E   0.74473 0.25527 ( 1)  0.293
 734 R   0.94988 0.05012 ( 1)  0.098
 735 L   0.97735 0.02265 ( 1)  0.072
 736 L   0.95387 0.04613 ( 1)  0.094
 737 S   0.97502 0.02498 ( 1)  0.074
 738 E   0.08889 0.91111 ( 2)  0.916
 739 H   0.96462 0.03538 ( 1)  0.084
 740 P   0.97665 0.02335 ( 1)  0.073
 741 E   0.98530 0.01470 ( 1)  0.064
 742 L   0.96758 0.03242 ( 1)  0.081
 743 E   0.98424 0.01576 ( 1)  0.065
 744 H   0.96635 0.03365 ( 1)  0.082
 745 I   0.96485 0.03515 ( 1)  0.084
 746 I   0.96485 0.03515 ( 1)  0.084
 747 W   0.94546 0.05454 ( 1)  0.102
 748 T   0.96017 0.03983 ( 1)  0.088
 749 L   0.97713 0.02287 ( 1)  0.072
 750 F   0.96429 0.03571 ( 1)  0.084
 751 Q   0.95954 0.04046 ( 1)  0.089
 752 H   0.96637 0.03363 ( 1)  0.082
 753 T   0.97004 0.02996 ( 1)  0.079
 754 L   0.95120 0.04880 ( 1)  0.097
 755 Q   0.96579 0.03421 ( 1)  0.083
 756 N   0.80128 0.19872 ( 1)  0.239
 757 E   0.97326 0.02674 ( 1)  0.076
 758 Y   0.97750 0.02250 ( 1)  0.072
 759 E   0.98530 0.01470 ( 1)  0.064
 760 L   0.95548 0.04452 ( 1)  0.093
 761 M   0.98761 0.01239 ( 1)  0.062
 762 R   0.73661 0.26339 ( 1)  0.301
 763 D   0.96998 0.03002 ( 1)  0.079
 764 R   0.96772 0.03228 ( 1)  0.081
 765 H   0.98232 0.01768 ( 1)  0.067
 766 L   0.95456 0.04544 ( 1)  0.094
 767 D   0.96998 0.03002 ( 1)  0.079
 768 Q   0.96969 0.03031 ( 1)  0.079
 769 I   0.98495 0.01505 ( 1)  0.065
 770 M   0.98761 0.01239 ( 1)  0.062
 771 M   0.98761 0.01239 ( 1)  0.062
 772 C   0.97117 0.02883 ( 1)  0.078
 773 S   0.95275 0.04725 ( 1)  0.095
 774 M   0.98761 0.01239 ( 1)  0.062
 775 Y   0.97750 0.02250 ( 1)  0.072
 776 G   0.95433 0.04567 ( 1)  0.094
 777 I   0.98895 0.01105 ( 1)  0.061
 778 C   0.95036 0.04964 ( 1)  0.098
 779 K   0.98600 0.01400 ( 1)  0.064
 780 V   0.96696 0.03304 ( 1)  0.082
 781 K   0.97361 0.02639 ( 1)  0.075
 782 N   0.98771 0.01229 ( 1)  0.062
 783 I   0.98895 0.01105 ( 1)  0.061
 784 D   0.97149 0.02851 ( 1)  0.077
 785 L   0.97735 0.02265 ( 1)  0.072
 786 K   0.98600 0.01400 ( 1)  0.064
 787 F   0.96262 0.03738 ( 1)  0.086
 788 K   0.98600 0.01400 ( 1)  0.064
 789 I   0.96485 0.03515 ( 1)  0.084
 790 I   0.98306 0.01694 ( 1)  0.067
 791 V   0.98338 0.01662 ( 1)  0.066
 792 T   0.98373 0.01627 ( 1)  0.066
 793 A   0.98176 0.01824 ( 1)  0.068
 794 Y   0.96267 0.03733 ( 1)  0.086
 795 K   0.97604 0.02396 ( 1)  0.073
 796 D   0.98696 0.01304 ( 1)  0.063
 797 L   0.97735 0.02265 ( 1)  0.072
 798 P   0.97564 0.02436 ( 1)  0.074
 799 H   0.98232 0.01768 ( 1)  0.067
 800 A   0.98081 0.01919 ( 1)  0.069
 801 V   0.73379 0.26621 ( 1)  0.303
 802 Q   0.95954 0.04046 ( 1)  0.089
 803 E   0.97180 0.02820 ( 1)  0.077
 804 T   0.98358 0.01642 ( 1)  0.066
 805 F   0.96262 0.03738 ( 1)  0.086
 806 K   0.98600 0.01400 ( 1)  0.064
 807 R   0.97158 0.02842 ( 1)  0.077
 808 V   0.98246 0.01754 ( 1)  0.067
 809 L   0.95456 0.04544 ( 1)  0.094
 810 I   0.96509 0.03491 ( 1)  0.084
 811 K   0.75425 0.24575 ( 1)  0.284
 812 E   0.98530 0.01470 ( 1)  0.064
 813 E   0.97559 0.02441 ( 1)  0.074
 814 E   0.97289 0.02711 ( 1)  0.076
 815 Y   0.97750 0.02250 ( 1)  0.072
 816 D   0.98696 0.01304 ( 1)  0.063
 817 S   0.96669 0.03331 ( 1)  0.082
 818 I   0.98495 0.01505 ( 1)  0.065
 819 I   0.98895 0.01105 ( 1)  0.061
 820 V   0.98338 0.01662 ( 1)  0.066
 821 F   0.96262 0.03738 ( 1)  0.086
 822 Y   0.97750 0.02250 ( 1)  0.072
 823 N   0.97225 0.02775 ( 1)  0.077
 824 S   0.96461 0.03539 ( 1)  0.084
 825 V   0.95980 0.04020 ( 1)  0.089
 826 F   0.96262 0.03738 ( 1)  0.086
 827 M   0.98761 0.01239 ( 1)  0.062
 828 Q   0.95954 0.04046 ( 1)  0.089
 829 R   0.98141 0.01859 ( 1)  0.068
 830 L   0.95120 0.04880 ( 1)  0.097
 831 K   0.98600 0.01400 ( 1)  0.064
 832 T   0.98373 0.01627 ( 1)  0.066
 833 N   0.98771 0.01229 ( 1)  0.062
 834 I   0.98495 0.01505 ( 1)  0.065
 835 L   0.95467 0.04533 ( 1)  0.093
 836 Q   0.95968 0.04032 ( 1)  0.089
 837 Y   0.97750 0.02250 ( 1)  0.072
 838 A   0.98081 0.01919 ( 1)  0.069
 839 S   0.95514 0.04486 ( 1)  0.093
 840 T   0.96017 0.03983 ( 1)  0.088
 841 R   0.96772 0.03228 ( 1)  0.081
 842 P   0.95328 0.04672 ( 1)  0.095
 843 P   0.97546 0.02454 ( 1)  0.074
 844 T   0.96756 0.03244 ( 1)  0.081
 845 L   0.95456 0.04544 ( 1)  0.094
 846 S   0.97068 0.02932 ( 1)  0.078
 847 P   0.97564 0.02436 ( 1)  0.074
 848 I   0.98837 0.01163 ( 1)  0.061
 849 P   0.97564 0.02436 ( 1)  0.074
 850 H   0.96462 0.03538 ( 1)  0.084
 851 I   0.98495 0.01505 ( 1)  0.065
 852 P   0.97550 0.02450 ( 1)  0.074
 853 R   0.96411 0.03589 ( 1)  0.084
 854 S   0.96837 0.03163 ( 1)  0.080
 855 P   0.97441 0.02559 ( 1)  0.075
 856 Y   0.95807 0.04193 ( 1)  0.090
 857 K   0.97613 0.02387 ( 1)  0.073
 858 F   0.98124 0.01876 ( 1)  0.068
 859 P   0.65862 0.34138 ( 1)  0.375
 860 S   0.74945 0.25055 ( 1)  0.288
 861 S   0.96987 0.03013 ( 1)  0.079
 862 P   0.95831 0.04169 ( 1)  0.090
 863 L   0.96544 0.03456 ( 1)  0.083
 864 R   0.95294 0.04706 ( 1)  0.095
 865 I   0.98495 0.01505 ( 1)  0.065
 866 P   0.97564 0.02436 ( 1)  0.074
 867 G   0.97409 0.02591 ( 1)  0.075
 868 G   0.96089 0.03911 ( 1)  0.088
 869 N   0.97245 0.02755 ( 1)  0.077
 870 I   0.96676 0.03324 ( 1)  0.082
 871 Y   0.97634 0.02366 ( 1)  0.073
 872 I   0.98771 0.01229 ( 1)  0.062
 873 S   0.97068 0.02932 ( 1)  0.078
 874 P   0.95537 0.04463 ( 1)  0.093
 875 L   0.95199 0.04801 ( 1)  0.096
 876 K   0.97361 0.02639 ( 1)  0.075
 877 S   0.98362 0.01638 ( 1)  0.066
 878 P   0.97652 0.02348 ( 1)  0.073
 879 Y   0.97750 0.02250 ( 1)  0.072
 880 K   0.98600 0.01400 ( 1)  0.064
 881 I   0.98495 0.01505 ( 1)  0.065
 882 S   0.97054 0.02946 ( 1)  0.078
 883 E   0.98530 0.01470 ( 1)  0.064
 884 G   0.97667 0.02333 ( 1)  0.073
 885 L   0.49668 0.50332 ( 2)  0.528
 886 P   0.97647 0.02353 ( 1)  0.073
 887 T   0.97968 0.02032 ( 1)  0.070
 888 P   0.97661 0.02339 ( 1)  0.073
 889 T   0.98330 0.01670 ( 1)  0.066
 890 K   0.98600 0.01400 ( 1)  0.064
 891 M   0.98761 0.01239 ( 1)  0.062
 892 T   0.98285 0.01715 ( 1)  0.067
 893 P   0.97665 0.02335 ( 1)  0.073
 894 G   0.72444 0.27556 ( 1)  0.312
 895 T   0.64023 0.35977 ( 1)  0.392
 896 R   0.98212 0.01788 ( 1)  0.067
 897 I   0.96485 0.03515 ( 1)  0.084
 898 L   0.96544 0.03456 ( 1)  0.083
 899 V   0.98338 0.01662 ( 1)  0.066
 900 S   0.97068 0.02932 ( 1)  0.078
 901 I   0.98495 0.01505 ( 1)  0.065
 902 G   0.97682 0.02318 ( 1)  0.072
 903 E   0.98530 0.01470 ( 1)  0.064
 904 S   0.97068 0.02932 ( 1)  0.078
 905 F   0.98050 0.01950 ( 1)  0.069
 906 G   0.96011 0.03989 ( 1)  0.088
 907 T   0.98282 0.01718 ( 1)  0.067
 908 S   0.97502 0.02498 ( 1)  0.074
 909 E   0.97244 0.02756 ( 1)  0.077
 910 K   0.97702 0.02298 ( 1)  0.072
 911 F   0.96262 0.03738 ( 1)  0.086
 912 Q   0.95954 0.04046 ( 1)  0.089
 913 K   0.98600 0.01400 ( 1)  0.064
 914 I   0.98895 0.01105 ( 1)  0.061
 915 N   0.98771 0.01229 ( 1)  0.062
 916 Q   0.95954 0.04046 ( 1)  0.089
 917 M   0.98761 0.01239 ( 1)  0.062
 918 V   0.98009 0.01991 ( 1)  0.069
 919 C   0.97117 0.02883 ( 1)  0.078
 920 N   0.97259 0.02741 ( 1)  0.076
 921 S   0.96996 0.03004 ( 1)  0.079
 922 D   0.62089 0.37911 ( 1)  0.410
 923 R   0.97158 0.02842 ( 1)  0.077
 924 V   0.58511 0.41489 ( 1)  0.444
 925 L   0.95483 0.04517 ( 1)  0.093
 926 K   0.98600 0.01400 ( 1)  0.064
 927 R   0.98227 0.01773 ( 1)  0.067
 928 S   0.98136 0.01864 ( 1)  0.068
 929 A   0.98081 0.01919 ( 1)  0.069
 930 E   0.98530 0.01470 ( 1)  0.064
 931 G   0.97655 0.02345 ( 1)  0.073
 932 S   0.96385 0.03615 ( 1)  0.085
 933 N   0.97225 0.02775 ( 1)  0.077
 934 P   0.97564 0.02436 ( 1)  0.074
 935 P   0.97564 0.02436 ( 1)  0.074
 936 K   0.98600 0.01400 ( 1)  0.064
 937 P   0.96981 0.03019 ( 1)  0.079
 938 L   0.95120 0.04880 ( 1)  0.097
 939 K   0.98600 0.01400 ( 1)  0.064
 940 K   0.98600 0.01400 ( 1)  0.064
 941 L   0.96675 0.03325 ( 1)  0.082
 942 R   0.94988 0.05012 ( 1)  0.098
 943 F   0.98124 0.01876 ( 1)  0.068
 944 D   0.98602 0.01398 ( 1)  0.064
 945 I   0.98365 0.01635 ( 1)  0.066
 946 E   0.98530 0.01470 ( 1)  0.064
 947 G   0.97655 0.02345 ( 1)  0.073
 948 S   0.07745 0.92255 ( 2)  0.926
 949 D   0.98606 0.01394 ( 1)  0.064
 950 E   0.98530 0.01470 ( 1)  0.064
 951 A   0.71764 0.28236 ( 1)  0.319
 952 D   0.78268 0.21732 ( 1)  0.257
 953 G   0.97655 0.02345 ( 1)  0.073
 954 S   0.98362 0.01638 ( 1)  0.066
 955 K   0.98600 0.01400 ( 1)  0.064
 956 H   0.71235 0.28765 ( 1)  0.324
 957 L   0.95483 0.04517 ( 1)  0.093
 958 Q   0.66675 0.33325 ( 1)  0.367
 959 G   0.96273 0.03727 ( 1)  0.086
 960 E   0.97316 0.02684 ( 1)  0.076
 961 S   0.95275 0.04725 ( 1)  0.095
 962 K   0.98600 0.01400 ( 1)  0.064
 963 F   0.98124 0.01876 ( 1)  0.068
 964 Q   0.96579 0.03421 ( 1)  0.083
 965 Q   0.95954 0.04046 ( 1)  0.089
 966 K   0.98600 0.01400 ( 1)  0.064
 967 L   0.95120 0.04880 ( 1)  0.097
 968 A   0.98176 0.01824 ( 1)  0.068
 969 E   0.98530 0.01470 ( 1)  0.064
 970 M   0.98761 0.01239 ( 1)  0.062
 971 T   0.98344 0.01656 ( 1)  0.066
 972 S   0.97366 0.02634 ( 1)  0.075
 973 T   0.98168 0.01832 ( 1)  0.068
 974 R   0.96411 0.03589 ( 1)  0.084
 975 T   0.98373 0.01627 ( 1)  0.066
 976 R   0.96394 0.03606 ( 1)  0.085
 977 M   0.98761 0.01239 ( 1)  0.062
 978 Q   0.97257 0.02743 ( 1)  0.076
 979 K   0.97361 0.02639 ( 1)  0.075
 980 Q   0.95954 0.04046 ( 1)  0.089
 981 K   0.98600 0.01400 ( 1)  0.064
 982 M   0.98761 0.01239 ( 1)  0.062
 983 N   0.98685 0.01315 ( 1)  0.063
 984 D   0.98506 0.01494 ( 1)  0.065
 985 S   0.96385 0.03615 ( 1)  0.085
 986 M   0.98761 0.01239 ( 1)  0.062
 987 D   0.79210 0.20790 ( 1)  0.248
 988 T   0.96017 0.03983 ( 1)  0.088
 989 S   0.97068 0.02932 ( 1)  0.078
 990 N   0.63104 0.36896 ( 1)  0.401
 991 K   0.64041 0.35959 ( 1)  0.392
 992 E   0.98530 0.01470 ( 1)  0.064
 993 E   0.98186 0.01814 ( 1)  0.068
 994 K   0.77677 0.22323 ( 1)  0.262
 995 -   0.92004 0.07996 ( 1)  0.126
 996 -   0.92004 0.07996 ( 1)  0.126
 997 -   0.92004 0.07996 ( 1)  0.126
 998 -   0.92004 0.07996 ( 1)  0.126
 999 -   0.92004 0.07996 ( 1)  0.126
1000 -   0.92004 0.07996 ( 1)  0.126
1001 -   0.92004 0.07996 ( 1)  0.126
1002 -   0.92004 0.07996 ( 1)  0.126
1003 -   0.92004 0.07996 ( 1)  0.126
1004 -   0.92004 0.07996 ( 1)  0.126


lnL = -7244.377083

