Supplemental results for CODEML (seqf: algn  treef: tree)


dN/dS (w) for site classes (K=2)

p:   0.89520  0.10480
w:   0.02940  1.00000

Naive Empirical Bayes (NEB) probabilities for 2 classes & postmean_w
(amino acids refer to 1st sequence: calJac_SHH_XM_002807047)

   1 M   0.99471 0.00529 ( 1)  0.035
   2 G   0.86338 0.13662 ( 1)  0.162
   3 E   0.85648 0.14352 ( 1)  0.169
   4 M   0.99471 0.00529 ( 1)  0.035
   5 -   0.89520 0.10480 ( 1)  0.131
   6 L   0.98471 0.01529 ( 1)  0.044
   7 L   0.98471 0.01529 ( 1)  0.044
   8 P   0.65783 0.34217 ( 1)  0.362
   9 A   0.99452 0.00548 ( 1)  0.035
  10 R   0.94346 0.05654 ( 1)  0.084
  11 C   0.93183 0.06817 ( 1)  0.096
  12 L   0.98471 0.01529 ( 1)  0.044
  13 L   0.98471 0.01529 ( 1)  0.044
  14 L   0.44063 0.55937 ( 2)  0.572
  15 V   0.99609 0.00391 ( 1)  0.033
  16 V   0.78960 0.21040 ( 1)  0.234
  17 V   0.99598 0.00402 ( 1)  0.033
  18 S   0.99109 0.00891 ( 1)  0.038
  19 -   0.89520 0.10480 ( 1)  0.131
  20 -   0.89520 0.10480 ( 1)  0.131
  21 -   0.89520 0.10480 ( 1)  0.131
  22 -   0.89520 0.10480 ( 1)  0.131
  23 -   0.89520 0.10480 ( 1)  0.131
  24 -   0.89520 0.10480 ( 1)  0.131
  25 -   0.89520 0.10480 ( 1)  0.131
  26 -   0.89520 0.10480 ( 1)  0.131
  27 -   0.89520 0.10480 ( 1)  0.131
  28 S   0.98716 0.01284 ( 1)  0.042
  29 L   0.98471 0.01529 ( 1)  0.044
  30 L   0.98564 0.01436 ( 1)  0.043
  31 V   0.80709 0.19291 ( 1)  0.217
  32 C   0.73756 0.26244 ( 1)  0.284
  33 S   0.68539 0.31461 ( 1)  0.335
  34 G   0.98610 0.01390 ( 1)  0.043
  35 L   0.98471 0.01529 ( 1)  0.044
  36 A   0.99452 0.00548 ( 1)  0.035
  37 C   0.98839 0.01161 ( 1)  0.041
  38 G   0.95120 0.04880 ( 1)  0.077
  39 P   0.98867 0.01133 ( 1)  0.040
  40 G   0.99598 0.00402 ( 1)  0.033
  41 R   0.99011 0.00989 ( 1)  0.039
  42 G   0.99462 0.00538 ( 1)  0.035
  43 F   0.99165 0.00835 ( 1)  0.038
  44 G   0.99115 0.00885 ( 1)  0.038
  45 K   0.99358 0.00642 ( 1)  0.036
  46 R   0.99168 0.00832 ( 1)  0.037
  47 R   0.98848 0.01152 ( 1)  0.041
  48 H   0.99421 0.00579 ( 1)  0.035
  49 P   0.99015 0.00985 ( 1)  0.039
  50 K   0.94839 0.05161 ( 1)  0.079
  51 K   0.99358 0.00642 ( 1)  0.036
  52 L   0.98471 0.01529 ( 1)  0.044
  53 T   0.99490 0.00510 ( 1)  0.034
  54 P   0.92770 0.07230 ( 1)  0.100
  55 L   0.92538 0.07462 ( 1)  0.102
  56 S   0.14079 0.85921 ( 2)  0.863
  57 Y   0.99078 0.00922 ( 1)  0.038
  58 K   0.99358 0.00642 ( 1)  0.036
  59 Q   0.98609 0.01391 ( 1)  0.043
  60 F   0.94375 0.05625 ( 1)  0.084
  61 I   0.99524 0.00476 ( 1)  0.034
  62 P   0.99240 0.00760 ( 1)  0.037
  63 N   0.97919 0.02081 ( 1)  0.050
  64 V   0.99478 0.00522 ( 1)  0.034
  65 A   0.99260 0.00740 ( 1)  0.037
  66 E   0.99597 0.00403 ( 1)  0.033
  67 K   0.99183 0.00817 ( 1)  0.037
  68 T   0.99490 0.00510 ( 1)  0.034
  69 L   0.94253 0.05747 ( 1)  0.085
  70 G   0.98884 0.01116 ( 1)  0.040
  71 A   0.99588 0.00412 ( 1)  0.033
  72 S   0.99495 0.00505 ( 1)  0.034
  73 G   0.95366 0.04634 ( 1)  0.074
  74 R   0.98878 0.01122 ( 1)  0.040
  75 Y   0.96524 0.03476 ( 1)  0.063
  76 E   0.96250 0.03750 ( 1)  0.066
  77 G   0.99294 0.00706 ( 1)  0.036
  78 K   0.99358 0.00642 ( 1)  0.036
  79 I   0.99524 0.00476 ( 1)  0.034
  80 S   0.73277 0.26723 ( 1)  0.289
  81 R   0.94346 0.05654 ( 1)  0.084
  82 N   0.99569 0.00431 ( 1)  0.034
  83 S   0.99021 0.00979 ( 1)  0.039
  84 E   0.99597 0.00403 ( 1)  0.033
  85 R   0.92725 0.07275 ( 1)  0.100
  86 F   0.93446 0.06554 ( 1)  0.093
  87 K   0.99358 0.00642 ( 1)  0.036
  88 E   0.96296 0.03704 ( 1)  0.065
  89 L   0.99242 0.00758 ( 1)  0.037
  90 T   0.99490 0.00510 ( 1)  0.034
  91 P   0.99240 0.00760 ( 1)  0.037
  92 N   0.95320 0.04680 ( 1)  0.075
  93 Y   0.99078 0.00922 ( 1)  0.038
  94 N   0.99569 0.00431 ( 1)  0.034
  95 P   0.99240 0.00760 ( 1)  0.037
  96 D   0.99726 0.00274 ( 1)  0.032
  97 I   0.99462 0.00538 ( 1)  0.035
  98 I   0.96579 0.03421 ( 1)  0.063
  99 F   0.93446 0.06554 ( 1)  0.093
 100 K   0.99358 0.00642 ( 1)  0.036
 101 D   0.96714 0.03286 ( 1)  0.061
 102 E   0.98313 0.01687 ( 1)  0.046
 103 E   0.96250 0.03750 ( 1)  0.066
 104 N   0.99569 0.00431 ( 1)  0.034
 105 T   0.99490 0.00510 ( 1)  0.034
 106 G   0.94048 0.05952 ( 1)  0.087
 107 A   0.99455 0.00545 ( 1)  0.035
 108 D   0.99690 0.00310 ( 1)  0.032
 109 R   0.98907 0.01093 ( 1)  0.040
 110 L   0.98471 0.01529 ( 1)  0.044
 111 M   0.99471 0.00529 ( 1)  0.035
 112 T   0.93103 0.06897 ( 1)  0.096
 113 Q   0.98822 0.01178 ( 1)  0.041
 114 R   0.99176 0.00824 ( 1)  0.037
 115 C   0.93183 0.06817 ( 1)  0.096
 116 K   0.99162 0.00838 ( 1)  0.038
 117 D   0.99726 0.00274 ( 1)  0.032
 118 K   0.99358 0.00642 ( 1)  0.036
 119 L   0.97027 0.02973 ( 1)  0.058
 120 N   0.99569 0.00431 ( 1)  0.034
 121 A   0.96116 0.03884 ( 1)  0.067
 122 L   0.97027 0.02973 ( 1)  0.058
 123 A   0.99588 0.00412 ( 1)  0.033
 124 I   0.99286 0.00714 ( 1)  0.036
 125 S   0.98264 0.01736 ( 1)  0.046
 126 V   0.99478 0.00522 ( 1)  0.034
 127 M   0.99471 0.00529 ( 1)  0.035
 128 N   0.99569 0.00431 ( 1)  0.034
 129 Q   0.98822 0.01178 ( 1)  0.041
 130 W   0.98149 0.01851 ( 1)  0.047
 131 P   0.93566 0.06434 ( 1)  0.092
 132 G   0.94048 0.05952 ( 1)  0.087
 133 V   0.99478 0.00522 ( 1)  0.034
 134 K   0.95744 0.04256 ( 1)  0.071
 135 L   0.98471 0.01529 ( 1)  0.044
 136 R   0.98826 0.01174 ( 1)  0.041
 137 V   0.99463 0.00537 ( 1)  0.035
 138 T   0.99311 0.00689 ( 1)  0.036
 139 E   0.99597 0.00403 ( 1)  0.033
 140 G   0.99598 0.00402 ( 1)  0.033
 141 W   0.98149 0.01851 ( 1)  0.047
 142 D   0.99726 0.00274 ( 1)  0.032
 143 E   0.99454 0.00546 ( 1)  0.035
 144 D   0.96601 0.03399 ( 1)  0.062
 145 G   0.99598 0.00402 ( 1)  0.033
 146 H   0.99421 0.00579 ( 1)  0.035
 147 H   0.99421 0.00579 ( 1)  0.035
 148 S   0.93718 0.06282 ( 1)  0.090
 149 E   0.99597 0.00403 ( 1)  0.033
 150 E   0.99597 0.00403 ( 1)  0.033
 151 S   0.96205 0.03795 ( 1)  0.066
 152 L   0.98471 0.01529 ( 1)  0.044
 153 H   0.99421 0.00579 ( 1)  0.035
 154 Y   0.97766 0.02234 ( 1)  0.051
 155 E   0.99597 0.00403 ( 1)  0.033
 156 G   0.99598 0.00402 ( 1)  0.033
 157 R   0.99011 0.00989 ( 1)  0.039
 158 A   0.96063 0.03937 ( 1)  0.068
 159 V   0.99478 0.00522 ( 1)  0.034
 160 D   0.99726 0.00274 ( 1)  0.032
 161 I   0.99213 0.00787 ( 1)  0.037
 162 T   0.99490 0.00510 ( 1)  0.034
 163 T   0.99133 0.00867 ( 1)  0.038
 164 S   0.98468 0.01532 ( 1)  0.044
 165 D   0.99726 0.00274 ( 1)  0.032
 166 R   0.98980 0.01020 ( 1)  0.039
 167 D   0.99726 0.00274 ( 1)  0.032
 168 R   0.99174 0.00826 ( 1)  0.037
 169 S   0.99495 0.00505 ( 1)  0.034
 170 K   0.99358 0.00642 ( 1)  0.036
 171 Y   0.98830 0.01170 ( 1)  0.041
 172 G   0.99598 0.00402 ( 1)  0.033
 173 M   0.99471 0.00529 ( 1)  0.035
 174 L   0.98471 0.01529 ( 1)  0.044
 175 A   0.99588 0.00412 ( 1)  0.033
 176 R   0.99210 0.00790 ( 1)  0.037
 177 L   0.98471 0.01529 ( 1)  0.044
 178 A   0.99290 0.00710 ( 1)  0.036
 179 V   0.99478 0.00522 ( 1)  0.034
 180 E   0.99597 0.00403 ( 1)  0.033
 181 A   0.99588 0.00412 ( 1)  0.033
 182 G   0.99598 0.00402 ( 1)  0.033
 183 F   0.98943 0.01057 ( 1)  0.040
 184 D   0.99623 0.00377 ( 1)  0.033
 185 W   0.98149 0.01851 ( 1)  0.047
 186 V   0.99491 0.00509 ( 1)  0.034
 187 Y   0.99078 0.00922 ( 1)  0.038
 188 Y   0.99078 0.00922 ( 1)  0.038
 189 E   0.99597 0.00403 ( 1)  0.033
 190 S   0.99109 0.00891 ( 1)  0.038
 191 K   0.98528 0.01472 ( 1)  0.044
 192 A   0.99401 0.00599 ( 1)  0.035
 193 H   0.99180 0.00820 ( 1)  0.037
 194 I   0.99524 0.00476 ( 1)  0.034
 195 H   0.99421 0.00579 ( 1)  0.035
 196 C   0.99075 0.00925 ( 1)  0.038
 197 S   0.98301 0.01699 ( 1)  0.046
 198 V   0.99478 0.00522 ( 1)  0.034
 199 K   0.94839 0.05161 ( 1)  0.079
 200 A   0.94191 0.05809 ( 1)  0.086
 201 E   0.99597 0.00403 ( 1)  0.033
 202 N   0.99569 0.00431 ( 1)  0.034
 203 S   0.98716 0.01284 ( 1)  0.042
 204 V   0.99478 0.00522 ( 1)  0.034
 205 A   0.99452 0.00548 ( 1)  0.035
 206 A   0.99588 0.00412 ( 1)  0.033
 207 K   0.95590 0.04410 ( 1)  0.072
 208 S   0.98892 0.01108 ( 1)  0.040
 209 G   0.99311 0.00689 ( 1)  0.036
 210 G   0.99598 0.00402 ( 1)  0.033
 211 C   0.99075 0.00925 ( 1)  0.038
 212 F   0.99165 0.00835 ( 1)  0.038
 213 P   0.98670 0.01330 ( 1)  0.042
 214 G   0.99598 0.00402 ( 1)  0.033
 215 S   0.98716 0.01284 ( 1)  0.042
 216 A   0.99588 0.00412 ( 1)  0.033
 217 T   0.99136 0.00864 ( 1)  0.038
 218 V   0.99472 0.00528 ( 1)  0.035
 219 H   0.99247 0.00753 ( 1)  0.037
 220 L   0.98471 0.01529 ( 1)  0.044
 221 E   0.99597 0.00403 ( 1)  0.033
 222 Q   0.98822 0.01178 ( 1)  0.041
 223 G   0.99598 0.00402 ( 1)  0.033
 224 G   0.99598 0.00402 ( 1)  0.033
 225 T   0.99490 0.00510 ( 1)  0.034
 226 K   0.99358 0.00642 ( 1)  0.036
 227 L   0.98471 0.01529 ( 1)  0.044
 228 V   0.99220 0.00780 ( 1)  0.037
 229 K   0.99358 0.00642 ( 1)  0.036
 230 D   0.99726 0.00274 ( 1)  0.032
 231 L   0.98663 0.01337 ( 1)  0.042
 232 R   0.73749 0.26251 ( 1)  0.284
 233 P   0.99240 0.00760 ( 1)  0.037
 234 G   0.99397 0.00603 ( 1)  0.035
 235 D   0.99623 0.00377 ( 1)  0.033
 236 R   0.99210 0.00790 ( 1)  0.037
 237 V   0.99478 0.00522 ( 1)  0.034
 238 L   0.98471 0.01529 ( 1)  0.044
 239 A   0.98988 0.01012 ( 1)  0.039
 240 A   0.99452 0.00548 ( 1)  0.035
 241 D   0.99726 0.00274 ( 1)  0.032
 242 D   0.18873 0.81127 ( 2)  0.817
 243 Q   0.98822 0.01178 ( 1)  0.041
 244 G   0.99552 0.00448 ( 1)  0.034
 245 R   0.69591 0.30409 ( 1)  0.325
 246 L   0.98034 0.01966 ( 1)  0.048
 247 L   0.99183 0.00817 ( 1)  0.037
 248 Y   0.99078 0.00922 ( 1)  0.038
 249 S   0.99495 0.00505 ( 1)  0.034
 250 D   0.99726 0.00274 ( 1)  0.032
 251 F   0.99165 0.00835 ( 1)  0.038
 252 L   0.99242 0.00758 ( 1)  0.037
 253 T   0.97178 0.02822 ( 1)  0.057
 254 F   0.99165 0.00835 ( 1)  0.038
 255 L   0.98471 0.01529 ( 1)  0.044
 256 D   0.99623 0.00377 ( 1)  0.033
 257 R   0.99210 0.00790 ( 1)  0.037
 258 D   0.99726 0.00274 ( 1)  0.032
 259 D   0.99726 0.00274 ( 1)  0.032
 260 G   0.14523 0.85477 ( 2)  0.859
 261 A   0.99588 0.00412 ( 1)  0.033
 262 K   0.99358 0.00642 ( 1)  0.036
 263 K   0.99358 0.00642 ( 1)  0.036
 264 V   0.99610 0.00390 ( 1)  0.033
 265 F   0.99165 0.00835 ( 1)  0.038
 266 Y   0.99005 0.00995 ( 1)  0.039
 267 V   0.99478 0.00522 ( 1)  0.034
 268 I   0.99524 0.00476 ( 1)  0.034
 269 E   0.99597 0.00403 ( 1)  0.033
 270 T   0.99329 0.00671 ( 1)  0.036
 271 R   0.98860 0.01140 ( 1)  0.040
 272 E   0.99597 0.00403 ( 1)  0.033
 273 P   0.99034 0.00966 ( 1)  0.039
 274 R   0.99174 0.00826 ( 1)  0.037
 275 E   0.99597 0.00403 ( 1)  0.033
 276 R   0.99210 0.00790 ( 1)  0.037
 277 L   0.98471 0.01529 ( 1)  0.044
 278 L   0.98471 0.01529 ( 1)  0.044
 279 L   0.99242 0.00758 ( 1)  0.037
 280 T   0.99472 0.00528 ( 1)  0.035
 281 A   0.99588 0.00412 ( 1)  0.033
 282 A   0.99452 0.00548 ( 1)  0.035
 283 H   0.99414 0.00586 ( 1)  0.035
 284 L   0.98471 0.01529 ( 1)  0.044
 285 L   0.99234 0.00766 ( 1)  0.037
 286 F   0.98983 0.01017 ( 1)  0.039
 287 V   0.99478 0.00522 ( 1)  0.034
 288 A   0.99452 0.00548 ( 1)  0.035
 289 P   0.98997 0.01003 ( 1)  0.039
 290 H   0.79757 0.20243 ( 1)  0.226
 291 N   0.99280 0.00720 ( 1)  0.036
 292 D   0.99726 0.00274 ( 1)  0.032
 293 S   0.98306 0.01694 ( 1)  0.046
 294 A   0.99588 0.00412 ( 1)  0.033
 295 A   0.11309 0.88691 ( 2)  0.890
 296 G   0.00099 0.99901 ( 2)  0.999
 297 E   0.78522 0.21478 ( 1)  0.238
 298 S   0.68395 0.31605 ( 1)  0.336
 299 E   0.99200 0.00800 ( 1)  0.037
 300 S   0.68289 0.31711 ( 1)  0.337
 301 S   0.05245 0.94755 ( 2)  0.949
 302 S   0.94088 0.05912 ( 1)  0.087
 303 G   0.99203 0.00797 ( 1)  0.037
 304 V   0.05977 0.94023 ( 2)  0.942
 305 G   0.99459 0.00541 ( 1)  0.035
 306 P   0.54930 0.45070 ( 1)  0.467
 307 P   0.96672 0.03328 ( 1)  0.062
 308 P   0.06351 0.93649 ( 2)  0.938
 309 G   0.83619 0.16381 ( 1)  0.188
 310 D   0.87755 0.12245 ( 1)  0.148
 311 A   0.98579 0.01421 ( 1)  0.043
 312 L   0.02075 0.97925 ( 2)  0.980
 313 G   0.99462 0.00538 ( 1)  0.035
 314 R   0.03588 0.96412 ( 2)  0.965
 315 R   0.98794 0.01206 ( 1)  0.041
 316 A   0.99452 0.00548 ( 1)  0.035
 317 L   0.98724 0.01276 ( 1)  0.042
 318 F   0.98843 0.01157 ( 1)  0.041
 319 A   0.99437 0.00563 ( 1)  0.035
 320 S   0.99495 0.00505 ( 1)  0.034
 321 R   0.99210 0.00790 ( 1)  0.037
 322 V   0.99480 0.00520 ( 1)  0.034
 323 R   0.99210 0.00790 ( 1)  0.037
 324 P   0.99034 0.00966 ( 1)  0.039
 325 G   0.99481 0.00519 ( 1)  0.034
 326 Q   0.98822 0.01178 ( 1)  0.041
 327 R   0.98980 0.01020 ( 1)  0.039
 328 V   0.99415 0.00585 ( 1)  0.035
 329 Y   0.98712 0.01288 ( 1)  0.042
 330 V   0.99478 0.00522 ( 1)  0.034
 331 V   0.99478 0.00522 ( 1)  0.034
 332 A   0.99588 0.00412 ( 1)  0.033
 333 E   0.99597 0.00403 ( 1)  0.033
 334 R   0.99142 0.00858 ( 1)  0.038
 335 D   0.12794 0.87206 ( 2)  0.876
 336 G   0.99462 0.00538 ( 1)  0.035
 337 D   0.99726 0.00274 ( 1)  0.032
 338 R   0.99210 0.00790 ( 1)  0.037
 339 R   0.71052 0.28948 ( 1)  0.310
 340 L   0.99010 0.00990 ( 1)  0.039
 341 L   0.98471 0.01529 ( 1)  0.044
 342 P   0.99065 0.00935 ( 1)  0.038
 343 A   0.99584 0.00416 ( 1)  0.033
 344 A   0.47542 0.52458 ( 2)  0.539
 345 V   0.99213 0.00787 ( 1)  0.037
 346 H   0.99416 0.00584 ( 1)  0.035
 347 S   0.99490 0.00510 ( 1)  0.034
 348 V   0.99474 0.00526 ( 1)  0.035
 349 T   0.99391 0.00609 ( 1)  0.035
 350 L   0.97279 0.02721 ( 1)  0.056
 351 L   0.08512 0.91488 ( 2)  0.917
 352 E   0.99593 0.00407 ( 1)  0.033
 353 E   0.99593 0.00407 ( 1)  0.033
 354 A   0.99584 0.00416 ( 1)  0.033
 355 T   0.08760 0.91240 ( 2)  0.915
 356 G   0.99586 0.00414 ( 1)  0.033
 357 A   0.99540 0.00460 ( 1)  0.034
 358 Y   0.99071 0.00929 ( 1)  0.038
 359 A   0.99448 0.00552 ( 1)  0.035
 360 P   0.99027 0.00973 ( 1)  0.039
 361 L   0.99236 0.00764 ( 1)  0.037
 362 T   0.99321 0.00679 ( 1)  0.036
 363 V   0.87499 0.12501 ( 1)  0.151
 364 Q   0.98815 0.01185 ( 1)  0.041
 365 G   0.99594 0.00406 ( 1)  0.033
 366 T   0.99485 0.00515 ( 1)  0.034
 367 S   0.11897 0.88103 ( 2)  0.885
 368 F   0.79021 0.20979 ( 1)  0.233
 369 I   0.99520 0.00480 ( 1)  0.034
 370 -   0.99409 0.00591 ( 1)  0.035
 371 -   0.98540 0.01460 ( 1)  0.044
 372 -   0.99295 0.00705 ( 1)  0.036
 373 -   0.98147 0.01853 ( 1)  0.047
 374 -   0.99429 0.00571 ( 1)  0.035
 375 -   0.98418 0.01582 ( 1)  0.045
 376 -   0.98823 0.01177 ( 1)  0.041
 377 -   0.98826 0.01174 ( 1)  0.041
 378 -   0.99302 0.00698 ( 1)  0.036
 379 H   0.89520 0.10480 ( 1)  0.131
 380 S   0.89520 0.10480 ( 1)  0.131
 381 G   0.89520 0.10480 ( 1)  0.131
 382 V   0.89520 0.10480 ( 1)  0.131
 383 A   0.89520 0.10480 ( 1)  0.131
 384 F   0.89520 0.10480 ( 1)  0.131
 385 M   0.89520 0.10480 ( 1)  0.131
 386 V   0.89520 0.10480 ( 1)  0.131
 387 W   0.89520 0.10480 ( 1)  0.131
 388 V   0.99606 0.00394 ( 1)  0.033
 389 I   0.99374 0.00626 ( 1)  0.035
 390 E   0.99545 0.00455 ( 1)  0.034
 391 E   0.99593 0.00407 ( 1)  0.033
 392 H   0.99416 0.00584 ( 1)  0.035
 393 S   0.00347 0.99653 ( 2)  0.997
 394 W   0.98139 0.01861 ( 1)  0.047
 395 A   0.99448 0.00552 ( 1)  0.035
 396 H   0.99416 0.00584 ( 1)  0.035
 397 R   0.69454 0.30546 ( 1)  0.326
 398 A   0.99525 0.00475 ( 1)  0.034
 399 F   0.99069 0.00931 ( 1)  0.038
 400 R   0.11281 0.88719 ( 2)  0.891
 401 A   0.71924 0.28076 ( 1)  0.302
 402 L   0.76357 0.23643 ( 1)  0.259
 403 R   0.99210 0.00790 ( 1)  0.037
 404 L   0.98471 0.01529 ( 1)  0.044
 405 A   0.99462 0.00538 ( 1)  0.035
 406 H   0.99421 0.00579 ( 1)  0.035
 407 A   0.99452 0.00548 ( 1)  0.035
 408 L   0.99017 0.00983 ( 1)  0.039
 409 L   0.98471 0.01529 ( 1)  0.044
 410 A   0.94777 0.05223 ( 1)  0.080
 411 A   0.97380 0.02620 ( 1)  0.055
 412 L   0.64672 0.35328 ( 1)  0.372
 413 A   0.99405 0.00595 ( 1)  0.035
 414 P   0.99183 0.00817 ( 1)  0.037
 415 A   0.82441 0.17559 ( 1)  0.200
 416 R   0.99095 0.00905 ( 1)  0.038
 417 T   0.75124 0.24876 ( 1)  0.271
 418 D   0.84541 0.15459 ( 1)  0.179
 419 R   0.98905 0.01095 ( 1)  0.040
 420 G   0.99393 0.00607 ( 1)  0.035
 421 G   0.99039 0.00961 ( 1)  0.039
 422 D   0.99697 0.00303 ( 1)  0.032
 423 R   0.00405 0.99595 ( 2)  0.996
 424 G   0.00375 0.99625 ( 2)  0.996
 425 G   0.89520 0.10480 ( 1)  0.131
 426 V   0.89520 0.10480 ( 1)  0.131
 427 G   0.89520 0.10480 ( 1)  0.131
 428 G   0.89520 0.10480 ( 1)  0.131
 429 V   0.89520 0.10480 ( 1)  0.131
 430 D   0.89520 0.10480 ( 1)  0.131
 431 G   0.89520 0.10480 ( 1)  0.131
 432 G   0.89520 0.10480 ( 1)  0.131
 433 V   0.89520 0.10480 ( 1)  0.131
 434 G   0.99509 0.00491 ( 1)  0.034
 435 G   0.99416 0.00584 ( 1)  0.035
 436 D   0.98422 0.01578 ( 1)  0.045
 437 G   0.03156 0.96844 ( 2)  0.969
 438 G   0.97736 0.02264 ( 1)  0.051
 439 G   0.28684 0.71316 ( 2)  0.722
 440 G   0.93000 0.07000 ( 1)  0.097
 441 G   0.98054 0.01946 ( 1)  0.048
 442 G   0.98066 0.01934 ( 1)  0.048
 443 G   0.99559 0.00441 ( 1)  0.034
 444 G   0.86095 0.13905 ( 1)  0.164
 445 -   0.89520 0.10480 ( 1)  0.131
 446 G   0.89520 0.10480 ( 1)  0.131
 447 R   0.94101 0.05899 ( 1)  0.087
 448 V   0.97358 0.02642 ( 1)  0.055
 449 P   0.08107 0.91893 ( 2)  0.921
 450 P   0.00160 0.99840 ( 2)  0.998
 451 P   0.72856 0.27144 ( 1)  0.293
 452 A   0.11569 0.88431 ( 2)  0.888
 453 P   0.94288 0.05712 ( 1)  0.085
 454 G   0.94561 0.05439 ( 1)  0.082
 455 A   0.74805 0.25195 ( 1)  0.274
 456 A   0.81700 0.18300 ( 1)  0.207
 457 D   0.99697 0.00303 ( 1)  0.032
 458 D   0.35541 0.64459 ( 2)  0.655
 459 P   0.72781 0.27219 ( 1)  0.294
 460 G   0.97697 0.02303 ( 1)  0.052
 461 A   0.99104 0.00896 ( 1)  0.038
 462 G   0.97630 0.02370 ( 1)  0.052
 463 A   0.97963 0.02037 ( 1)  0.049
 464 T   0.54064 0.45936 ( 1)  0.475
 465 A   0.81875 0.18125 ( 1)  0.205
 466 G   0.99536 0.00464 ( 1)  0.034
 467 I   0.10540 0.89460 ( 2)  0.898
 468 H   0.99345 0.00655 ( 1)  0.036
 469 W   0.98009 0.01991 ( 1)  0.049
 470 Y   0.98947 0.01053 ( 1)  0.040
 471 S   0.98302 0.01698 ( 1)  0.046
 472 Q   0.67547 0.32453 ( 1)  0.344
 473 L   0.98340 0.01660 ( 1)  0.046
 474 L   0.99152 0.00848 ( 1)  0.038
 475 Y   0.98979 0.01021 ( 1)  0.039
 476 Q   0.32375 0.67625 ( 2)  0.686
 477 I   0.96417 0.03583 ( 1)  0.064
 478 G   0.99536 0.00464 ( 1)  0.034
 479 T   0.78076 0.21924 ( 1)  0.242
 480 W   0.98009 0.01991 ( 1)  0.049
 481 L   0.98901 0.01099 ( 1)  0.040
 482 L   0.97869 0.02131 ( 1)  0.050
 483 D   0.99679 0.00321 ( 1)  0.033
 484 S   0.99426 0.00574 ( 1)  0.035
 485 E   0.99535 0.00465 ( 1)  0.034
 486 A   0.99525 0.00475 ( 1)  0.034
 487 L   0.98340 0.01660 ( 1)  0.046
 488 H   0.99345 0.00655 ( 1)  0.036
 489 P   0.99011 0.00989 ( 1)  0.039
 490 L   0.98426 0.01574 ( 1)  0.045
 491 G   0.99536 0.00464 ( 1)  0.034
 492 M   0.99400 0.00600 ( 1)  0.035
 493 A   0.99389 0.00611 ( 1)  0.035
 494 A   0.85405 0.14595 ( 1)  0.171
 495 K   0.00233 0.99767 ( 2)  0.998
 496 S   0.00000 1.00000 ( 2)  1.000
 497 S   0.99495 0.00505 ( 1)  0.034
 498 -   0.89802 0.10198 ( 1)  0.128
 499 -   0.91496 0.08504 ( 1)  0.112
 500 -   0.89843 0.10157 ( 1)  0.128
 501 -   0.91384 0.08616 ( 1)  0.113
 502 -   0.91294 0.08706 ( 1)  0.114
 503 -   0.89977 0.10023 ( 1)  0.127
 504 -   0.89940 0.10060 ( 1)  0.127
 505 -   0.89869 0.10131 ( 1)  0.128
 506 -   0.91685 0.08315 ( 1)  0.110
 507 -   0.90858 0.09142 ( 1)  0.118
 508 -   0.91511 0.08489 ( 1)  0.112
 509 -   0.91356 0.08644 ( 1)  0.113
 510 -   0.91679 0.08321 ( 1)  0.110
 511 -   0.91522 0.08478 ( 1)  0.112
 512 -   0.91680 0.08320 ( 1)  0.110
 513 -   0.91619 0.08381 ( 1)  0.111
 514 -   0.89797 0.10203 ( 1)  0.128
 515 -   0.91294 0.08706 ( 1)  0.114
 516 -   0.89802 0.10198 ( 1)  0.128
 517 -   0.89940 0.10060 ( 1)  0.127
 518 -   0.91294 0.08706 ( 1)  0.114
 519 -   0.90858 0.09142 ( 1)  0.118
 520 -   0.89843 0.10157 ( 1)  0.128
 521 -   0.91531 0.08469 ( 1)  0.112
 522 -   0.89873 0.10127 ( 1)  0.128
 523 -   0.89870 0.10130 ( 1)  0.128
 524 -   0.91511 0.08489 ( 1)  0.112
 525 -   0.91019 0.08981 ( 1)  0.117
 526 -   0.91522 0.08478 ( 1)  0.112
 527 -   0.20504 0.79496 ( 2)  0.801
 528 -   0.91685 0.08315 ( 1)  0.110
 529 -   0.90858 0.09142 ( 1)  0.118
 530 -   0.91522 0.08478 ( 1)  0.112
 531 -   0.90858 0.09142 ( 1)  0.118
 532 -   0.91223 0.08777 ( 1)  0.115
 533 -   0.91531 0.08469 ( 1)  0.112
 534 -   0.90858 0.09142 ( 1)  0.118
 535 -   0.89776 0.10224 ( 1)  0.129
 536 -   0.91522 0.08478 ( 1)  0.112
 537 -   0.90728 0.09272 ( 1)  0.119
 538 -   0.89778 0.10222 ( 1)  0.129
 539 -   0.89843 0.10157 ( 1)  0.128
 540 -   0.91909 0.08091 ( 1)  0.108
 541 -   0.89792 0.10208 ( 1)  0.128
 542 -   0.91531 0.08469 ( 1)  0.112
 543 -   0.91679 0.08321 ( 1)  0.110
 544 -   0.91019 0.08981 ( 1)  0.117
 545 -   0.91496 0.08504 ( 1)  0.112
 546 -   0.91706 0.08294 ( 1)  0.110
 547 -   0.89977 0.10023 ( 1)  0.127
 548 -   0.91680 0.08320 ( 1)  0.110
 549 -   0.91384 0.08616 ( 1)  0.113
 550 -   0.22870 0.77130 ( 2)  0.778
 551 -   0.91706 0.08294 ( 1)  0.110
 552 -   0.89937 0.10063 ( 1)  0.127
 553 -   0.91909 0.08091 ( 1)  0.108
 554 -   0.90020 0.09980 ( 1)  0.126
 555 -   0.91679 0.08321 ( 1)  0.110
 556 -   0.89868 0.10132 ( 1)  0.128
 557 -   0.91234 0.08766 ( 1)  0.114
 558 -   0.91679 0.08321 ( 1)  0.110
 559 -   0.91680 0.08320 ( 1)  0.110
 560 -   0.90858 0.09142 ( 1)  0.118
 561 -   0.91019 0.08981 ( 1)  0.117
 562 -   0.91524 0.08476 ( 1)  0.112
 563 -   0.24652 0.75348 ( 2)  0.761
 564 -   0.91019 0.08981 ( 1)  0.117
 565 -   0.91455 0.08545 ( 1)  0.112
 566 -   0.91455 0.08545 ( 1)  0.112
 567 -   0.91146 0.08854 ( 1)  0.115
 568 -   0.89940 0.10060 ( 1)  0.127
 569 -   0.91680 0.08320 ( 1)  0.110
 570 -   0.91384 0.08616 ( 1)  0.113
 571 -   0.91019 0.08981 ( 1)  0.117
 572 -   0.91146 0.08854 ( 1)  0.115
 573 -   0.91294 0.08706 ( 1)  0.114
 574 -   0.91294 0.08706 ( 1)  0.114
 575 -   0.91146 0.08854 ( 1)  0.115
 576 -   0.91685 0.08315 ( 1)  0.110
 577 -   0.91531 0.08469 ( 1)  0.112
 578 -   0.91294 0.08706 ( 1)  0.114
 579 -   0.90728 0.09272 ( 1)  0.119
 580 -   0.91524 0.08476 ( 1)  0.112
 581 -   0.20611 0.79389 ( 2)  0.800
 582 -   0.91186 0.08814 ( 1)  0.115
 583 -   0.90657 0.09343 ( 1)  0.120
 584 -   0.89873 0.10127 ( 1)  0.128
 585 -   0.90728 0.09272 ( 1)  0.119
 586 -   0.91522 0.08478 ( 1)  0.112
 587 -   0.91161 0.08839 ( 1)  0.115
 588 -   0.91522 0.08478 ( 1)  0.112
 589 -   0.90261 0.09739 ( 1)  0.124
 590 -   0.91455 0.08545 ( 1)  0.112
 591 -   0.91019 0.08981 ( 1)  0.117
 592 -   0.91019 0.08981 ( 1)  0.117
 593 -   0.89834 0.10166 ( 1)  0.128
 594 -   0.89957 0.10043 ( 1)  0.127
 595 -   0.89957 0.10043 ( 1)  0.127
 596 -   0.89940 0.10060 ( 1)  0.127
 597 -   0.91685 0.08315 ( 1)  0.110
 598 -   0.23362 0.76638 ( 2)  0.773
 599 -   0.91223 0.08777 ( 1)  0.115
 600 -   0.00888 0.99112 ( 2)  0.991
 601 -   0.89944 0.10056 ( 1)  0.127
 602 -   0.91186 0.08814 ( 1)  0.115
 603 -   0.24136 0.75864 ( 2)  0.766
 604 -   0.90961 0.09039 ( 1)  0.117
 605 -   0.89870 0.10130 ( 1)  0.128
 606 -   0.13001 0.86999 ( 2)  0.874
 607 -   0.91680 0.08320 ( 1)  0.110
 608 -   0.89520 0.10480 ( 1)  0.131
 609 -   0.89520 0.10480 ( 1)  0.131
 610 -   0.89520 0.10480 ( 1)  0.131
 611 -   0.89520 0.10480 ( 1)  0.131
 612 -   0.89520 0.10480 ( 1)  0.131
 613 -   0.89520 0.10480 ( 1)  0.131
 614 -   0.89520 0.10480 ( 1)  0.131
 615 -   0.89520 0.10480 ( 1)  0.131
 616 -   0.89520 0.10480 ( 1)  0.131
 617 -   0.89520 0.10480 ( 1)  0.131
 618 -   0.89520 0.10480 ( 1)  0.131
 619 -   0.89520 0.10480 ( 1)  0.131
 620 -   0.89520 0.10480 ( 1)  0.131
 621 -   0.89520 0.10480 ( 1)  0.131
 622 -   0.89520 0.10480 ( 1)  0.131
 623 -   0.89520 0.10480 ( 1)  0.131
 624 -   0.89520 0.10480 ( 1)  0.131
 625 -   0.89520 0.10480 ( 1)  0.131
 626 -   0.89520 0.10480 ( 1)  0.131
 627 -   0.89520 0.10480 ( 1)  0.131
 628 -   0.89520 0.10480 ( 1)  0.131
 629 -   0.89520 0.10480 ( 1)  0.131
 630 -   0.89520 0.10480 ( 1)  0.131
 631 -   0.89520 0.10480 ( 1)  0.131
 632 -   0.89520 0.10480 ( 1)  0.131
 633 -   0.89520 0.10480 ( 1)  0.131
 634 -   0.89520 0.10480 ( 1)  0.131
 635 -   0.89520 0.10480 ( 1)  0.131
 636 -   0.89520 0.10480 ( 1)  0.131
 637 -   0.89520 0.10480 ( 1)  0.131
 638 -   0.89520 0.10480 ( 1)  0.131
 639 -   0.89520 0.10480 ( 1)  0.131
 640 -   0.89520 0.10480 ( 1)  0.131
 641 -   0.89520 0.10480 ( 1)  0.131
 642 -   0.89520 0.10480 ( 1)  0.131
 643 -   0.89520 0.10480 ( 1)  0.131
 644 -   0.89520 0.10480 ( 1)  0.131
 645 -   0.89520 0.10480 ( 1)  0.131
 646 -   0.89520 0.10480 ( 1)  0.131
 647 -   0.89520 0.10480 ( 1)  0.131
 648 -   0.89520 0.10480 ( 1)  0.131
 649 -   0.91909 0.08091 ( 1)  0.108
 650 -   0.89520 0.10480 ( 1)  0.131
 651 -   0.89520 0.10480 ( 1)  0.131
 652 -   0.89520 0.10480 ( 1)  0.131
 653 -   0.89520 0.10480 ( 1)  0.131
 654 -   0.89520 0.10480 ( 1)  0.131
 655 -   0.89520 0.10480 ( 1)  0.131
 656 -   0.89520 0.10480 ( 1)  0.131
 657 -   0.89520 0.10480 ( 1)  0.131
 658 -   0.91019 0.08981 ( 1)  0.117
 659 -   0.91294 0.08706 ( 1)  0.114
 660 -   0.89520 0.10480 ( 1)  0.131
 661 -   0.89520 0.10480 ( 1)  0.131
 662 -   0.89520 0.10480 ( 1)  0.131
 663 -   0.89520 0.10480 ( 1)  0.131
 664 -   0.89520 0.10480 ( 1)  0.131
 665 -   0.89520 0.10480 ( 1)  0.131
 666 -   0.89520 0.10480 ( 1)  0.131
 667 -   0.89520 0.10480 ( 1)  0.131
 668 -   0.89520 0.10480 ( 1)  0.131
 669 -   0.89520 0.10480 ( 1)  0.131
 670 -   0.89520 0.10480 ( 1)  0.131
 671 -   0.89520 0.10480 ( 1)  0.131
 672 -   0.89520 0.10480 ( 1)  0.131
 673 -   0.89520 0.10480 ( 1)  0.131
 674 -   0.89520 0.10480 ( 1)  0.131
 675 -   0.89520 0.10480 ( 1)  0.131
 676 -   0.89520 0.10480 ( 1)  0.131
 677 -   0.89520 0.10480 ( 1)  0.131
 678 -   0.89520 0.10480 ( 1)  0.131
 679 -   0.89520 0.10480 ( 1)  0.131
 680 -   0.89520 0.10480 ( 1)  0.131
 681 -   0.89520 0.10480 ( 1)  0.131
 682 -   0.89520 0.10480 ( 1)  0.131
 683 -   0.89520 0.10480 ( 1)  0.131
 684 -   0.89520 0.10480 ( 1)  0.131
 685 -   0.89520 0.10480 ( 1)  0.131
 686 -   0.89520 0.10480 ( 1)  0.131
 687 -   0.89520 0.10480 ( 1)  0.131
 688 -   0.89520 0.10480 ( 1)  0.131
 689 -   0.89520 0.10480 ( 1)  0.131
 690 -   0.89520 0.10480 ( 1)  0.131
 691 -   0.89520 0.10480 ( 1)  0.131
 692 -   0.89520 0.10480 ( 1)  0.131
 693 -   0.89520 0.10480 ( 1)  0.131
 694 -   0.89520 0.10480 ( 1)  0.131
 695 -   0.89520 0.10480 ( 1)  0.131
 696 -   0.89520 0.10480 ( 1)  0.131
 697 -   0.89520 0.10480 ( 1)  0.131
 698 -   0.89520 0.10480 ( 1)  0.131
 699 -   0.89520 0.10480 ( 1)  0.131
 700 -   0.89520 0.10480 ( 1)  0.131
 701 -   0.89520 0.10480 ( 1)  0.131
 702 -   0.89520 0.10480 ( 1)  0.131
 703 -   0.89520 0.10480 ( 1)  0.131
 704 -   0.89520 0.10480 ( 1)  0.131
 705 -   0.89520 0.10480 ( 1)  0.131
 706 -   0.89520 0.10480 ( 1)  0.131
 707 -   0.89520 0.10480 ( 1)  0.131
 708 -   0.89520 0.10480 ( 1)  0.131
 709 -   0.89520 0.10480 ( 1)  0.131
 710 -   0.89520 0.10480 ( 1)  0.131
 711 -   0.89520 0.10480 ( 1)  0.131
 712 -   0.89520 0.10480 ( 1)  0.131
 713 -   0.89520 0.10480 ( 1)  0.131
 714 -   0.89520 0.10480 ( 1)  0.131
 715 -   0.90728 0.09272 ( 1)  0.119
 716 -   0.00777 0.99223 ( 2)  0.992
 717 -   0.00912 0.99088 ( 2)  0.991
 718 -   0.21937 0.78063 ( 2)  0.787
 719 -   0.14104 0.85896 ( 2)  0.863
 720 -   0.91186 0.08814 ( 1)  0.115
 721 -   0.91025 0.08975 ( 1)  0.117
 722 -   0.00772 0.99228 ( 2)  0.993
 723 -   0.89520 0.10480 ( 1)  0.131
 724 -   0.89520 0.10480 ( 1)  0.131
 725 -   0.89520 0.10480 ( 1)  0.131
 726 -   0.89520 0.10480 ( 1)  0.131
 727 -   0.89520 0.10480 ( 1)  0.131
 728 -   0.89520 0.10480 ( 1)  0.131
 729 -   0.89520 0.10480 ( 1)  0.131
 730 -   0.89520 0.10480 ( 1)  0.131
 731 -   0.89520 0.10480 ( 1)  0.131


lnL = -4855.145005

