Supplemental results for CODEML (seqf: algn  treef: tree)


dN/dS (w) for site classes (K=2)

p:   0.96284  0.03716
w:   0.01305  1.00000

Naive Empirical Bayes (NEB) probabilities for 2 classes & postmean_w
(amino acids refer to 1st sequence: aotNan_RHO_XM_012472901)

   1 M   0.99979 0.00021 ( 1)  0.013
   2 N   0.99336 0.00664 ( 1)  0.020
   3 G   0.99887 0.00113 ( 1)  0.014
   4 T   0.99356 0.00644 ( 1)  0.019
   5 E   0.99460 0.00540 ( 1)  0.018
   6 G   0.99980 0.00020 ( 1)  0.013
   7 P   0.99777 0.00223 ( 1)  0.015
   8 N   0.99985 0.00015 ( 1)  0.013
   9 F   0.99993 0.00007 ( 1)  0.013
  10 Y   0.99947 0.00053 ( 1)  0.014
  11 V   0.99947 0.00053 ( 1)  0.014
  12 P   0.99988 0.00012 ( 1)  0.013
  13 F   0.99993 0.00007 ( 1)  0.013
  14 S   0.99989 0.00011 ( 1)  0.013
  15 N   0.99971 0.00029 ( 1)  0.013
  16 A   0.99965 0.00035 ( 1)  0.013
  17 T   0.99931 0.00069 ( 1)  0.014
  18 G   0.99972 0.00028 ( 1)  0.013
  19 V   0.99938 0.00062 ( 1)  0.014
  20 V   0.99902 0.00098 ( 1)  0.014
  21 R   0.99931 0.00069 ( 1)  0.014
  22 S   0.99981 0.00019 ( 1)  0.013
  23 P   0.99988 0.00012 ( 1)  0.013
  24 F   0.99992 0.00008 ( 1)  0.013
  25 E   0.99863 0.00137 ( 1)  0.014
  26 Y   0.99949 0.00051 ( 1)  0.014
  27 P   0.99775 0.00225 ( 1)  0.015
  28 Q   0.99346 0.00654 ( 1)  0.020
  29 Y   0.99951 0.00049 ( 1)  0.014
  30 Y   0.99951 0.00049 ( 1)  0.014
  31 L   0.99435 0.00565 ( 1)  0.019
  32 A   0.99949 0.00051 ( 1)  0.014
  33 E   0.99863 0.00137 ( 1)  0.014
  34 P   0.97844 0.02156 ( 1)  0.034
  35 W   0.99179 0.00821 ( 1)  0.021
  36 Q   0.99346 0.00654 ( 1)  0.020
  37 F   0.99993 0.00007 ( 1)  0.013
  38 S   0.99989 0.00011 ( 1)  0.013
  39 M   0.99979 0.00021 ( 1)  0.013
  40 L   0.99435 0.00565 ( 1)  0.019
  41 A   0.99997 0.00003 ( 1)  0.013
  42 A   0.99997 0.00003 ( 1)  0.013
  43 Y   0.99951 0.00049 ( 1)  0.014
  44 M   0.99979 0.00021 ( 1)  0.013
  45 F   0.99991 0.00009 ( 1)  0.013
  46 L   0.80586 0.19414 ( 1)  0.205
  47 L   0.99780 0.00220 ( 1)  0.015
  48 I   0.99995 0.00005 ( 1)  0.013
  49 V   0.99938 0.00062 ( 1)  0.014
  50 L   0.99730 0.00270 ( 1)  0.016
  51 G   0.99980 0.00020 ( 1)  0.013
  52 F   0.99993 0.00007 ( 1)  0.013
  53 P   0.99986 0.00014 ( 1)  0.013
  54 I   0.99998 0.00002 ( 1)  0.013
  55 N   0.99985 0.00015 ( 1)  0.013
  56 F   0.99993 0.00007 ( 1)  0.013
  57 L   0.99991 0.00009 ( 1)  0.013
  58 T   0.99934 0.00066 ( 1)  0.014
  59 L   0.99991 0.00009 ( 1)  0.013
  60 Y   0.99946 0.00054 ( 1)  0.014
  61 V   0.99993 0.00007 ( 1)  0.013
  62 T   0.99996 0.00004 ( 1)  0.013
  63 V   0.99997 0.00003 ( 1)  0.013
  64 Q   0.99346 0.00654 ( 1)  0.020
  65 H   0.99960 0.00040 ( 1)  0.013
  66 K   0.99858 0.00142 ( 1)  0.014
  67 K   0.99858 0.00142 ( 1)  0.014
  68 L   0.99431 0.00569 ( 1)  0.019
  69 R   0.99932 0.00068 ( 1)  0.014
  70 T   0.99932 0.00068 ( 1)  0.014
  71 P   0.99270 0.00730 ( 1)  0.020
  72 L   0.99991 0.00009 ( 1)  0.013
  73 N   0.99985 0.00015 ( 1)  0.013
  74 Y   0.99935 0.00065 ( 1)  0.014
  75 I   0.99998 0.00002 ( 1)  0.013
  76 L   0.99435 0.00565 ( 1)  0.019
  77 L   0.99991 0.00009 ( 1)  0.013
  78 N   0.99985 0.00015 ( 1)  0.013
  79 L   0.98624 0.01376 ( 1)  0.027
  80 A   0.99996 0.00004 ( 1)  0.013
  81 V   0.99938 0.00062 ( 1)  0.014
  82 A   0.99983 0.00017 ( 1)  0.013
  83 D   0.99985 0.00015 ( 1)  0.013
  84 L   0.99991 0.00009 ( 1)  0.013
  85 F   0.99993 0.00007 ( 1)  0.013
  86 M   0.99979 0.00021 ( 1)  0.013
  87 V   0.99997 0.00003 ( 1)  0.013
  88 F   0.98587 0.01413 ( 1)  0.027
  89 G   0.98400 0.01600 ( 1)  0.029
  90 G   0.99980 0.00020 ( 1)  0.013
  91 F   0.99993 0.00007 ( 1)  0.013
  92 T   0.99397 0.00603 ( 1)  0.019
  93 T   0.01595 0.98405 ( 2)  0.984
  94 T   0.99996 0.00004 ( 1)  0.013
  95 L   0.99989 0.00011 ( 1)  0.013
  96 Y   0.99951 0.00049 ( 1)  0.014
  97 T   0.99997 0.00003 ( 1)  0.013
  98 S   0.98577 0.01423 ( 1)  0.027
  99 L   0.99435 0.00565 ( 1)  0.019
 100 H   0.99053 0.00947 ( 1)  0.022
 101 G   0.97693 0.02307 ( 1)  0.036
 102 Y   0.99951 0.00049 ( 1)  0.014
 103 F   0.99993 0.00007 ( 1)  0.013
 104 V   0.99730 0.00270 ( 1)  0.016
 105 F   0.99993 0.00007 ( 1)  0.013
 106 G   0.99796 0.00204 ( 1)  0.015
 107 P   0.99987 0.00013 ( 1)  0.013
 108 T   0.98447 0.01553 ( 1)  0.028
 109 G   0.98139 0.01861 ( 1)  0.031
 110 C   0.99949 0.00051 ( 1)  0.014
 111 N   0.99152 0.00848 ( 1)  0.021
 112 L   0.00001 0.99999 ( 2)  1.000
 113 E   0.99839 0.00161 ( 1)  0.015
 114 G   0.99980 0.00020 ( 1)  0.013
 115 F   0.99993 0.00007 ( 1)  0.013
 116 F   0.99275 0.00725 ( 1)  0.020
 117 A   0.99997 0.00003 ( 1)  0.013
 118 T   0.99993 0.00007 ( 1)  0.013
 119 L   0.99435 0.00565 ( 1)  0.019
 120 G   0.99977 0.00023 ( 1)  0.013
 121 G   0.98407 0.01593 ( 1)  0.029
 122 E   0.98612 0.01388 ( 1)  0.027
 123 I   0.99795 0.00205 ( 1)  0.015
 124 A   0.99997 0.00003 ( 1)  0.013
 125 L   0.99435 0.00565 ( 1)  0.019
 126 W   0.99179 0.00821 ( 1)  0.021
 127 S   0.99989 0.00011 ( 1)  0.013
 128 L   0.99664 0.00336 ( 1)  0.016
 129 V   0.99938 0.00062 ( 1)  0.014
 130 V   0.99995 0.00005 ( 1)  0.013
 131 L   0.99435 0.00565 ( 1)  0.019
 132 A   0.99997 0.00003 ( 1)  0.013
 133 I   0.99998 0.00002 ( 1)  0.013
 134 E   0.99805 0.00195 ( 1)  0.015
 135 R   0.99532 0.00468 ( 1)  0.018
 136 Y   0.99535 0.00465 ( 1)  0.018
 137 V   0.99938 0.00062 ( 1)  0.014
 138 V   0.99938 0.00062 ( 1)  0.014
 139 V   0.99938 0.00062 ( 1)  0.014
 140 C   0.98289 0.01711 ( 1)  0.030
 141 K   0.99858 0.00142 ( 1)  0.014
 142 P   0.99988 0.00012 ( 1)  0.013
 143 M   0.99979 0.00021 ( 1)  0.013
 144 S   0.99981 0.00019 ( 1)  0.013
 145 N   0.99985 0.00015 ( 1)  0.013
 146 F   0.99993 0.00007 ( 1)  0.013
 147 R   0.99906 0.00094 ( 1)  0.014
 148 F   0.99953 0.00047 ( 1)  0.014
 149 G   0.99807 0.00193 ( 1)  0.015
 150 E   0.99863 0.00137 ( 1)  0.014
 151 N   0.99985 0.00015 ( 1)  0.013
 152 H   0.98473 0.01527 ( 1)  0.028
 153 A   0.99997 0.00003 ( 1)  0.013
 154 I   0.99998 0.00002 ( 1)  0.013
 155 M   0.99979 0.00021 ( 1)  0.013
 156 G   0.99980 0.00020 ( 1)  0.013
 157 V   0.85712 0.14288 ( 1)  0.154
 158 A   0.77953 0.22047 ( 1)  0.231
 159 F   0.99993 0.00007 ( 1)  0.013
 160 T   0.99996 0.00004 ( 1)  0.013
 161 W   0.99179 0.00821 ( 1)  0.021
 162 V   0.99662 0.00338 ( 1)  0.016
 163 M   0.99979 0.00021 ( 1)  0.013
 164 A   0.99917 0.00083 ( 1)  0.014
 165 L   0.99438 0.00562 ( 1)  0.019
 166 A   0.99997 0.00003 ( 1)  0.013
 167 C   0.99756 0.00244 ( 1)  0.015
 168 A   0.99994 0.00006 ( 1)  0.013
 169 A   0.98472 0.01528 ( 1)  0.028
 170 P   0.99980 0.00020 ( 1)  0.013
 171 P   0.99982 0.00018 ( 1)  0.013
 172 L   0.99977 0.00023 ( 1)  0.013
 173 A   0.02414 0.97586 ( 2)  0.976
 174 G   0.99980 0.00020 ( 1)  0.013
 175 W   0.99179 0.00821 ( 1)  0.021
 176 S   0.99989 0.00011 ( 1)  0.013
 177 R   0.99785 0.00215 ( 1)  0.015
 178 Y   0.99951 0.00049 ( 1)  0.014
 179 I   0.99996 0.00004 ( 1)  0.013
 180 P   0.98808 0.01192 ( 1)  0.025
 181 E   0.99863 0.00137 ( 1)  0.014
 182 G   0.99972 0.00028 ( 1)  0.013
 183 M   0.10798 0.89202 ( 2)  0.893
 184 Q   0.99346 0.00654 ( 1)  0.020
 185 C   0.99949 0.00051 ( 1)  0.014
 186 S   0.99542 0.00458 ( 1)  0.018
 187 C   0.99772 0.00228 ( 1)  0.015
 188 G   0.99178 0.00822 ( 1)  0.021
 189 I   0.99998 0.00002 ( 1)  0.013
 190 D   0.99985 0.00015 ( 1)  0.013
 191 Y   0.99951 0.00049 ( 1)  0.014
 192 Y   0.99936 0.00064 ( 1)  0.014
 193 T   0.99919 0.00081 ( 1)  0.014
 194 L   0.99990 0.00010 ( 1)  0.013
 195 K   0.99858 0.00142 ( 1)  0.014
 196 P   0.99065 0.00935 ( 1)  0.022
 197 E   0.99863 0.00137 ( 1)  0.014
 198 V   0.99997 0.00003 ( 1)  0.013
 199 N   0.99985 0.00015 ( 1)  0.013
 200 N   0.99975 0.00025 ( 1)  0.013
 201 E   0.99863 0.00137 ( 1)  0.014
 202 S   0.99987 0.00013 ( 1)  0.013
 203 F   0.99729 0.00271 ( 1)  0.016
 204 V   0.99991 0.00009 ( 1)  0.013
 205 I   0.99998 0.00002 ( 1)  0.013
 206 Y   0.99951 0.00049 ( 1)  0.014
 207 M   0.99979 0.00021 ( 1)  0.013
 208 F   0.99989 0.00011 ( 1)  0.013
 209 V   0.99938 0.00062 ( 1)  0.014
 210 V   0.99997 0.00003 ( 1)  0.013
 211 H   0.99960 0.00040 ( 1)  0.013
 212 F   0.99993 0.00007 ( 1)  0.013
 213 T   0.62475 0.37525 ( 1)  0.383
 214 I   0.99998 0.00002 ( 1)  0.013
 215 P   0.99988 0.00012 ( 1)  0.013
 216 M   0.23671 0.76329 ( 2)  0.766
 217 I   0.02536 0.97464 ( 2)  0.975
 218 V   0.00057 0.99943 ( 2)  0.999
 219 I   0.99998 0.00002 ( 1)  0.013
 220 F   0.99940 0.00060 ( 1)  0.014
 221 F   0.99988 0.00012 ( 1)  0.013
 222 C   0.99949 0.00051 ( 1)  0.014
 223 Y   0.99138 0.00862 ( 1)  0.022
 224 G   0.99766 0.00234 ( 1)  0.015
 225 Q   0.99346 0.00654 ( 1)  0.020
 226 L   0.99931 0.00069 ( 1)  0.014
 227 V   0.99997 0.00003 ( 1)  0.013
 228 F   0.99993 0.00007 ( 1)  0.013
 229 T   0.99995 0.00005 ( 1)  0.013
 230 V   0.99995 0.00005 ( 1)  0.013
 231 K   0.99858 0.00142 ( 1)  0.014
 232 E   0.99863 0.00137 ( 1)  0.014
 233 A   0.99990 0.00010 ( 1)  0.013
 234 A   0.09043 0.90957 ( 2)  0.911
 235 A   0.99997 0.00003 ( 1)  0.013
 236 Q   0.99346 0.00654 ( 1)  0.020
 237 Q   0.99291 0.00709 ( 1)  0.020
 238 Q   0.99346 0.00654 ( 1)  0.020
 239 E   0.99863 0.00137 ( 1)  0.014
 240 S   0.99481 0.00519 ( 1)  0.018
 241 A   0.99997 0.00003 ( 1)  0.013
 242 T   0.99997 0.00003 ( 1)  0.013
 243 T   0.98141 0.01859 ( 1)  0.031
 244 Q   0.99346 0.00654 ( 1)  0.020
 245 K   0.99858 0.00142 ( 1)  0.014
 246 A   0.98299 0.01701 ( 1)  0.030
 247 E   0.99863 0.00137 ( 1)  0.014
 248 K   0.99684 0.00316 ( 1)  0.016
 249 E   0.99863 0.00137 ( 1)  0.014
 250 V   0.99997 0.00003 ( 1)  0.013
 251 T   0.99988 0.00012 ( 1)  0.013
 252 R   0.99876 0.00124 ( 1)  0.014
 253 M   0.99979 0.00021 ( 1)  0.013
 254 V   0.99997 0.00003 ( 1)  0.013
 255 I   0.99998 0.00002 ( 1)  0.013
 256 I   0.99998 0.00002 ( 1)  0.013
 257 M   0.99979 0.00021 ( 1)  0.013
 258 V   0.99997 0.00003 ( 1)  0.013
 259 I   0.99998 0.00002 ( 1)  0.013
 260 A   0.99808 0.00192 ( 1)  0.015
 261 F   0.99993 0.00007 ( 1)  0.013
 262 L   0.99435 0.00565 ( 1)  0.019
 263 I   0.99998 0.00002 ( 1)  0.013
 264 C   0.99822 0.00178 ( 1)  0.015
 265 W   0.99179 0.00821 ( 1)  0.021
 266 V   0.12063 0.87937 ( 2)  0.881
 267 P   0.99988 0.00012 ( 1)  0.013
 268 Y   0.99835 0.00165 ( 1)  0.015
 269 A   0.99980 0.00020 ( 1)  0.013
 270 S   0.35870 0.64130 ( 2)  0.646
 271 V   0.99938 0.00062 ( 1)  0.014
 272 A   0.98497 0.01503 ( 1)  0.028
 273 F   0.99993 0.00007 ( 1)  0.013
 274 Y   0.99951 0.00049 ( 1)  0.014
 275 I   0.99998 0.00002 ( 1)  0.013
 276 F   0.99993 0.00007 ( 1)  0.013
 277 T   0.99989 0.00011 ( 1)  0.013
 278 H   0.99960 0.00040 ( 1)  0.013
 279 Q   0.99346 0.00654 ( 1)  0.020
 280 G   0.99980 0.00020 ( 1)  0.013
 281 S   0.99989 0.00011 ( 1)  0.013
 282 N   0.99985 0.00015 ( 1)  0.013
 283 F   0.99988 0.00012 ( 1)  0.013
 284 G   0.98741 0.01259 ( 1)  0.025
 285 P   0.99988 0.00012 ( 1)  0.013
 286 I   0.99683 0.00317 ( 1)  0.016
 287 F   0.99993 0.00007 ( 1)  0.013
 288 M   0.99979 0.00021 ( 1)  0.013
 289 T   0.99997 0.00003 ( 1)  0.013
 290 L   0.72203 0.27797 ( 1)  0.287
 291 P   0.99329 0.00671 ( 1)  0.020
 292 A   0.99116 0.00884 ( 1)  0.022
 293 F   0.99993 0.00007 ( 1)  0.013
 294 F   0.99611 0.00389 ( 1)  0.017
 295 A   0.99997 0.00003 ( 1)  0.013
 296 K   0.99858 0.00142 ( 1)  0.014
 297 S   0.97489 0.02511 ( 1)  0.038
 298 A   0.99997 0.00003 ( 1)  0.013
 299 S   0.02820 0.97180 ( 2)  0.972
 300 I   0.99996 0.00004 ( 1)  0.013
 301 Y   0.99951 0.00049 ( 1)  0.014
 302 N   0.99985 0.00015 ( 1)  0.013
 303 P   0.98868 0.01132 ( 1)  0.024
 304 V   0.99997 0.00003 ( 1)  0.013
 305 I   0.99998 0.00002 ( 1)  0.013
 306 Y   0.98304 0.01696 ( 1)  0.030
 307 I   0.99998 0.00002 ( 1)  0.013
 308 M   0.99979 0.00021 ( 1)  0.013
 309 M   0.99979 0.00021 ( 1)  0.013
 310 N   0.99978 0.00022 ( 1)  0.013
 311 K   0.99858 0.00142 ( 1)  0.014
 312 Q   0.99346 0.00654 ( 1)  0.020
 313 F   0.99993 0.00007 ( 1)  0.013
 314 R   0.99532 0.00468 ( 1)  0.018
 315 N   0.99126 0.00874 ( 1)  0.022
 316 C   0.99949 0.00051 ( 1)  0.014
 317 M   0.99979 0.00021 ( 1)  0.013
 318 L   0.58552 0.41448 ( 1)  0.422
 319 T   0.99997 0.00003 ( 1)  0.013
 320 T   0.99997 0.00003 ( 1)  0.013
 321 I   0.99627 0.00373 ( 1)  0.017
 322 C   0.99949 0.00051 ( 1)  0.014
 323 C   0.99854 0.00146 ( 1)  0.014
 324 G   0.99980 0.00020 ( 1)  0.013
 325 K   0.90045 0.09955 ( 1)  0.111
 326 N   0.99985 0.00015 ( 1)  0.013
 327 P   0.98935 0.01065 ( 1)  0.024
 328 L   0.99435 0.00565 ( 1)  0.019
 329 G   0.98407 0.01593 ( 1)  0.029
 330 D   0.99985 0.00015 ( 1)  0.013
 331 D   0.63652 0.36348 ( 1)  0.372
 332 E   0.99863 0.00137 ( 1)  0.014
 333 A   0.99997 0.00003 ( 1)  0.013
 334 S   0.99830 0.00170 ( 1)  0.015
 335 A   0.99308 0.00692 ( 1)  0.020
 336 T   0.99990 0.00010 ( 1)  0.013
 337 V   0.97985 0.02015 ( 1)  0.033
 338 S   0.99989 0.00011 ( 1)  0.013
 339 K   0.99858 0.00142 ( 1)  0.014
 340 T   0.99942 0.00058 ( 1)  0.014
 341 E   0.99863 0.00137 ( 1)  0.014
 342 T   0.99992 0.00008 ( 1)  0.013
 343 S   0.99981 0.00019 ( 1)  0.013
 344 Q   0.99346 0.00654 ( 1)  0.020
 345 V   0.99938 0.00062 ( 1)  0.014
 346 A   0.99997 0.00003 ( 1)  0.013
 347 P   0.99832 0.00168 ( 1)  0.015
 348 A   0.99997 0.00003 ( 1)  0.013


lnL = -2967.069665

