Supplemental results for CODEML (seqf: algn  treef: tree)


dN/dS (w) for site classes (K=2)

p:   0.73647  0.26353
w:   0.06726  1.00000

Naive Empirical Bayes (NEB) probabilities for 2 classes & postmean_w
(amino acids refer to 1st sequence: aotNan_SERINC3_XM_012467237)

   1 -   0.73647 0.26353 ( 1)  0.313
   2 -   0.73647 0.26353 ( 1)  0.313
   3 -   0.73647 0.26353 ( 1)  0.313
   4 -   0.73647 0.26353 ( 1)  0.313
   5 -   0.73647 0.26353 ( 1)  0.313
   6 -   0.73647 0.26353 ( 1)  0.313
   7 M   0.97254 0.02746 ( 1)  0.093
   8 G   0.88754 0.11246 ( 1)  0.172
   9 T   0.55153 0.44847 ( 1)  0.486
  10 V   0.92674 0.07326 ( 1)  0.136
  11 L   0.86202 0.13798 ( 1)  0.196
  12 G   0.93402 0.06598 ( 1)  0.129
  13 V   0.96396 0.03604 ( 1)  0.101
  14 F   0.60767 0.39233 ( 1)  0.433
  15 S   0.94781 0.05219 ( 1)  0.116
  16 L   0.95372 0.04628 ( 1)  0.110
  17 A   0.95788 0.04212 ( 1)  0.107
  18 S   0.95346 0.04654 ( 1)  0.111
  19 W   0.87620 0.12380 ( 1)  0.183
  20 -   0.73647 0.26353 ( 1)  0.313
  21 -   0.73647 0.26353 ( 1)  0.313
  22 -   0.73647 0.26353 ( 1)  0.313
  23 -   0.73647 0.26353 ( 1)  0.313
  24 -   0.73647 0.26353 ( 1)  0.313
  25 -   0.73647 0.26353 ( 1)  0.313
  26 V   0.95528 0.04472 ( 1)  0.109
  27 P   0.88138 0.11862 ( 1)  0.178
  28 C   0.93519 0.06481 ( 1)  0.128
  29 L   0.94915 0.05085 ( 1)  0.115
  30 C   0.93415 0.06585 ( 1)  0.129
  31 S   0.54269 0.45731 ( 1)  0.494
  32 G   0.93150 0.06850 ( 1)  0.131
  33 A   0.92579 0.07421 ( 1)  0.136
  34 S   0.86323 0.13677 ( 1)  0.195
  35 C   0.92476 0.07524 ( 1)  0.137
  36 L   0.90171 0.09829 ( 1)  0.159
  37 L   0.85846 0.14154 ( 1)  0.199
  38 C   0.92554 0.07446 ( 1)  0.137
  39 S   0.94459 0.05541 ( 1)  0.119
  40 C   0.93420 0.06580 ( 1)  0.129
  41 C   0.92465 0.07535 ( 1)  0.138
  42 P   0.93407 0.06593 ( 1)  0.129
  43 N   0.95534 0.04466 ( 1)  0.109
  44 S   0.05993 0.94007 ( 2)  0.944
  45 K   0.43794 0.56206 ( 2)  0.592
  46 N   0.94664 0.05336 ( 1)  0.117
  47 S   0.94796 0.05204 ( 1)  0.116
  48 T   0.47105 0.52895 ( 2)  0.561
  49 V   0.00292 0.99708 ( 2)  0.997
  50 T   0.94985 0.05015 ( 1)  0.114
  51 R   0.92391 0.07609 ( 1)  0.138
  52 L   0.95419 0.04581 ( 1)  0.110
  53 I   0.96246 0.03754 ( 1)  0.102
  54 Y   0.92170 0.07830 ( 1)  0.140
  55 A   0.95029 0.04971 ( 1)  0.114
  56 F   0.96412 0.03588 ( 1)  0.101
  57 I   0.96246 0.03754 ( 1)  0.102
  58 L   0.95277 0.04723 ( 1)  0.111
  59 I   0.56908 0.43092 ( 1)  0.469
  60 L   0.85997 0.14003 ( 1)  0.198
  61 S   0.00488 0.99512 ( 2)  0.995
  62 T   0.08098 0.91902 ( 2)  0.924
  63 A   0.00030 0.99970 ( 2)  1.000
  64 V   0.90276 0.09724 ( 1)  0.158
  65 S   0.94790 0.05210 ( 1)  0.116
  66 Y   0.04716 0.95284 ( 2)  0.956
  67 I   0.68269 0.31731 ( 1)  0.363
  68 M   0.70292 0.29708 ( 1)  0.344
  69 Q   0.29654 0.70346 ( 2)  0.723
  70 R   0.00548 0.99452 ( 2)  0.995
  71 R   0.03911 0.96089 ( 2)  0.964
  72 E   0.04603 0.95397 ( 2)  0.957
  73 M   0.68977 0.31023 ( 1)  0.357
  74 E   0.89839 0.10161 ( 1)  0.162
  75 P   0.05464 0.94536 ( 2)  0.949
  76 Y   0.00022 0.99978 ( 2)  1.000
  77 L   0.86277 0.13723 ( 1)  0.195
  78 K   0.92265 0.07735 ( 1)  0.139
  79 K   0.92265 0.07735 ( 1)  0.139
  80 I   0.96174 0.03826 ( 1)  0.103
  81 P   0.93094 0.06906 ( 1)  0.132
  82 G   0.86376 0.13624 ( 1)  0.194
  83 F   0.95992 0.04008 ( 1)  0.105
  84 C   0.92412 0.07588 ( 1)  0.138
  85 E   0.38233 0.61767 ( 2)  0.643
  86 G   0.03862 0.96138 ( 2)  0.964
  87 G   0.86376 0.13624 ( 1)  0.194
  88 F   0.95566 0.04434 ( 1)  0.109
  89 K   0.36736 0.63264 ( 2)  0.657
  90 I   0.96917 0.03083 ( 1)  0.096
  91 H   0.00021 0.99979 ( 2)  1.000
  92 E   0.00347 0.99653 ( 2)  0.997
  93 A   0.00487 0.99513 ( 2)  0.995
  94 D   0.94335 0.05665 ( 1)  0.120
  95 R   0.00394 0.99606 ( 2)  0.996
  96 -   0.73647 0.26353 ( 1)  0.313
  97 -   0.73647 0.26353 ( 1)  0.313
  98 -   0.73647 0.26353 ( 1)  0.313
  99 -   0.73647 0.26353 ( 1)  0.313
 100 -   0.73647 0.26353 ( 1)  0.313
 101 -   0.73647 0.26353 ( 1)  0.313
 102 -   0.73647 0.26353 ( 1)  0.313
 103 -   0.73647 0.26353 ( 1)  0.313
 104 -   0.73647 0.26353 ( 1)  0.313
 105 -   0.73647 0.26353 ( 1)  0.313
 106 -   0.73647 0.26353 ( 1)  0.313
 107 -   0.73647 0.26353 ( 1)  0.313
 108 -   0.73647 0.26353 ( 1)  0.313
 109 -   0.73647 0.26353 ( 1)  0.313
 110 -   0.73647 0.26353 ( 1)  0.313
 111 -   0.73647 0.26353 ( 1)  0.313
 112 -   0.73647 0.26353 ( 1)  0.313
 113 -   0.73647 0.26353 ( 1)  0.313
 114 -   0.73647 0.26353 ( 1)  0.313
 115 -   0.73647 0.26353 ( 1)  0.313
 116 -   0.73647 0.26353 ( 1)  0.313
 117 -   0.73647 0.26353 ( 1)  0.313
 118 -   0.73647 0.26353 ( 1)  0.313
 119 -   0.73647 0.26353 ( 1)  0.313
 120 -   0.73647 0.26353 ( 1)  0.313
 121 -   0.73647 0.26353 ( 1)  0.313
 122 -   0.73647 0.26353 ( 1)  0.313
 123 -   0.73647 0.26353 ( 1)  0.313
 124 -   0.73647 0.26353 ( 1)  0.313
 125 -   0.73647 0.26353 ( 1)  0.313
 126 -   0.73647 0.26353 ( 1)  0.313
 127 -   0.73647 0.26353 ( 1)  0.313
 128 N   0.05962 0.94038 ( 2)  0.944
 129 V   0.03495 0.96505 ( 2)  0.967
 130 D   0.94405 0.05595 ( 1)  0.119
 131 K   0.34243 0.65757 ( 2)  0.681
 132 D   0.94568 0.05432 ( 1)  0.118
 133 C   0.92502 0.07498 ( 1)  0.137
 134 D   0.94349 0.05651 ( 1)  0.120
 135 V   0.93009 0.06991 ( 1)  0.132
 136 L   0.85880 0.14120 ( 1)  0.199
 137 V   0.95653 0.04347 ( 1)  0.108
 138 G   0.93199 0.06801 ( 1)  0.131
 139 Y   0.92053 0.07947 ( 1)  0.141
 140 K   0.90308 0.09692 ( 1)  0.158
 141 A   0.94885 0.05115 ( 1)  0.115
 142 V   0.91218 0.08782 ( 1)  0.149
 143 Y   0.92053 0.07947 ( 1)  0.141
 144 R   0.86838 0.13162 ( 1)  0.190
 145 I   0.96982 0.03018 ( 1)  0.095
 146 N   0.00569 0.99431 ( 2)  0.995
 147 F   0.95643 0.04357 ( 1)  0.108
 148 A   0.95747 0.04253 ( 1)  0.107
 149 M   0.51743 0.48257 ( 1)  0.517
 150 A   0.95829 0.04171 ( 1)  0.106
 151 I   0.65259 0.34741 ( 1)  0.391
 152 F   0.95643 0.04357 ( 1)  0.108
 153 F   0.96401 0.03599 ( 1)  0.101
 154 F   0.59454 0.40546 ( 1)  0.445
 155 V   0.63491 0.36509 ( 1)  0.408
 156 F   0.96062 0.03938 ( 1)  0.104
 157 S   0.45431 0.54569 ( 2)  0.576
 158 L   0.85880 0.14120 ( 1)  0.199
 159 L   0.95253 0.04747 ( 1)  0.112
 160 M   0.97291 0.02709 ( 1)  0.093
 161 I   0.00098 0.99902 ( 2)  0.999
 162 K   0.90308 0.09692 ( 1)  0.158
 163 V   0.90033 0.09967 ( 1)  0.160
 164 K   0.90308 0.09692 ( 1)  0.158
 165 T   0.89529 0.10471 ( 1)  0.165
 166 S   0.94549 0.05451 ( 1)  0.118
 167 K   0.90308 0.09692 ( 1)  0.158
 168 D   0.94349 0.05651 ( 1)  0.120
 169 P   0.51101 0.48899 ( 1)  0.523
 170 R   0.86446 0.13554 ( 1)  0.194
 171 A   0.89293 0.10707 ( 1)  0.167
 172 A   0.89123 0.10877 ( 1)  0.169
 173 V   0.90276 0.09724 ( 1)  0.158
 174 H   0.93608 0.06392 ( 1)  0.127
 175 N   0.94692 0.05308 ( 1)  0.117
 176 G   0.89818 0.10182 ( 1)  0.162
 177 F   0.95643 0.04357 ( 1)  0.108
 178 W   0.87673 0.12327 ( 1)  0.182
 179 F   0.96412 0.03588 ( 1)  0.101
 180 F   0.96331 0.03669 ( 1)  0.101
 181 K   0.90308 0.09692 ( 1)  0.158
 182 I   0.96246 0.03754 ( 1)  0.102
 183 A   0.94885 0.05115 ( 1)  0.115
 184 A   0.95545 0.04455 ( 1)  0.109
 185 L   0.94427 0.05573 ( 1)  0.119
 186 I   0.09323 0.90677 ( 2)  0.913
 187 G   0.86460 0.13540 ( 1)  0.194
 188 I   0.96868 0.03132 ( 1)  0.096
 189 M   0.97479 0.02521 ( 1)  0.091
 190 V   0.95806 0.04194 ( 1)  0.106
 191 G   0.89771 0.10229 ( 1)  0.163
 192 S   0.49976 0.50024 ( 2)  0.534
 193 F   0.96633 0.03367 ( 1)  0.099
 194 Y   0.93462 0.06538 ( 1)  0.128
 195 I   0.96975 0.03025 ( 1)  0.095
 196 P   0.93565 0.06435 ( 1)  0.127
 197 G   0.89870 0.10130 ( 1)  0.162
 198 G   0.07200 0.92800 ( 2)  0.933
 199 Y   0.04700 0.95300 ( 2)  0.956
 200 F   0.96399 0.03601 ( 1)  0.101
 201 S   0.59293 0.40707 ( 1)  0.447
 202 S   0.33312 0.66688 ( 2)  0.689
 203 A   0.60632 0.39368 ( 1)  0.434
 204 W   0.87959 0.12041 ( 1)  0.180
 205 F   0.95886 0.04114 ( 1)  0.106
 206 F   0.00298 0.99702 ( 2)  0.997
 207 V   0.00643 0.99357 ( 2)  0.994
 208 G   0.94448 0.05552 ( 1)  0.119
 209 M   0.97479 0.02521 ( 1)  0.091
 210 A   0.00000 1.00000 ( 2)  1.000
 211 G   0.90116 0.09884 ( 1)  0.159
 212 A   0.96080 0.03920 ( 1)  0.104
 213 A   0.08141 0.91859 ( 2)  0.924
 214 F   0.00037 0.99963 ( 2)  1.000
 215 F   0.96633 0.03367 ( 1)  0.099
 216 I   0.97185 0.02815 ( 1)  0.094
 217 L   0.95519 0.04481 ( 1)  0.109
 218 I   0.96850 0.03150 ( 1)  0.097
 219 Q   0.87124 0.12876 ( 1)  0.187
 220 L   0.88959 0.11041 ( 1)  0.170
 221 V   0.36928 0.63072 ( 2)  0.656
 222 L   0.85930 0.14070 ( 1)  0.198
 223 L   0.89712 0.10288 ( 1)  0.163
 224 V   0.90568 0.09432 ( 1)  0.155
 225 D   0.95449 0.04551 ( 1)  0.110
 226 F   0.00511 0.99489 ( 2)  0.995
 227 A   0.95144 0.04856 ( 1)  0.113
 228 H   0.93456 0.06544 ( 1)  0.128
 229 S   0.94067 0.05933 ( 1)  0.123
 230 W   0.32920 0.67080 ( 2)  0.693
 231 N   0.94955 0.05045 ( 1)  0.114
 232 E   0.90002 0.09998 ( 1)  0.161
 233 S   0.02599 0.97401 ( 2)  0.976
 234 W   0.87762 0.12238 ( 1)  0.181
 235 V   0.37937 0.62063 ( 2)  0.646
 236 N   0.94775 0.05225 ( 1)  0.116
 237 R   0.81855 0.18145 ( 1)  0.237
 238 M   0.97515 0.02485 ( 1)  0.090
 239 E   0.90060 0.09940 ( 1)  0.160
 240 E   0.90060 0.09940 ( 1)  0.160
 241 -   0.73647 0.26353 ( 1)  0.313
 242 -   0.73647 0.26353 ( 1)  0.313
 243 -   0.73647 0.26353 ( 1)  0.313
 244 -   0.73647 0.26353 ( 1)  0.313
 245 -   0.73647 0.26353 ( 1)  0.313
 246 -   0.73647 0.26353 ( 1)  0.313
 247 -   0.73647 0.26353 ( 1)  0.313
 248 G   0.86600 0.13400 ( 1)  0.192
 249 N   0.95691 0.04309 ( 1)  0.107
 250 P   0.87434 0.12566 ( 1)  0.184
 251 R   0.92015 0.07985 ( 1)  0.142
 252 L   0.90423 0.09577 ( 1)  0.157
 253 W   0.87819 0.12181 ( 1)  0.181
 254 Y   0.44853 0.55147 ( 2)  0.582
 255 A   0.08451 0.91549 ( 2)  0.921
 256 A   0.07922 0.92078 ( 2)  0.926
 257 L   0.88253 0.11747 ( 1)  0.177
 258 L   0.86201 0.13799 ( 1)  0.196
 259 S   0.94214 0.05786 ( 1)  0.121
 260 F   0.09058 0.90942 ( 2)  0.916
 261 T   0.89898 0.10102 ( 1)  0.161
 262 S   0.59338 0.40662 ( 1)  0.447
 263 A   0.00046 0.99954 ( 2)  1.000
 264 F   0.95933 0.04067 ( 1)  0.105
 265 Y   0.92520 0.07480 ( 1)  0.137
 266 I   0.70060 0.29940 ( 1)  0.347
 267 L   0.86621 0.13379 ( 1)  0.192
 268 S   0.86820 0.13180 ( 1)  0.190
 269 I   0.68503 0.31497 ( 1)  0.361
 270 I   0.70115 0.29885 ( 1)  0.346
 271 C   0.00309 0.99691 ( 2)  0.997
 272 V   0.96226 0.03774 ( 1)  0.102
 273 G   0.90145 0.09855 ( 1)  0.159
 274 L   0.88057 0.11943 ( 1)  0.179
 275 L   0.95716 0.04284 ( 1)  0.107
 276 Y   0.92548 0.07452 ( 1)  0.137
 277 T   0.38420 0.61580 ( 2)  0.642
 278 Y   0.93370 0.06630 ( 1)  0.129
 279 Y   0.93518 0.06482 ( 1)  0.128
 280 T   0.96418 0.03582 ( 1)  0.101
 281 K   0.90664 0.09336 ( 1)  0.154
 282 P   0.34069 0.65931 ( 2)  0.682
 283 D   0.51223 0.48777 ( 1)  0.522
 284 G   0.94500 0.05500 ( 1)  0.119
 285 C   0.93889 0.06111 ( 1)  0.124
 286 T   0.89898 0.10102 ( 1)  0.161
 287 E   0.90173 0.09827 ( 1)  0.159
 288 N   0.95592 0.04408 ( 1)  0.108
 289 K   0.92614 0.07386 ( 1)  0.136
 290 F   0.96676 0.03324 ( 1)  0.098
 291 F   0.96676 0.03324 ( 1)  0.098
 292 I   0.97225 0.02775 ( 1)  0.093
 293 S   0.94811 0.05189 ( 1)  0.116
 294 I   0.96579 0.03421 ( 1)  0.099
 295 N   0.95402 0.04598 ( 1)  0.110
 296 L   0.86023 0.13977 ( 1)  0.198
 297 I   0.97225 0.02775 ( 1)  0.093
 298 L   0.54863 0.45137 ( 1)  0.488
 299 C   0.93572 0.06428 ( 1)  0.127
 300 V   0.08979 0.91021 ( 2)  0.916
 301 V   0.93340 0.06660 ( 1)  0.129
 302 V   0.56369 0.43631 ( 1)  0.474
 303 S   0.94214 0.05786 ( 1)  0.121
 304 I   0.00052 0.99948 ( 2)  1.000
 305 I   0.94842 0.05158 ( 1)  0.115
 306 S   0.87547 0.12453 ( 1)  0.183
 307 I   0.68910 0.31090 ( 1)  0.357
 308 H   0.93954 0.06046 ( 1)  0.124
 309 P   0.88369 0.11631 ( 1)  0.176
 310 K   0.90664 0.09336 ( 1)  0.154
 311 I   0.96517 0.03483 ( 1)  0.100
 312 Q   0.87435 0.12565 ( 1)  0.184
 313 E   0.90173 0.09827 ( 1)  0.159
 314 H   0.93954 0.06046 ( 1)  0.124
 315 Q   0.87204 0.12796 ( 1)  0.187
 316 P   0.93522 0.06478 ( 1)  0.128
 317 R   0.46373 0.53627 ( 2)  0.567
 318 S   0.95014 0.04986 ( 1)  0.114
 319 G   0.94500 0.05500 ( 1)  0.119
 320 L   0.95715 0.04285 ( 1)  0.107
 321 L   0.88502 0.11498 ( 1)  0.175
 322 Q   0.87423 0.12577 ( 1)  0.185
 323 S   0.95140 0.04860 ( 1)  0.113
 324 S   0.94545 0.05455 ( 1)  0.118
 325 I   0.00048 0.99952 ( 2)  1.000
 326 I   0.97224 0.02776 ( 1)  0.093
 327 T   0.96418 0.03582 ( 1)  0.101
 328 L   0.95715 0.04285 ( 1)  0.107
 329 Y   0.93421 0.06579 ( 1)  0.129
 330 T   0.95786 0.04214 ( 1)  0.107
 331 M   0.70844 0.29156 ( 1)  0.339
 332 Y   0.93434 0.06566 ( 1)  0.129
 333 L   0.95629 0.04371 ( 1)  0.108
 334 T   0.96405 0.03595 ( 1)  0.101
 335 W   0.88015 0.11985 ( 1)  0.179
 336 S   0.86685 0.13315 ( 1)  0.191
 337 A   0.96125 0.03875 ( 1)  0.103
 338 M   0.97515 0.02485 ( 1)  0.090
 339 S   0.95140 0.04860 ( 1)  0.113
 340 N   0.95009 0.04991 ( 1)  0.114
 341 E   0.90060 0.09940 ( 1)  0.160
 342 P   0.93607 0.06393 ( 1)  0.127
 343 D   0.05087 0.94913 ( 2)  0.953
 344 R   0.36951 0.63049 ( 2)  0.655
 345 S   0.93367 0.06633 ( 1)  0.129
 346 C   0.92012 0.07988 ( 1)  0.142
 347 N   0.94131 0.05869 ( 1)  0.122
 348 P   0.45801 0.54199 ( 2)  0.573
 349 S   0.50065 0.49935 ( 1)  0.533
 350 L   0.84484 0.15516 ( 1)  0.212
 351 M   0.43115 0.56885 ( 2)  0.598
 352 S   0.93985 0.06015 ( 1)  0.123
 353 F   0.50341 0.49659 ( 1)  0.530
 354 I   0.50370 0.49630 ( 1)  0.530
 355 T   0.33279 0.66721 ( 2)  0.690
 356 R   0.03540 0.96460 ( 2)  0.967
 357 I   0.93047 0.06953 ( 1)  0.132
 358 T   0.48953 0.51047 ( 2)  0.543
 359 A   0.87576 0.12424 ( 1)  0.183
 360 P   0.86806 0.13194 ( 1)  0.190
 361 T   0.93968 0.06032 ( 1)  0.124
 362 L   0.86664 0.13336 ( 1)  0.192
 363 A   0.93427 0.06573 ( 1)  0.129
 364 P   0.91626 0.08374 ( 1)  0.145
 365 G   0.85179 0.14821 ( 1)  0.206
 366 N   0.93219 0.06781 ( 1)  0.131
 367 S   0.86952 0.13048 ( 1)  0.189
 368 T   0.93813 0.06187 ( 1)  0.125
 369 A   0.48920 0.51080 ( 2)  0.544
 370 V   0.03609 0.96391 ( 2)  0.966
 371 I   0.05923 0.94077 ( 2)  0.945
 372 P   0.42251 0.57749 ( 2)  0.606
 373 T   0.54862 0.45138 ( 1)  0.488
 374 P   0.04003 0.95997 ( 2)  0.963
 375 I   0.00001 0.99999 ( 2)  1.000
 376 P   0.85830 0.14170 ( 1)  0.199
 377 P   0.00179 0.99821 ( 2)  0.998
 378 S   0.84953 0.15047 ( 1)  0.208
 379 K   0.90683 0.09317 ( 1)  0.154
 380 S   0.47069 0.52931 ( 2)  0.561
 381 G   0.88250 0.11750 ( 1)  0.177
 382 S   0.00279 0.99721 ( 2)  0.997
 383 L   0.03847 0.96153 ( 2)  0.964
 384 L   0.84507 0.15493 ( 1)  0.212
 385 D   0.45801 0.54199 ( 2)  0.573
 386 S   0.26981 0.73019 ( 2)  0.748
 387 D   0.35316 0.64684 ( 2)  0.671
 388 N   0.93219 0.06781 ( 1)  0.131
 389 V   0.05971 0.94029 ( 2)  0.944
 390 V   0.00495 0.99505 ( 2)  0.995
 391 G   0.86592 0.13408 ( 1)  0.192
 392 L   0.84549 0.15451 ( 1)  0.211
 393 F   0.47229 0.52771 ( 2)  0.559
 394 V   0.95133 0.04867 ( 1)  0.113
 395 F   0.94255 0.05745 ( 1)  0.121
 396 V   0.94157 0.05843 ( 1)  0.122
 397 C   0.00029 0.99971 ( 2)  1.000
 398 C   0.92012 0.07988 ( 1)  0.142
 399 L   0.92968 0.07032 ( 1)  0.133
 400 V   0.33870 0.66130 ( 2)  0.684
 401 Y   0.90466 0.09534 ( 1)  0.156
 402 S   0.92237 0.07763 ( 1)  0.140
 403 S   0.93985 0.06015 ( 1)  0.123
 404 I   0.95777 0.04223 ( 1)  0.107
 405 R   0.90851 0.09149 ( 1)  0.153
 406 T   0.45592 0.54408 ( 2)  0.575
 407 S   0.05900 0.94100 ( 2)  0.945
 408 S   0.48410 0.51590 ( 2)  0.548
 409 N   0.93223 0.06777 ( 1)  0.130
 410 S   0.93963 0.06037 ( 1)  0.124
 411 Q   0.84125 0.15875 ( 1)  0.215
 412 V   0.88407 0.11593 ( 1)  0.175
 413 D   0.49663 0.50337 ( 2)  0.537
 414 K   0.90681 0.09319 ( 1)  0.154
 415 L   0.84507 0.15493 ( 1)  0.212
 416 T   0.94775 0.05225 ( 1)  0.116
 417 L   0.84943 0.15057 ( 1)  0.208
 418 S   0.84953 0.15047 ( 1)  0.208
 419 G   0.88250 0.11750 ( 1)  0.177
 420 S   0.93008 0.06992 ( 1)  0.132
 421 D   0.93813 0.06187 ( 1)  0.125
 422 S   0.93823 0.06177 ( 1)  0.125
 423 V   0.92472 0.07528 ( 1)  0.137
 424 I   0.95672 0.04328 ( 1)  0.108
 425 L   0.46487 0.53513 ( 2)  0.566
 426 G   0.39115 0.60885 ( 2)  0.635
 427 D   0.92852 0.07148 ( 1)  0.134
 428 T   0.33006 0.66994 ( 2)  0.692
 429 A   0.05720 0.94280 ( 2)  0.947
 430 T   0.06987 0.93013 ( 2)  0.935
 431 S   0.00000 1.00000 ( 2)  1.000
 432 G   0.90951 0.09049 ( 1)  0.152
 433 A   0.49056 0.50944 ( 2)  0.542
 434 N   0.00410 0.99590 ( 2)  0.996
 435 D   0.92852 0.07148 ( 1)  0.134
 436 E   0.88301 0.11699 ( 1)  0.176
 437 E   0.33554 0.66446 ( 2)  0.687
 438 D   0.00362 0.99638 ( 2)  0.997
 439 G   0.85430 0.14570 ( 1)  0.203
 440 Q   0.85624 0.14376 ( 1)  0.201
 441 P   0.91626 0.08374 ( 1)  0.145
 442 R   0.84753 0.15247 ( 1)  0.209
 443 R   0.85403 0.14597 ( 1)  0.203
 444 -   0.73647 0.26353 ( 1)  0.313
 445 -   0.73647 0.26353 ( 1)  0.313
 446 -   0.73647 0.26353 ( 1)  0.313
 447 -   0.73647 0.26353 ( 1)  0.313
 448 -   0.73647 0.26353 ( 1)  0.313
 449 -   0.73647 0.26353 ( 1)  0.313
 450 -   0.73647 0.26353 ( 1)  0.313
 451 -   0.73647 0.26353 ( 1)  0.313
 452 -   0.73647 0.26353 ( 1)  0.313
 453 -   0.73647 0.26353 ( 1)  0.313
 454 -   0.73647 0.26353 ( 1)  0.313
 455 -   0.73647 0.26353 ( 1)  0.313
 456 -   0.73647 0.26353 ( 1)  0.313
 457 -   0.73647 0.26353 ( 1)  0.313
 458 -   0.73647 0.26353 ( 1)  0.313
 459 -   0.73647 0.26353 ( 1)  0.313
 460 -   0.73647 0.26353 ( 1)  0.313
 461 -   0.73647 0.26353 ( 1)  0.313
 462 -   0.73647 0.26353 ( 1)  0.313
 463 -   0.73647 0.26353 ( 1)  0.313
 464 -   0.73647 0.26353 ( 1)  0.313
 465 -   0.73647 0.26353 ( 1)  0.313
 466 -   0.73647 0.26353 ( 1)  0.313
 467 -   0.73647 0.26353 ( 1)  0.313
 468 -   0.73647 0.26353 ( 1)  0.313
 469 -   0.73647 0.26353 ( 1)  0.313
 470 -   0.73647 0.26353 ( 1)  0.313
 471 -   0.73647 0.26353 ( 1)  0.313
 472 -   0.73647 0.26353 ( 1)  0.313
 473 -   0.73647 0.26353 ( 1)  0.313
 474 -   0.73647 0.26353 ( 1)  0.313
 475 -   0.73647 0.26353 ( 1)  0.313
 476 -   0.73647 0.26353 ( 1)  0.313
 477 -   0.73647 0.26353 ( 1)  0.313
 478 -   0.73647 0.26353 ( 1)  0.313
 479 -   0.73647 0.26353 ( 1)  0.313
 480 A   0.93227 0.06773 ( 1)  0.130
 481 V   0.90809 0.09191 ( 1)  0.153
 482 D   0.93639 0.06361 ( 1)  0.127
 483 N   0.93816 0.06184 ( 1)  0.125
 484 E   0.89644 0.10356 ( 1)  0.164
 485 K   0.88527 0.11473 ( 1)  0.174
 486 E   0.89929 0.10071 ( 1)  0.161
 487 G   0.85353 0.14647 ( 1)  0.204
 488 V   0.90809 0.09191 ( 1)  0.153
 489 Q   0.27744 0.72256 ( 2)  0.741
 490 Y   0.90397 0.09603 ( 1)  0.157
 491 S   0.93790 0.06210 ( 1)  0.125
 492 Y   0.91408 0.08592 ( 1)  0.147
 493 F   0.00431 0.99569 ( 2)  0.996
 494 F   0.47426 0.52574 ( 2)  0.558
 495 F   0.94806 0.05194 ( 1)  0.116
 496 H   0.91866 0.08134 ( 1)  0.143
 497 L   0.00257 0.99743 ( 2)  0.998
 498 M   0.95997 0.04003 ( 1)  0.105
 499 L   0.93812 0.06188 ( 1)  0.125
 500 C   0.41475 0.58525 ( 2)  0.613
 501 L   0.88836 0.11164 ( 1)  0.171
 502 A   0.93227 0.06773 ( 1)  0.130
 503 -   0.73647 0.26353 ( 1)  0.313
 504 -   0.73647 0.26353 ( 1)  0.313
 505 -   0.73647 0.26353 ( 1)  0.313
 506 -   0.73647 0.26353 ( 1)  0.313
 507 -   0.73647 0.26353 ( 1)  0.313
 508 -   0.73647 0.26353 ( 1)  0.313
 509 -   0.73647 0.26353 ( 1)  0.313
 510 -   0.73647 0.26353 ( 1)  0.313
 511 -   0.73647 0.26353 ( 1)  0.313
 512 -   0.73647 0.26353 ( 1)  0.313
 513 -   0.73647 0.26353 ( 1)  0.313
 514 -   0.73647 0.26353 ( 1)  0.313
 515 -   0.73647 0.26353 ( 1)  0.313
 516 S   0.93632 0.06368 ( 1)  0.127
 517 L   0.37867 0.62133 ( 2)  0.647
 518 Y   0.41919 0.58081 ( 2)  0.609
 519 I   0.54949 0.45051 ( 1)  0.487
 520 M   0.93747 0.06253 ( 1)  0.126
 521 M   0.93747 0.06253 ( 1)  0.126
 522 T   0.92177 0.07823 ( 1)  0.140
 523 L   0.84539 0.15461 ( 1)  0.211
 524 T   0.91921 0.08079 ( 1)  0.143
 525 G   0.38383 0.61617 ( 2)  0.642
 526 W   0.25880 0.74120 ( 2)  0.759
 527 Y   0.88841 0.11159 ( 1)  0.171
 528 S   0.94244 0.05756 ( 1)  0.121
 529 P   0.91920 0.08080 ( 1)  0.143
 530 D   0.93130 0.06870 ( 1)  0.131
 531 A   0.89047 0.10953 ( 1)  0.169
 532 K   0.40954 0.59046 ( 2)  0.618
 533 F   0.94987 0.05013 ( 1)  0.114
 534 Q   0.86108 0.13892 ( 1)  0.197
 535 S   0.46115 0.53885 ( 2)  0.570
 536 M   0.96516 0.03484 ( 1)  0.100
 537 T   0.95225 0.04775 ( 1)  0.112
 538 S   0.94410 0.05590 ( 1)  0.119
 539 K   0.91179 0.08821 ( 1)  0.150
 540 W   0.86660 0.13340 ( 1)  0.192
 541 P   0.86694 0.13306 ( 1)  0.191
 542 A   0.93880 0.06120 ( 1)  0.124
 543 V   0.90487 0.09513 ( 1)  0.156
 544 W   0.86660 0.13340 ( 1)  0.192
 545 V   0.95152 0.04848 ( 1)  0.112
 546 K   0.91179 0.08821 ( 1)  0.150
 547 I   0.96122 0.03878 ( 1)  0.103
 548 S   0.94426 0.05574 ( 1)  0.119
 549 T   0.06347 0.93653 ( 2)  0.941
 550 S   0.94426 0.05574 ( 1)  0.119
 551 W   0.86660 0.13340 ( 1)  0.192
 552 V   0.95521 0.04479 ( 1)  0.109
 553 C   0.92481 0.07519 ( 1)  0.137
 554 L   0.94437 0.05563 ( 1)  0.119
 555 L   0.90339 0.09661 ( 1)  0.157
 556 L   0.93524 0.06476 ( 1)  0.128
 557 Y   0.91964 0.08036 ( 1)  0.142
 558 -   0.73647 0.26353 ( 1)  0.313
 559 -   0.73647 0.26353 ( 1)  0.313
 560 -   0.73647 0.26353 ( 1)  0.313
 561 -   0.73647 0.26353 ( 1)  0.313
 562 -   0.73647 0.26353 ( 1)  0.313
 563 -   0.73647 0.26353 ( 1)  0.313
 564 -   0.73647 0.26353 ( 1)  0.313
 565 -   0.73647 0.26353 ( 1)  0.313
 566 -   0.73647 0.26353 ( 1)  0.313
 567 -   0.73647 0.26353 ( 1)  0.313
 568 -   0.73647 0.26353 ( 1)  0.313
 569 -   0.73647 0.26353 ( 1)  0.313
 570 -   0.73647 0.26353 ( 1)  0.313
 571 -   0.73647 0.26353 ( 1)  0.313
 572 -   0.73647 0.26353 ( 1)  0.313
 573 -   0.73647 0.26353 ( 1)  0.313
 574 -   0.73647 0.26353 ( 1)  0.313
 575 -   0.73647 0.26353 ( 1)  0.313
 576 -   0.73647 0.26353 ( 1)  0.313
 577 -   0.73647 0.26353 ( 1)  0.313
 578 -   0.73647 0.26353 ( 1)  0.313
 579 -   0.73647 0.26353 ( 1)  0.313
 580 -   0.73647 0.26353 ( 1)  0.313
 581 -   0.73647 0.26353 ( 1)  0.313
 582 -   0.73647 0.26353 ( 1)  0.313
 583 -   0.73647 0.26353 ( 1)  0.313
 584 -   0.73647 0.26353 ( 1)  0.313
 585 -   0.73647 0.26353 ( 1)  0.313
 586 -   0.73647 0.26353 ( 1)  0.313
 587 -   0.73647 0.26353 ( 1)  0.313
 588 -   0.73647 0.26353 ( 1)  0.313
 589 -   0.73647 0.26353 ( 1)  0.313
 590 -   0.73647 0.26353 ( 1)  0.313
 591 -   0.73647 0.26353 ( 1)  0.313
 592 -   0.73647 0.26353 ( 1)  0.313
 593 -   0.73647 0.26353 ( 1)  0.313
 594 -   0.73647 0.26353 ( 1)  0.313
 595 -   0.73647 0.26353 ( 1)  0.313
 596 -   0.73647 0.26353 ( 1)  0.313
 597 V   0.95351 0.04649 ( 1)  0.111
 598 W   0.86478 0.13522 ( 1)  0.193
 599 T   0.95052 0.04948 ( 1)  0.113
 600 L   0.92609 0.07391 ( 1)  0.136
 601 V   0.41239 0.58761 ( 2)  0.615
 602 A   0.93693 0.06307 ( 1)  0.126
 603 P   0.86108 0.13892 ( 1)  0.197
 604 L   0.93341 0.06659 ( 1)  0.129
 605 V   0.57050 0.42950 ( 1)  0.468
 606 L   0.93820 0.06180 ( 1)  0.125
 607 T   0.95052 0.04948 ( 1)  0.113
 608 N   0.05474 0.94526 ( 2)  0.949
 609 R   0.85514 0.14486 ( 1)  0.202
 610 D   0.51729 0.48271 ( 1)  0.518
 611 F   0.94982 0.05018 ( 1)  0.114
 612 S   0.94222 0.05778 ( 1)  0.121
 613 -   0.73647 0.26353 ( 1)  0.313
 614 -   0.73647 0.26353 ( 1)  0.313
 615 -   0.73647 0.26353 ( 1)  0.313
 616 -   0.73647 0.26353 ( 1)  0.313
 617 -   0.73647 0.26353 ( 1)  0.313
 618 -   0.73647 0.26353 ( 1)  0.313
 619 -   0.73647 0.26353 ( 1)  0.313
 620 -   0.73647 0.26353 ( 1)  0.313
 621 -   0.73647 0.26353 ( 1)  0.313
 622 -   0.73647 0.26353 ( 1)  0.313


lnL = -5373.698780

