Supplemental results for CODEML (seqf: algn  treef: tree)


dN/dS (w) for site classes (K=2)

p:   0.58735  0.41265
w:   0.12637  1.00000

Naive Empirical Bayes (NEB) probabilities for 2 classes & postmean_w
(amino acids refer to 1st sequence: aotNan_GBP5_XM_012464816)

   1 -   0.58735 0.41265 ( 1)  0.487
   2 -   0.58735 0.41265 ( 1)  0.487
   3 -   0.58735 0.41265 ( 1)  0.487
   4 -   0.58735 0.41265 ( 1)  0.487
   5 -   0.58735 0.41265 ( 1)  0.487
   6 -   0.58735 0.41265 ( 1)  0.487
   7 -   0.58735 0.41265 ( 1)  0.487
   8 -   0.58735 0.41265 ( 1)  0.487
   9 -   0.58735 0.41265 ( 1)  0.487
  10 -   0.58735 0.41265 ( 1)  0.487
  11 -   0.58735 0.41265 ( 1)  0.487
  12 -   0.58735 0.41265 ( 1)  0.487
  13 -   0.58735 0.41265 ( 1)  0.487
  14 -   0.58735 0.41265 ( 1)  0.487
  15 -   0.58735 0.41265 ( 1)  0.487
  16 -   0.58735 0.41265 ( 1)  0.487
  17 -   0.58735 0.41265 ( 1)  0.487
  18 -   0.58735 0.41265 ( 1)  0.487
  19 -   0.58735 0.41265 ( 1)  0.487
  20 -   0.58735 0.41265 ( 1)  0.487
  21 -   0.58735 0.41265 ( 1)  0.487
  22 -   0.71376 0.28624 ( 1)  0.376
  23 -   0.62378 0.37622 ( 1)  0.455
  24 -   0.16945 0.83055 ( 2)  0.852
  25 -   0.02315 0.97685 ( 2)  0.980
  26 -   0.61129 0.38871 ( 1)  0.466
  27 -   0.60125 0.39875 ( 1)  0.475
  28 -   0.61356 0.38644 ( 1)  0.464
  29 -   0.61731 0.38269 ( 1)  0.461
  30 -   0.19538 0.80462 ( 2)  0.829
  31 -   0.19841 0.80159 ( 2)  0.827
  32 -   0.68168 0.31832 ( 1)  0.404
  33 -   0.66275 0.33725 ( 1)  0.421
  34 -   0.63238 0.36762 ( 1)  0.448
  35 -   0.68227 0.31773 ( 1)  0.404
  36 M   0.95386 0.04614 ( 1)  0.167
  37 A   0.85760 0.14240 ( 1)  0.251
  38 P   0.00528 0.99472 ( 2)  0.995
  39 E   0.02025 0.97975 ( 2)  0.982
  40 I   0.86946 0.13054 ( 1)  0.240
  41 H   0.08391 0.91609 ( 2)  0.927
  42 M   0.95386 0.04614 ( 1)  0.167
  43 S   0.32497 0.67503 ( 2)  0.716
  44 D   0.91021 0.08979 ( 1)  0.205
  45 P   0.81475 0.18525 ( 1)  0.288
  46 V   0.52796 0.47204 ( 1)  0.539
  47 C   0.77164 0.22836 ( 1)  0.326
  48 L   0.80502 0.19498 ( 1)  0.297
  49 I   0.88179 0.11821 ( 1)  0.230
  50 E   0.92996 0.07004 ( 1)  0.188
  51 N   0.90926 0.09074 ( 1)  0.206
  52 F   0.00978 0.99022 ( 2)  0.991
  53 N   0.00251 0.99749 ( 2)  0.998
  54 E   0.60462 0.39538 ( 1)  0.472
  55 H   0.09306 0.90694 ( 2)  0.919
  56 L   0.81121 0.18879 ( 1)  0.291
  57 K   0.02159 0.97841 ( 2)  0.981
  58 V   0.86250 0.13750 ( 1)  0.246
  59 N   0.91554 0.08446 ( 1)  0.200
  60 Q   0.00932 0.99068 ( 2)  0.992
  61 E   0.55411 0.44589 ( 1)  0.516
  62 A   0.85760 0.14240 ( 1)  0.251
  63 L   0.30376 0.69624 ( 2)  0.735
  64 E   0.60835 0.39165 ( 1)  0.469
  65 I   0.86926 0.13074 ( 1)  0.241
  66 L   0.81121 0.18879 ( 1)  0.291
  67 S   0.79100 0.20900 ( 1)  0.309
  68 A   0.06352 0.93648 ( 2)  0.945
  69 I   0.88258 0.11742 ( 1)  0.229
  70 T   0.48123 0.51877 ( 2)  0.580
  71 Q   0.41125 0.58875 ( 2)  0.641
  72 P   0.81511 0.18489 ( 1)  0.288
  73 V   0.02327 0.97673 ( 2)  0.980
  74 V   0.89308 0.10692 ( 1)  0.220
  75 V   0.88934 0.11066 ( 1)  0.223
  76 V   0.88822 0.11178 ( 1)  0.224
  77 A   0.44034 0.55966 ( 2)  0.615
  78 I   0.87719 0.12281 ( 1)  0.234
  79 V   0.89629 0.10371 ( 1)  0.217
  80 G   0.40427 0.59573 ( 2)  0.647
  81 L   0.80504 0.19496 ( 1)  0.297
  82 Y   0.83767 0.16233 ( 1)  0.268
  83 R   0.80235 0.19765 ( 1)  0.299
  84 T   0.87633 0.12367 ( 1)  0.234
  85 G   0.84298 0.15702 ( 1)  0.264
  86 K   0.90703 0.09297 ( 1)  0.208
  87 S   0.77487 0.22513 ( 1)  0.323
  88 Y   0.83219 0.16781 ( 1)  0.273
  89 L   0.80634 0.19366 ( 1)  0.296
  90 L   0.64478 0.35522 ( 1)  0.437
  91 N   0.90924 0.09076 ( 1)  0.206
  92 K   0.15648 0.84352 ( 2)  0.863
  93 L   0.81121 0.18879 ( 1)  0.291
  94 S   0.40417 0.59583 ( 2)  0.647
  95 G   0.89239 0.10761 ( 1)  0.220
  96 K   0.93005 0.06995 ( 1)  0.187
  97 N   0.53577 0.46423 ( 1)  0.532
  98 K   0.93005 0.06995 ( 1)  0.187
  99 G   0.84326 0.15674 ( 1)  0.263
 100 F   0.82878 0.17122 ( 1)  0.276
 101 S   0.79100 0.20900 ( 1)  0.309
 102 V   0.44276 0.55724 ( 2)  0.613
 103 A   0.41849 0.58151 ( 2)  0.634
 104 P   0.05353 0.94647 ( 2)  0.953
 105 T   0.88898 0.11102 ( 1)  0.223
 106 V   0.89683 0.10317 ( 1)  0.216
 107 Q   0.85799 0.14201 ( 1)  0.250
 108 S   0.78946 0.21054 ( 1)  0.310
 109 H   0.45610 0.54390 ( 2)  0.602
 110 T   0.83642 0.16358 ( 1)  0.269
 111 K   0.92723 0.07277 ( 1)  0.190
 112 G   0.85274 0.14726 ( 1)  0.255
 113 I   0.87116 0.12884 ( 1)  0.239
 114 W   0.73563 0.26437 ( 1)  0.357
 115 I   0.66062 0.33938 ( 1)  0.423
 116 W   0.73563 0.26437 ( 1)  0.357
 117 C   0.78133 0.21867 ( 1)  0.317
 118 M   0.11566 0.88434 ( 2)  0.899
 119 P   0.81813 0.18187 ( 1)  0.285
 120 H   0.88181 0.11819 ( 1)  0.230
 121 P   0.80455 0.19545 ( 1)  0.297
 122 N   0.01813 0.98187 ( 2)  0.984
 123 R   0.11379 0.88621 ( 2)  0.901
 124 P   0.81770 0.18230 ( 1)  0.286
 125 N   0.01546 0.98454 ( 2)  0.986
 126 H   0.87146 0.12854 ( 1)  0.239
 127 T   0.84403 0.15597 ( 1)  0.263
 128 L   0.76194 0.23806 ( 1)  0.334
 129 V   0.86250 0.13750 ( 1)  0.246
 130 L   0.80752 0.19248 ( 1)  0.295
 131 L   0.81922 0.18078 ( 1)  0.284
 132 D   0.91023 0.08977 ( 1)  0.205
 133 T   0.85326 0.14674 ( 1)  0.255
 134 E   0.92127 0.07873 ( 1)  0.195
 135 G   0.84298 0.15702 ( 1)  0.264
 136 L   0.81121 0.18879 ( 1)  0.291
 137 G   0.85769 0.14231 ( 1)  0.251
 138 D   0.92091 0.07909 ( 1)  0.195
 139 V   0.46120 0.53880 ( 2)  0.597
 140 E   0.92554 0.07446 ( 1)  0.191
 141 K   0.93005 0.06995 ( 1)  0.187
 142 A   0.05674 0.94326 ( 2)  0.950
 143 D   0.91023 0.08977 ( 1)  0.205
 144 N   0.37747 0.62253 ( 2)  0.670
 145 K   0.93005 0.06995 ( 1)  0.187
 146 N   0.55697 0.44303 ( 1)  0.513
 147 D   0.92139 0.07861 ( 1)  0.195
 148 I   0.03255 0.96745 ( 2)  0.972
 149 Q   0.43269 0.56731 ( 2)  0.622
 150 I   0.86927 0.13073 ( 1)  0.241
 151 F   0.84401 0.15599 ( 1)  0.263
 152 A   0.85865 0.14135 ( 1)  0.250
 153 L   0.81121 0.18879 ( 1)  0.291
 154 A   0.42968 0.57032 ( 2)  0.625
 155 L   0.33218 0.66782 ( 2)  0.710
 156 L   0.25134 0.74866 ( 2)  0.780
 157 L   0.80527 0.19473 ( 1)  0.296
 158 S   0.85748 0.14252 ( 1)  0.251
 159 S   0.85806 0.14194 ( 1)  0.250
 160 T   0.84994 0.15006 ( 1)  0.257
 161 F   0.01198 0.98802 ( 2)  0.990
 162 V   0.37166 0.62834 ( 2)  0.675
 163 Y   0.83090 0.16910 ( 1)  0.274
 164 N   0.92026 0.07974 ( 1)  0.196
 165 T   0.83859 0.16141 ( 1)  0.267
 166 M   0.68701 0.31299 ( 1)  0.400
 167 N   0.55136 0.44864 ( 1)  0.518
 168 K   0.12442 0.87558 ( 2)  0.891
 169 I   0.88198 0.11802 ( 1)  0.229
 170 D   0.91436 0.08564 ( 1)  0.201
 171 Q   0.85312 0.14688 ( 1)  0.255
 172 G   0.44411 0.55589 ( 2)  0.612
 173 A   0.85760 0.14240 ( 1)  0.251
 174 I   0.87875 0.12125 ( 1)  0.232
 175 D   0.91021 0.08979 ( 1)  0.205
 176 L   0.77591 0.22409 ( 1)  0.322
 177 L   0.80876 0.19124 ( 1)  0.293
 178 H   0.87144 0.12856 ( 1)  0.239
 179 N   0.56077 0.43923 ( 1)  0.510
 180 V   0.87849 0.12151 ( 1)  0.233
 181 T   0.85585 0.14415 ( 1)  0.252
 182 E   0.90744 0.09256 ( 1)  0.207
 183 L   0.81003 0.18997 ( 1)  0.292
 184 T   0.85517 0.14483 ( 1)  0.253
 185 D   0.92139 0.07861 ( 1)  0.195
 186 L   0.81121 0.18879 ( 1)  0.291
 187 L   0.80502 0.19498 ( 1)  0.297
 188 K   0.12086 0.87914 ( 2)  0.894
 189 A   0.85865 0.14135 ( 1)  0.250
 190 R   0.86074 0.13926 ( 1)  0.248
 191 T   0.01111 0.98889 ( 2)  0.990
 192 S   0.77098 0.22902 ( 1)  0.326
 193 P   0.00866 0.99134 ( 2)  0.992
 194 D   0.12225 0.87775 ( 2)  0.893
 195 L   0.82206 0.17794 ( 1)  0.282
 196 D   0.54815 0.45185 ( 1)  0.521
 197 G   0.10536 0.89464 ( 2)  0.908
 198 V   0.08731 0.91269 ( 2)  0.924
 199 E   0.90744 0.09256 ( 1)  0.207
 200 D   0.92107 0.07893 ( 1)  0.195
 201 A   0.41594 0.58406 ( 2)  0.637
 202 A   0.42818 0.57182 ( 2)  0.626
 203 D   0.54612 0.45388 ( 1)  0.523
 204 S   0.00621 0.99379 ( 2)  0.995
 205 E   0.00159 0.99841 ( 2)  0.999
 206 S   0.86055 0.13945 ( 1)  0.248
 207 F   0.82878 0.17122 ( 1)  0.276
 208 F   0.84311 0.15689 ( 1)  0.263
 209 P   0.81770 0.18230 ( 1)  0.286
 210 D   0.55979 0.44021 ( 1)  0.511
 211 L   0.73881 0.26119 ( 1)  0.355
 212 V   0.89683 0.10317 ( 1)  0.216
 213 W   0.73563 0.26437 ( 1)  0.357
 214 T   0.85411 0.14589 ( 1)  0.254
 215 L   0.80838 0.19162 ( 1)  0.294
 216 R   0.86074 0.13926 ( 1)  0.248
 217 D   0.91936 0.08064 ( 1)  0.197
 218 F   0.83345 0.16655 ( 1)  0.272
 219 C   0.26509 0.73491 ( 2)  0.768
 220 L   0.74015 0.25985 ( 1)  0.353
 221 G   0.00945 0.99055 ( 2)  0.992
 222 L   0.80824 0.19176 ( 1)  0.294
 223 E   0.90744 0.09256 ( 1)  0.207
 224 K   0.15176 0.84824 ( 2)  0.867
 225 D   0.57481 0.42519 ( 1)  0.498
 226 G   0.89623 0.10377 ( 1)  0.217
 227 Q   0.38195 0.61805 ( 2)  0.666
 228 L   0.81634 0.18366 ( 1)  0.287
 229 I   0.43812 0.56188 ( 2)  0.617
 230 T   0.85517 0.14483 ( 1)  0.253
 231 A   0.41793 0.58207 ( 2)  0.635
 232 D   0.58979 0.41021 ( 1)  0.485
 233 A   0.51668 0.48332 ( 1)  0.549
 234 Y   0.83400 0.16600 ( 1)  0.271
 235 L   0.81121 0.18879 ( 1)  0.291
 236 E   0.62010 0.37990 ( 1)  0.458
 237 N   0.92070 0.07930 ( 1)  0.196
 238 S   0.76774 0.23226 ( 1)  0.329
 239 L   0.80636 0.19364 ( 1)  0.296
 240 R   0.52265 0.47735 ( 1)  0.543
 241 P   0.35316 0.64684 ( 2)  0.691
 242 K   0.93005 0.06995 ( 1)  0.187
 243 Q   0.36652 0.63348 ( 2)  0.680
 244 G   0.86084 0.13916 ( 1)  0.248
 245 S   0.45573 0.54427 ( 2)  0.602
 246 D   0.13336 0.86664 ( 2)  0.883
 247 Q   0.83280 0.16720 ( 1)  0.272
 248 R   0.41503 0.58497 ( 2)  0.637
 249 V   0.45331 0.54669 ( 2)  0.604
 250 Q   0.39232 0.60768 ( 2)  0.657
 251 N   0.59244 0.40756 ( 1)  0.482
 252 F   0.82878 0.17122 ( 1)  0.276
 253 N   0.59295 0.40705 ( 1)  0.482
 254 L   0.76739 0.23261 ( 1)  0.330
 255 P   0.79968 0.20032 ( 1)  0.301
 256 R   0.81957 0.18043 ( 1)  0.284
 257 L   0.79251 0.20749 ( 1)  0.308
 258 C   0.77986 0.22014 ( 1)  0.319
 259 I   0.92637 0.07363 ( 1)  0.191
 260 Q   0.85799 0.14201 ( 1)  0.250
 261 K   0.93005 0.06995 ( 1)  0.187
 262 F   0.82940 0.17060 ( 1)  0.275
 263 F   0.84225 0.15775 ( 1)  0.264
 264 P   0.81646 0.18354 ( 1)  0.287
 265 K   0.57559 0.42441 ( 1)  0.497
 266 K   0.93005 0.06995 ( 1)  0.187
 267 K   0.90703 0.09297 ( 1)  0.208
 268 C   0.76660 0.23340 ( 1)  0.330
 269 F   0.84401 0.15599 ( 1)  0.263
 270 I   0.86946 0.13054 ( 1)  0.240
 271 F   0.84401 0.15599 ( 1)  0.263
 272 D   0.91025 0.08975 ( 1)  0.205
 273 L   0.03399 0.96601 ( 2)  0.970
 274 P   0.81500 0.18500 ( 1)  0.288
 275 A   0.08520 0.91480 ( 2)  0.926
 276 H   0.09158 0.90842 ( 2)  0.920
 277 Q   0.36735 0.63265 ( 2)  0.679
 278 K   0.92686 0.07314 ( 1)  0.190
 279 K   0.92223 0.07777 ( 1)  0.194
 280 L   0.82206 0.17794 ( 1)  0.282
 281 A   0.84006 0.15994 ( 1)  0.266
 282 Q   0.08663 0.91337 ( 2)  0.924
 283 L   0.82206 0.17794 ( 1)  0.282
 284 E   0.91995 0.08005 ( 1)  0.196
 285 T   0.85517 0.14483 ( 1)  0.253
 286 L   0.81121 0.18879 ( 1)  0.291
 287 P   0.42214 0.57786 ( 2)  0.631
 288 D   0.92139 0.07861 ( 1)  0.195
 289 D   0.59022 0.40978 ( 1)  0.484
 290 E   0.92728 0.07272 ( 1)  0.190
 291 L   0.77906 0.22094 ( 1)  0.319
 292 E   0.60247 0.39753 ( 1)  0.474
 293 S   0.00642 0.99358 ( 2)  0.994
 294 E   0.90744 0.09256 ( 1)  0.207
 295 F   0.84401 0.15599 ( 1)  0.263
 296 V   0.07774 0.92226 ( 2)  0.932
 297 Q   0.83839 0.16161 ( 1)  0.268
 298 Q   0.83407 0.16593 ( 1)  0.271
 299 V   0.89683 0.10317 ( 1)  0.216
 300 A   0.08191 0.91809 ( 2)  0.928
 301 E   0.90744 0.09256 ( 1)  0.207
 302 F   0.82878 0.17122 ( 1)  0.276
 303 C   0.30179 0.69821 ( 2)  0.736
 304 S   0.77638 0.22362 ( 1)  0.322
 305 Y   0.83090 0.16910 ( 1)  0.274
 306 I   0.86946 0.13054 ( 1)  0.240
 307 F   0.83033 0.16967 ( 1)  0.275
 308 S   0.86689 0.13311 ( 1)  0.243
 309 H   0.09496 0.90504 ( 2)  0.917
 310 S   0.30851 0.69149 ( 2)  0.730
 311 M   0.95408 0.04592 ( 1)  0.166
 312 T   0.42572 0.57428 ( 2)  0.628
 313 K   0.92690 0.07310 ( 1)  0.190
 314 T   0.85444 0.14556 ( 1)  0.254
 315 L   0.82238 0.17762 ( 1)  0.282
 316 P   0.81648 0.18352 ( 1)  0.287
 317 G   0.43768 0.56232 ( 2)  0.618
 318 G   0.41541 0.58459 ( 2)  0.637
 319 I   0.87425 0.12575 ( 1)  0.236
 320 E   0.00283 0.99717 ( 2)  0.998
 321 V   0.84541 0.15459 ( 1)  0.261
 322 N   0.56325 0.43675 ( 1)  0.508
 323 G   0.86145 0.13855 ( 1)  0.247
 324 S   0.32343 0.67657 ( 2)  0.717
 325 R   0.35719 0.64281 ( 2)  0.688
 326 L   0.77996 0.22004 ( 1)  0.319
 327 K   0.93032 0.06968 ( 1)  0.187
 328 N   0.90954 0.09046 ( 1)  0.205
 329 L   0.80356 0.19644 ( 1)  0.298
 330 V   0.89714 0.10286 ( 1)  0.216
 331 L   0.08269 0.91731 ( 2)  0.928
 332 T   0.31596 0.68404 ( 2)  0.724
 333 Y   0.84867 0.15133 ( 1)  0.259
 334 V   0.84541 0.15459 ( 1)  0.261
 335 N   0.14965 0.85035 ( 2)  0.869
 336 G   0.39045 0.60955 ( 2)  0.659
 337 I   0.86979 0.13021 ( 1)  0.240
 338 S   0.37897 0.62103 ( 2)  0.669
 339 S   0.87374 0.12626 ( 1)  0.237
 340 G   0.24325 0.75675 ( 2)  0.787
 341 D   0.15375 0.84625 ( 2)  0.866
 342 L   0.81821 0.18179 ( 1)  0.285
 343 P   0.34271 0.65729 ( 2)  0.701
 344 C   0.06889 0.93111 ( 2)  0.940
 345 M   0.19871 0.80129 ( 2)  0.826
 346 E   0.93024 0.06976 ( 1)  0.187
 347 N   0.91067 0.08933 ( 1)  0.204
 348 T   0.08090 0.91910 ( 2)  0.929
 349 V   0.38693 0.61307 ( 2)  0.662
 350 L   0.81251 0.18749 ( 1)  0.290
 351 A   0.39457 0.60543 ( 2)  0.655
 352 L   0.76838 0.23162 ( 1)  0.329
 353 A   0.39941 0.60059 ( 2)  0.651
 354 Q   0.85293 0.14707 ( 1)  0.255
 355 I   0.00176 0.99824 ( 2)  0.998
 356 E   0.93024 0.06976 ( 1)  0.187
 357 N   0.91081 0.08919 ( 1)  0.204
 358 S   0.30128 0.69872 ( 2)  0.737
 359 A   0.85498 0.14502 ( 1)  0.253
 360 A   0.43423 0.56577 ( 2)  0.621
 361 V   0.89389 0.10611 ( 1)  0.219
 362 Q   0.83312 0.16688 ( 1)  0.272
 363 K   0.93032 0.06968 ( 1)  0.187
 364 A   0.84048 0.15952 ( 1)  0.266
 365 I   0.01444 0.98556 ( 2)  0.987
 366 A   0.84365 0.15635 ( 1)  0.263
 367 H   0.08699 0.91301 ( 2)  0.924
 368 Y   0.84102 0.15898 ( 1)  0.265
 369 D   0.54833 0.45167 ( 1)  0.521
 370 Q   0.07733 0.92267 ( 2)  0.932
 371 Q   0.42233 0.57767 ( 2)  0.631
 372 M   0.95408 0.04592 ( 1)  0.166
 373 G   0.41225 0.58775 ( 2)  0.640
 374 Q   0.85832 0.14168 ( 1)  0.250
 375 K   0.92710 0.07290 ( 1)  0.190
 376 V   0.50897 0.49103 ( 1)  0.555
 377 Q   0.85832 0.14168 ( 1)  0.250
 378 L   0.81152 0.18848 ( 1)  0.291
 379 P   0.80152 0.19848 ( 1)  0.300
 380 T   0.08634 0.91366 ( 2)  0.925
 381 E   0.91429 0.08571 ( 1)  0.201
 382 T   0.83925 0.16075 ( 1)  0.267
 383 L   0.35585 0.64415 ( 2)  0.689
 384 Q   0.41114 0.58886 ( 2)  0.641
 385 E   0.92756 0.07244 ( 1)  0.190
 386 L   0.81152 0.18848 ( 1)  0.291
 387 L   0.80855 0.19145 ( 1)  0.294
 388 D   0.10483 0.89517 ( 2)  0.908
 389 L   0.80276 0.19724 ( 1)  0.299
 390 H   0.87174 0.12826 ( 1)  0.238
 391 R   0.00044 0.99956 ( 2)  1.000
 392 A   0.01021 0.98979 ( 2)  0.991
 393 S   0.43380 0.56620 ( 2)  0.621
 394 E   0.89583 0.10417 ( 1)  0.217
 395 R   0.42457 0.57543 ( 2)  0.629
 396 E   0.48236 0.51764 ( 2)  0.579
 397 A   0.80273 0.19727 ( 1)  0.299
 398 I   0.84661 0.15339 ( 1)  0.260
 399 D   0.45987 0.54013 ( 2)  0.598
 400 V   0.06222 0.93778 ( 2)  0.946
 401 F   0.79293 0.20707 ( 1)  0.307
 402 I   0.12165 0.87835 ( 2)  0.894
 403 K   0.87061 0.12939 ( 1)  0.239
 404 N   0.87267 0.12733 ( 1)  0.238
 405 S   0.79129 0.20871 ( 1)  0.309
 406 F   0.82910 0.17090 ( 1)  0.276
 407 K   0.50494 0.49506 ( 1)  0.559
 408 D   0.88607 0.11393 ( 1)  0.226
 409 V   0.37736 0.62264 ( 2)  0.670
 410 D   0.87374 0.12626 ( 1)  0.237
 411 Q   0.79600 0.20400 ( 1)  0.305
 412 S   0.07770 0.92230 ( 2)  0.932
 413 F   0.79218 0.20782 ( 1)  0.308
 414 Q   0.82011 0.17989 ( 1)  0.284
 415 K   0.88051 0.11949 ( 1)  0.231
 416 E   0.87074 0.12926 ( 1)  0.239
 417 L   0.72452 0.27548 ( 1)  0.367
 418 E   0.47969 0.52031 ( 2)  0.581
 419 T   0.34097 0.65903 ( 2)  0.702
 420 L   0.74714 0.25286 ( 1)  0.347
 421 L   0.75107 0.24893 ( 1)  0.344
 422 D   0.88607 0.11393 ( 1)  0.226
 423 A   0.33565 0.66435 ( 2)  0.707
 424 K   0.89097 0.10903 ( 1)  0.222
 425 R   0.00810 0.99190 ( 2)  0.993
 426 N   0.08563 0.91437 ( 2)  0.925
 427 D   0.87375 0.12625 ( 1)  0.237
 428 I   0.84416 0.15584 ( 1)  0.263
 429 C   0.74767 0.25233 ( 1)  0.347
 430 K   0.87029 0.12971 ( 1)  0.240
 431 Q   0.00755 0.99245 ( 2)  0.993
 432 N   0.87267 0.12733 ( 1)  0.238
 433 L   0.00269 0.99731 ( 2)  0.998
 434 E   0.87306 0.12694 ( 1)  0.237
 435 A   0.82077 0.17923 ( 1)  0.283
 436 S   0.73985 0.26015 ( 1)  0.354
 437 S   0.04221 0.95779 ( 2)  0.963
 438 D   0.88607 0.11393 ( 1)  0.226
 439 R   0.05374 0.94626 ( 2)  0.953
 440 C   0.73609 0.26391 ( 1)  0.357
 441 S   0.00537 0.99463 ( 2)  0.995
 442 A   0.35256 0.64744 ( 2)  0.692
 443 L   0.71403 0.28597 ( 1)  0.376
 444 L   0.78602 0.21398 ( 1)  0.313
 445 K   0.07897 0.92103 ( 2)  0.931
 446 D   0.88607 0.11393 ( 1)  0.226
 447 I   0.38278 0.61722 ( 2)  0.666
 448 F   0.80656 0.19344 ( 1)  0.295
 449 G   0.35936 0.64064 ( 2)  0.686
 450 P   0.29760 0.70240 ( 2)  0.740
 451 V   0.27193 0.72807 ( 2)  0.762
 452 E   0.87074 0.12926 ( 1)  0.239
 453 E   0.87074 0.12926 ( 1)  0.239
 454 A   0.33351 0.66649 ( 2)  0.709
 455 V   0.85945 0.14055 ( 1)  0.249
 456 K   0.47347 0.52653 ( 2)  0.586
 457 Q   0.31382 0.68618 ( 2)  0.726
 458 G   0.83865 0.16135 ( 1)  0.267
 459 I   0.84661 0.15339 ( 1)  0.260
 460 Y   0.81099 0.18901 ( 1)  0.291
 461 S   0.28346 0.71654 ( 2)  0.752
 462 K   0.47778 0.52222 ( 2)  0.583
 463 P   0.78195 0.21805 ( 1)  0.317
 464 G   0.82554 0.17446 ( 1)  0.279
 465 G   0.80666 0.19334 ( 1)  0.295
 466 H   0.84621 0.15379 ( 1)  0.261
 467 N   0.08526 0.91474 ( 2)  0.926
 468 L   0.77066 0.22934 ( 1)  0.327
 469 F   0.31723 0.68277 ( 2)  0.723
 470 I   0.84661 0.15339 ( 1)  0.260
 471 Q   0.32781 0.67219 ( 2)  0.714
 472 K   0.88051 0.11949 ( 1)  0.231
 473 M   0.26112 0.73888 ( 2)  0.772
 474 E   0.87074 0.12926 ( 1)  0.239
 475 E   0.89086 0.10914 ( 1)  0.222
 476 L   0.77603 0.22397 ( 1)  0.322
 477 K   0.89594 0.10406 ( 1)  0.217
 478 A   0.35312 0.64688 ( 2)  0.692
 479 K   0.89594 0.10406 ( 1)  0.217
 480 Y   0.79421 0.20579 ( 1)  0.306
 481 Y   0.34728 0.65272 ( 2)  0.697
 482 Q   0.00810 0.99190 ( 2)  0.993
 483 E   0.89583 0.10417 ( 1)  0.217
 484 P   0.78102 0.21898 ( 1)  0.318
 485 R   0.84973 0.15027 ( 1)  0.258
 486 K   0.87029 0.12971 ( 1)  0.240
 487 G   0.81977 0.18023 ( 1)  0.284
 488 I   0.89173 0.10827 ( 1)  0.221
 489 Q   0.36518 0.63482 ( 2)  0.681
 490 A   0.81974 0.18026 ( 1)  0.284
 491 E   0.88063 0.11937 ( 1)  0.231
 492 E   0.42527 0.57473 ( 2)  0.628
 493 V   0.06392 0.93608 ( 2)  0.944
 494 L   0.76522 0.23478 ( 1)  0.331
 495 Q   0.32781 0.67219 ( 2)  0.714
 496 K   0.09262 0.90738 ( 2)  0.919
 497 Y   0.81099 0.18901 ( 1)  0.291
 498 L   0.71179 0.28821 ( 1)  0.378
 499 K   0.88444 0.11556 ( 1)  0.227
 500 S   0.74337 0.25663 ( 1)  0.351
 501 K   0.89594 0.10406 ( 1)  0.217
 502 K   0.47164 0.52836 ( 2)  0.588
 503 S   0.75617 0.24383 ( 1)  0.339
 504 V   0.41963 0.58037 ( 2)  0.633
 505 S   0.83529 0.16471 ( 1)  0.270
 506 D   0.07961 0.92039 ( 2)  0.930
 507 A   0.82060 0.17940 ( 1)  0.283
 508 I   0.43906 0.56094 ( 2)  0.616
 509 L   0.72806 0.27194 ( 1)  0.364
 510 Q   0.33175 0.66825 ( 2)  0.710
 511 A   0.33681 0.66319 ( 2)  0.706
 512 D   0.87373 0.12627 ( 1)  0.237
 513 Q   0.32781 0.67219 ( 2)  0.714
 514 A   0.81974 0.18026 ( 1)  0.284
 515 L   0.77038 0.22962 ( 1)  0.327
 516 T   0.82539 0.17461 ( 1)  0.279
 517 E   0.45372 0.54628 ( 2)  0.604
 518 K   0.11923 0.88077 ( 2)  0.896
 519 E   0.08321 0.91679 ( 2)  0.927
 520 K   0.88051 0.11949 ( 1)  0.231
 521 K   0.01274 0.98726 ( 2)  0.989
 522 M   0.58231 0.41769 ( 1)  0.491
 523 K   0.07607 0.92393 ( 2)  0.934
 524 E   0.52042 0.47958 ( 1)  0.545
 525 E   0.06970 0.93030 ( 2)  0.939
 526 Q   0.14136 0.85864 ( 2)  0.876
 527 V   0.41565 0.58435 ( 2)  0.637
 528 K   0.41674 0.58326 ( 2)  0.636
 529 A   0.81769 0.18231 ( 1)  0.286
 530 E   0.08405 0.91595 ( 2)  0.927
 531 A   0.81861 0.18139 ( 1)  0.285
 532 A   0.37204 0.62796 ( 2)  0.675
 533 K   0.01332 0.98668 ( 2)  0.988
 534 A   0.81861 0.18139 ( 1)  0.285
 535 N   0.07914 0.92086 ( 2)  0.931
 536 A   0.82397 0.17603 ( 1)  0.280
 537 R   0.01738 0.98262 ( 2)  0.985
 538 R   0.85294 0.14706 ( 1)  0.255
 539 L   0.73661 0.26339 ( 1)  0.356
 540 E   0.09140 0.90860 ( 2)  0.920
 541 E   0.00640 0.99360 ( 2)  0.994
 542 I   0.06826 0.93174 ( 2)  0.940
 543 Q   0.05388 0.94612 ( 2)  0.953
 544 R   0.40662 0.59338 ( 2)  0.645
 545 W   0.00011 0.99989 ( 2)  1.000
 546 N   0.45705 0.54295 ( 2)  0.601
 547 Q   0.36562 0.63438 ( 2)  0.681
 548 Q   0.03420 0.96580 ( 2)  0.970
 549 M   0.54933 0.45067 ( 1)  0.520
 550 M   0.92374 0.07626 ( 1)  0.193
 551 Q   0.39424 0.60576 ( 2)  0.656
 552 K   0.05271 0.94729 ( 2)  0.954
 553 R   0.40534 0.59466 ( 2)  0.646
 554 E   0.36096 0.63904 ( 2)  0.685
 555 R   0.82161 0.17839 ( 1)  0.282
 556 V   0.29762 0.70238 ( 2)  0.740
 557 H   0.39664 0.60336 ( 2)  0.653
 558 Q   0.81898 0.18102 ( 1)  0.285
 559 E   0.86957 0.13043 ( 1)  0.240
 560 Q   0.79494 0.20506 ( 1)  0.306
 561 V   0.85827 0.14173 ( 1)  0.250
 562 R   0.82161 0.17839 ( 1)  0.282
 563 Q   0.79494 0.20506 ( 1)  0.306
 564 M   0.92374 0.07626 ( 1)  0.193
 565 E   0.41582 0.58418 ( 2)  0.637
 566 R   0.08167 0.91833 ( 2)  0.929
 567 D   0.06453 0.93547 ( 2)  0.944
 568 K   0.00136 0.99864 ( 2)  0.999
 569 Q   0.35696 0.64304 ( 2)  0.688
 570 N   0.44404 0.55596 ( 2)  0.612
 571 W   0.23100 0.76900 ( 2)  0.798
 572 L   0.28793 0.71207 ( 2)  0.748
 573 A   0.81964 0.18036 ( 1)  0.284
 574 E   0.51630 0.48370 ( 1)  0.549
 575 L   0.30515 0.69485 ( 2)  0.733
 576 Q   0.06466 0.93534 ( 2)  0.944
 577 R   0.42154 0.57846 ( 2)  0.632
 578 T   0.12183 0.87817 ( 2)  0.894
 579 Q   0.06474 0.93526 ( 2)  0.943
 580 E   0.45583 0.54417 ( 2)  0.602
 581 Q   0.02576 0.97424 ( 2)  0.977
 582 R   0.00775 0.99225 ( 2)  0.993
 583 M   0.92374 0.07626 ( 1)  0.193
 584 -   0.58735 0.41265 ( 1)  0.487
 585 -   0.58735 0.41265 ( 1)  0.487
 586 Q   0.81898 0.18102 ( 1)  0.285
 587 -   0.58735 0.41265 ( 1)  0.487
 588 -   0.58735 0.41265 ( 1)  0.487
 589 -   0.58735 0.41265 ( 1)  0.487
 590 -   0.58735 0.41265 ( 1)  0.487
 591 -   0.58735 0.41265 ( 1)  0.487
 592 -   0.58735 0.41265 ( 1)  0.487
 593 -   0.58735 0.41265 ( 1)  0.487
 594 -   0.58735 0.41265 ( 1)  0.487
 595 -   0.58735 0.41265 ( 1)  0.487
 596 -   0.58735 0.41265 ( 1)  0.487
 597 -   0.58735 0.41265 ( 1)  0.487
 598 -   0.58735 0.41265 ( 1)  0.487
 599 -   0.58735 0.41265 ( 1)  0.487
 600 -   0.58735 0.41265 ( 1)  0.487
 601 -   0.58735 0.41265 ( 1)  0.487
 602 -   0.58735 0.41265 ( 1)  0.487
 603 E   0.08149 0.91851 ( 2)  0.929
 604 Q   0.01032 0.98968 ( 2)  0.991
 605 A   0.81821 0.18179 ( 1)  0.285
 606 A   0.06220 0.93780 ( 2)  0.946
 607 Q   0.00006 0.99994 ( 2)  1.000
 608 L   0.76966 0.23034 ( 1)  0.328
 609 R   0.00873 0.99127 ( 2)  0.992
 610 A   0.06136 0.93864 ( 2)  0.946
 611 T   0.05682 0.94318 ( 2)  0.950
 612 F   0.28926 0.71074 ( 2)  0.747
 613 E   0.42015 0.57985 ( 2)  0.633
 614 A   0.81861 0.18139 ( 1)  0.285
 615 E   0.42015 0.57985 ( 2)  0.633
 616 N   0.00128 0.99872 ( 2)  0.999
 617 R   0.82161 0.17839 ( 1)  0.282
 618 R   0.15462 0.84538 ( 2)  0.865
 619 L   0.78328 0.21672 ( 1)  0.316
 620 H   0.05930 0.94070 ( 2)  0.948
 621 H   0.08936 0.91064 ( 2)  0.922
 622 E   0.41582 0.58418 ( 2)  0.637
 623 L   0.31442 0.68558 ( 2)  0.725
 624 Q   0.81898 0.18102 ( 1)  0.285
 625 Y   0.00084 0.99916 ( 2)  0.999
 626 L   0.00633 0.99367 ( 2)  0.994
 627 Q   0.81898 0.18102 ( 1)  0.285
 628 R   0.00824 0.99176 ( 2)  0.993
 629 N   0.00906 0.99094 ( 2)  0.992
 630 V   0.06311 0.93689 ( 2)  0.945
 631 N   0.46976 0.53024 ( 2)  0.590
 632 N   0.00000 1.00000 ( 2)  1.000
 633 -   0.19676 0.80324 ( 2)  0.828
 634 D   0.01143 0.98857 ( 2)  0.990
 635 D   0.88492 0.11508 ( 1)  0.227
 636 P   0.78092 0.21908 ( 1)  0.318
 637 C   0.74677 0.25323 ( 1)  0.348
 638 V   0.34443 0.65557 ( 2)  0.699
 639 L   0.71106 0.28894 ( 1)  0.379
 640 L   0.76996 0.23004 ( 1)  0.327
 641 -   0.58735 0.41265 ( 1)  0.487
 642 -   0.58735 0.41265 ( 1)  0.487
 643 -   0.58735 0.41265 ( 1)  0.487
 644 -   0.58735 0.41265 ( 1)  0.487
 645 -   0.58735 0.41265 ( 1)  0.487
 646 -   0.58735 0.41265 ( 1)  0.487
 647 -   0.58735 0.41265 ( 1)  0.487
 648 -   0.58735 0.41265 ( 1)  0.487
 649 -   0.58735 0.41265 ( 1)  0.487
 650 -   0.58735 0.41265 ( 1)  0.487
 651 -   0.58735 0.41265 ( 1)  0.487
 652 -   0.58735 0.41265 ( 1)  0.487
 653 -   0.58735 0.41265 ( 1)  0.487
 654 -   0.58735 0.41265 ( 1)  0.487


lnL = -6516.420532

