Supplemental results for CODEML (seqf: algn  treef: tree)


dN/dS (w) for site classes (K=2)

p:   0.97464  0.02536
w:   0.01404  1.00000

Naive Empirical Bayes (NEB) probabilities for 2 classes & postmean_w
(amino acids refer to 1st sequence: aotNan_FOXP2_XM_012456997)

   1 M   0.98595 0.01405 ( 1)  0.028
   2 M   0.98603 0.01397 ( 1)  0.028
   3 Q   0.98366 0.01634 ( 1)  0.030
   4 E   0.98564 0.01436 ( 1)  0.028
   5 S   0.98181 0.01819 ( 1)  0.032
   6 A   0.44594 0.55406 ( 2)  0.560
   7 T   0.98368 0.01632 ( 1)  0.030
   8 E   0.98494 0.01506 ( 1)  0.029
   9 T   0.98368 0.01632 ( 1)  0.030
  10 I   0.98565 0.01435 ( 1)  0.028
  11 S   0.98177 0.01823 ( 1)  0.032
  12 N   0.98381 0.01619 ( 1)  0.030
  13 S   0.98324 0.01676 ( 1)  0.031
  14 S   0.98219 0.01781 ( 1)  0.032
  15 M   0.98609 0.01391 ( 1)  0.028
  16 N   0.98535 0.01465 ( 1)  0.028
  17 Q   0.98425 0.01575 ( 1)  0.030
  18 N   0.98535 0.01465 ( 1)  0.028
  19 G   0.98335 0.01665 ( 1)  0.030
  20 M   0.98609 0.01391 ( 1)  0.028
  21 S   0.98181 0.01819 ( 1)  0.032
  22 T   0.98246 0.01754 ( 1)  0.031
  23 L   0.98289 0.01711 ( 1)  0.031
  24 S   0.98181 0.01819 ( 1)  0.032
  25 S   0.98181 0.01819 ( 1)  0.032
  26 Q   0.98425 0.01575 ( 1)  0.030
  27 L   0.97888 0.02112 ( 1)  0.035
  28 D   0.98529 0.01471 ( 1)  0.029
  29 A   0.98238 0.01762 ( 1)  0.031
  30 G   0.98080 0.01920 ( 1)  0.033
  31 S   0.98181 0.01819 ( 1)  0.032
  32 R   0.98364 0.01636 ( 1)  0.030
  33 D   0.98529 0.01471 ( 1)  0.029
  34 G   0.98335 0.01665 ( 1)  0.030
  35 R   0.98364 0.01636 ( 1)  0.030
  36 S   0.98223 0.01777 ( 1)  0.032
  37 S   0.98329 0.01671 ( 1)  0.031
  38 G   0.98230 0.01770 ( 1)  0.031
  39 D   0.98378 0.01622 ( 1)  0.030
  40 T   0.98093 0.01907 ( 1)  0.033
  41 S   0.98181 0.01819 ( 1)  0.032
  42 S   0.98185 0.01815 ( 1)  0.032
  43 E   0.98569 0.01431 ( 1)  0.028
  44 V   0.98361 0.01639 ( 1)  0.030
  45 S   0.98181 0.01819 ( 1)  0.032
  46 T   0.98373 0.01627 ( 1)  0.030
  47 V   0.98353 0.01647 ( 1)  0.030
  48 E   0.98569 0.01431 ( 1)  0.028
  49 L   0.98222 0.01778 ( 1)  0.032
  50 L   0.98223 0.01777 ( 1)  0.032
  51 H   0.98557 0.01443 ( 1)  0.028
  52 L   0.98222 0.01778 ( 1)  0.032
  53 Q   0.98425 0.01575 ( 1)  0.030
  54 Q   0.98425 0.01575 ( 1)  0.030
  55 Q   0.98370 0.01630 ( 1)  0.030
  56 Q   0.98370 0.01630 ( 1)  0.030
  57 -   0.97464 0.02536 ( 1)  0.039
  58 -   0.97464 0.02536 ( 1)  0.039
  59 A   0.98238 0.01762 ( 1)  0.031
  60 L   0.98127 0.01873 ( 1)  0.033
  61 Q   0.98378 0.01622 ( 1)  0.030
  62 A   0.98362 0.01638 ( 1)  0.030
  63 A   0.98364 0.01636 ( 1)  0.030
  64 R   0.98364 0.01636 ( 1)  0.030
  65 Q   0.98425 0.01575 ( 1)  0.030
  66 L   0.98286 0.01714 ( 1)  0.031
  67 L   0.98286 0.01714 ( 1)  0.031
  68 L   0.97888 0.02112 ( 1)  0.035
  69 Q   0.98370 0.01630 ( 1)  0.030
  70 Q   0.98370 0.01630 ( 1)  0.030
  71 Q   0.98425 0.01575 ( 1)  0.030
  72 T   0.98373 0.01627 ( 1)  0.030
  73 S   0.98329 0.01671 ( 1)  0.031
  74 G   0.98335 0.01665 ( 1)  0.030
  75 L   0.97880 0.02120 ( 1)  0.035
  76 K   0.98570 0.01430 ( 1)  0.028
  77 S   0.98185 0.01815 ( 1)  0.032
  78 P   0.98285 0.01715 ( 1)  0.031
  79 K   0.98501 0.01499 ( 1)  0.029
  80 S   0.98181 0.01819 ( 1)  0.032
  81 S   0.98329 0.01671 ( 1)  0.031
  82 D   0.98529 0.01471 ( 1)  0.029
  83 K   0.98570 0.01430 ( 1)  0.028
  84 Q   0.98370 0.01630 ( 1)  0.030
  85 R   0.98364 0.01636 ( 1)  0.030
  86 P   0.98416 0.01584 ( 1)  0.030
  87 L   0.98222 0.01778 ( 1)  0.032
  88 Q   0.98370 0.01630 ( 1)  0.030
  89 -   0.97487 0.02513 ( 1)  0.039
  90 -   0.97471 0.02529 ( 1)  0.039
  91 -   0.97480 0.02520 ( 1)  0.039
  92 -   0.97483 0.02517 ( 1)  0.039
  93 -   0.97487 0.02513 ( 1)  0.039
  94 -   0.97482 0.02518 ( 1)  0.039
  95 -   0.97487 0.02513 ( 1)  0.039
  96 -   0.97471 0.02529 ( 1)  0.039
  97 -   0.97476 0.02524 ( 1)  0.039
  98 -   0.97477 0.02523 ( 1)  0.039
  99 -   0.97476 0.02524 ( 1)  0.039
 100 -   0.97475 0.02525 ( 1)  0.039
 101 -   0.97483 0.02517 ( 1)  0.039
 102 -   0.97477 0.02523 ( 1)  0.039
 103 -   0.97477 0.02523 ( 1)  0.039
 104 -   0.97478 0.02522 ( 1)  0.039
 105 -   0.97486 0.02514 ( 1)  0.039
 106 -   0.97479 0.02521 ( 1)  0.039
 107 -   0.97486 0.02514 ( 1)  0.039
 108 -   0.97479 0.02521 ( 1)  0.039
 109 -   0.97483 0.02517 ( 1)  0.039
 110 -   0.97482 0.02518 ( 1)  0.039
 111 -   0.97482 0.02518 ( 1)  0.039
 112 -   0.97479 0.02521 ( 1)  0.039
 113 -   0.97481 0.02519 ( 1)  0.039
 114 -   0.97464 0.02536 ( 1)  0.039
 115 -   0.97464 0.02536 ( 1)  0.039
 116 -   0.97464 0.02536 ( 1)  0.039
 117 -   0.97464 0.02536 ( 1)  0.039
 118 -   0.97464 0.02536 ( 1)  0.039
 119 -   0.97464 0.02536 ( 1)  0.039
 120 -   0.97464 0.02536 ( 1)  0.039
 121 -   0.97464 0.02536 ( 1)  0.039
 122 -   0.97464 0.02536 ( 1)  0.039
 123 -   0.97464 0.02536 ( 1)  0.039
 124 -   0.97464 0.02536 ( 1)  0.039
 125 -   0.97464 0.02536 ( 1)  0.039
 126 -   0.97464 0.02536 ( 1)  0.039
 127 -   0.97464 0.02536 ( 1)  0.039
 128 -   0.97464 0.02536 ( 1)  0.039
 129 -   0.97464 0.02536 ( 1)  0.039
 130 -   0.97464 0.02536 ( 1)  0.039
 131 -   0.97464 0.02536 ( 1)  0.039
 132 -   0.97464 0.02536 ( 1)  0.039
 133 -   0.97464 0.02536 ( 1)  0.039
 134 -   0.97464 0.02536 ( 1)  0.039
 135 -   0.97464 0.02536 ( 1)  0.039
 136 -   0.97464 0.02536 ( 1)  0.039
 137 -   0.97464 0.02536 ( 1)  0.039
 138 -   0.97464 0.02536 ( 1)  0.039
 139 -   0.97464 0.02536 ( 1)  0.039
 140 -   0.97464 0.02536 ( 1)  0.039
 141 -   0.97464 0.02536 ( 1)  0.039
 142 -   0.97464 0.02536 ( 1)  0.039
 143 -   0.97464 0.02536 ( 1)  0.039
 144 -   0.97464 0.02536 ( 1)  0.039
 145 -   0.97464 0.02536 ( 1)  0.039
 146 -   0.97464 0.02536 ( 1)  0.039
 147 -   0.97464 0.02536 ( 1)  0.039
 148 -   0.97464 0.02536 ( 1)  0.039
 149 -   0.97464 0.02536 ( 1)  0.039
 150 -   0.97464 0.02536 ( 1)  0.039
 151 -   0.97464 0.02536 ( 1)  0.039
 152 -   0.97464 0.02536 ( 1)  0.039
 153 -   0.97464 0.02536 ( 1)  0.039
 154 -   0.97464 0.02536 ( 1)  0.039
 155 -   0.97464 0.02536 ( 1)  0.039
 156 -   0.97464 0.02536 ( 1)  0.039
 157 -   0.97464 0.02536 ( 1)  0.039
 158 -   0.97464 0.02536 ( 1)  0.039
 159 -   0.97464 0.02536 ( 1)  0.039
 160 -   0.97464 0.02536 ( 1)  0.039
 161 -   0.97464 0.02536 ( 1)  0.039
 162 -   0.97464 0.02536 ( 1)  0.039
 163 -   0.97464 0.02536 ( 1)  0.039
 164 -   0.97491 0.02509 ( 1)  0.039
 165 -   0.97472 0.02528 ( 1)  0.039
 166 -   0.97482 0.02518 ( 1)  0.039
 167 -   0.97486 0.02514 ( 1)  0.039
 168 -   0.97491 0.02509 ( 1)  0.039
 169 -   0.97485 0.02515 ( 1)  0.039
 170 -   0.97491 0.02509 ( 1)  0.039
 171 -   0.97472 0.02528 ( 1)  0.039
 172 -   0.97478 0.02522 ( 1)  0.039
 173 -   0.97479 0.02521 ( 1)  0.039
 174 -   0.97478 0.02522 ( 1)  0.039
 175 -   0.97477 0.02523 ( 1)  0.039
 176 -   0.97486 0.02514 ( 1)  0.039
 177 -   0.97479 0.02521 ( 1)  0.039
 178 -   0.97479 0.02521 ( 1)  0.039
 179 -   0.97481 0.02519 ( 1)  0.039
 180 -   0.97489 0.02511 ( 1)  0.039
 181 -   0.97482 0.02518 ( 1)  0.039
 182 -   0.97490 0.02510 ( 1)  0.039
 183 -   0.97482 0.02518 ( 1)  0.039
 184 -   0.97486 0.02514 ( 1)  0.039
 185 -   0.97485 0.02515 ( 1)  0.039
 186 -   0.97485 0.02515 ( 1)  0.039
 187 -   0.97481 0.02519 ( 1)  0.039
 188 -   0.97484 0.02516 ( 1)  0.039
 189 -   0.97464 0.02536 ( 1)  0.039
 190 -   0.97464 0.02536 ( 1)  0.039
 191 -   0.97464 0.02536 ( 1)  0.039
 192 -   0.97464 0.02536 ( 1)  0.039
 193 -   0.97464 0.02536 ( 1)  0.039
 194 -   0.97464 0.02536 ( 1)  0.039
 195 -   0.97464 0.02536 ( 1)  0.039
 196 -   0.97464 0.02536 ( 1)  0.039
 197 -   0.97464 0.02536 ( 1)  0.039
 198 -   0.97464 0.02536 ( 1)  0.039
 199 -   0.97464 0.02536 ( 1)  0.039
 200 -   0.97464 0.02536 ( 1)  0.039
 201 -   0.97464 0.02536 ( 1)  0.039
 202 -   0.97464 0.02536 ( 1)  0.039
 203 -   0.97464 0.02536 ( 1)  0.039
 204 -   0.97464 0.02536 ( 1)  0.039
 205 -   0.97464 0.02536 ( 1)  0.039
 206 -   0.97464 0.02536 ( 1)  0.039
 207 -   0.97464 0.02536 ( 1)  0.039
 208 -   0.97464 0.02536 ( 1)  0.039
 209 -   0.97464 0.02536 ( 1)  0.039
 210 -   0.97464 0.02536 ( 1)  0.039
 211 -   0.97464 0.02536 ( 1)  0.039
 212 -   0.97464 0.02536 ( 1)  0.039
 213 -   0.97464 0.02536 ( 1)  0.039
 214 -   0.97464 0.02536 ( 1)  0.039
 215 -   0.97464 0.02536 ( 1)  0.039
 216 -   0.97464 0.02536 ( 1)  0.039
 217 -   0.97464 0.02536 ( 1)  0.039
 218 -   0.97464 0.02536 ( 1)  0.039
 219 -   0.97464 0.02536 ( 1)  0.039
 220 -   0.97464 0.02536 ( 1)  0.039
 221 -   0.97464 0.02536 ( 1)  0.039
 222 -   0.97464 0.02536 ( 1)  0.039
 223 -   0.97464 0.02536 ( 1)  0.039
 224 -   0.97464 0.02536 ( 1)  0.039
 225 -   0.97464 0.02536 ( 1)  0.039
 226 -   0.97464 0.02536 ( 1)  0.039
 227 -   0.97464 0.02536 ( 1)  0.039
 228 -   0.97464 0.02536 ( 1)  0.039
 229 -   0.97464 0.02536 ( 1)  0.039
 230 -   0.97464 0.02536 ( 1)  0.039
 231 -   0.97464 0.02536 ( 1)  0.039
 232 -   0.97464 0.02536 ( 1)  0.039
 233 -   0.97464 0.02536 ( 1)  0.039
 234 -   0.97464 0.02536 ( 1)  0.039
 235 -   0.97464 0.02536 ( 1)  0.039
 236 -   0.97464 0.02536 ( 1)  0.039
 237 -   0.97464 0.02536 ( 1)  0.039
 238 -   0.97464 0.02536 ( 1)  0.039
 239 -   0.98348 0.01652 ( 1)  0.030
 240 -   0.97783 0.02217 ( 1)  0.036
 241 -   0.98110 0.01890 ( 1)  0.033
 242 -   0.98218 0.01782 ( 1)  0.032
 243 -   0.98348 0.01652 ( 1)  0.030
 244 -   0.98182 0.01818 ( 1)  0.032
 245 -   0.98349 0.01651 ( 1)  0.030
 246 -   0.97790 0.02210 ( 1)  0.036
 247 -   0.97966 0.02034 ( 1)  0.034
 248 -   0.00948 0.99052 ( 2)  0.991
 249 -   0.97966 0.02034 ( 1)  0.034
 250 -   0.97942 0.02058 ( 1)  0.034
 251 -   0.98222 0.01778 ( 1)  0.032
 252 -   0.98027 0.01973 ( 1)  0.033
 253 -   0.98027 0.01973 ( 1)  0.033
 254 -   0.98064 0.01936 ( 1)  0.033
 255 -   0.98315 0.01685 ( 1)  0.031
 256 -   0.98108 0.01892 ( 1)  0.033
 257 -   0.98338 0.01662 ( 1)  0.030
 258 -   0.98109 0.01891 ( 1)  0.033
 259 -   0.98222 0.01778 ( 1)  0.032
 260 -   0.98193 0.01807 ( 1)  0.032
 261 -   0.98182 0.01818 ( 1)  0.032
 262 -   0.98079 0.01921 ( 1)  0.033
 263 -   0.98175 0.01825 ( 1)  0.032
 264 V   0.98289 0.01711 ( 1)  0.031
 265 P   0.98285 0.01715 ( 1)  0.031
 266 V   0.98289 0.01711 ( 1)  0.031
 267 S   0.98223 0.01777 ( 1)  0.032
 268 V   0.98289 0.01711 ( 1)  0.031
 269 A   0.98086 0.01914 ( 1)  0.033
 270 M   0.98841 0.01159 ( 1)  0.025
 271 M   0.98841 0.01159 ( 1)  0.025
 272 T   0.98432 0.01568 ( 1)  0.029
 273 P   0.98290 0.01710 ( 1)  0.031
 274 Q   0.98574 0.01426 ( 1)  0.028
 275 V   0.98482 0.01518 ( 1)  0.029
 276 I   0.98326 0.01674 ( 1)  0.031
 277 T   0.98251 0.01749 ( 1)  0.031
 278 P   0.98477 0.01523 ( 1)  0.029
 279 Q   0.98575 0.01425 ( 1)  0.028
 280 Q   0.98623 0.01377 ( 1)  0.028
 281 M   0.98841 0.01159 ( 1)  0.025
 282 Q   0.98575 0.01425 ( 1)  0.028
 283 Q   0.98574 0.01426 ( 1)  0.028
 284 I   0.98326 0.01674 ( 1)  0.031
 285 L   0.98478 0.01522 ( 1)  0.029
 286 Q   0.98574 0.01426 ( 1)  0.028
 287 Q   0.98623 0.01377 ( 1)  0.028
 288 Q   0.98636 0.01364 ( 1)  0.027
 289 V   0.98241 0.01759 ( 1)  0.031
 290 L   0.98403 0.01597 ( 1)  0.030
 291 S   0.98355 0.01645 ( 1)  0.030
 292 P   0.98477 0.01523 ( 1)  0.029
 293 Q   0.98574 0.01426 ( 1)  0.028
 294 Q   0.98575 0.01425 ( 1)  0.028
 295 L   0.98304 0.01696 ( 1)  0.031
 296 Q   0.98636 0.01364 ( 1)  0.027
 297 A   0.98243 0.01757 ( 1)  0.031
 298 L   0.98478 0.01522 ( 1)  0.029
 299 L   0.98295 0.01705 ( 1)  0.031
 300 Q   0.98612 0.01388 ( 1)  0.028
 301 Q   0.98588 0.01412 ( 1)  0.028
 302 Q   0.98574 0.01426 ( 1)  0.028
 303 Q   0.98574 0.01426 ( 1)  0.028
 304 A   0.98369 0.01631 ( 1)  0.030
 305 V   0.98241 0.01759 ( 1)  0.031
 306 M   0.98841 0.01159 ( 1)  0.025
 307 L   0.98403 0.01597 ( 1)  0.030
 308 Q   0.98575 0.01425 ( 1)  0.028
 309 Q   0.98575 0.01425 ( 1)  0.028
 310 D   0.97593 0.02407 ( 1)  0.038
 311 F   0.97553 0.02447 ( 1)  0.038
 312 L   0.97507 0.02493 ( 1)  0.039
 313 D   0.97593 0.02407 ( 1)  0.038
 314 S   0.97544 0.02456 ( 1)  0.038
 315 G   0.97564 0.02436 ( 1)  0.038
 316 L   0.97507 0.02493 ( 1)  0.039
 317 E   0.97599 0.02401 ( 1)  0.038
 318 N   0.97594 0.02406 ( 1)  0.038
 319 F   0.97535 0.02465 ( 1)  0.038
 320 R   0.97569 0.02431 ( 1)  0.038
 321 A   0.97551 0.02449 ( 1)  0.038
 322 A   0.97532 0.02468 ( 1)  0.038
 323 L   0.97507 0.02493 ( 1)  0.039
 324 E   0.97599 0.02401 ( 1)  0.038
 325 K   0.97600 0.02400 ( 1)  0.038
 326 N   0.97594 0.02406 ( 1)  0.038
 327 -   0.97464 0.02536 ( 1)  0.039
 328 -   0.97464 0.02536 ( 1)  0.039
 329 -   0.97464 0.02536 ( 1)  0.039
 330 -   0.97464 0.02536 ( 1)  0.039
 331 -   0.97464 0.02536 ( 1)  0.039
 332 -   0.97464 0.02536 ( 1)  0.039
 333 -   0.97464 0.02536 ( 1)  0.039
 334 -   0.97464 0.02536 ( 1)  0.039
 335 -   0.97464 0.02536 ( 1)  0.039
 336 -   0.97464 0.02536 ( 1)  0.039
 337 -   0.97464 0.02536 ( 1)  0.039
 338 -   0.97464 0.02536 ( 1)  0.039
 339 -   0.97464 0.02536 ( 1)  0.039
 340 -   0.97464 0.02536 ( 1)  0.039
 341 -   0.97464 0.02536 ( 1)  0.039
 342 -   0.97464 0.02536 ( 1)  0.039
 343 -   0.97464 0.02536 ( 1)  0.039
 344 -   0.97464 0.02536 ( 1)  0.039
 345 -   0.97464 0.02536 ( 1)  0.039
 346 -   0.97464 0.02536 ( 1)  0.039
 347 -   0.97464 0.02536 ( 1)  0.039
 348 -   0.97464 0.02536 ( 1)  0.039
 349 -   0.97464 0.02536 ( 1)  0.039
 350 -   0.97464 0.02536 ( 1)  0.039
 351 -   0.97464 0.02536 ( 1)  0.039
 352 -   0.97464 0.02536 ( 1)  0.039
 353 -   0.97464 0.02536 ( 1)  0.039
 354 -   0.97464 0.02536 ( 1)  0.039
 355 -   0.97464 0.02536 ( 1)  0.039
 356 -   0.97464 0.02536 ( 1)  0.039
 357 -   0.97464 0.02536 ( 1)  0.039
 358 -   0.97464 0.02536 ( 1)  0.039
 359 -   0.97464 0.02536 ( 1)  0.039
 360 -   0.97464 0.02536 ( 1)  0.039
 361 -   0.97464 0.02536 ( 1)  0.039
 362 -   0.97464 0.02536 ( 1)  0.039
 363 -   0.97464 0.02536 ( 1)  0.039
 364 -   0.97464 0.02536 ( 1)  0.039
 365 -   0.97464 0.02536 ( 1)  0.039
 366 -   0.97464 0.02536 ( 1)  0.039
 367 -   0.97464 0.02536 ( 1)  0.039
 368 -   0.97464 0.02536 ( 1)  0.039
 369 -   0.97464 0.02536 ( 1)  0.039
 370 -   0.97464 0.02536 ( 1)  0.039
 371 -   0.97464 0.02536 ( 1)  0.039
 372 -   0.97464 0.02536 ( 1)  0.039
 373 -   0.97464 0.02536 ( 1)  0.039
 374 -   0.97464 0.02536 ( 1)  0.039
 375 -   0.97464 0.02536 ( 1)  0.039
 376 -   0.97464 0.02536 ( 1)  0.039
 377 -   0.97464 0.02536 ( 1)  0.039
 378 -   0.97464 0.02536 ( 1)  0.039
 379 -   0.97464 0.02536 ( 1)  0.039
 380 -   0.97464 0.02536 ( 1)  0.039
 381 -   0.97464 0.02536 ( 1)  0.039
 382 -   0.97464 0.02536 ( 1)  0.039
 383 -   0.97464 0.02536 ( 1)  0.039
 384 -   0.97464 0.02536 ( 1)  0.039
 385 -   0.97464 0.02536 ( 1)  0.039
 386 -   0.97464 0.02536 ( 1)  0.039
 387 -   0.97464 0.02536 ( 1)  0.039
 388 -   0.97464 0.02536 ( 1)  0.039
 389 -   0.97464 0.02536 ( 1)  0.039
 390 -   0.97464 0.02536 ( 1)  0.039
 391 -   0.97464 0.02536 ( 1)  0.039
 392 -   0.97464 0.02536 ( 1)  0.039
 393 -   0.97464 0.02536 ( 1)  0.039
 394 -   0.97464 0.02536 ( 1)  0.039
 395 -   0.97464 0.02536 ( 1)  0.039
 396 -   0.97464 0.02536 ( 1)  0.039
 397 -   0.97464 0.02536 ( 1)  0.039
 398 -   0.97464 0.02536 ( 1)  0.039
 399 -   0.97464 0.02536 ( 1)  0.039
 400 -   0.97464 0.02536 ( 1)  0.039
 401 -   0.97464 0.02536 ( 1)  0.039
 402 -   0.97464 0.02536 ( 1)  0.039
 403 -   0.97464 0.02536 ( 1)  0.039
 404 -   0.97464 0.02536 ( 1)  0.039
 405 -   0.97464 0.02536 ( 1)  0.039
 406 -   0.97464 0.02536 ( 1)  0.039
 407 -   0.97473 0.02527 ( 1)  0.039
 408 -   0.97470 0.02530 ( 1)  0.039
 409 -   0.97467 0.02533 ( 1)  0.039
 410 -   0.97473 0.02527 ( 1)  0.039
 411 -   0.97469 0.02531 ( 1)  0.039
 412 -   0.97471 0.02529 ( 1)  0.039
 413 -   0.97467 0.02533 ( 1)  0.039
 414 -   0.97473 0.02527 ( 1)  0.039
 415 -   0.97473 0.02527 ( 1)  0.039
 416 -   0.97469 0.02531 ( 1)  0.039
 417 -   0.97471 0.02529 ( 1)  0.039
 418 -   0.97470 0.02530 ( 1)  0.039
 419 -   0.97468 0.02532 ( 1)  0.039
 420 -   0.97467 0.02533 ( 1)  0.039
 421 -   0.97473 0.02527 ( 1)  0.039
 422 -   0.97473 0.02527 ( 1)  0.039
 423 -   0.97473 0.02527 ( 1)  0.039
 424 -   0.97464 0.02536 ( 1)  0.039
 425 -   0.97464 0.02536 ( 1)  0.039
 426 -   0.97464 0.02536 ( 1)  0.039
 427 -   0.97464 0.02536 ( 1)  0.039
 428 -   0.97464 0.02536 ( 1)  0.039
 429 -   0.97464 0.02536 ( 1)  0.039
 430 -   0.97464 0.02536 ( 1)  0.039
 431 -   0.97464 0.02536 ( 1)  0.039
 432 -   0.97464 0.02536 ( 1)  0.039
 433 -   0.97464 0.02536 ( 1)  0.039
 434 -   0.97464 0.02536 ( 1)  0.039
 435 -   0.97464 0.02536 ( 1)  0.039
 436 -   0.97464 0.02536 ( 1)  0.039
 437 -   0.97464 0.02536 ( 1)  0.039
 438 -   0.97464 0.02536 ( 1)  0.039
 439 -   0.97464 0.02536 ( 1)  0.039
 440 -   0.97464 0.02536 ( 1)  0.039
 441 -   0.97464 0.02536 ( 1)  0.039
 442 -   0.97464 0.02536 ( 1)  0.039
 443 -   0.97464 0.02536 ( 1)  0.039
 444 -   0.97464 0.02536 ( 1)  0.039
 445 -   0.97464 0.02536 ( 1)  0.039
 446 -   0.97464 0.02536 ( 1)  0.039
 447 -   0.97464 0.02536 ( 1)  0.039
 448 -   0.97464 0.02536 ( 1)  0.039
 449 -   0.97464 0.02536 ( 1)  0.039
 450 -   0.97464 0.02536 ( 1)  0.039
 451 -   0.97464 0.02536 ( 1)  0.039
 452 -   0.97464 0.02536 ( 1)  0.039
 453 -   0.97464 0.02536 ( 1)  0.039
 454 -   0.97464 0.02536 ( 1)  0.039
 455 -   0.97464 0.02536 ( 1)  0.039
 456 -   0.97464 0.02536 ( 1)  0.039
 457 -   0.97464 0.02536 ( 1)  0.039
 458 -   0.97464 0.02536 ( 1)  0.039
 459 -   0.97464 0.02536 ( 1)  0.039
 460 -   0.97464 0.02536 ( 1)  0.039
 461 -   0.97464 0.02536 ( 1)  0.039
 462 -   0.97464 0.02536 ( 1)  0.039
 463 -   0.97464 0.02536 ( 1)  0.039
 464 -   0.97464 0.02536 ( 1)  0.039
 465 -   0.97464 0.02536 ( 1)  0.039
 466 -   0.97464 0.02536 ( 1)  0.039
 467 -   0.97464 0.02536 ( 1)  0.039
 468 -   0.97464 0.02536 ( 1)  0.039
 469 -   0.97464 0.02536 ( 1)  0.039
 470 -   0.97464 0.02536 ( 1)  0.039
 471 -   0.97464 0.02536 ( 1)  0.039
 472 -   0.97464 0.02536 ( 1)  0.039
 473 -   0.97464 0.02536 ( 1)  0.039
 474 -   0.97464 0.02536 ( 1)  0.039
 475 -   0.97464 0.02536 ( 1)  0.039
 476 -   0.97464 0.02536 ( 1)  0.039
 477 -   0.97464 0.02536 ( 1)  0.039
 478 -   0.97464 0.02536 ( 1)  0.039
 479 -   0.97464 0.02536 ( 1)  0.039
 480 -   0.97464 0.02536 ( 1)  0.039
 481 -   0.97464 0.02536 ( 1)  0.039
 482 -   0.97464 0.02536 ( 1)  0.039
 483 -   0.97464 0.02536 ( 1)  0.039
 484 -   0.97464 0.02536 ( 1)  0.039
 485 -   0.97464 0.02536 ( 1)  0.039
 486 -   0.97464 0.02536 ( 1)  0.039
 487 -   0.97464 0.02536 ( 1)  0.039
 488 -   0.97464 0.02536 ( 1)  0.039
 489 -   0.97464 0.02536 ( 1)  0.039
 490 -   0.97464 0.02536 ( 1)  0.039
 491 -   0.97464 0.02536 ( 1)  0.039
 492 -   0.97464 0.02536 ( 1)  0.039
 493 -   0.97464 0.02536 ( 1)  0.039
 494 -   0.97464 0.02536 ( 1)  0.039
 495 -   0.97464 0.02536 ( 1)  0.039
 496 -   0.97464 0.02536 ( 1)  0.039
 497 -   0.97464 0.02536 ( 1)  0.039
 498 -   0.97464 0.02536 ( 1)  0.039
 499 -   0.97464 0.02536 ( 1)  0.039
 500 -   0.97464 0.02536 ( 1)  0.039
 501 -   0.97464 0.02536 ( 1)  0.039
 502 -   0.97464 0.02536 ( 1)  0.039
 503 -   0.97464 0.02536 ( 1)  0.039
 504 -   0.97464 0.02536 ( 1)  0.039
 505 -   0.97464 0.02536 ( 1)  0.039
 506 -   0.97464 0.02536 ( 1)  0.039
 507 -   0.97464 0.02536 ( 1)  0.039
 508 -   0.97464 0.02536 ( 1)  0.039
 509 Q   0.98636 0.01364 ( 1)  0.027
 510 Q   0.98636 0.01364 ( 1)  0.027
 511 L   0.98481 0.01519 ( 1)  0.029
 512 Q   0.98636 0.01364 ( 1)  0.027
 513 E   0.98720 0.01280 ( 1)  0.027
 514 F   0.98435 0.01565 ( 1)  0.029
 515 Y   0.98394 0.01606 ( 1)  0.030
 516 K   0.98707 0.01293 ( 1)  0.027
 517 K   0.98770 0.01230 ( 1)  0.026
 518 Q   0.98549 0.01451 ( 1)  0.028
 519 Q   0.98610 0.01390 ( 1)  0.028
 520 E   0.98720 0.01280 ( 1)  0.027
 521 Q   0.98575 0.01425 ( 1)  0.028
 522 L   0.98002 0.01998 ( 1)  0.034
 523 H   0.98784 0.01216 ( 1)  0.026
 524 L   0.98478 0.01522 ( 1)  0.029
 525 Q   0.98575 0.01425 ( 1)  0.028
 526 L   0.98478 0.01522 ( 1)  0.029
 527 L   0.97993 0.02007 ( 1)  0.034
 528 Q   0.98575 0.01425 ( 1)  0.028
 529 Q   0.98575 0.01425 ( 1)  0.028
 530 Q   0.98575 0.01425 ( 1)  0.028
 531 -   0.97572 0.02428 ( 1)  0.038
 532 -   0.97464 0.02536 ( 1)  0.039
 533 -   0.97464 0.02536 ( 1)  0.039
 534 -   0.97464 0.02536 ( 1)  0.039
 535 -   0.97464 0.02536 ( 1)  0.039
 536 -   0.97464 0.02536 ( 1)  0.039
 537 -   0.97464 0.02536 ( 1)  0.039
 538 -   0.97464 0.02536 ( 1)  0.039
 539 -   0.97464 0.02536 ( 1)  0.039
 540 Q   0.98636 0.01364 ( 1)  0.027
 541 Q   0.98575 0.01425 ( 1)  0.028
 542 -   0.97464 0.02536 ( 1)  0.039
 543 -   0.97464 0.02536 ( 1)  0.039
 544 -   0.97464 0.02536 ( 1)  0.039
 545 -   0.97464 0.02536 ( 1)  0.039
 546 -   0.97464 0.02536 ( 1)  0.039
 547 -   0.97464 0.02536 ( 1)  0.039
 548 -   0.97464 0.02536 ( 1)  0.039
 549 -   0.97464 0.02536 ( 1)  0.039
 550 -   0.97464 0.02536 ( 1)  0.039
 551 Q   0.98575 0.01425 ( 1)  0.028
 552 Q   0.98575 0.01425 ( 1)  0.028
 553 Q   0.98575 0.01425 ( 1)  0.028
 554 Q   0.98631 0.01369 ( 1)  0.028
 555 Q   0.98606 0.01394 ( 1)  0.028
 556 Q   0.98570 0.01430 ( 1)  0.028
 557 Q   0.49202 0.50798 ( 2)  0.515
 558 Q   0.98606 0.01394 ( 1)  0.028
 559 Q   0.98616 0.01384 ( 1)  0.028
 560 Q   0.98570 0.01430 ( 1)  0.028
 561 Q   0.98570 0.01430 ( 1)  0.028
 562 Q   0.98570 0.01430 ( 1)  0.028
 563 Q   0.98583 0.01417 ( 1)  0.028
 564 -   0.97509 0.02491 ( 1)  0.039
 565 Q   0.98604 0.01396 ( 1)  0.028
 566 Q   0.98551 0.01449 ( 1)  0.028
 567 -   0.97464 0.02536 ( 1)  0.039
 568 -   0.97464 0.02536 ( 1)  0.039
 569 -   0.97464 0.02536 ( 1)  0.039
 570 -   0.97464 0.02536 ( 1)  0.039
 571 -   0.97464 0.02536 ( 1)  0.039
 572 Q   0.98234 0.01766 ( 1)  0.031
 573 Q   0.98206 0.01794 ( 1)  0.032
 574 Q   0.98571 0.01429 ( 1)  0.028
 575 Q   0.98570 0.01430 ( 1)  0.028
 576 -   0.97492 0.02508 ( 1)  0.039
 577 -   0.98532 0.01468 ( 1)  0.029
 578 Q   0.98604 0.01396 ( 1)  0.028
 579 Q   0.98570 0.01430 ( 1)  0.028
 580 Q   0.97464 0.02536 ( 1)  0.039
 581 Q   0.97464 0.02536 ( 1)  0.039
 582 Q   0.97464 0.02536 ( 1)  0.039
 583 Q   0.98570 0.01430 ( 1)  0.028
 584 Q   0.98570 0.01430 ( 1)  0.028
 585 Q   0.98570 0.01430 ( 1)  0.028
 586 Q   0.98570 0.01430 ( 1)  0.028
 587 Q   0.98616 0.01384 ( 1)  0.028
 588 Q   0.98570 0.01430 ( 1)  0.028
 589 Q   0.98570 0.01430 ( 1)  0.028
 590 Q   0.98570 0.01430 ( 1)  0.028
 591 Q   0.98570 0.01430 ( 1)  0.028
 592 -   0.97464 0.02536 ( 1)  0.039
 593 Q   0.98570 0.01430 ( 1)  0.028
 594 Q   0.98607 0.01393 ( 1)  0.028
 595 Q   0.98570 0.01430 ( 1)  0.028
 596 H   0.98778 0.01222 ( 1)  0.026
 597 P   0.98472 0.01528 ( 1)  0.029
 598 G   0.98527 0.01473 ( 1)  0.029
 599 K   0.98717 0.01283 ( 1)  0.027
 600 Q   0.98631 0.01369 ( 1)  0.028
 601 A   0.00017 0.99983 ( 2)  1.000
 602 K   0.51797 0.48203 ( 1)  0.489
 603 E   0.50890 0.49110 ( 1)  0.498
 604 Q   0.98566 0.01434 ( 1)  0.028
 605 Q   0.98570 0.01430 ( 1)  0.028
 606 Q   0.98570 0.01430 ( 1)  0.028
 607 Q   0.98570 0.01430 ( 1)  0.028
 608 Q   0.98570 0.01430 ( 1)  0.028
 609 Q   0.98579 0.01421 ( 1)  0.028
 610 Q   0.98574 0.01426 ( 1)  0.028
 611 Q   0.98404 0.01596 ( 1)  0.030
 612 Q   0.98570 0.01430 ( 1)  0.028
 613 Q   0.98577 0.01423 ( 1)  0.028
 614 L   0.97990 0.02010 ( 1)  0.034
 615 A   0.98563 0.01437 ( 1)  0.028
 616 A   0.98240 0.01760 ( 1)  0.031
 617 Q   0.98570 0.01430 ( 1)  0.028
 618 Q   0.98570 0.01430 ( 1)  0.028
 619 L   0.98474 0.01526 ( 1)  0.029
 620 V   0.98237 0.01763 ( 1)  0.031
 621 F   0.98270 0.01730 ( 1)  0.031
 622 Q   0.98570 0.01430 ( 1)  0.028
 623 Q   0.98570 0.01430 ( 1)  0.028
 624 Q   0.98570 0.01430 ( 1)  0.028
 625 L   0.98478 0.01522 ( 1)  0.029
 626 L   0.98292 0.01708 ( 1)  0.031
 627 Q   0.49268 0.50732 ( 2)  0.514
 628 M   0.98841 0.01159 ( 1)  0.025
 629 Q   0.98633 0.01367 ( 1)  0.028
 630 Q   0.98636 0.01364 ( 1)  0.027
 631 L   0.98292 0.01708 ( 1)  0.031
 632 Q   0.98575 0.01425 ( 1)  0.028
 633 Q   0.98575 0.01425 ( 1)  0.028
 634 Q   0.98575 0.01425 ( 1)  0.028
 635 Q   0.98575 0.01425 ( 1)  0.028
 636 H   0.98784 0.01216 ( 1)  0.026
 637 L   0.98403 0.01597 ( 1)  0.030
 638 L   0.98304 0.01696 ( 1)  0.031
 639 S   0.98369 0.01631 ( 1)  0.030
 640 L   0.98478 0.01522 ( 1)  0.029
 641 Q   0.98575 0.01425 ( 1)  0.028
 642 R   0.98574 0.01426 ( 1)  0.028
 643 Q   0.98575 0.01425 ( 1)  0.028
 644 G   0.98535 0.01465 ( 1)  0.028
 645 L   0.98292 0.01708 ( 1)  0.031
 646 I   0.98326 0.01674 ( 1)  0.031
 647 S   0.98190 0.01810 ( 1)  0.032
 648 I   0.98498 0.01502 ( 1)  0.029
 649 P   0.98626 0.01374 ( 1)  0.028
 650 P   0.98477 0.01523 ( 1)  0.029
 651 G   0.98236 0.01764 ( 1)  0.031
 652 Q   0.98584 0.01416 ( 1)  0.028
 653 A   0.98504 0.01496 ( 1)  0.029
 654 A   0.98563 0.01437 ( 1)  0.028
 655 L   0.98478 0.01522 ( 1)  0.029
 656 P   0.98477 0.01523 ( 1)  0.029
 657 V   0.98241 0.01759 ( 1)  0.031
 658 Q   0.98636 0.01364 ( 1)  0.027
 659 S   0.98360 0.01640 ( 1)  0.030
 660 L   0.98403 0.01597 ( 1)  0.030
 661 P   0.98477 0.01523 ( 1)  0.029
 662 Q   0.98636 0.01364 ( 1)  0.027
 663 A   0.98419 0.01581 ( 1)  0.030
 664 G   0.98232 0.01768 ( 1)  0.031
 665 L   0.98000 0.02000 ( 1)  0.034
 666 S   0.98523 0.01477 ( 1)  0.029
 667 -   0.97464 0.02536 ( 1)  0.039
 668 -   0.97464 0.02536 ( 1)  0.039
 669 -   0.97464 0.02536 ( 1)  0.039
 670 -   0.97464 0.02536 ( 1)  0.039
 671 -   0.97464 0.02536 ( 1)  0.039
 672 P   0.98477 0.01523 ( 1)  0.029
 673 A   0.98423 0.01577 ( 1)  0.030
 674 E   0.98720 0.01280 ( 1)  0.027
 675 I   0.98498 0.01502 ( 1)  0.029
 676 Q   0.98575 0.01425 ( 1)  0.028
 677 Q   0.98575 0.01425 ( 1)  0.028
 678 L   0.98002 0.01998 ( 1)  0.034
 679 W   0.98062 0.01938 ( 1)  0.033
 680 K   0.98798 0.01202 ( 1)  0.026
 681 E   0.98797 0.01203 ( 1)  0.026
 682 V   0.98482 0.01518 ( 1)  0.029
 683 T   0.98432 0.01568 ( 1)  0.029
 684 G   0.98535 0.01465 ( 1)  0.028
 685 V   0.98420 0.01580 ( 1)  0.030
 686 H   0.98633 0.01367 ( 1)  0.028
 687 S   0.98528 0.01472 ( 1)  0.029
 688 M   0.98841 0.01159 ( 1)  0.025
 689 E   0.98797 0.01203 ( 1)  0.026
 690 D   0.98584 0.01416 ( 1)  0.028
 691 N   0.98759 0.01241 ( 1)  0.026
 692 G   0.98236 0.01764 ( 1)  0.031
 693 I   0.98498 0.01502 ( 1)  0.029
 694 K   0.98798 0.01202 ( 1)  0.026
 695 H   0.98784 0.01216 ( 1)  0.026
 696 G   0.98535 0.01465 ( 1)  0.028
 697 G   0.98476 0.01524 ( 1)  0.029
 698 L   0.98454 0.01546 ( 1)  0.029
 699 D   0.98584 0.01416 ( 1)  0.028
 700 L   0.98292 0.01708 ( 1)  0.031
 701 T   0.98432 0.01568 ( 1)  0.029
 702 T   0.98432 0.01568 ( 1)  0.029
 703 N   0.98593 0.01407 ( 1)  0.028
 704 N   0.98759 0.01241 ( 1)  0.026
 705 S   0.98190 0.01810 ( 1)  0.032
 706 S   0.98190 0.01810 ( 1)  0.032
 707 S   0.98355 0.01645 ( 1)  0.030
 708 T   0.98432 0.01568 ( 1)  0.029
 709 T   0.98251 0.01749 ( 1)  0.031
 710 S   0.98190 0.01810 ( 1)  0.032
 711 S   0.98190 0.01810 ( 1)  0.032
 712 T   0.44207 0.55793 ( 2)  0.564
 713 T   0.98432 0.01568 ( 1)  0.029
 714 S   0.98190 0.01810 ( 1)  0.032
 715 K   0.98798 0.01202 ( 1)  0.026
 716 A   0.98565 0.01435 ( 1)  0.028
 717 S   0.98405 0.01595 ( 1)  0.030
 718 P   0.98626 0.01374 ( 1)  0.028
 719 P   0.98626 0.01374 ( 1)  0.028
 720 I   0.98727 0.01273 ( 1)  0.027
 721 T   0.98432 0.01568 ( 1)  0.029
 722 H   0.98784 0.01216 ( 1)  0.026
 723 H   0.98784 0.01216 ( 1)  0.026
 724 S   0.98190 0.01810 ( 1)  0.032
 725 I   0.98782 0.01218 ( 1)  0.026
 726 V   0.98482 0.01518 ( 1)  0.029
 727 N   0.98759 0.01241 ( 1)  0.026
 728 G   0.98535 0.01465 ( 1)  0.028
 729 Q   0.98575 0.01425 ( 1)  0.028
 730 S   0.98361 0.01639 ( 1)  0.030
 731 S   0.98405 0.01595 ( 1)  0.030
 732 V   0.98420 0.01580 ( 1)  0.030
 733 L   0.98211 0.01789 ( 1)  0.032
 734 N   0.52549 0.47451 ( 1)  0.482
 735 A   0.98568 0.01432 ( 1)  0.028
 736 R   0.98530 0.01470 ( 1)  0.029
 737 R   0.98607 0.01393 ( 1)  0.028
 738 D   0.98584 0.01416 ( 1)  0.028
 739 S   0.98356 0.01644 ( 1)  0.030
 740 S   0.98360 0.01640 ( 1)  0.030
 741 S   0.98405 0.01595 ( 1)  0.030
 742 H   0.98784 0.01216 ( 1)  0.026
 743 E   0.98721 0.01279 ( 1)  0.027
 744 E   0.98720 0.01280 ( 1)  0.027
 745 T   0.98412 0.01588 ( 1)  0.030
 746 G   0.98476 0.01524 ( 1)  0.029
 747 A   0.98243 0.01757 ( 1)  0.031
 748 S   0.98361 0.01639 ( 1)  0.030
 749 H   0.98633 0.01367 ( 1)  0.028
 750 T   0.98434 0.01566 ( 1)  0.029
 751 L   0.98292 0.01708 ( 1)  0.031
 752 Y   0.98596 0.01404 ( 1)  0.028
 753 G   0.98236 0.01764 ( 1)  0.031
 754 H   0.98784 0.01216 ( 1)  0.026
 755 G   0.98535 0.01465 ( 1)  0.028
 756 V   0.98420 0.01580 ( 1)  0.030
 757 C   0.98120 0.01880 ( 1)  0.033
 758 K   0.98798 0.01202 ( 1)  0.026
 759 W   0.98062 0.01938 ( 1)  0.033
 760 P   0.98626 0.01374 ( 1)  0.028
 761 G   0.98236 0.01764 ( 1)  0.031
 762 C   0.98271 0.01729 ( 1)  0.031
 763 E   0.98797 0.01203 ( 1)  0.026
 764 S   0.98356 0.01644 ( 1)  0.030
 765 I   0.98498 0.01502 ( 1)  0.029
 766 C   0.98271 0.01729 ( 1)  0.031
 767 E   0.98797 0.01203 ( 1)  0.026
 768 D   0.98753 0.01247 ( 1)  0.026
 769 F   0.98435 0.01565 ( 1)  0.029
 770 G   0.98535 0.01465 ( 1)  0.028
 771 Q   0.98575 0.01425 ( 1)  0.028
 772 F   0.98435 0.01565 ( 1)  0.029
 773 L   0.98002 0.01998 ( 1)  0.034
 774 K   0.98722 0.01278 ( 1)  0.027
 775 H   0.98633 0.01367 ( 1)  0.028
 776 L   0.98479 0.01521 ( 1)  0.029
 777 N   0.98608 0.01392 ( 1)  0.028
 778 N   0.98755 0.01245 ( 1)  0.026
 779 E   0.98784 0.01216 ( 1)  0.026
 780 H   0.98653 0.01347 ( 1)  0.027
 781 A   0.98566 0.01434 ( 1)  0.028
 782 L   0.97993 0.02007 ( 1)  0.034
 783 D   0.98729 0.01271 ( 1)  0.027
 784 D   0.98584 0.01416 ( 1)  0.028
 785 R   0.98607 0.01393 ( 1)  0.028
 786 S   0.98356 0.01644 ( 1)  0.030
 787 T   0.98319 0.01681 ( 1)  0.031
 788 A   0.98361 0.01639 ( 1)  0.030
 789 Q   0.98575 0.01425 ( 1)  0.028
 790 C   0.98271 0.01729 ( 1)  0.031
 791 R   0.98607 0.01393 ( 1)  0.028
 792 V   0.98482 0.01518 ( 1)  0.029
 793 Q   0.98629 0.01371 ( 1)  0.028
 794 M   0.98841 0.01159 ( 1)  0.025
 795 Q   0.98575 0.01425 ( 1)  0.028
 796 V   0.98482 0.01518 ( 1)  0.029
 797 V   0.98482 0.01518 ( 1)  0.029
 798 Q   0.98636 0.01364 ( 1)  0.027
 799 Q   0.98584 0.01416 ( 1)  0.028
 800 L   0.98002 0.01998 ( 1)  0.034
 801 E   0.98797 0.01203 ( 1)  0.026
 802 I   0.98799 0.01201 ( 1)  0.026
 803 Q   0.98575 0.01425 ( 1)  0.028
 804 L   0.98479 0.01521 ( 1)  0.029
 805 S   0.98361 0.01639 ( 1)  0.030
 806 K   0.98798 0.01202 ( 1)  0.026
 807 E   0.98797 0.01203 ( 1)  0.026
 808 R   0.98383 0.01617 ( 1)  0.030
 809 E   0.98784 0.01216 ( 1)  0.026
 810 R   0.98573 0.01427 ( 1)  0.028
 811 L   0.98479 0.01521 ( 1)  0.029
 812 Q   0.98636 0.01364 ( 1)  0.027
 813 A   0.98568 0.01432 ( 1)  0.028
 814 M   0.98841 0.01159 ( 1)  0.025
 815 M   0.98841 0.01159 ( 1)  0.025
 816 T   0.98251 0.01749 ( 1)  0.031
 817 H   0.98633 0.01367 ( 1)  0.028
 818 L   0.97993 0.02007 ( 1)  0.034
 819 H   0.98633 0.01367 ( 1)  0.028
 820 M   0.98841 0.01159 ( 1)  0.025
 821 R   0.98607 0.01393 ( 1)  0.028
 822 P   0.98290 0.01710 ( 1)  0.031
 823 S   0.98405 0.01595 ( 1)  0.030
 824 E   0.98720 0.01280 ( 1)  0.027
 825 P   0.98290 0.01710 ( 1)  0.031
 826 K   0.98798 0.01202 ( 1)  0.026
 827 P   0.98626 0.01374 ( 1)  0.028
 828 S   0.98361 0.01639 ( 1)  0.030
 829 P   0.98290 0.01710 ( 1)  0.031
 830 K   0.98798 0.01202 ( 1)  0.026
 831 P   0.98477 0.01523 ( 1)  0.029
 832 -   0.97464 0.02536 ( 1)  0.039
 833 -   0.97464 0.02536 ( 1)  0.039
 834 -   0.97464 0.02536 ( 1)  0.039
 835 -   0.97464 0.02536 ( 1)  0.039
 836 -   0.97464 0.02536 ( 1)  0.039
 837 -   0.97464 0.02536 ( 1)  0.039
 838 -   0.97464 0.02536 ( 1)  0.039
 839 -   0.97464 0.02536 ( 1)  0.039
 840 -   0.97464 0.02536 ( 1)  0.039
 841 -   0.97464 0.02536 ( 1)  0.039
 842 -   0.97464 0.02536 ( 1)  0.039
 843 -   0.97464 0.02536 ( 1)  0.039
 844 -   0.97464 0.02536 ( 1)  0.039
 845 -   0.97464 0.02536 ( 1)  0.039
 846 -   0.97464 0.02536 ( 1)  0.039
 847 -   0.97464 0.02536 ( 1)  0.039
 848 -   0.97464 0.02536 ( 1)  0.039
 849 -   0.97464 0.02536 ( 1)  0.039
 850 -   0.97464 0.02536 ( 1)  0.039
 851 -   0.97464 0.02536 ( 1)  0.039
 852 L   0.98452 0.01548 ( 1)  0.029
 853 N   0.98726 0.01274 ( 1)  0.027
 854 L   0.98375 0.01625 ( 1)  0.030
 855 V   0.98453 0.01547 ( 1)  0.029
 856 S   0.98334 0.01666 ( 1)  0.030
 857 S   0.98498 0.01502 ( 1)  0.029
 858 V   0.98217 0.01783 ( 1)  0.032
 859 T   0.98227 0.01773 ( 1)  0.032
 860 M   0.98807 0.01193 ( 1)  0.026
 861 S   0.98329 0.01671 ( 1)  0.031
 862 K   0.98689 0.01311 ( 1)  0.027
 863 N   0.98626 0.01374 ( 1)  0.028
 864 M   0.98807 0.01193 ( 1)  0.026
 865 L   0.97975 0.02025 ( 1)  0.034
 866 E   0.98687 0.01313 ( 1)  0.027
 867 T   0.98547 0.01453 ( 1)  0.028
 868 S   0.98167 0.01833 ( 1)  0.032
 869 P   0.98595 0.01405 ( 1)  0.028
 870 Q   0.98544 0.01456 ( 1)  0.028
 871 S   0.98330 0.01670 ( 1)  0.031
 872 L   0.97985 0.02015 ( 1)  0.034
 873 P   0.98448 0.01552 ( 1)  0.029
 874 Q   0.98604 0.01396 ( 1)  0.028
 875 T   0.98227 0.01773 ( 1)  0.032
 876 P   0.98448 0.01552 ( 1)  0.029
 877 T   0.98227 0.01773 ( 1)  0.032
 878 T   0.98547 0.01453 ( 1)  0.028
 879 P   0.98595 0.01405 ( 1)  0.028
 880 T   0.98465 0.01535 ( 1)  0.029
 881 A   0.98219 0.01781 ( 1)  0.032
 882 P   0.98595 0.01405 ( 1)  0.028
 883 V   0.98217 0.01783 ( 1)  0.032
 884 T   0.98227 0.01773 ( 1)  0.032
 885 P   0.98511 0.01489 ( 1)  0.029
 886 I   0.98468 0.01532 ( 1)  0.029
 887 T   0.98227 0.01773 ( 1)  0.032
 888 Q   0.98544 0.01456 ( 1)  0.028
 889 G   0.98505 0.01495 ( 1)  0.029
 890 P   0.98265 0.01735 ( 1)  0.031
 891 S   0.98378 0.01622 ( 1)  0.030
 892 V   0.98534 0.01466 ( 1)  0.028
 893 I   0.98300 0.01700 ( 1)  0.031
 894 T   0.98227 0.01773 ( 1)  0.032
 895 P   0.98595 0.01405 ( 1)  0.028
 896 A   0.98219 0.01781 ( 1)  0.032
 897 S   0.98498 0.01502 ( 1)  0.029
 898 V   0.98453 0.01547 ( 1)  0.029
 899 P   0.98265 0.01735 ( 1)  0.031
 900 N   0.51313 0.48687 ( 1)  0.494
 901 V   0.98453 0.01547 ( 1)  0.029
 902 G   0.98505 0.01495 ( 1)  0.029
 903 A   0.98219 0.01781 ( 1)  0.032
 904 I   0.98765 0.01235 ( 1)  0.026
 905 R   0.98575 0.01425 ( 1)  0.028
 906 R   0.98484 0.01516 ( 1)  0.029
 907 R   0.98575 0.01425 ( 1)  0.028
 908 H   0.98750 0.01250 ( 1)  0.026
 909 S   0.98378 0.01622 ( 1)  0.030
 910 D   0.98553 0.01447 ( 1)  0.028
 911 K   0.98764 0.01236 ( 1)  0.026
 912 Y   0.98367 0.01633 ( 1)  0.030
 913 N   0.98562 0.01438 ( 1)  0.028
 914 I   0.98469 0.01531 ( 1)  0.029
 915 P   0.98265 0.01735 ( 1)  0.031
 916 M   0.98807 0.01193 ( 1)  0.026
 917 S   0.98372 0.01628 ( 1)  0.030
 918 S   0.98378 0.01622 ( 1)  0.030
 919 -   0.97464 0.02536 ( 1)  0.039
 920 E   0.98734 0.01266 ( 1)  0.027
 921 I   0.98469 0.01531 ( 1)  0.029
 922 A   0.98219 0.01781 ( 1)  0.032
 923 P   0.98595 0.01405 ( 1)  0.028
 924 N   0.98562 0.01438 ( 1)  0.028
 925 Y   0.98420 0.01580 ( 1)  0.030
 926 E   0.98763 0.01237 ( 1)  0.026
 927 F   0.98407 0.01593 ( 1)  0.030
 928 Y   0.98565 0.01435 ( 1)  0.028
 929 K   0.98764 0.01236 ( 1)  0.026
 930 N   0.98726 0.01274 ( 1)  0.027
 931 A   0.98537 0.01463 ( 1)  0.028
 932 D   0.98696 0.01304 ( 1)  0.027
 933 V   0.98217 0.01783 ( 1)  0.032
 934 R   0.98537 0.01463 ( 1)  0.028
 935 P   0.98448 0.01552 ( 1)  0.029
 936 P   0.98595 0.01405 ( 1)  0.028
 937 F   0.98407 0.01593 ( 1)  0.030
 938 T   0.98404 0.01596 ( 1)  0.030
 939 Y   0.98565 0.01435 ( 1)  0.028
 940 A   0.98537 0.01463 ( 1)  0.028
 941 T   0.98404 0.01596 ( 1)  0.030
 942 L   0.98267 0.01733 ( 1)  0.031
 943 I   0.98765 0.01235 ( 1)  0.026
 944 R   0.98485 0.01515 ( 1)  0.029
 945 Q   0.98544 0.01456 ( 1)  0.028
 946 A   0.98395 0.01605 ( 1)  0.030
 947 I   0.98300 0.01700 ( 1)  0.031
 948 M   0.98807 0.01193 ( 1)  0.026
 949 E   0.98687 0.01313 ( 1)  0.027
 950 S   0.98378 0.01622 ( 1)  0.030
 951 S   0.98334 0.01666 ( 1)  0.030
 952 D   0.98553 0.01447 ( 1)  0.028
 953 R   0.98484 0.01516 ( 1)  0.029
 954 Q   0.98544 0.01456 ( 1)  0.028
 955 L   0.97985 0.02015 ( 1)  0.034
 956 T   0.98547 0.01453 ( 1)  0.028
 957 L   0.98449 0.01551 ( 1)  0.029
 958 N   0.98726 0.01274 ( 1)  0.027
 959 E   0.98763 0.01237 ( 1)  0.026
 960 I   0.98469 0.01531 ( 1)  0.029
 961 Y   0.98367 0.01633 ( 1)  0.030
 962 S   0.98330 0.01670 ( 1)  0.031
 963 W   0.98042 0.01958 ( 1)  0.033
 964 F   0.98407 0.01593 ( 1)  0.030
 965 T   0.98537 0.01463 ( 1)  0.028
 966 R   0.98572 0.01428 ( 1)  0.028
 967 T   0.98546 0.01454 ( 1)  0.028
 968 F   0.98385 0.01615 ( 1)  0.030
 969 A   0.98395 0.01605 ( 1)  0.030
 970 Y   0.98367 0.01633 ( 1)  0.030
 971 F   0.98249 0.01751 ( 1)  0.031
 972 R   0.98484 0.01516 ( 1)  0.029
 973 R   0.98543 0.01457 ( 1)  0.028
 974 N   0.98726 0.01274 ( 1)  0.027
 975 A   0.98528 0.01472 ( 1)  0.029
 976 A   0.98537 0.01463 ( 1)  0.028
 977 T   0.98404 0.01596 ( 1)  0.030
 978 W   0.98042 0.01958 ( 1)  0.033
 979 K   0.98689 0.01311 ( 1)  0.027
 980 N   0.98726 0.01274 ( 1)  0.027
 981 A   0.98537 0.01463 ( 1)  0.028
 982 V   0.98534 0.01466 ( 1)  0.028
 983 R   0.98543 0.01457 ( 1)  0.028
 984 H   0.98750 0.01250 ( 1)  0.026
 985 N   0.98726 0.01274 ( 1)  0.027
 986 L   0.98449 0.01551 ( 1)  0.029
 987 S   0.98393 0.01607 ( 1)  0.030
 988 L   0.98375 0.01625 ( 1)  0.030
 989 H   0.98601 0.01399 ( 1)  0.028
 990 K   0.98689 0.01311 ( 1)  0.027
 991 C   0.98247 0.01753 ( 1)  0.031
 992 F   0.98401 0.01599 ( 1)  0.030
 993 V   0.98392 0.01608 ( 1)  0.030
 994 R   0.98575 0.01425 ( 1)  0.028
 995 V   0.98534 0.01466 ( 1)  0.028
 996 E   0.98763 0.01237 ( 1)  0.026
 997 N   0.98726 0.01274 ( 1)  0.027
 998 V   0.98392 0.01608 ( 1)  0.030
 999 K   0.98735 0.01265 ( 1)  0.027
1000 G   0.98505 0.01495 ( 1)  0.029
1001 A   0.98537 0.01463 ( 1)  0.028
1002 V   0.98532 0.01468 ( 1)  0.029
1003 W   0.98042 0.01958 ( 1)  0.033
1004 T   0.98404 0.01596 ( 1)  0.030
1005 V   0.98453 0.01547 ( 1)  0.029
1006 D   0.98720 0.01280 ( 1)  0.027
1007 E   0.98763 0.01237 ( 1)  0.026
1008 V   0.98533 0.01467 ( 1)  0.029
1009 E   0.98763 0.01237 ( 1)  0.026
1010 Y   0.98367 0.01633 ( 1)  0.030
1011 Q   0.98544 0.01456 ( 1)  0.028
1012 K   0.98689 0.01311 ( 1)  0.027
1013 R   0.98575 0.01425 ( 1)  0.028
1014 R   0.98485 0.01515 ( 1)  0.029
1015 S   0.98378 0.01622 ( 1)  0.030
1016 Q   0.98604 0.01396 ( 1)  0.028
1017 K   0.98689 0.01311 ( 1)  0.027
1018 I   0.98765 0.01235 ( 1)  0.026
1019 T   0.98547 0.01453 ( 1)  0.028
1020 G   0.98505 0.01495 ( 1)  0.029
1021 S   0.98395 0.01605 ( 1)  0.030
1022 P   0.98595 0.01405 ( 1)  0.028
1023 T   0.98231 0.01769 ( 1)  0.031
1024 L   0.97985 0.02015 ( 1)  0.034
1025 V   0.98558 0.01442 ( 1)  0.028
1026 -   0.97464 0.02536 ( 1)  0.039
1027 -   0.97464 0.02536 ( 1)  0.039
1028 -   0.97464 0.02536 ( 1)  0.039
1029 -   0.97464 0.02536 ( 1)  0.039
1030 -   0.97464 0.02536 ( 1)  0.039
1031 -   0.97464 0.02536 ( 1)  0.039
1032 -   0.97464 0.02536 ( 1)  0.039
1033 -   0.97464 0.02536 ( 1)  0.039
1034 K   0.98791 0.01209 ( 1)  0.026
1035 N   0.98726 0.01274 ( 1)  0.027
1036 I   0.98765 0.01235 ( 1)  0.026
1037 P   0.98462 0.01538 ( 1)  0.029
1038 T   0.98227 0.01773 ( 1)  0.032
1039 S   0.98498 0.01502 ( 1)  0.029
1040 L   0.97985 0.02015 ( 1)  0.034
1041 G   0.98212 0.01788 ( 1)  0.032
1042 Y   0.98565 0.01435 ( 1)  0.028
1043 G   0.98505 0.01495 ( 1)  0.029
1044 A   0.98537 0.01463 ( 1)  0.028
1045 A   0.98412 0.01588 ( 1)  0.030
1046 L   0.98422 0.01578 ( 1)  0.030
1047 N   0.98726 0.01274 ( 1)  0.027
1048 A   0.98219 0.01781 ( 1)  0.032
1049 S   0.98498 0.01502 ( 1)  0.029
1050 L   0.97975 0.02025 ( 1)  0.034
1051 Q   0.98544 0.01456 ( 1)  0.028
1052 A   0.98395 0.01605 ( 1)  0.030
1053 A   0.98219 0.01781 ( 1)  0.032
1054 L   0.97975 0.02025 ( 1)  0.034
1055 A   0.98537 0.01463 ( 1)  0.028
1056 E   0.98687 0.01313 ( 1)  0.027
1057 S   0.98330 0.01670 ( 1)  0.031
1058 S   0.98498 0.01502 ( 1)  0.029
1059 L   0.97985 0.02015 ( 1)  0.034
1060 P   0.98465 0.01535 ( 1)  0.029
1061 L   0.97975 0.02025 ( 1)  0.034
1062 L   0.98452 0.01548 ( 1)  0.029
1063 S   0.98489 0.01511 ( 1)  0.029
1064 N   0.98626 0.01374 ( 1)  0.028
1065 P   0.98448 0.01552 ( 1)  0.029
1066 G   0.98497 0.01503 ( 1)  0.029
1067 L   0.98384 0.01616 ( 1)  0.030
1068 I   0.98358 0.01642 ( 1)  0.030
1069 N   0.98726 0.01274 ( 1)  0.027
1070 N   0.98726 0.01274 ( 1)  0.027
1071 A   0.98503 0.01497 ( 1)  0.029
1072 S   0.98167 0.01833 ( 1)  0.032
1073 S   0.47586 0.52414 ( 2)  0.531
1074 G   0.98212 0.01788 ( 1)  0.032
1075 L   0.98452 0.01548 ( 1)  0.029
1076 L   0.98375 0.01625 ( 1)  0.030
1077 Q   0.98544 0.01456 ( 1)  0.028
1078 A   0.98267 0.01733 ( 1)  0.031
1079 V   0.98217 0.01783 ( 1)  0.032
1080 H   0.98601 0.01399 ( 1)  0.028
1081 E   0.98763 0.01237 ( 1)  0.026
1082 D   0.98553 0.01447 ( 1)  0.028
1083 L   0.98267 0.01733 ( 1)  0.031
1084 N   0.98726 0.01274 ( 1)  0.027
1085 G   0.98386 0.01614 ( 1)  0.030
1086 S   0.98308 0.01692 ( 1)  0.031
1087 L   0.98235 0.01765 ( 1)  0.031
1088 D   0.98720 0.01280 ( 1)  0.027
1089 H   0.98601 0.01399 ( 1)  0.028
1090 I   0.47345 0.52655 ( 2)  0.533
1091 D   0.98553 0.01447 ( 1)  0.028
1092 S   0.98330 0.01670 ( 1)  0.031
1093 N   0.98686 0.01314 ( 1)  0.027
1094 G   0.98469 0.01531 ( 1)  0.029
1095 N   0.98562 0.01438 ( 1)  0.028
1096 S   0.98436 0.01564 ( 1)  0.029
1097 S   0.98498 0.01502 ( 1)  0.029
1098 P   0.98567 0.01433 ( 1)  0.028
1099 G   0.98212 0.01788 ( 1)  0.032
1100 C   0.98099 0.01901 ( 1)  0.033
1101 S   0.98338 0.01662 ( 1)  0.030
1102 P   0.98448 0.01552 ( 1)  0.029
1103 Q   0.98544 0.01456 ( 1)  0.028
1104 P   0.98511 0.01489 ( 1)  0.029
1105 H   0.98601 0.01399 ( 1)  0.028
1106 I   0.98765 0.01235 ( 1)  0.026
1107 H   0.98725 0.01275 ( 1)  0.027
1108 S   0.98378 0.01622 ( 1)  0.030
1109 I   0.98303 0.01697 ( 1)  0.031
1110 H   0.98739 0.01261 ( 1)  0.026
1111 V   0.98217 0.01783 ( 1)  0.032
1112 K   0.98689 0.01311 ( 1)  0.027
1113 E   0.98750 0.01250 ( 1)  0.026
1114 E   0.98687 0.01313 ( 1)  0.027
1115 P   0.98595 0.01405 ( 1)  0.028
1116 V   0.98453 0.01547 ( 1)  0.029
1117 I   0.98469 0.01531 ( 1)  0.029
1118 A   0.98534 0.01466 ( 1)  0.028
1119 E   0.98693 0.01307 ( 1)  0.027
1120 D   0.98720 0.01280 ( 1)  0.027
1121 E   0.98763 0.01237 ( 1)  0.026
1122 D   0.98553 0.01447 ( 1)  0.028
1123 C   0.98156 0.01844 ( 1)  0.032
1124 P   0.98558 0.01442 ( 1)  0.028
1125 M   0.98807 0.01193 ( 1)  0.026
1126 S   0.98167 0.01833 ( 1)  0.032
1127 L   0.97985 0.02015 ( 1)  0.034
1128 V   0.98452 0.01548 ( 1)  0.029
1129 T   0.98547 0.01453 ( 1)  0.028
1130 T   0.98547 0.01453 ( 1)  0.028
1131 A   0.98395 0.01605 ( 1)  0.030
1132 N   0.98726 0.01274 ( 1)  0.027
1133 H   0.98601 0.01399 ( 1)  0.028
1134 S   0.98498 0.01502 ( 1)  0.029
1135 P   0.98595 0.01405 ( 1)  0.028
1136 E   0.98748 0.01252 ( 1)  0.026
1137 L   0.97985 0.02015 ( 1)  0.034
1138 E   0.98763 0.01237 ( 1)  0.026
1139 D   0.49018 0.50982 ( 2)  0.517
1140 D   0.98553 0.01447 ( 1)  0.028
1141 R   0.98537 0.01463 ( 1)  0.028
1142 E   0.98687 0.01313 ( 1)  0.027
1143 I   0.98469 0.01531 ( 1)  0.029
1144 E   0.98763 0.01237 ( 1)  0.026
1145 E   0.98763 0.01237 ( 1)  0.026
1146 E   0.98687 0.01313 ( 1)  0.027
1147 P   0.98448 0.01552 ( 1)  0.029
1148 L   0.97985 0.02015 ( 1)  0.034
1149 S   0.98334 0.01666 ( 1)  0.030
1150 E   0.98763 0.01237 ( 1)  0.026
1151 D   0.98720 0.01280 ( 1)  0.027
1152 L   0.98375 0.01625 ( 1)  0.030
1153 E   0.98763 0.01237 ( 1)  0.026


lnL = -5860.153538

