Supplemental results for CODEML (seqf: algn  treef: tree)


dN/dS (w) for site classes (K=3)

p:   0.81522  0.00000  0.18478
w:   0.20784  1.00000  4.21806

Naive Empirical Bayes (NEB) probabilities for 3 classes & postmean_w & P(w>1)
(amino acids refer to 1st sequence: colAngPal_LOC105527770_XM_011964207)

   1 M   0.97006 0.00000 0.02994 ( 1)  0.328  0.030
   2 K   0.54155 0.00000 0.45845 ( 1)  2.046  0.458
   3 P   0.91909 0.00000 0.08091 ( 1)  0.532  0.081
   4 P   0.03293 0.00000 0.96707 ( 3)  4.086  0.967
   5 Y   0.07158 0.00000 0.92842 ( 3)  3.931  0.928
   6 R   0.92217 0.00000 0.07783 ( 1)  0.520  0.078
   7 -   0.81522 0.00000 0.18478 ( 1)  0.949  0.185
   8 -   0.81522 0.00000 0.18478 ( 1)  0.949  0.185
   9 -   0.81522 0.00000 0.18478 ( 1)  0.949  0.185
  10 -   0.81522 0.00000 0.18478 ( 1)  0.949  0.185
  11 -   0.81522 0.00000 0.18478 ( 1)  0.949  0.185
  12 -   0.81522 0.00000 0.18478 ( 1)  0.949  0.185
  13 -   0.81522 0.00000 0.18478 ( 1)  0.949  0.185
  14 -   0.81522 0.00000 0.18478 ( 1)  0.949  0.185
  15 -   0.81522 0.00000 0.18478 ( 1)  0.949  0.185
  16 -   0.81522 0.00000 0.18478 ( 1)  0.949  0.185
  17 -   0.81522 0.00000 0.18478 ( 1)  0.949  0.185
  18 -   0.81522 0.00000 0.18478 ( 1)  0.949  0.185
  19 -   0.81522 0.00000 0.18478 ( 1)  0.949  0.185
  20 -   0.81522 0.00000 0.18478 ( 1)  0.949  0.185
  21 -   0.81522 0.00000 0.18478 ( 1)  0.949  0.185
  22 -   0.81522 0.00000 0.18478 ( 1)  0.949  0.185
  23 -   0.81522 0.00000 0.18478 ( 1)  0.949  0.185
  24 -   0.81687 0.00000 0.18313 ( 1)  0.942  0.183
  25 -   0.81687 0.00000 0.18313 ( 1)  0.942  0.183
  26 -   0.81591 0.00000 0.18409 ( 1)  0.946  0.184
  27 -   0.81591 0.00000 0.18409 ( 1)  0.946  0.184
  28 -   0.81687 0.00000 0.18313 ( 1)  0.942  0.183
  29 -   0.81603 0.00000 0.18397 ( 1)  0.946  0.184
  30 -   0.81638 0.00000 0.18362 ( 1)  0.944  0.184
  31 -   0.81622 0.00000 0.18378 ( 1)  0.945  0.184
  32 -   0.81607 0.00000 0.18393 ( 1)  0.945  0.184
  33 -   0.81712 0.00000 0.18288 ( 1)  0.941  0.183
  34 -   0.81603 0.00000 0.18397 ( 1)  0.946  0.184
  35 -   0.81604 0.00000 0.18396 ( 1)  0.946  0.184
  36 -   0.81619 0.00000 0.18381 ( 1)  0.945  0.184
  37 -   0.81687 0.00000 0.18313 ( 1)  0.942  0.183
  38 -   0.81638 0.00000 0.18362 ( 1)  0.944  0.184
  39 -   0.81622 0.00000 0.18378 ( 1)  0.945  0.184
  40 -   0.81564 0.00000 0.18436 ( 1)  0.947  0.184
  41 N   0.97875 0.00000 0.02125 ( 1)  0.293  0.021
  42 T   0.91079 0.00000 0.08921 ( 1)  0.566  0.089
  43 V   0.94781 0.00000 0.05219 ( 1)  0.417  0.052
  44 E   0.96143 0.00000 0.03857 ( 1)  0.363  0.039
  45 Q   0.26925 0.00000 0.73075 ( 3)  3.138  0.731
  46 M   0.97210 0.00000 0.02790 ( 1)  0.320  0.028
  47 Y   0.93289 0.00000 0.06711 ( 1)  0.477  0.067
  48 Q   0.01832 0.00000 0.98168 ( 3)  4.145  0.982
  49 R   0.00378 0.00000 0.99622 ( 3)  4.203  0.996
  50 T   0.91317 0.00000 0.08683 ( 1)  0.556  0.087
  51 F   0.97394 0.00000 0.02606 ( 1)  0.312  0.026
  52 F   0.97394 0.00000 0.02606 ( 1)  0.312  0.026
  53 Y   0.97298 0.00000 0.02702 ( 1)  0.316  0.027
  54 N   0.98052 0.00000 0.01948 ( 1)  0.286  0.019
  55 F   0.93979 0.00000 0.06021 ( 1)  0.449  0.060
  56 N   0.94973 0.00000 0.05027 ( 1)  0.409  0.050
  57 N   0.98052 0.00000 0.01948 ( 1)  0.286  0.019
  58 R   0.92464 0.00000 0.07536 ( 1)  0.510  0.075
  59 P   0.96423 0.00000 0.03577 ( 1)  0.351  0.036
  60 I   0.97311 0.00000 0.02689 ( 1)  0.316  0.027
  61 L   0.92535 0.00000 0.07465 ( 1)  0.507  0.075
  62 S   0.92412 0.00000 0.07588 ( 1)  0.512  0.076
  63 R   0.92596 0.00000 0.07404 ( 1)  0.505  0.074
  64 R   0.94312 0.00000 0.05688 ( 1)  0.436  0.057
  65 N   0.94973 0.00000 0.05027 ( 1)  0.409  0.050
  66 T   0.96745 0.00000 0.03255 ( 1)  0.338  0.033
  67 V   0.96943 0.00000 0.03057 ( 1)  0.330  0.031
  68 W   0.92459 0.00000 0.07541 ( 1)  0.510  0.075
  69 L   0.91323 0.00000 0.08677 ( 1)  0.556  0.087
  70 C   0.97324 0.00000 0.02676 ( 1)  0.315  0.027
  71 Y   0.97298 0.00000 0.02702 ( 1)  0.316  0.027
  72 E   0.42620 0.00000 0.57380 ( 3)  2.509  0.574
  73 V   0.95030 0.00000 0.04970 ( 1)  0.407  0.050
  74 K   0.93864 0.00000 0.06136 ( 1)  0.454  0.061
  75 T   0.91317 0.00000 0.08683 ( 1)  0.556  0.087
  76 R   0.95762 0.00000 0.04238 ( 1)  0.378  0.042
  77 G   0.97033 0.00000 0.02967 ( 1)  0.327  0.030
  78 P   0.96423 0.00000 0.03577 ( 1)  0.351  0.036
  79 S   0.89753 0.00000 0.10247 ( 1)  0.619  0.102
  80 M   0.62658 0.00000 0.37342 ( 1)  1.705  0.373
  81 P   0.95635 0.00000 0.04365 ( 1)  0.383  0.044
  82 T   0.92538 0.00000 0.07462 ( 1)  0.507  0.075
  83 W   0.92459 0.00000 0.07541 ( 1)  0.510  0.075
  84 G   0.07379 0.00000 0.92621 ( 3)  3.922  0.926
  85 A   0.02340 0.00000 0.97660 ( 3)  4.124  0.977
  86 K   0.96368 0.00000 0.03632 ( 1)  0.353  0.036
  87 I   0.97311 0.00000 0.02689 ( 1)  0.316  0.027
  88 F   0.93979 0.00000 0.06021 ( 1)  0.449  0.060
  89 R   0.88510 0.00000 0.11490 ( 1)  0.669  0.115
  90 G   0.97142 0.00000 0.02858 ( 1)  0.322  0.029
  91 Q   0.93666 0.00000 0.06334 ( 1)  0.462  0.063
  92 V   0.94933 0.00000 0.05067 ( 1)  0.411  0.051
  93 Y   0.40109 0.00000 0.59891 ( 3)  2.610  0.599
  94 F   0.60818 0.00000 0.39182 ( 1)  1.779  0.392
  95 E   0.00206 0.00000 0.99794 ( 3)  4.210  0.998
  96 P   0.92188 0.00000 0.07812 ( 1)  0.521  0.078
  97 Q   0.42597 0.00000 0.57403 ( 3)  2.510  0.574
  98 Y   0.60454 0.00000 0.39546 ( 1)  1.794  0.395
  99 H   0.97886 0.00000 0.02114 ( 1)  0.293  0.021
 100 A   0.91326 0.00000 0.08674 ( 1)  0.556  0.087
 101 E   0.93873 0.00000 0.06127 ( 1)  0.454  0.061
 102 M   0.97210 0.00000 0.02790 ( 1)  0.320  0.028
 103 C   0.97324 0.00000 0.02676 ( 1)  0.315  0.027
 104 F   0.97394 0.00000 0.02606 ( 1)  0.312  0.026
 105 L   0.96731 0.00000 0.03269 ( 1)  0.339  0.033
 106 S   0.92412 0.00000 0.07588 ( 1)  0.512  0.076
 107 W   0.00126 0.00000 0.99874 ( 3)  4.213  0.999
 108 F   0.97394 0.00000 0.02606 ( 1)  0.312  0.026
 109 C   0.93559 0.00000 0.06441 ( 1)  0.466  0.064
 110 G   0.97142 0.00000 0.02858 ( 1)  0.322  0.029
 111 N   0.98052 0.00000 0.01948 ( 1)  0.286  0.019
 112 Q   0.93666 0.00000 0.06334 ( 1)  0.462  0.063
 113 L   0.91298 0.00000 0.08702 ( 1)  0.557  0.087
 114 P   0.92154 0.00000 0.07846 ( 1)  0.522  0.078
 115 A   0.37828 0.00000 0.62172 ( 3)  2.701  0.622
 116 Y   0.97298 0.00000 0.02702 ( 1)  0.316  0.027
 117 K   0.96368 0.00000 0.03632 ( 1)  0.353  0.036
 118 C   0.59174 0.00000 0.40826 ( 1)  1.845  0.408
 119 F   0.97394 0.00000 0.02606 ( 1)  0.312  0.026
 120 Q   0.93666 0.00000 0.06334 ( 1)  0.462  0.063
 121 I   0.97311 0.00000 0.02689 ( 1)  0.316  0.027
 122 T   0.96745 0.00000 0.03255 ( 1)  0.338  0.033
 123 W   0.92459 0.00000 0.07541 ( 1)  0.510  0.075
 124 F   0.93979 0.00000 0.06021 ( 1)  0.449  0.060
 125 V   0.91582 0.00000 0.08418 ( 1)  0.545  0.084
 126 S   0.96637 0.00000 0.03363 ( 1)  0.343  0.034
 127 W   0.92459 0.00000 0.07541 ( 1)  0.510  0.075
 128 T   0.57049 0.00000 0.42951 ( 1)  1.930  0.430
 129 P   0.96423 0.00000 0.03577 ( 1)  0.351  0.036
 130 C   0.97324 0.00000 0.02676 ( 1)  0.315  0.027
 131 P   0.42503 0.00000 0.57497 ( 3)  2.514  0.575
 132 D   0.98053 0.00000 0.01947 ( 1)  0.286  0.019
 133 C   0.93559 0.00000 0.06441 ( 1)  0.466  0.064
 134 V   0.95030 0.00000 0.04970 ( 1)  0.407  0.050
 135 G   0.00179 0.00000 0.99821 ( 3)  4.211  0.998
 136 K   0.96267 0.00000 0.03733 ( 1)  0.358  0.037
 137 V   0.95030 0.00000 0.04970 ( 1)  0.407  0.050
 138 A   0.00319 0.00000 0.99681 ( 3)  4.205  0.997
 139 E   0.93873 0.00000 0.06127 ( 1)  0.454  0.061
 140 F   0.97394 0.00000 0.02606 ( 1)  0.312  0.026
 141 L   0.88803 0.00000 0.11197 ( 1)  0.657  0.112
 142 A   0.92548 0.00000 0.07452 ( 1)  0.507  0.075
 143 E   0.96373 0.00000 0.03627 ( 1)  0.353  0.036
 144 H   0.97886 0.00000 0.02114 ( 1)  0.293  0.021
 145 P   0.92154 0.00000 0.07846 ( 1)  0.522  0.078
 146 N   0.94973 0.00000 0.05027 ( 1)  0.409  0.050
 147 V   0.96943 0.00000 0.03057 ( 1)  0.330  0.031
 148 T   0.96745 0.00000 0.03255 ( 1)  0.338  0.033
 149 L   0.91323 0.00000 0.08677 ( 1)  0.556  0.087
 150 T   0.96745 0.00000 0.03255 ( 1)  0.338  0.033
 151 I   0.97311 0.00000 0.02689 ( 1)  0.316  0.027
 152 S   0.94206 0.00000 0.05794 ( 1)  0.440  0.058
 153 A   0.96427 0.00000 0.03573 ( 1)  0.351  0.036
 154 A   0.96752 0.00000 0.03248 ( 1)  0.338  0.032
 155 R   0.96801 0.00000 0.03199 ( 1)  0.336  0.032
 156 L   0.96731 0.00000 0.03269 ( 1)  0.339  0.033
 157 Y   0.97298 0.00000 0.02702 ( 1)  0.316  0.027
 158 Y   0.97298 0.00000 0.02702 ( 1)  0.316  0.027
 159 Y   0.97298 0.00000 0.02702 ( 1)  0.316  0.027
 160 W   0.92459 0.00000 0.07541 ( 1)  0.510  0.075
 161 E   0.10276 0.00000 0.89724 ( 3)  3.806  0.897
 162 T   0.32509 0.00000 0.67491 ( 3)  2.914  0.675
 163 D   0.94978 0.00000 0.05022 ( 1)  0.409  0.050
 164 Y   0.04466 0.00000 0.95534 ( 3)  4.039  0.955
 165 R   0.96432 0.00000 0.03568 ( 1)  0.351  0.036
 166 R   0.95762 0.00000 0.04238 ( 1)  0.378  0.042
 167 A   0.94788 0.00000 0.05212 ( 1)  0.417  0.052
 168 L   0.96731 0.00000 0.03269 ( 1)  0.339  0.033
 169 C   0.07540 0.00000 0.92460 ( 3)  3.916  0.925
 170 R   0.95762 0.00000 0.04238 ( 1)  0.378  0.042
 171 L   0.91323 0.00000 0.08677 ( 1)  0.556  0.087
 172 R   0.03139 0.00000 0.96861 ( 3)  4.092  0.969
 173 Q   0.93666 0.00000 0.06334 ( 1)  0.462  0.063
 174 A   0.91326 0.00000 0.08674 ( 1)  0.556  0.087
 175 G   0.95250 0.00000 0.04750 ( 1)  0.398  0.047
 176 A   0.93768 0.00000 0.06232 ( 1)  0.458  0.062
 177 R   0.50223 0.00000 0.49777 ( 1)  2.204  0.498
 178 V   0.95030 0.00000 0.04970 ( 1)  0.407  0.050
 179 K   0.96368 0.00000 0.03632 ( 1)  0.353  0.036
 180 I   0.97311 0.00000 0.02689 ( 1)  0.316  0.027
 181 M   0.97210 0.00000 0.02790 ( 1)  0.320  0.028
 182 D   0.98053 0.00000 0.01947 ( 1)  0.286  0.019
 183 D   0.00163 0.00000 0.99837 ( 3)  4.212  0.998
 184 E   0.93873 0.00000 0.06127 ( 1)  0.454  0.061
 185 E   0.93873 0.00000 0.06127 ( 1)  0.454  0.061
 186 F   0.93979 0.00000 0.06021 ( 1)  0.449  0.060
 187 A   0.91326 0.00000 0.08674 ( 1)  0.556  0.087
 188 Y   0.97298 0.00000 0.02702 ( 1)  0.316  0.027
 189 C   0.97324 0.00000 0.02676 ( 1)  0.315  0.027
 190 W   0.92459 0.00000 0.07541 ( 1)  0.510  0.075
 191 E   0.93873 0.00000 0.06127 ( 1)  0.454  0.061
 192 N   0.98052 0.00000 0.01948 ( 1)  0.286  0.019
 193 F   0.93979 0.00000 0.06021 ( 1)  0.449  0.060
 194 V   0.95030 0.00000 0.04970 ( 1)  0.407  0.050
 195 Y   0.97298 0.00000 0.02702 ( 1)  0.316  0.027
 196 N   0.94973 0.00000 0.05027 ( 1)  0.409  0.050
 197 E   0.93873 0.00000 0.06127 ( 1)  0.454  0.061
 198 G   0.03141 0.00000 0.96859 ( 3)  4.092  0.969
 199 Q   0.93666 0.00000 0.06334 ( 1)  0.462  0.063
 200 S   0.89753 0.00000 0.10247 ( 1)  0.619  0.102
 201 F   0.97394 0.00000 0.02606 ( 1)  0.312  0.026
 202 M   0.61761 0.00000 0.38239 ( 1)  1.741  0.382
 203 P   0.92154 0.00000 0.07846 ( 1)  0.522  0.078
 204 W   0.92459 0.00000 0.07541 ( 1)  0.510  0.075
 205 D   0.98053 0.00000 0.01947 ( 1)  0.286  0.019
 206 K   0.93864 0.00000 0.06136 ( 1)  0.454  0.061
 207 F   0.97394 0.00000 0.02606 ( 1)  0.312  0.026
 208 D   0.48228 0.00000 0.51772 ( 3)  2.284  0.518
 209 D   0.98053 0.00000 0.01947 ( 1)  0.286  0.019
 210 N   0.94973 0.00000 0.05027 ( 1)  0.409  0.050
 211 Y   0.93289 0.00000 0.06711 ( 1)  0.477  0.067
 212 A   0.91326 0.00000 0.08674 ( 1)  0.556  0.087
 213 F   0.97394 0.00000 0.02606 ( 1)  0.312  0.026
 214 L   0.91323 0.00000 0.08677 ( 1)  0.556  0.087
 215 H   0.97886 0.00000 0.02114 ( 1)  0.293  0.021
 216 S   0.00001 0.00000 0.99999 ( 3)  4.218  1.000
 217 K   0.56317 0.00000 0.43683 ( 1)  1.960  0.437
 218 L   0.88262 0.00000 0.11738 ( 1)  0.679  0.117
 219 K   0.96368 0.00000 0.03632 ( 1)  0.353  0.036
 220 E   0.96373 0.00000 0.03627 ( 1)  0.353  0.036
 221 I   0.93648 0.00000 0.06352 ( 1)  0.463  0.064
 222 L   0.96731 0.00000 0.03269 ( 1)  0.339  0.033
 223 R   0.92464 0.00000 0.07536 ( 1)  0.510  0.075
 224 N   0.98052 0.00000 0.01948 ( 1)  0.286  0.019
 225 P   0.91863 0.00000 0.08137 ( 1)  0.534  0.081
 226 M   0.62283 0.00000 0.37717 ( 1)  1.720  0.377
 227 E   0.96373 0.00000 0.03627 ( 1)  0.353  0.036
 228 T   0.33769 0.00000 0.66231 ( 3)  2.864  0.662
 229 M   0.59297 0.00000 0.40703 ( 1)  1.840  0.407
 230 Y   0.39988 0.00000 0.60012 ( 3)  2.614  0.600
 231 P   0.90943 0.00000 0.09057 ( 1)  0.571  0.091
 232 H   0.00020 0.00000 0.99980 ( 3)  4.217  1.000
 233 T   0.02549 0.00000 0.97451 ( 3)  4.116  0.975
 234 F   0.97394 0.00000 0.02606 ( 1)  0.312  0.026
 235 Y   0.97298 0.00000 0.02702 ( 1)  0.316  0.027
 236 F   0.97394 0.00000 0.02606 ( 1)  0.312  0.026
 237 H   0.97886 0.00000 0.02114 ( 1)  0.293  0.021
 238 F   0.93979 0.00000 0.06021 ( 1)  0.449  0.060
 239 K   0.93864 0.00000 0.06136 ( 1)  0.454  0.061
 240 N   0.98052 0.00000 0.01948 ( 1)  0.286  0.019
 241 L   0.88262 0.00000 0.11738 ( 1)  0.679  0.117
 242 R   0.94312 0.00000 0.05688 ( 1)  0.436  0.057
 243 K   0.93864 0.00000 0.06136 ( 1)  0.454  0.061
 244 A   0.96752 0.00000 0.03248 ( 1)  0.338  0.032
 245 Y   0.93289 0.00000 0.06711 ( 1)  0.477  0.067
 246 G   0.93028 0.00000 0.06972 ( 1)  0.487  0.070
 247 R   0.94312 0.00000 0.05688 ( 1)  0.436  0.057
 248 N   0.97831 0.00000 0.02169 ( 1)  0.295  0.022
 249 E   0.93873 0.00000 0.06127 ( 1)  0.454  0.061
 250 T   0.00304 0.00000 0.99696 ( 3)  4.206  0.997
 251 W   0.37269 0.00000 0.62731 ( 3)  2.723  0.627
 252 L   0.91323 0.00000 0.08677 ( 1)  0.556  0.087
 253 C   0.97324 0.00000 0.02676 ( 1)  0.315  0.027
 254 F   0.97394 0.00000 0.02606 ( 1)  0.312  0.026
 255 T   0.96745 0.00000 0.03255 ( 1)  0.338  0.033
 256 V   0.06717 0.00000 0.93283 ( 3)  3.949  0.933
 257 E   0.93873 0.00000 0.06127 ( 1)  0.454  0.061
 258 I   0.93648 0.00000 0.06352 ( 1)  0.463  0.064
 259 I   0.47123 0.00000 0.52877 ( 3)  2.328  0.529
 260 K   0.96368 0.00000 0.03632 ( 1)  0.353  0.036
 261 H   0.42339 0.00000 0.57661 ( 3)  2.520  0.577
 262 C   0.00413 0.00000 0.99587 ( 3)  4.201  0.996
 263 S   0.89753 0.00000 0.10247 ( 1)  0.619  0.102
 264 T   0.92538 0.00000 0.07462 ( 1)  0.507  0.075
 265 V   0.96943 0.00000 0.03057 ( 1)  0.330  0.031
 266 S   0.96637 0.00000 0.03363 ( 1)  0.343  0.034
 267 W   0.92459 0.00000 0.07541 ( 1)  0.510  0.075
 268 K   0.05096 0.00000 0.94904 ( 3)  4.014  0.949
 269 R   0.03970 0.00000 0.96030 ( 3)  4.059  0.960
 270 G   0.97142 0.00000 0.02858 ( 1)  0.322  0.029
 271 V   0.96943 0.00000 0.03057 ( 1)  0.330  0.031
 272 F   0.97394 0.00000 0.02606 ( 1)  0.312  0.026
 273 R   0.88510 0.00000 0.11490 ( 1)  0.669  0.115
 274 N   0.98052 0.00000 0.01948 ( 1)  0.286  0.019
 275 Q   0.93666 0.00000 0.06334 ( 1)  0.462  0.063
 276 V   0.95143 0.00000 0.04857 ( 1)  0.403  0.049
 277 D   0.47080 0.00000 0.52920 ( 3)  2.330  0.529
 278 P   0.92154 0.00000 0.07846 ( 1)  0.522  0.078
 279 E   0.55524 0.00000 0.44476 ( 1)  1.991  0.445
 280 T   0.59878 0.00000 0.40122 ( 1)  1.817  0.401
 281 H   0.44377 0.00000 0.55623 ( 3)  2.438  0.556
 282 C   0.93657 0.00000 0.06343 ( 1)  0.462  0.063
 283 H   0.94666 0.00000 0.05334 ( 1)  0.422  0.053
 284 A   0.91326 0.00000 0.08674 ( 1)  0.556  0.087
 285 E   0.93873 0.00000 0.06127 ( 1)  0.454  0.061
 286 R   0.52327 0.00000 0.47673 ( 1)  2.120  0.477
 287 C   0.97324 0.00000 0.02676 ( 1)  0.315  0.027
 288 F   0.97394 0.00000 0.02606 ( 1)  0.312  0.026
 289 L   0.96731 0.00000 0.03269 ( 1)  0.339  0.033
 290 S   0.94759 0.00000 0.05241 ( 1)  0.418  0.052
 291 W   0.92459 0.00000 0.07541 ( 1)  0.510  0.075
 292 F   0.97394 0.00000 0.02606 ( 1)  0.312  0.026
 293 C   0.63443 0.00000 0.36557 ( 1)  1.674  0.366
 294 E   0.58656 0.00000 0.41344 ( 1)  1.866  0.413
 295 D   0.71380 0.00000 0.28620 ( 1)  1.356  0.286
 296 I   0.03615 0.00000 0.96385 ( 3)  4.073  0.964
 297 L   0.91323 0.00000 0.08677 ( 1)  0.556  0.087
 298 S   0.92599 0.00000 0.07401 ( 1)  0.505  0.074
 299 P   0.92154 0.00000 0.07846 ( 1)  0.522  0.078
 300 N   0.69673 0.00000 0.30327 ( 1)  1.424  0.303
 301 T   0.33531 0.00000 0.66469 ( 3)  2.873  0.665
 302 N   0.07509 0.00000 0.92491 ( 3)  3.917  0.925
 303 Y   0.97298 0.00000 0.02702 ( 1)  0.316  0.027
 304 Q   0.03325 0.00000 0.96675 ( 3)  4.085  0.967
 305 V   0.96943 0.00000 0.03057 ( 1)  0.330  0.031
 306 T   0.96745 0.00000 0.03255 ( 1)  0.338  0.033
 307 W   0.92459 0.00000 0.07541 ( 1)  0.510  0.075
 308 Y   0.97298 0.00000 0.02702 ( 1)  0.316  0.027
 309 T   0.91317 0.00000 0.08683 ( 1)  0.556  0.087
 310 S   0.92412 0.00000 0.07588 ( 1)  0.512  0.076
 311 W   0.92459 0.00000 0.07541 ( 1)  0.510  0.075
 312 S   0.97552 0.00000 0.02448 ( 1)  0.306  0.024
 313 P   0.92154 0.00000 0.07846 ( 1)  0.522  0.078
 314 C   0.96952 0.00000 0.03048 ( 1)  0.330  0.030
 315 L   0.27690 0.00000 0.72310 ( 3)  3.108  0.723
 316 D   0.49379 0.00000 0.50621 ( 3)  2.238  0.506
 317 C   0.93559 0.00000 0.06441 ( 1)  0.466  0.064
 318 A   0.91326 0.00000 0.08674 ( 1)  0.556  0.087
 319 G   0.95250 0.00000 0.04750 ( 1)  0.398  0.047
 320 E   0.96093 0.00000 0.03907 ( 1)  0.365  0.039
 321 V   0.95030 0.00000 0.04970 ( 1)  0.407  0.050
 322 A   0.96278 0.00000 0.03722 ( 1)  0.357  0.037
 323 E   0.96373 0.00000 0.03627 ( 1)  0.353  0.036
 324 F   0.97394 0.00000 0.02606 ( 1)  0.312  0.026
 325 L   0.91323 0.00000 0.08677 ( 1)  0.556  0.087
 326 A   0.96752 0.00000 0.03248 ( 1)  0.338  0.032
 327 R   0.95762 0.00000 0.04238 ( 1)  0.378  0.042
 328 H   0.68863 0.00000 0.31137 ( 1)  1.457  0.311
 329 S   0.95047 0.00000 0.04953 ( 1)  0.406  0.050
 330 N   0.95831 0.00000 0.04169 ( 1)  0.375  0.042
 331 V   0.95030 0.00000 0.04970 ( 1)  0.407  0.050
 332 K   0.00247 0.00000 0.99753 ( 3)  4.208  0.998
 333 L   0.96731 0.00000 0.03269 ( 1)  0.339  0.033
 334 A   0.59321 0.00000 0.40679 ( 1)  1.839  0.407
 335 I   0.97311 0.00000 0.02689 ( 1)  0.316  0.027
 336 F   0.46327 0.00000 0.53673 ( 3)  2.360  0.537
 337 A   0.50008 0.00000 0.49992 ( 1)  2.213  0.500
 338 A   0.96752 0.00000 0.03248 ( 1)  0.338  0.032
 339 R   0.96801 0.00000 0.03199 ( 1)  0.336  0.032
 340 L   0.96645 0.00000 0.03355 ( 1)  0.342  0.034
 341 Y   0.97298 0.00000 0.02702 ( 1)  0.316  0.027
 342 Y   0.97298 0.00000 0.02702 ( 1)  0.316  0.027
 343 F   0.97394 0.00000 0.02606 ( 1)  0.312  0.026
 344 W   0.92459 0.00000 0.07541 ( 1)  0.510  0.075
 345 D   0.94978 0.00000 0.05022 ( 1)  0.409  0.050
 346 T   0.00121 0.00000 0.99879 ( 3)  4.213  0.999
 347 D   0.46286 0.00000 0.53714 ( 3)  2.362  0.537
 348 Y   0.97298 0.00000 0.02702 ( 1)  0.316  0.027
 349 Q   0.93666 0.00000 0.06334 ( 1)  0.462  0.063
 350 Q   0.41923 0.00000 0.58077 ( 3)  2.537  0.581
 351 G   0.95250 0.00000 0.04750 ( 1)  0.398  0.047
 352 L   0.96731 0.00000 0.03269 ( 1)  0.339  0.033
 353 R   0.96801 0.00000 0.03199 ( 1)  0.336  0.032
 354 S   0.97552 0.00000 0.02448 ( 1)  0.306  0.024
 355 L   0.90972 0.00000 0.09028 ( 1)  0.570  0.090
 356 S   0.94008 0.00000 0.05992 ( 1)  0.448  0.060
 357 E   0.96373 0.00000 0.03627 ( 1)  0.353  0.036
 358 E   0.39563 0.00000 0.60437 ( 3)  2.632  0.604
 359 G   0.95250 0.00000 0.04750 ( 1)  0.398  0.047
 360 A   0.96752 0.00000 0.03248 ( 1)  0.338  0.032
 361 S   0.96637 0.00000 0.03363 ( 1)  0.343  0.034
 362 V   0.47802 0.00000 0.52198 ( 3)  2.301  0.522
 363 E   0.05269 0.00000 0.94731 ( 3)  4.007  0.947
 364 I   0.97311 0.00000 0.02689 ( 1)  0.316  0.027
 365 M   0.97210 0.00000 0.02790 ( 1)  0.320  0.028
 366 G   0.62630 0.00000 0.37370 ( 1)  1.706  0.374
 367 Y   0.62395 0.00000 0.37605 ( 1)  1.716  0.376
 368 E   0.03423 0.00000 0.96577 ( 3)  4.081  0.966
 369 D   0.94978 0.00000 0.05022 ( 1)  0.409  0.050
 370 F   0.93979 0.00000 0.06021 ( 1)  0.449  0.060
 371 K   0.93864 0.00000 0.06136 ( 1)  0.454  0.061
 372 Y   0.93289 0.00000 0.06711 ( 1)  0.477  0.067
 373 C   0.93559 0.00000 0.06441 ( 1)  0.466  0.064
 374 W   0.92459 0.00000 0.07541 ( 1)  0.510  0.075
 375 E   0.93873 0.00000 0.06127 ( 1)  0.454  0.061
 376 N   0.98052 0.00000 0.01948 ( 1)  0.286  0.019
 377 F   0.93979 0.00000 0.06021 ( 1)  0.449  0.060
 378 V   0.95030 0.00000 0.04970 ( 1)  0.407  0.050
 379 Y   0.97298 0.00000 0.02702 ( 1)  0.316  0.027
 380 N   0.95076 0.00000 0.04924 ( 1)  0.405  0.049
 381 G   0.93028 0.00000 0.06972 ( 1)  0.487  0.070
 382 D   0.94978 0.00000 0.05022 ( 1)  0.409  0.050
 383 E   0.96373 0.00000 0.03627 ( 1)  0.353  0.036
 384 P   0.44483 0.00000 0.55517 ( 3)  2.434  0.555
 385 F   0.97394 0.00000 0.02606 ( 1)  0.312  0.026
 386 K   0.96368 0.00000 0.03632 ( 1)  0.353  0.036
 387 P   0.92154 0.00000 0.07846 ( 1)  0.522  0.078
 388 W   0.92459 0.00000 0.07541 ( 1)  0.510  0.075
 389 K   0.96368 0.00000 0.03632 ( 1)  0.353  0.036
 390 G   0.91302 0.00000 0.08698 ( 1)  0.557  0.087
 391 L   0.88262 0.00000 0.11738 ( 1)  0.679  0.117
 392 K   0.93864 0.00000 0.06136 ( 1)  0.454  0.061
 393 Y   0.97298 0.00000 0.02702 ( 1)  0.316  0.027
 394 N   0.98052 0.00000 0.01948 ( 1)  0.286  0.019
 395 F   0.93979 0.00000 0.06021 ( 1)  0.449  0.060
 396 L   0.88262 0.00000 0.11738 ( 1)  0.679  0.117
 397 F   0.97394 0.00000 0.02606 ( 1)  0.312  0.026
 398 L   0.91323 0.00000 0.08677 ( 1)  0.556  0.087
 399 D   0.98052 0.00000 0.01948 ( 1)  0.286  0.019
 400 S   0.97552 0.00000 0.02448 ( 1)  0.306  0.024
 401 K   0.95798 0.00000 0.04202 ( 1)  0.376  0.042
 402 L   0.91323 0.00000 0.08677 ( 1)  0.556  0.087
 403 Q   0.93666 0.00000 0.06334 ( 1)  0.462  0.063
 404 E   0.96373 0.00000 0.03627 ( 1)  0.353  0.036
 405 I   0.93648 0.00000 0.06352 ( 1)  0.463  0.064
 406 L   0.96632 0.00000 0.03368 ( 1)  0.343  0.034
 407 E   0.96364 0.00000 0.03636 ( 1)  0.354  0.036
 408 -   0.82525 0.00000 0.17475 ( 1)  0.909  0.175
 409 -   0.81522 0.00000 0.18478 ( 1)  0.949  0.185
 410 -   0.81522 0.00000 0.18478 ( 1)  0.949  0.185
 411 -   0.81522 0.00000 0.18478 ( 1)  0.949  0.185
 412 -   0.81522 0.00000 0.18478 ( 1)  0.949  0.185
 413 -   0.81522 0.00000 0.18478 ( 1)  0.949  0.185
 414 -   0.81522 0.00000 0.18478 ( 1)  0.949  0.185
 415 -   0.81522 0.00000 0.18478 ( 1)  0.949  0.185
 416 -   0.81522 0.00000 0.18478 ( 1)  0.949  0.185
 417 -   0.81522 0.00000 0.18478 ( 1)  0.949  0.185
 418 -   0.81522 0.00000 0.18478 ( 1)  0.949  0.185
 419 -   0.81522 0.00000 0.18478 ( 1)  0.949  0.185
 420 -   0.81522 0.00000 0.18478 ( 1)  0.949  0.185
 421 -   0.81522 0.00000 0.18478 ( 1)  0.949  0.185
 422 -   0.81522 0.00000 0.18478 ( 1)  0.949  0.185
 423 -   0.81522 0.00000 0.18478 ( 1)  0.949  0.185
 424 -   0.81522 0.00000 0.18478 ( 1)  0.949  0.185
 425 -   0.81522 0.00000 0.18478 ( 1)  0.949  0.185
 426 -   0.81522 0.00000 0.18478 ( 1)  0.949  0.185
 427 -   0.81522 0.00000 0.18478 ( 1)  0.949  0.185
 428 -   0.81522 0.00000 0.18478 ( 1)  0.949  0.185
 429 -   0.81522 0.00000 0.18478 ( 1)  0.949  0.185
 430 -   0.81522 0.00000 0.18478 ( 1)  0.949  0.185
 431 -   0.81522 0.00000 0.18478 ( 1)  0.949  0.185
 432 -   0.81522 0.00000 0.18478 ( 1)  0.949  0.185
 433 -   0.81522 0.00000 0.18478 ( 1)  0.949  0.185
 434 -   0.81522 0.00000 0.18478 ( 1)  0.949  0.185
 435 -   0.81522 0.00000 0.18478 ( 1)  0.949  0.185
 436 -   0.81522 0.00000 0.18478 ( 1)  0.949  0.185
 437 -   0.81522 0.00000 0.18478 ( 1)  0.949  0.185
 438 -   0.81522 0.00000 0.18478 ( 1)  0.949  0.185
 439 -   0.81522 0.00000 0.18478 ( 1)  0.949  0.185
 440 -   0.81522 0.00000 0.18478 ( 1)  0.949  0.185
 441 -   0.81522 0.00000 0.18478 ( 1)  0.949  0.185
 442 -   0.81523 0.00000 0.18477 ( 1)  0.949  0.185
 443 -   0.81522 0.00000 0.18478 ( 1)  0.949  0.185
 444 -   0.81523 0.00000 0.18477 ( 1)  0.949  0.185
 445 -   0.81523 0.00000 0.18477 ( 1)  0.949  0.185
 446 -   0.81523 0.00000 0.18477 ( 1)  0.949  0.185
 447 -   0.81523 0.00000 0.18477 ( 1)  0.949  0.185
 448 -   0.81523 0.00000 0.18477 ( 1)  0.949  0.185
 449 -   0.81522 0.00000 0.18478 ( 1)  0.949  0.185
 450 -   0.81522 0.00000 0.18478 ( 1)  0.949  0.185
 451 -   0.81523 0.00000 0.18477 ( 1)  0.949  0.185
 452 -   0.81522 0.00000 0.18478 ( 1)  0.949  0.185
 453 -   0.81523 0.00000 0.18477 ( 1)  0.949  0.185
 454 -   0.81523 0.00000 0.18477 ( 1)  0.949  0.185
 455 -   0.81522 0.00000 0.18478 ( 1)  0.949  0.185
 456 -   0.81523 0.00000 0.18477 ( 1)  0.949  0.185
 457 -   0.81523 0.00000 0.18477 ( 1)  0.949  0.185
 458 -   0.81523 0.00000 0.18477 ( 1)  0.949  0.185
 459 -   0.81523 0.00000 0.18477 ( 1)  0.949  0.185
 460 -   0.81523 0.00000 0.18477 ( 1)  0.949  0.185
 461 -   0.81523 0.00000 0.18477 ( 1)  0.949  0.185
 462 -   0.81523 0.00000 0.18477 ( 1)  0.949  0.185
 463 -   0.81523 0.00000 0.18477 ( 1)  0.949  0.185
 464 -   0.81523 0.00000 0.18477 ( 1)  0.949  0.185
 465 -   0.81523 0.00000 0.18477 ( 1)  0.949  0.185
 466 -   0.81522 0.00000 0.18478 ( 1)  0.949  0.185
 467 -   0.81523 0.00000 0.18477 ( 1)  0.949  0.185
 468 -   0.81522 0.00000 0.18478 ( 1)  0.949  0.185
 469 -   0.81523 0.00000 0.18477 ( 1)  0.949  0.185
 470 -   0.81523 0.00000 0.18477 ( 1)  0.949  0.185
 471 -   0.81523 0.00000 0.18477 ( 1)  0.949  0.185
 472 -   0.81523 0.00000 0.18477 ( 1)  0.949  0.185
 473 -   0.81523 0.00000 0.18477 ( 1)  0.949  0.185
 474 -   0.81523 0.00000 0.18477 ( 1)  0.949  0.185
 475 -   0.81523 0.00000 0.18477 ( 1)  0.949  0.185
 476 -   0.81523 0.00000 0.18477 ( 1)  0.949  0.185
 477 -   0.81522 0.00000 0.18478 ( 1)  0.949  0.185
 478 -   0.81523 0.00000 0.18477 ( 1)  0.949  0.185
 479 -   0.82389 0.00000 0.17611 ( 1)  0.914  0.176
 480 -   0.82609 0.00000 0.17391 ( 1)  0.905  0.174
 481 -   0.82061 0.00000 0.17939 ( 1)  0.927  0.179
 482 -   0.81522 0.00000 0.18478 ( 1)  0.949  0.185
 483 -   0.81522 0.00000 0.18478 ( 1)  0.949  0.185
 484 -   0.81522 0.00000 0.18478 ( 1)  0.949  0.185
 485 -   0.81522 0.00000 0.18478 ( 1)  0.949  0.185
 486 -   0.81522 0.00000 0.18478 ( 1)  0.949  0.185
 487 -   0.81522 0.00000 0.18478 ( 1)  0.949  0.185
 488 -   0.81522 0.00000 0.18478 ( 1)  0.949  0.185
 489 -   0.81522 0.00000 0.18478 ( 1)  0.949  0.185
 490 -   0.81522 0.00000 0.18478 ( 1)  0.949  0.185
 491 -   0.81522 0.00000 0.18478 ( 1)  0.949  0.185
 492 -   0.81522 0.00000 0.18478 ( 1)  0.949  0.185
 493 -   0.81522 0.00000 0.18478 ( 1)  0.949  0.185
 494 -   0.81522 0.00000 0.18478 ( 1)  0.949  0.185
 495 -   0.81522 0.00000 0.18478 ( 1)  0.949  0.185
 496 -   0.81522 0.00000 0.18478 ( 1)  0.949  0.185
 497 -   0.81522 0.00000 0.18478 ( 1)  0.949  0.185
 498 -   0.81522 0.00000 0.18478 ( 1)  0.949  0.185
 499 -   0.81522 0.00000 0.18478 ( 1)  0.949  0.185
 500 -   0.81522 0.00000 0.18478 ( 1)  0.949  0.185
 501 -   0.81522 0.00000 0.18478 ( 1)  0.949  0.185
 502 -   0.81522 0.00000 0.18478 ( 1)  0.949  0.185
 503 -   0.81522 0.00000 0.18478 ( 1)  0.949  0.185
 504 -   0.81522 0.00000 0.18478 ( 1)  0.949  0.185
 505 -   0.81522 0.00000 0.18478 ( 1)  0.949  0.185
 506 -   0.81522 0.00000 0.18478 ( 1)  0.949  0.185
 507 -   0.81522 0.00000 0.18478 ( 1)  0.949  0.185
 508 -   0.81522 0.00000 0.18478 ( 1)  0.949  0.185
 509 -   0.81522 0.00000 0.18478 ( 1)  0.949  0.185
 510 -   0.81522 0.00000 0.18478 ( 1)  0.949  0.185
 511 -   0.81522 0.00000 0.18478 ( 1)  0.949  0.185
 512 -   0.81522 0.00000 0.18478 ( 1)  0.949  0.185
 513 -   0.81522 0.00000 0.18478 ( 1)  0.949  0.185
 514 -   0.81522 0.00000 0.18478 ( 1)  0.949  0.185
 515 -   0.81522 0.00000 0.18478 ( 1)  0.949  0.185
 516 -   0.81522 0.00000 0.18478 ( 1)  0.949  0.185
 517 -   0.81522 0.00000 0.18478 ( 1)  0.949  0.185
 518 -   0.81522 0.00000 0.18478 ( 1)  0.949  0.185
 519 -   0.81522 0.00000 0.18478 ( 1)  0.949  0.185
 520 -   0.81522 0.00000 0.18478 ( 1)  0.949  0.185
 521 -   0.81522 0.00000 0.18478 ( 1)  0.949  0.185
 522 -   0.81522 0.00000 0.18478 ( 1)  0.949  0.185
 523 -   0.81522 0.00000 0.18478 ( 1)  0.949  0.185
 524 -   0.81522 0.00000 0.18478 ( 1)  0.949  0.185
 525 -   0.81522 0.00000 0.18478 ( 1)  0.949  0.185
 526 -   0.81522 0.00000 0.18478 ( 1)  0.949  0.185
 527 -   0.81522 0.00000 0.18478 ( 1)  0.949  0.185
 528 -   0.81522 0.00000 0.18478 ( 1)  0.949  0.185
 529 -   0.81522 0.00000 0.18478 ( 1)  0.949  0.185
 530 -   0.81522 0.00000 0.18478 ( 1)  0.949  0.185
 531 -   0.81522 0.00000 0.18478 ( 1)  0.949  0.185
 532 -   0.81522 0.00000 0.18478 ( 1)  0.949  0.185
 533 -   0.81522 0.00000 0.18478 ( 1)  0.949  0.185
 534 -   0.81522 0.00000 0.18478 ( 1)  0.949  0.185
 535 -   0.81522 0.00000 0.18478 ( 1)  0.949  0.185
 536 -   0.81522 0.00000 0.18478 ( 1)  0.949  0.185
 537 -   0.81522 0.00000 0.18478 ( 1)  0.949  0.185
 538 -   0.81522 0.00000 0.18478 ( 1)  0.949  0.185
 539 -   0.81522 0.00000 0.18478 ( 1)  0.949  0.185
 540 -   0.81522 0.00000 0.18478 ( 1)  0.949  0.185
 541 -   0.81522 0.00000 0.18478 ( 1)  0.949  0.185
 542 -   0.81522 0.00000 0.18478 ( 1)  0.949  0.185
 543 -   0.81522 0.00000 0.18478 ( 1)  0.949  0.185
 544 -   0.81522 0.00000 0.18478 ( 1)  0.949  0.185
 545 -   0.83462 0.00000 0.16538 ( 1)  0.871  0.165
 546 -   0.18481 0.00000 0.81519 ( 3)  3.477  0.815
 547 -   0.82525 0.00000 0.17475 ( 1)  0.909  0.175
 548 -   0.81523 0.00000 0.18477 ( 1)  0.949  0.185
 549 -   0.81523 0.00000 0.18477 ( 1)  0.949  0.185
 550 -   0.81523 0.00000 0.18477 ( 1)  0.949  0.185
 551 -   0.81523 0.00000 0.18477 ( 1)  0.949  0.185
 552 -   0.81523 0.00000 0.18477 ( 1)  0.949  0.185
 553 -   0.81522 0.00000 0.18478 ( 1)  0.949  0.185
 554 -   0.81522 0.00000 0.18478 ( 1)  0.949  0.185
 555 -   0.81522 0.00000 0.18478 ( 1)  0.949  0.185
 556 -   0.81522 0.00000 0.18478 ( 1)  0.949  0.185
 557 -   0.81522 0.00000 0.18478 ( 1)  0.949  0.185
 558 -   0.81522 0.00000 0.18478 ( 1)  0.949  0.185
 559 -   0.81522 0.00000 0.18478 ( 1)  0.949  0.185
 560 -   0.81522 0.00000 0.18478 ( 1)  0.949  0.185
 561 -   0.81522 0.00000 0.18478 ( 1)  0.949  0.185
 562 -   0.81522 0.00000 0.18478 ( 1)  0.949  0.185
 563 -   0.81522 0.00000 0.18478 ( 1)  0.949  0.185
 564 -   0.81522 0.00000 0.18478 ( 1)  0.949  0.185
 565 -   0.81522 0.00000 0.18478 ( 1)  0.949  0.185
 566 -   0.81522 0.00000 0.18478 ( 1)  0.949  0.185
 567 -   0.81522 0.00000 0.18478 ( 1)  0.949  0.185
 568 -   0.81522 0.00000 0.18478 ( 1)  0.949  0.185
 569 -   0.81522 0.00000 0.18478 ( 1)  0.949  0.185
 570 -   0.81522 0.00000 0.18478 ( 1)  0.949  0.185
 571 -   0.81522 0.00000 0.18478 ( 1)  0.949  0.185
 572 -   0.81522 0.00000 0.18478 ( 1)  0.949  0.185
 573 -   0.81522 0.00000 0.18478 ( 1)  0.949  0.185
 574 -   0.81522 0.00000 0.18478 ( 1)  0.949  0.185
 575 -   0.81522 0.00000 0.18478 ( 1)  0.949  0.185
 576 -   0.81522 0.00000 0.18478 ( 1)  0.949  0.185
 577 -   0.81522 0.00000 0.18478 ( 1)  0.949  0.185
 578 -   0.81522 0.00000 0.18478 ( 1)  0.949  0.185
 579 -   0.81522 0.00000 0.18478 ( 1)  0.949  0.185
 580 -   0.81522 0.00000 0.18478 ( 1)  0.949  0.185
 581 -   0.81522 0.00000 0.18478 ( 1)  0.949  0.185
 582 -   0.81522 0.00000 0.18478 ( 1)  0.949  0.185
 583 -   0.81522 0.00000 0.18478 ( 1)  0.949  0.185
 584 -   0.81522 0.00000 0.18478 ( 1)  0.949  0.185
 585 -   0.81522 0.00000 0.18478 ( 1)  0.949  0.185
 586 -   0.81522 0.00000 0.18478 ( 1)  0.949  0.185
 587 -   0.81522 0.00000 0.18478 ( 1)  0.949  0.185
 588 -   0.81522 0.00000 0.18478 ( 1)  0.949  0.185
 589 -   0.81522 0.00000 0.18478 ( 1)  0.949  0.185
 590 -   0.81522 0.00000 0.18478 ( 1)  0.949  0.185
 591 -   0.81522 0.00000 0.18478 ( 1)  0.949  0.185
 592 -   0.81522 0.00000 0.18478 ( 1)  0.949  0.185
 593 -   0.81522 0.00000 0.18478 ( 1)  0.949  0.185
 594 -   0.81522 0.00000 0.18478 ( 1)  0.949  0.185
 595 -   0.81522 0.00000 0.18478 ( 1)  0.949  0.185
 596 -   0.81522 0.00000 0.18478 ( 1)  0.949  0.185
 597 -   0.81522 0.00000 0.18478 ( 1)  0.949  0.185
 598 -   0.81522 0.00000 0.18478 ( 1)  0.949  0.185
 599 -   0.81523 0.00000 0.18477 ( 1)  0.949  0.185
 600 -   0.81523 0.00000 0.18477 ( 1)  0.949  0.185
 601 -   0.81523 0.00000 0.18477 ( 1)  0.949  0.185
 602 -   0.81523 0.00000 0.18477 ( 1)  0.949  0.185
 603 -   0.81522 0.00000 0.18478 ( 1)  0.949  0.185
 604 -   0.81523 0.00000 0.18477 ( 1)  0.949  0.185
 605 -   0.81523 0.00000 0.18477 ( 1)  0.949  0.185
 606 -   0.81523 0.00000 0.18477 ( 1)  0.949  0.185
 607 -   0.81522 0.00000 0.18478 ( 1)  0.949  0.185
 608 -   0.81523 0.00000 0.18477 ( 1)  0.949  0.185
 609 -   0.81523 0.00000 0.18477 ( 1)  0.949  0.185
 610 -   0.81523 0.00000 0.18477 ( 1)  0.949  0.185
 611 -   0.81523 0.00000 0.18477 ( 1)  0.949  0.185
 612 -   0.81523 0.00000 0.18477 ( 1)  0.949  0.185
 613 -   0.81523 0.00000 0.18477 ( 1)  0.949  0.185
 614 -   0.81523 0.00000 0.18477 ( 1)  0.949  0.185
 615 -   0.81523 0.00000 0.18477 ( 1)  0.949  0.185
 616 -   0.81523 0.00000 0.18477 ( 1)  0.949  0.185
 617 -   0.81523 0.00000 0.18477 ( 1)  0.949  0.185
 618 -   0.81523 0.00000 0.18477 ( 1)  0.949  0.185
 619 -   0.81523 0.00000 0.18477 ( 1)  0.949  0.185
 620 -   0.81523 0.00000 0.18477 ( 1)  0.949  0.185
 621 -   0.81522 0.00000 0.18478 ( 1)  0.949  0.185
 622 -   0.81522 0.00000 0.18478 ( 1)  0.949  0.185
 623 -   0.81523 0.00000 0.18477 ( 1)  0.949  0.185
 624 -   0.81522 0.00000 0.18478 ( 1)  0.949  0.185
 625 -   0.81523 0.00000 0.18477 ( 1)  0.949  0.185
 626 -   0.81523 0.00000 0.18477 ( 1)  0.949  0.185
 627 -   0.81523 0.00000 0.18477 ( 1)  0.949  0.185
 628 -   0.81523 0.00000 0.18477 ( 1)  0.949  0.185
 629 -   0.81523 0.00000 0.18477 ( 1)  0.949  0.185
 630 -   0.81522 0.00000 0.18478 ( 1)  0.949  0.185
 631 -   0.81523 0.00000 0.18477 ( 1)  0.949  0.185
 632 -   0.81523 0.00000 0.18477 ( 1)  0.949  0.185
 633 -   0.81522 0.00000 0.18478 ( 1)  0.949  0.185
 634 -   0.81523 0.00000 0.18477 ( 1)  0.949  0.185
 635 -   0.81523 0.00000 0.18477 ( 1)  0.949  0.185
 636 -   0.81523 0.00000 0.18477 ( 1)  0.949  0.185
 637 -   0.81523 0.00000 0.18477 ( 1)  0.949  0.185
 638 -   0.81522 0.00000 0.18478 ( 1)  0.949  0.185
 639 -   0.81523 0.00000 0.18477 ( 1)  0.949  0.185
 640 -   0.81523 0.00000 0.18477 ( 1)  0.949  0.185
 641 -   0.81523 0.00000 0.18477 ( 1)  0.949  0.185
 642 -   0.81523 0.00000 0.18477 ( 1)  0.949  0.185
 643 -   0.81523 0.00000 0.18477 ( 1)  0.949  0.185
 644 -   0.81523 0.00000 0.18477 ( 1)  0.949  0.185
 645 -   0.81523 0.00000 0.18477 ( 1)  0.949  0.185
 646 -   0.81522 0.00000 0.18478 ( 1)  0.949  0.185
 647 -   0.81523 0.00000 0.18477 ( 1)  0.949  0.185
 648 -   0.81523 0.00000 0.18477 ( 1)  0.949  0.185
 649 -   0.81523 0.00000 0.18477 ( 1)  0.949  0.185
 650 -   0.81523 0.00000 0.18477 ( 1)  0.949  0.185
 651 -   0.81523 0.00000 0.18477 ( 1)  0.949  0.185
 652 -   0.81523 0.00000 0.18477 ( 1)  0.949  0.185
 653 -   0.81522 0.00000 0.18478 ( 1)  0.949  0.185
 654 -   0.81523 0.00000 0.18477 ( 1)  0.949  0.185
 655 -   0.81522 0.00000 0.18478 ( 1)  0.949  0.185
 656 -   0.81522 0.00000 0.18478 ( 1)  0.949  0.185
 657 -   0.81522 0.00000 0.18478 ( 1)  0.949  0.185
 658 -   0.81523 0.00000 0.18477 ( 1)  0.949  0.185
 659 -   0.81523 0.00000 0.18477 ( 1)  0.949  0.185
 660 -   0.81523 0.00000 0.18477 ( 1)  0.949  0.185
 661 -   0.81523 0.00000 0.18477 ( 1)  0.949  0.185
 662 -   0.81523 0.00000 0.18477 ( 1)  0.949  0.185
 663 -   0.81523 0.00000 0.18477 ( 1)  0.949  0.185
 664 -   0.81523 0.00000 0.18477 ( 1)  0.949  0.185
 665 -   0.81523 0.00000 0.18477 ( 1)  0.949  0.185
 666 -   0.81523 0.00000 0.18477 ( 1)  0.949  0.185
 667 -   0.81523 0.00000 0.18477 ( 1)  0.949  0.185
 668 -   0.81523 0.00000 0.18477 ( 1)  0.949  0.185
 669 -   0.81523 0.00000 0.18477 ( 1)  0.949  0.185
 670 -   0.81523 0.00000 0.18477 ( 1)  0.949  0.185
 671 -   0.81522 0.00000 0.18478 ( 1)  0.949  0.185
 672 -   0.81523 0.00000 0.18477 ( 1)  0.949  0.185
 673 -   0.81523 0.00000 0.18477 ( 1)  0.949  0.185
 674 -   0.81523 0.00000 0.18477 ( 1)  0.949  0.185
 675 -   0.81523 0.00000 0.18477 ( 1)  0.949  0.185
 676 -   0.81522 0.00000 0.18478 ( 1)  0.949  0.185
 677 -   0.81523 0.00000 0.18477 ( 1)  0.949  0.185
 678 -   0.81523 0.00000 0.18477 ( 1)  0.949  0.185
 679 -   0.81522 0.00000 0.18478 ( 1)  0.949  0.185
 680 -   0.81523 0.00000 0.18477 ( 1)  0.949  0.185
 681 -   0.81523 0.00000 0.18477 ( 1)  0.949  0.185
 682 -   0.81522 0.00000 0.18478 ( 1)  0.949  0.185
 683 -   0.81523 0.00000 0.18477 ( 1)  0.949  0.185
 684 -   0.81523 0.00000 0.18477 ( 1)  0.949  0.185
 685 -   0.81523 0.00000 0.18477 ( 1)  0.949  0.185
 686 -   0.81523 0.00000 0.18477 ( 1)  0.949  0.185
 687 -   0.81522 0.00000 0.18478 ( 1)  0.949  0.185
 688 -   0.81523 0.00000 0.18477 ( 1)  0.949  0.185
 689 -   0.81523 0.00000 0.18477 ( 1)  0.949  0.185
 690 -   0.81523 0.00000 0.18477 ( 1)  0.949  0.185
 691 -   0.81523 0.00000 0.18477 ( 1)  0.949  0.185
 692 -   0.81523 0.00000 0.18477 ( 1)  0.949  0.185
 693 -   0.81523 0.00000 0.18477 ( 1)  0.949  0.185
 694 -   0.81523 0.00000 0.18477 ( 1)  0.949  0.185
 695 -   0.81522 0.00000 0.18478 ( 1)  0.949  0.185
 696 -   0.81523 0.00000 0.18477 ( 1)  0.949  0.185
 697 -   0.81523 0.00000 0.18477 ( 1)  0.949  0.185
 698 -   0.81522 0.00000 0.18478 ( 1)  0.949  0.185
 699 -   0.81523 0.00000 0.18477 ( 1)  0.949  0.185
 700 -   0.81522 0.00000 0.18478 ( 1)  0.949  0.185
 701 -   0.81522 0.00000 0.18478 ( 1)  0.949  0.185
 702 -   0.81523 0.00000 0.18477 ( 1)  0.949  0.185
 703 -   0.81522 0.00000 0.18478 ( 1)  0.949  0.185
 704 -   0.81523 0.00000 0.18477 ( 1)  0.949  0.185

Positively selected sites

	Prob(w>1)  mean w

     4 P      0.967*        4.086
     5 Y      0.928         3.931
    45 Q      0.731         3.138
    48 Q      0.982*        4.145
    49 R      0.996**       4.203
    72 E      0.574         2.509
    84 G      0.926         3.922
    85 A      0.977*        4.124
    93 Y      0.599         2.610
    95 E      0.998**       4.210
    97 Q      0.574         2.510
   107 W      0.999**       4.213
   115 A      0.622         2.701
   131 P      0.575         2.514
   135 G      0.998**       4.211
   138 A      0.997**       4.205
   161 E      0.897         3.806
   162 T      0.675         2.914
   164 Y      0.955*        4.039
   169 C      0.925         3.916
   172 R      0.969*        4.092
   183 D      0.998**       4.212
   198 G      0.969*        4.092
   208 D      0.518         2.284
   216 S      1.000**       4.218
   228 T      0.662         2.864
   230 Y      0.600         2.614
   232 H      1.000**       4.217
   233 T      0.975*        4.116
   250 T      0.997**       4.206
   251 W      0.627         2.723
   256 V      0.933         3.949
   259 I      0.529         2.328
   261 H      0.577         2.520
   262 C      0.996**       4.201
   268 K      0.949         4.014
   269 R      0.960*        4.059
   277 D      0.529         2.330
   281 H      0.556         2.438
   296 I      0.964*        4.073
   301 T      0.665         2.873
   302 N      0.925         3.917
   304 Q      0.967*        4.085
   315 L      0.723         3.108
   316 D      0.506         2.238
   332 K      0.998**       4.208
   336 F      0.537         2.360
   346 T      0.999**       4.213
   347 D      0.537         2.362
   350 Q      0.581         2.537
   358 E      0.604         2.632
   362 V      0.522         2.301
   363 E      0.947         4.007
   368 E      0.966*        4.081
   384 P      0.555         2.434
   546 -      0.815         3.477


lnL = -3930.677114

Bayes Empirical Bayes (BEB) probabilities for 3 classes (class) & postmean_w
(amino acids refer to 1st sequence: colAngPal_LOC105527770_XM_011964207)

   1 M   0.84372 0.13206 0.02421 ( 1)  0.359 +-  0.683
   2 K   0.30874 0.34289 0.34837 ( 3)  1.941 +-  1.912
   3 P   0.78149 0.15317 0.06534 ( 1)  0.556 +-  1.079
   4 P   0.02162 0.12811 0.85027 ( 3)  4.150 +-  1.657
   5 Y   0.04710 0.22323 0.72967 ( 3)  3.618 +-  1.867
   6 R   0.78475 0.15247 0.06277 ( 1)  0.544 +-  1.058
   7 -   0.68062 0.16289 0.15649 ( 1)  0.981 +-  1.622
   8 -   0.68062 0.16289 0.15649 ( 1)  0.981 +-  1.622
   9 -   0.68062 0.16289 0.15649 ( 1)  0.981 +-  1.622
  10 -   0.68062 0.16289 0.15649 ( 1)  0.981 +-  1.622
  11 -   0.68062 0.16289 0.15649 ( 1)  0.981 +-  1.622
  12 -   0.68062 0.16289 0.15649 ( 1)  0.981 +-  1.622
  13 -   0.68062 0.16289 0.15649 ( 1)  0.981 +-  1.622
  14 -   0.68062 0.16289 0.15649 ( 1)  0.981 +-  1.622
  15 -   0.68062 0.16289 0.15649 ( 1)  0.981 +-  1.622
  16 -   0.68062 0.16289 0.15649 ( 1)  0.981 +-  1.622
  17 -   0.68062 0.16289 0.15649 ( 1)  0.981 +-  1.622
  18 -   0.68062 0.16289 0.15649 ( 1)  0.981 +-  1.622
  19 -   0.68062 0.16289 0.15649 ( 1)  0.981 +-  1.622
  20 -   0.68062 0.16289 0.15649 ( 1)  0.981 +-  1.622
  21 -   0.68062 0.16289 0.15649 ( 1)  0.981 +-  1.622
  22 -   0.68062 0.16289 0.15649 ( 1)  0.981 +-  1.622
  23 -   0.68062 0.16289 0.15649 ( 1)  0.981 +-  1.622
  24 -   0.68215 0.16288 0.15497 ( 1)  0.974 +-  1.615
  25 -   0.68215 0.16288 0.15497 ( 1)  0.974 +-  1.615
  26 -   0.68125 0.16289 0.15586 ( 1)  0.978 +-  1.619
  27 -   0.68126 0.16289 0.15585 ( 1)  0.978 +-  1.619
  28 -   0.68215 0.16288 0.15497 ( 1)  0.974 +-  1.615
  29 -   0.68137 0.16289 0.15574 ( 1)  0.978 +-  1.618
  30 -   0.68169 0.16289 0.15542 ( 1)  0.976 +-  1.617
  31 -   0.68155 0.16289 0.15556 ( 1)  0.977 +-  1.618
  32 -   0.68141 0.16289 0.15570 ( 1)  0.977 +-  1.618
  33 -   0.68238 0.16288 0.15474 ( 1)  0.973 +-  1.614
  34 -   0.68137 0.16289 0.15574 ( 1)  0.978 +-  1.618
  35 -   0.68138 0.16289 0.15573 ( 1)  0.978 +-  1.618
  36 -   0.68152 0.16289 0.15559 ( 1)  0.977 +-  1.618
  37 -   0.68215 0.16288 0.15497 ( 1)  0.974 +-  1.615
  38 -   0.68169 0.16289 0.15542 ( 1)  0.976 +-  1.617
  39 -   0.68155 0.16289 0.15556 ( 1)  0.977 +-  1.618
  40 -   0.68101 0.16289 0.15610 ( 1)  0.979 +-  1.620
  41 N   0.85874 0.12388 0.01738 ( 1)  0.323 +-  0.593
  42 T   0.77282 0.15493 0.07225 ( 1)  0.588 +-  1.131
  43 V   0.81398 0.14408 0.04193 ( 1)  0.446 +-  0.876
  44 E   0.83155 0.13739 0.03106 ( 1)  0.393 +-  0.763
  45 Q   0.16180 0.22742 0.61078 ( 3)  3.097 +-  2.100
  46 M   0.84680 0.13061 0.02260 ( 1)  0.351 +-  0.662
  47 Y   0.79661 0.14937 0.05402 ( 1)  0.503 +-  0.986
  48 Q   0.01147 0.07860 0.90993 ( 3)  4.414 +-  1.485
  49 R   0.00313 0.06659 0.93028 ( 3)  4.488 +-  1.381
  50 T   0.77527 0.15448 0.07026 ( 1)  0.579 +-  1.116
  51 F   0.85002 0.12882 0.02116 ( 1)  0.343 +-  0.644
  52 F   0.85002 0.12882 0.02116 ( 1)  0.343 +-  0.644
  53 Y   0.84890 0.12917 0.02192 ( 1)  0.347 +-  0.654
  54 N   0.86188 0.12214 0.01598 ( 1)  0.316 +-  0.572
  55 F   0.80428 0.14735 0.04837 ( 1)  0.476 +-  0.936
  56 N   0.81616 0.14348 0.04037 ( 1)  0.438 +-  0.860
  57 N   0.86188 0.12214 0.01598 ( 1)  0.316 +-  0.572
  58 R   0.78738 0.15189 0.06073 ( 1)  0.535 +-  1.042
  59 P   0.83512 0.13607 0.02881 ( 1)  0.382 +-  0.737
  60 I   0.84870 0.12948 0.02181 ( 1)  0.347 +-  0.652
  61 L   0.78822 0.15160 0.06017 ( 1)  0.532 +-  1.038
  62 S   0.78687 0.15196 0.06118 ( 1)  0.537 +-  1.046
  63 R   0.78882 0.15152 0.05966 ( 1)  0.529 +-  1.033
  64 R   0.80822 0.14610 0.04569 ( 1)  0.464 +-  0.911
  65 N   0.81616 0.14348 0.04037 ( 1)  0.438 +-  0.860
  66 T   0.83982 0.13391 0.02627 ( 1)  0.369 +-  0.708
  67 V   0.84305 0.13224 0.02472 ( 1)  0.361 +-  0.689
  68 W   0.78736 0.15186 0.06078 ( 1)  0.535 +-  1.042
  69 L   0.77540 0.15437 0.07023 ( 1)  0.579 +-  1.116
  70 C   0.84868 0.12962 0.02170 ( 1)  0.346 +-  0.651
  71 Y   0.84890 0.12917 0.02192 ( 1)  0.347 +-  0.654
  72 E   0.24932 0.30355 0.44713 ( 3)  2.370 +-  2.045
  73 V   0.81697 0.14311 0.03992 ( 1)  0.436 +-  0.856
  74 K   0.80297 0.14772 0.04931 ( 1)  0.481 +-  0.944
  75 T   0.77527 0.15448 0.07026 ( 1)  0.579 +-  1.116
  76 R   0.82606 0.13988 0.03405 ( 1)  0.408 +-  0.795
  77 G   0.84418 0.13182 0.02400 ( 1)  0.358 +-  0.680
  78 P   0.83512 0.13607 0.02881 ( 1)  0.382 +-  0.737
  79 S   0.75935 0.15721 0.08344 ( 1)  0.641 +-  1.211
  80 M   0.35136 0.36679 0.28185 ( 2)  1.656 +-  1.773
  81 P   0.82457 0.14035 0.03508 ( 1)  0.413 +-  0.807
  82 T   0.78823 0.15164 0.06014 ( 1)  0.532 +-  1.037
  83 W   0.78736 0.15186 0.06078 ( 1)  0.535 +-  1.042
  84 G   0.04869 0.22908 0.72223 ( 3)  3.584 +-  1.873
  85 A   0.01500 0.09701 0.88799 ( 3)  4.317 +-  1.555
  86 K   0.83457 0.13617 0.02926 ( 1)  0.384 +-  0.743
  87 I   0.84870 0.12948 0.02181 ( 1)  0.347 +-  0.652
  88 F   0.80428 0.14735 0.04837 ( 1)  0.476 +-  0.936
  89 R   0.74699 0.15896 0.09406 ( 1)  0.690 +-  1.282
  90 G   0.84581 0.13105 0.02314 ( 1)  0.354 +-  0.669
  91 Q   0.80074 0.14834 0.05092 ( 1)  0.488 +-  0.959
  92 V   0.81579 0.14350 0.04071 ( 1)  0.440 +-  0.864
  93 Y   0.23584 0.29285 0.47131 ( 3)  2.477 +-  2.067
  94 F   0.34220 0.36162 0.29618 ( 2)  1.717 +-  1.807
  95 E   0.00157 0.03868 0.95975 ( 3)  4.620 +-  1.266
  96 P   0.78445 0.15253 0.06302 ( 1)  0.545 +-  1.060
  97 Q   0.24920 0.30345 0.44736 ( 3)  2.371 +-  2.045
  98 Y   0.34044 0.36016 0.29940 ( 2)  1.731 +-  1.815
  99 H   0.85863 0.12409 0.01728 ( 1)  0.323 +-  0.591
 100 A   0.77536 0.15445 0.07018 ( 1)  0.579 +-  1.116
 101 E   0.80309 0.14768 0.04923 ( 1)  0.480 +-  0.944
 102 M   0.84680 0.13061 0.02260 ( 1)  0.351 +-  0.662
 103 C   0.84868 0.12962 0.02170 ( 1)  0.346 +-  0.651
 104 F   0.85002 0.12882 0.02116 ( 1)  0.343 +-  0.644
 105 L   0.83975 0.13387 0.02638 ( 1)  0.370 +-  0.709
 106 S   0.78687 0.15196 0.06118 ( 1)  0.537 +-  1.046
 107 W   0.00090 0.02476 0.97435 ( 3)  4.682 +-  1.198
 108 F   0.85002 0.12882 0.02116 ( 1)  0.343 +-  0.644
 109 C   0.79946 0.14877 0.05178 ( 1)  0.492 +-  0.966
 110 G   0.84581 0.13105 0.02314 ( 1)  0.354 +-  0.669
 111 N   0.86188 0.12214 0.01598 ( 1)  0.316 +-  0.572
 112 Q   0.80074 0.14834 0.05092 ( 1)  0.488 +-  0.959
 113 L   0.77528 0.15421 0.07050 ( 1)  0.580 +-  1.119
 114 P   0.78408 0.15262 0.06330 ( 1)  0.547 +-  1.063
 115 A   0.22357 0.28336 0.49306 ( 3)  2.573 +-  2.081
 116 Y   0.84890 0.12917 0.02192 ( 1)  0.347 +-  0.654
 117 K   0.83457 0.13617 0.02926 ( 1)  0.384 +-  0.743
 118 C   0.33397 0.35796 0.30807 ( 2)  1.767 +-  1.832
 119 F   0.85002 0.12882 0.02116 ( 1)  0.343 +-  0.644
 120 Q   0.80074 0.14834 0.05092 ( 1)  0.488 +-  0.959
 121 I   0.84870 0.12948 0.02181 ( 1)  0.347 +-  0.652
 122 T   0.83982 0.13391 0.02627 ( 1)  0.369 +-  0.708
 123 W   0.78736 0.15186 0.06078 ( 1)  0.535 +-  1.042
 124 F   0.80428 0.14735 0.04837 ( 1)  0.476 +-  0.936
 125 V   0.77808 0.15386 0.06807 ( 1)  0.569 +-  1.100
 126 S   0.83826 0.13461 0.02712 ( 1)  0.374 +-  0.718
 127 W   0.78736 0.15186 0.06078 ( 1)  0.535 +-  1.042
 128 T   0.32333 0.35197 0.32470 ( 2)  1.839 +-  1.866
 129 P   0.83512 0.13607 0.02881 ( 1)  0.382 +-  0.737
 130 C   0.84868 0.12962 0.02170 ( 1)  0.346 +-  0.651
 131 P   0.24869 0.30303 0.44828 ( 3)  2.375 +-  2.046
 132 D   0.86191 0.12212 0.01597 ( 1)  0.316 +-  0.572
 133 C   0.79946 0.14877 0.05178 ( 1)  0.492 +-  0.966
 134 V   0.81697 0.14311 0.03992 ( 1)  0.436 +-  0.856
 135 G   0.00134 0.03413 0.96453 ( 3)  4.640 +-  1.244
 136 K   0.83337 0.13656 0.03008 ( 1)  0.388 +-  0.753
 137 V   0.81697 0.14311 0.03992 ( 1)  0.436 +-  0.856
 138 A   0.00260 0.05784 0.93956 ( 3)  4.530 +-  1.347
 139 E   0.80309 0.14768 0.04923 ( 1)  0.480 +-  0.944
 140 F   0.85002 0.12882 0.02116 ( 1)  0.343 +-  0.644
 141 L   0.74990 0.15852 0.09157 ( 1)  0.678 +-  1.266
 142 A   0.78834 0.15161 0.06006 ( 1)  0.531 +-  1.036
 143 E   0.83464 0.13614 0.02922 ( 1)  0.384 +-  0.743
 144 H   0.85863 0.12409 0.01728 ( 1)  0.323 +-  0.591
 145 P   0.78408 0.15262 0.06330 ( 1)  0.547 +-  1.063
 146 N   0.81616 0.14348 0.04037 ( 1)  0.438 +-  0.860
 147 V   0.84305 0.13224 0.02472 ( 1)  0.361 +-  0.689
 148 T   0.83982 0.13391 0.02627 ( 1)  0.369 +-  0.708
 149 L   0.77540 0.15437 0.07023 ( 1)  0.579 +-  1.116
 150 T   0.83982 0.13391 0.02627 ( 1)  0.369 +-  0.708
 151 I   0.84870 0.12948 0.02181 ( 1)  0.347 +-  0.652
 152 S   0.80729 0.14611 0.04659 ( 1)  0.468 +-  0.921
 153 A   0.83531 0.13590 0.02879 ( 1)  0.382 +-  0.737
 154 A   0.83994 0.13385 0.02621 ( 1)  0.369 +-  0.707
 155 R   0.84055 0.13363 0.02582 ( 1)  0.367 +-  0.702
 156 L   0.83975 0.13387 0.02638 ( 1)  0.370 +-  0.709
 157 Y   0.84890 0.12917 0.02192 ( 1)  0.347 +-  0.654
 158 Y   0.84890 0.12917 0.02192 ( 1)  0.347 +-  0.654
 159 Y   0.84890 0.12917 0.02192 ( 1)  0.347 +-  0.654
 160 W   0.78736 0.15186 0.06078 ( 1)  0.535 +-  1.042
 161 E   0.06596 0.16857 0.76548 ( 3)  3.773 +-  1.878
 162 T   0.19410 0.25831 0.54759 ( 3)  2.814 +-  2.103
 163 D   0.81622 0.14345 0.04032 ( 1)  0.438 +-  0.860
 164 Y   0.02967 0.16172 0.80861 ( 3)  3.965 +-  1.747
 165 R   0.83590 0.13523 0.02887 ( 1)  0.382 +-  0.740
 166 R   0.82606 0.13988 0.03405 ( 1)  0.408 +-  0.795
 167 A   0.81389 0.14426 0.04185 ( 1)  0.445 +-  0.875
 168 L   0.83975 0.13387 0.02638 ( 1)  0.370 +-  0.709
 169 C   0.04976 0.23277 0.71746 ( 3)  3.563 +-  1.877
 170 R   0.82606 0.13988 0.03405 ( 1)  0.408 +-  0.795
 171 L   0.77540 0.15437 0.07023 ( 1)  0.579 +-  1.116
 172 R   0.02059 0.12367 0.85574 ( 3)  4.174 +-  1.643
 173 Q   0.80074 0.14834 0.05092 ( 1)  0.488 +-  0.959
 174 A   0.77536 0.15445 0.07018 ( 1)  0.579 +-  1.116
 175 G   0.81957 0.14229 0.03814 ( 1)  0.427 +-  0.838
 176 A   0.80185 0.14808 0.05008 ( 1)  0.484 +-  0.951
 177 R   0.28872 0.33058 0.38070 ( 3)  2.081 +-  1.965
 178 V   0.81697 0.14311 0.03992 ( 1)  0.436 +-  0.856
 179 K   0.83457 0.13617 0.02926 ( 1)  0.384 +-  0.743
 180 I   0.84870 0.12948 0.02181 ( 1)  0.347 +-  0.652
 181 M   0.84680 0.13061 0.02260 ( 1)  0.351 +-  0.662
 182 D   0.86191 0.12212 0.01597 ( 1)  0.316 +-  0.572
 183 D   0.00120 0.03116 0.96764 ( 3)  4.654 +-  1.230
 184 E   0.80309 0.14768 0.04923 ( 1)  0.480 +-  0.944
 185 E   0.80309 0.14768 0.04923 ( 1)  0.480 +-  0.944
 186 F   0.80428 0.14735 0.04837 ( 1)  0.476 +-  0.936
 187 A   0.77536 0.15445 0.07018 ( 1)  0.579 +-  1.116
 188 Y   0.84890 0.12917 0.02192 ( 1)  0.347 +-  0.654
 189 C   0.84868 0.12962 0.02170 ( 1)  0.346 +-  0.651
 190 W   0.78736 0.15186 0.06078 ( 1)  0.535 +-  1.042
 191 E   0.80309 0.14768 0.04923 ( 1)  0.480 +-  0.944
 192 N   0.86188 0.12214 0.01598 ( 1)  0.316 +-  0.572
 193 F   0.80428 0.14735 0.04837 ( 1)  0.476 +-  0.936
 194 V   0.81697 0.14311 0.03992 ( 1)  0.436 +-  0.856
 195 Y   0.84890 0.12917 0.02192 ( 1)  0.347 +-  0.654
 196 N   0.81616 0.14348 0.04037 ( 1)  0.438 +-  0.860
 197 E   0.80309 0.14768 0.04923 ( 1)  0.480 +-  0.944
 198 G   0.02060 0.12371 0.85569 ( 3)  4.174 +-  1.644
 199 Q   0.80074 0.14834 0.05092 ( 1)  0.488 +-  0.959
 200 S   0.75935 0.15721 0.08344 ( 1)  0.641 +-  1.211
 201 F   0.85002 0.12882 0.02116 ( 1)  0.343 +-  0.644
 202 M   0.34688 0.36447 0.28865 ( 2)  1.685 +-  1.789
 203 P   0.78408 0.15262 0.06330 ( 1)  0.547 +-  1.063
 204 W   0.78736 0.15186 0.06078 ( 1)  0.535 +-  1.042
 205 D   0.86191 0.12212 0.01597 ( 1)  0.316 +-  0.572
 206 K   0.80297 0.14772 0.04931 ( 1)  0.481 +-  0.944
 207 F   0.85002 0.12882 0.02116 ( 1)  0.343 +-  0.644
 208 D   0.27859 0.32446 0.39695 ( 3)  2.151 +-  1.986
 209 D   0.86191 0.12212 0.01597 ( 1)  0.316 +-  0.572
 210 N   0.81616 0.14348 0.04037 ( 1)  0.438 +-  0.860
 211 Y   0.79661 0.14937 0.05402 ( 1)  0.503 +-  0.986
 212 A   0.77536 0.15445 0.07018 ( 1)  0.579 +-  1.116
 213 F   0.85002 0.12882 0.02116 ( 1)  0.343 +-  0.644
 214 L   0.77540 0.15437 0.07023 ( 1)  0.579 +-  1.116
 215 H   0.85863 0.12409 0.01728 ( 1)  0.323 +-  0.591
 216 S   0.00001 0.00201 0.99799 ( 3)  4.775 +-  1.065
 217 K   0.31964 0.34958 0.33078 ( 2)  1.865 +-  1.879
 218 L   0.74456 0.15925 0.09620 ( 1)  0.700 +-  1.295
 219 K   0.83457 0.13617 0.02926 ( 1)  0.384 +-  0.743
 220 E   0.83464 0.13614 0.02922 ( 1)  0.384 +-  0.743
 221 I   0.80053 0.14841 0.05106 ( 1)  0.489 +-  0.960
 222 L   0.83975 0.13387 0.02638 ( 1)  0.370 +-  0.709
 223 R   0.78738 0.15189 0.06073 ( 1)  0.535 +-  1.042
 224 N   0.86188 0.12214 0.01598 ( 1)  0.316 +-  0.572
 225 P   0.78105 0.15322 0.06573 ( 1)  0.558 +-  1.082
 226 M   0.34948 0.36581 0.28471 ( 2)  1.668 +-  1.780
 227 E   0.83464 0.13614 0.02922 ( 1)  0.384 +-  0.743
 228 T   0.20111 0.26426 0.53463 ( 3)  2.757 +-  2.100
 229 M   0.33455 0.35814 0.30731 ( 2)  1.764 +-  1.830
 230 Y   0.23519 0.29235 0.47246 ( 3)  2.482 +-  2.068
 231 P   0.77140 0.15523 0.07338 ( 1)  0.594 +-  1.140
 232 H   0.00019 0.01593 0.98388 ( 3)  4.718 +-  1.144
 233 T   0.01659 0.10568 0.87773 ( 3)  4.271 +-  1.584
 234 F   0.85002 0.12882 0.02116 ( 1)  0.343 +-  0.644
 235 Y   0.84890 0.12917 0.02192 ( 1)  0.347 +-  0.654
 236 F   0.85002 0.12882 0.02116 ( 1)  0.343 +-  0.644
 237 H   0.85863 0.12409 0.01728 ( 1)  0.323 +-  0.591
 238 F   0.80428 0.14735 0.04837 ( 1)  0.476 +-  0.936
 239 K   0.80297 0.14772 0.04931 ( 1)  0.481 +-  0.944
 240 N   0.86188 0.12214 0.01598 ( 1)  0.316 +-  0.572
 241 L   0.74456 0.15925 0.09620 ( 1)  0.700 +-  1.295
 242 R   0.80822 0.14610 0.04569 ( 1)  0.464 +-  0.911
 243 K   0.80297 0.14772 0.04931 ( 1)  0.481 +-  0.944
 244 A   0.83994 0.13385 0.02621 ( 1)  0.369 +-  0.707
 245 Y   0.79661 0.14937 0.05402 ( 1)  0.503 +-  0.986
 246 G   0.79357 0.15032 0.05611 ( 1)  0.513 +-  1.004
 247 R   0.80822 0.14610 0.04569 ( 1)  0.464 +-  0.911
 248 N   0.85797 0.12431 0.01772 ( 1)  0.325 +-  0.597
 249 E   0.80309 0.14768 0.04923 ( 1)  0.480 +-  0.944
 250 T   0.00246 0.05529 0.94226 ( 3)  4.542 +-  1.337
 251 W   0.22054 0.28092 0.49854 ( 3)  2.597 +-  2.084
 252 L   0.77540 0.15437 0.07023 ( 1)  0.579 +-  1.116
 253 C   0.84868 0.12962 0.02170 ( 1)  0.346 +-  0.651
 254 F   0.85002 0.12882 0.02116 ( 1)  0.343 +-  0.644
 255 T   0.83982 0.13391 0.02627 ( 1)  0.369 +-  0.708
 256 V   0.04464 0.21635 0.73901 ( 3)  3.657 +-  1.853
 257 E   0.80309 0.14768 0.04923 ( 1)  0.480 +-  0.944
 258 I   0.80053 0.14841 0.05106 ( 1)  0.489 +-  0.960
 259 I   0.27291 0.32072 0.40637 ( 3)  2.192 +-  1.998
 260 K   0.83457 0.13617 0.02926 ( 1)  0.384 +-  0.743
 261 H   0.24785 0.30250 0.44965 ( 3)  2.381 +-  2.047
 262 C   0.00349 0.07267 0.92385 ( 3)  4.459 +-  1.403
 263 S   0.75935 0.15721 0.08344 ( 1)  0.641 +-  1.211
 264 T   0.78823 0.15164 0.06014 ( 1)  0.532 +-  1.037
 265 V   0.84305 0.13224 0.02472 ( 1)  0.361 +-  0.689
 266 S   0.83826 0.13461 0.02712 ( 1)  0.374 +-  0.718
 267 W   0.78736 0.15186 0.06078 ( 1)  0.535 +-  1.042
 268 K   0.03402 0.17883 0.78715 ( 3)  3.869 +-  1.784
 269 R   0.02642 0.14921 0.82438 ( 3)  4.034 +-  1.714
 270 G   0.84581 0.13105 0.02314 ( 1)  0.354 +-  0.669
 271 V   0.84305 0.13224 0.02472 ( 1)  0.361 +-  0.689
 272 F   0.85002 0.12882 0.02116 ( 1)  0.343 +-  0.644
 273 R   0.74699 0.15896 0.09406 ( 1)  0.690 +-  1.282
 274 N   0.86188 0.12214 0.01598 ( 1)  0.316 +-  0.572
 275 Q   0.80074 0.14834 0.05092 ( 1)  0.488 +-  0.959
 276 V   0.81827 0.14272 0.03900 ( 1)  0.432 +-  0.847
 277 D   0.27265 0.32033 0.40702 ( 3)  2.195 +-  2.000
 278 P   0.78408 0.15262 0.06330 ( 1)  0.547 +-  1.063
 279 E   0.31566 0.34712 0.33722 ( 2)  1.893 +-  1.891
 280 T   0.33757 0.35894 0.30349 ( 2)  1.748 +-  1.823
 281 H   0.25857 0.31036 0.43108 ( 3)  2.300 +-  2.028
 282 C   0.80061 0.14841 0.05098 ( 1)  0.489 +-  0.959
 283 H   0.81239 0.14478 0.04283 ( 1)  0.450 +-  0.884
 284 A   0.77536 0.15445 0.07018 ( 1)  0.579 +-  1.116
 285 E   0.80309 0.14768 0.04923 ( 1)  0.480 +-  0.944
 286 R   0.29954 0.33826 0.36220 ( 3)  2.000 +-  1.933
 287 C   0.84868 0.12962 0.02170 ( 1)  0.346 +-  0.651
 288 F   0.85002 0.12882 0.02116 ( 1)  0.343 +-  0.644
 289 L   0.83975 0.13387 0.02638 ( 1)  0.370 +-  0.709
 290 S   0.81345 0.14447 0.04207 ( 1)  0.446 +-  0.877
 291 W   0.78736 0.15186 0.06078 ( 1)  0.535 +-  1.042
 292 F   0.85002 0.12882 0.02116 ( 1)  0.343 +-  0.644
 293 C   0.35529 0.36887 0.27584 ( 2)  1.630 +-  1.758
 294 E   0.33140 0.35594 0.31266 ( 2)  1.787 +-  1.843
 295 D   0.39575 0.38486 0.21939 ( 1)  1.391 +-  1.604
 296 I   0.02393 0.13860 0.83747 ( 3)  4.092 +-  1.686
 297 L   0.77540 0.15437 0.07023 ( 1)  0.579 +-  1.116
 298 S   0.78889 0.15147 0.05964 ( 1)  0.529 +-  1.033
 299 P   0.78408 0.15262 0.06330 ( 1)  0.547 +-  1.063
 300 N   0.38703 0.38138 0.23158 ( 1)  1.442 +-  1.641
 301 T   0.19980 0.26320 0.53700 ( 3)  2.767 +-  2.100
 302 N   0.04952 0.23185 0.71863 ( 3)  3.568 +-  1.877
 303 Y   0.84890 0.12917 0.02192 ( 1)  0.347 +-  0.654
 304 Q   0.02184 0.12914 0.84902 ( 3)  4.144 +-  1.660
 305 V   0.84305 0.13224 0.02472 ( 1)  0.361 +-  0.689
 306 T   0.83982 0.13391 0.02627 ( 1)  0.369 +-  0.708
 307 W   0.78736 0.15186 0.06078 ( 1)  0.535 +-  1.042
 308 Y   0.84890 0.12917 0.02192 ( 1)  0.347 +-  0.654
 309 T   0.77527 0.15448 0.07026 ( 1)  0.579 +-  1.116
 310 S   0.78687 0.15196 0.06118 ( 1)  0.537 +-  1.046
 311 W   0.78736 0.15186 0.06078 ( 1)  0.535 +-  1.042
 312 S   0.85237 0.12773 0.01990 ( 1)  0.337 +-  0.627
 313 P   0.78408 0.15262 0.06330 ( 1)  0.547 +-  1.063
 314 C   0.84308 0.13229 0.02464 ( 1)  0.361 +-  0.688
 315 L   0.16630 0.23194 0.60176 ( 3)  3.056 +-  2.102
 316 D   0.28450 0.32833 0.38717 ( 3)  2.109 +-  1.973
 317 C   0.79946 0.14877 0.05178 ( 1)  0.492 +-  0.966
 318 A   0.77536 0.15445 0.07018 ( 1)  0.579 +-  1.116
 319 G   0.81957 0.14229 0.03814 ( 1)  0.427 +-  0.838
 320 E   0.83106 0.13747 0.03147 ( 1)  0.395 +-  0.768
 321 V   0.81697 0.14311 0.03992 ( 1)  0.436 +-  0.856
 322 A   0.83319 0.13683 0.02997 ( 1)  0.388 +-  0.751
 323 E   0.83464 0.13614 0.02922 ( 1)  0.384 +-  0.743
 324 F   0.85002 0.12882 0.02116 ( 1)  0.343 +-  0.644
 325 L   0.77540 0.15437 0.07023 ( 1)  0.579 +-  1.116
 326 A   0.83994 0.13385 0.02621 ( 1)  0.369 +-  0.707
 327 R   0.82606 0.13988 0.03405 ( 1)  0.408 +-  0.795
 328 H   0.38271 0.38035 0.23694 ( 1)  1.465 +-  1.655
 329 S   0.81770 0.14244 0.03986 ( 1)  0.435 +-  0.857
 330 N   0.82828 0.13810 0.03363 ( 1)  0.405 +-  0.793
 331 V   0.81697 0.14311 0.03992 ( 1)  0.436 +-  0.856
 332 K   0.00192 0.04546 0.95262 ( 3)  4.588 +-  1.296
 333 L   0.83975 0.13387 0.02638 ( 1)  0.370 +-  0.709
 334 A   0.33469 0.35847 0.30684 ( 2)  1.762 +-  1.829
 335 I   0.84870 0.12948 0.02181 ( 1)  0.347 +-  0.652
 336 F   0.26872 0.31744 0.41384 ( 3)  2.225 +-  2.009
 337 A   0.28771 0.33031 0.38198 ( 3)  2.086 +-  1.965
 338 A   0.83994 0.13385 0.02621 ( 1)  0.369 +-  0.707
 339 R   0.84055 0.13363 0.02582 ( 1)  0.367 +-  0.702
 340 L   0.83850 0.13443 0.02707 ( 1)  0.373 +-  0.717
 341 Y   0.84890 0.12917 0.02192 ( 1)  0.347 +-  0.654
 342 Y   0.84890 0.12917 0.02192 ( 1)  0.347 +-  0.654
 343 F   0.85002 0.12882 0.02116 ( 1)  0.343 +-  0.644
 344 W   0.78736 0.15186 0.06078 ( 1)  0.535 +-  1.042
 345 D   0.81622 0.14345 0.04032 ( 1)  0.438 +-  0.860
 346 T   0.00085 0.02368 0.97547 ( 3)  4.687 +-  1.192
 347 D   0.26849 0.31715 0.41436 ( 3)  2.227 +-  2.010
 348 Y   0.84890 0.12917 0.02192 ( 1)  0.347 +-  0.654
 349 Q   0.80074 0.14834 0.05092 ( 1)  0.488 +-  0.959
 350 Q   0.24563 0.30078 0.45360 ( 3)  2.399 +-  2.051
 351 G   0.81957 0.14229 0.03814 ( 1)  0.427 +-  0.838
 352 L   0.83975 0.13387 0.02638 ( 1)  0.370 +-  0.709
 353 R   0.84055 0.13363 0.02582 ( 1)  0.367 +-  0.702
 354 S   0.85237 0.12773 0.01990 ( 1)  0.337 +-  0.627
 355 L   0.77174 0.15510 0.07316 ( 1)  0.593 +-  1.138
 356 S   0.80455 0.14733 0.04812 ( 1)  0.475 +-  0.934
 357 E   0.83464 0.13614 0.02922 ( 1)  0.384 +-  0.743
 358 E   0.23295 0.29079 0.47626 ( 3)  2.499 +-  2.070
 359 G   0.81957 0.14229 0.03814 ( 1)  0.427 +-  0.838
 360 A   0.83994 0.13385 0.02621 ( 1)  0.369 +-  0.707
 361 S   0.83826 0.13461 0.02712 ( 1)  0.374 +-  0.718
 362 V   0.27636 0.32259 0.40105 ( 3)  2.169 +-  1.993
 363 E   0.03502 0.18198 0.78299 ( 3)  3.852 +-  1.792
 364 I   0.84870 0.12948 0.02181 ( 1)  0.347 +-  0.652
 365 M   0.84680 0.13061 0.02260 ( 1)  0.351 +-  0.662
 366 G   0.35128 0.36657 0.28215 ( 2)  1.657 +-  1.773
 367 Y   0.35028 0.36451 0.28521 ( 2)  1.670 +-  1.784
 368 E   0.02253 0.13220 0.84526 ( 3)  4.127 +-  1.669
 369 D   0.81622 0.14345 0.04033 ( 1)  0.438 +-  0.860
 370 F   0.80428 0.14735 0.04838 ( 1)  0.476 +-  0.936
 371 K   0.80297 0.14772 0.04931 ( 1)  0.481 +-  0.944
 372 Y   0.79661 0.14937 0.05402 ( 1)  0.503 +-  0.986
 373 C   0.79945 0.14877 0.05178 ( 1)  0.492 +-  0.966
 374 W   0.78735 0.15186 0.06078 ( 1)  0.535 +-  1.042
 375 E   0.80308 0.14768 0.04923 ( 1)  0.480 +-  0.944
 376 N   0.86187 0.12215 0.01598 ( 1)  0.316 +-  0.572
 377 F   0.80428 0.14735 0.04838 ( 1)  0.476 +-  0.936
 378 V   0.81697 0.14311 0.03992 ( 1)  0.436 +-  0.856
 379 Y   0.84890 0.12918 0.02193 ( 1)  0.347 +-  0.654
 380 N   0.81758 0.14286 0.03956 ( 1)  0.434 +-  0.853
 381 G   0.79356 0.15032 0.05612 ( 1)  0.513 +-  1.004
 382 D   0.81622 0.14345 0.04033 ( 1)  0.438 +-  0.860
 383 E   0.83464 0.13614 0.02923 ( 1)  0.384 +-  0.743
 384 P   0.25913 0.31079 0.43008 ( 3)  2.296 +-  2.027
 385 F   0.85002 0.12882 0.02116 ( 1)  0.343 +-  0.644
 386 K   0.83457 0.13617 0.02926 ( 1)  0.384 +-  0.743
 387 P   0.78408 0.15262 0.06330 ( 1)  0.547 +-  1.063
 388 W   0.78735 0.15186 0.06078 ( 1)  0.535 +-  1.042
 389 K   0.83457 0.13617 0.02926 ( 1)  0.384 +-  0.743
 390 G   0.77513 0.15449 0.07039 ( 1)  0.580 +-  1.117
 391 L   0.74455 0.15925 0.09620 ( 1)  0.700 +-  1.295
 392 K   0.80297 0.14772 0.04931 ( 1)  0.481 +-  0.944
 393 Y   0.84890 0.12918 0.02193 ( 1)  0.347 +-  0.654
 394 N   0.86187 0.12215 0.01598 ( 1)  0.316 +-  0.572
 395 F   0.80428 0.14735 0.04838 ( 1)  0.476 +-  0.936
 396 L   0.74455 0.15925 0.09620 ( 1)  0.700 +-  1.295
 397 F   0.85002 0.12882 0.02116 ( 1)  0.343 +-  0.644
 398 L   0.77540 0.15437 0.07023 ( 1)  0.579 +-  1.116
 399 D   0.86190 0.12212 0.01597 ( 1)  0.316 +-  0.572
 400 S   0.85237 0.12773 0.01990 ( 1)  0.337 +-  0.627
 401 K   0.82708 0.13911 0.03382 ( 1)  0.406 +-  0.794
 402 L   0.77540 0.15437 0.07023 ( 1)  0.579 +-  1.116
 403 Q   0.80074 0.14834 0.05092 ( 1)  0.488 +-  0.959
 404 E   0.83464 0.13614 0.02923 ( 1)  0.384 +-  0.743
 405 I   0.80053 0.14841 0.05106 ( 1)  0.489 +-  0.960
 406 L   0.83831 0.13452 0.02717 ( 1)  0.374 +-  0.719
 407 E   0.83453 0.13617 0.02930 ( 1)  0.384 +-  0.743
 408 -   0.68996 0.16278 0.14726 ( 1)  0.938 +-  1.578
 409 -   0.68062 0.16289 0.15649 ( 1)  0.981 +-  1.622
 410 -   0.68062 0.16289 0.15649 ( 1)  0.981 +-  1.622
 411 -   0.68062 0.16289 0.15649 ( 1)  0.981 +-  1.622
 412 -   0.68062 0.16289 0.15649 ( 1)  0.981 +-  1.622
 413 -   0.68062 0.16289 0.15649 ( 1)  0.981 +-  1.622
 414 -   0.68062 0.16289 0.15649 ( 1)  0.981 +-  1.622
 415 -   0.68062 0.16289 0.15649 ( 1)  0.981 +-  1.622
 416 -   0.68062 0.16289 0.15649 ( 1)  0.981 +-  1.622
 417 -   0.68062 0.16289 0.15649 ( 1)  0.981 +-  1.622
 418 -   0.68062 0.16289 0.15649 ( 1)  0.981 +-  1.622
 419 -   0.68062 0.16289 0.15649 ( 1)  0.981 +-  1.622
 420 -   0.68062 0.16289 0.15649 ( 1)  0.981 +-  1.622
 421 -   0.68062 0.16289 0.15649 ( 1)  0.981 +-  1.622
 422 -   0.68062 0.16289 0.15649 ( 1)  0.981 +-  1.622
 423 -   0.68062 0.16289 0.15649 ( 1)  0.981 +-  1.622
 424 -   0.68062 0.16289 0.15649 ( 1)  0.981 +-  1.622
 425 -   0.68062 0.16289 0.15649 ( 1)  0.981 +-  1.622
 426 -   0.68062 0.16289 0.15649 ( 1)  0.981 +-  1.622
 427 -   0.68062 0.16289 0.15649 ( 1)  0.981 +-  1.622
 428 -   0.68062 0.16289 0.15649 ( 1)  0.981 +-  1.622
 429 -   0.68062 0.16289 0.15649 ( 1)  0.981 +-  1.622
 430 -   0.68062 0.16289 0.15649 ( 1)  0.981 +-  1.622
 431 -   0.68062 0.16289 0.15649 ( 1)  0.981 +-  1.622
 432 -   0.68062 0.16289 0.15649 ( 1)  0.981 +-  1.622
 433 -   0.68062 0.16289 0.15649 ( 1)  0.981 +-  1.622
 434 -   0.68062 0.16289 0.15649 ( 1)  0.981 +-  1.622
 435 -   0.68062 0.16289 0.15649 ( 1)  0.981 +-  1.622
 436 -   0.68062 0.16289 0.15649 ( 1)  0.981 +-  1.622
 437 -   0.68062 0.16289 0.15649 ( 1)  0.981 +-  1.622
 438 -   0.68062 0.16289 0.15649 ( 1)  0.981 +-  1.622
 439 -   0.68062 0.16289 0.15649 ( 1)  0.981 +-  1.622
 440 -   0.68062 0.16289 0.15649 ( 1)  0.981 +-  1.622
 441 -   0.68062 0.16289 0.15649 ( 1)  0.981 +-  1.622
 442 -   0.68062 0.16289 0.15649 ( 1)  0.981 +-  1.622
 443 -   0.68062 0.16289 0.15649 ( 1)  0.981 +-  1.622
 444 -   0.68062 0.16289 0.15649 ( 1)  0.981 +-  1.622
 445 -   0.68062 0.16289 0.15649 ( 1)  0.981 +-  1.622
 446 -   0.68062 0.16289 0.15649 ( 1)  0.981 +-  1.622
 447 -   0.68062 0.16289 0.15648 ( 1)  0.981 +-  1.622
 448 -   0.68062 0.16289 0.15649 ( 1)  0.981 +-  1.622
 449 -   0.68062 0.16289 0.15649 ( 1)  0.981 +-  1.622
 450 -   0.68062 0.16289 0.15649 ( 1)  0.981 +-  1.622
 451 -   0.68062 0.16289 0.15649 ( 1)  0.981 +-  1.622
 452 -   0.68062 0.16289 0.15649 ( 1)  0.981 +-  1.622
 453 -   0.68062 0.16289 0.15649 ( 1)  0.981 +-  1.622
 454 -   0.68062 0.16289 0.15649 ( 1)  0.981 +-  1.622
 455 -   0.68062 0.16289 0.15649 ( 1)  0.981 +-  1.622
 456 -   0.68062 0.16289 0.15648 ( 1)  0.981 +-  1.622
 457 -   0.68062 0.16289 0.15649 ( 1)  0.981 +-  1.622
 458 -   0.68062 0.16289 0.15649 ( 1)  0.981 +-  1.622
 459 -   0.68062 0.16289 0.15649 ( 1)  0.981 +-  1.622
 460 -   0.68062 0.16289 0.15649 ( 1)  0.981 +-  1.622
 461 -   0.68062 0.16289 0.15649 ( 1)  0.981 +-  1.622
 462 -   0.68062 0.16289 0.15649 ( 1)  0.981 +-  1.622
 463 -   0.68062 0.16289 0.15648 ( 1)  0.981 +-  1.622
 464 -   0.68062 0.16289 0.15648 ( 1)  0.981 +-  1.622
 465 -   0.68062 0.16289 0.15649 ( 1)  0.981 +-  1.622
 466 -   0.68062 0.16289 0.15649 ( 1)  0.981 +-  1.622
 467 -   0.68062 0.16289 0.15648 ( 1)  0.981 +-  1.622
 468 -   0.68062 0.16289 0.15649 ( 1)  0.981 +-  1.622
 469 -   0.68062 0.16289 0.15649 ( 1)  0.981 +-  1.622
 470 -   0.68062 0.16289 0.15649 ( 1)  0.981 +-  1.622
 471 -   0.68062 0.16289 0.15649 ( 1)  0.981 +-  1.622
 472 -   0.68062 0.16289 0.15649 ( 1)  0.981 +-  1.622
 473 -   0.68062 0.16289 0.15649 ( 1)  0.981 +-  1.622
 474 -   0.68062 0.16289 0.15649 ( 1)  0.981 +-  1.622
 475 -   0.68062 0.16289 0.15649 ( 1)  0.981 +-  1.622
 476 -   0.68062 0.16289 0.15649 ( 1)  0.981 +-  1.622
 477 -   0.68062 0.16289 0.15649 ( 1)  0.981 +-  1.622
 478 -   0.68062 0.16289 0.15649 ( 1)  0.981 +-  1.622
 479 -   0.68869 0.16281 0.14851 ( 1)  0.944 +-  1.584
 480 -   0.69074 0.16276 0.14649 ( 1)  0.934 +-  1.574
 481 -   0.68563 0.16223 0.15214 ( 1)  0.961 +-  1.604
 482 -   0.68062 0.16289 0.15649 ( 1)  0.981 +-  1.622
 483 -   0.68062 0.16289 0.15649 ( 1)  0.981 +-  1.622
 484 -   0.68062 0.16289 0.15649 ( 1)  0.981 +-  1.622
 485 -   0.68062 0.16289 0.15649 ( 1)  0.981 +-  1.622
 486 -   0.68062 0.16289 0.15649 ( 1)  0.981 +-  1.622
 487 -   0.68062 0.16289 0.15649 ( 1)  0.981 +-  1.622
 488 -   0.68062 0.16289 0.15649 ( 1)  0.981 +-  1.622
 489 -   0.68062 0.16289 0.15649 ( 1)  0.981 +-  1.622
 490 -   0.68062 0.16289 0.15649 ( 1)  0.981 +-  1.622
 491 -   0.68062 0.16289 0.15649 ( 1)  0.981 +-  1.622
 492 -   0.68062 0.16289 0.15649 ( 1)  0.981 +-  1.622
 493 -   0.68062 0.16289 0.15649 ( 1)  0.981 +-  1.622
 494 -   0.68062 0.16289 0.15649 ( 1)  0.981 +-  1.622
 495 -   0.68062 0.16289 0.15649 ( 1)  0.981 +-  1.622
 496 -   0.68062 0.16289 0.15649 ( 1)  0.981 +-  1.622
 497 -   0.68062 0.16289 0.15649 ( 1)  0.981 +-  1.622
 498 -   0.68062 0.16289 0.15649 ( 1)  0.981 +-  1.622
 499 -   0.68062 0.16289 0.15649 ( 1)  0.981 +-  1.622
 500 -   0.68062 0.16289 0.15649 ( 1)  0.981 +-  1.622
 501 -   0.68062 0.16289 0.15649 ( 1)  0.981 +-  1.622
 502 -   0.68062 0.16289 0.15649 ( 1)  0.981 +-  1.622
 503 -   0.68062 0.16289 0.15649 ( 1)  0.981 +-  1.622
 504 -   0.68062 0.16289 0.15649 ( 1)  0.981 +-  1.622
 505 -   0.68062 0.16289 0.15649 ( 1)  0.981 +-  1.622
 506 -   0.68062 0.16289 0.15649 ( 1)  0.981 +-  1.622
 507 -   0.68062 0.16289 0.15649 ( 1)  0.981 +-  1.622
 508 -   0.68062 0.16289 0.15649 ( 1)  0.981 +-  1.622
 509 -   0.68062 0.16289 0.15649 ( 1)  0.981 +-  1.622
 510 -   0.68062 0.16289 0.15649 ( 1)  0.981 +-  1.622
 511 -   0.68062 0.16289 0.15649 ( 1)  0.981 +-  1.622
 512 -   0.68062 0.16289 0.15649 ( 1)  0.981 +-  1.622
 513 -   0.68062 0.16289 0.15649 ( 1)  0.981 +-  1.622
 514 -   0.68062 0.16289 0.15649 ( 1)  0.981 +-  1.622
 515 -   0.68062 0.16289 0.15649 ( 1)  0.981 +-  1.622
 516 -   0.68062 0.16289 0.15649 ( 1)  0.981 +-  1.622
 517 -   0.68062 0.16289 0.15649 ( 1)  0.981 +-  1.622
 518 -   0.68062 0.16289 0.15649 ( 1)  0.981 +-  1.622
 519 -   0.68062 0.16289 0.15649 ( 1)  0.981 +-  1.622
 520 -   0.68062 0.16289 0.15649 ( 1)  0.981 +-  1.622
 521 -   0.68062 0.16289 0.15649 ( 1)  0.981 +-  1.622
 522 -   0.68062 0.16289 0.15649 ( 1)  0.981 +-  1.622
 523 -   0.68062 0.16289 0.15649 ( 1)  0.981 +-  1.622
 524 -   0.68062 0.16289 0.15649 ( 1)  0.981 +-  1.622
 525 -   0.68062 0.16289 0.15649 ( 1)  0.981 +-  1.622
 526 -   0.68062 0.16289 0.15649 ( 1)  0.981 +-  1.622
 527 -   0.68062 0.16289 0.15649 ( 1)  0.981 +-  1.622
 528 -   0.68062 0.16289 0.15649 ( 1)  0.981 +-  1.622
 529 -   0.68062 0.16289 0.15649 ( 1)  0.981 +-  1.622
 530 -   0.68062 0.16289 0.15649 ( 1)  0.981 +-  1.622
 531 -   0.68062 0.16289 0.15649 ( 1)  0.981 +-  1.622
 532 -   0.68062 0.16289 0.15649 ( 1)  0.981 +-  1.622
 533 -   0.68062 0.16289 0.15649 ( 1)  0.981 +-  1.622
 534 -   0.68062 0.16289 0.15649 ( 1)  0.981 +-  1.622
 535 -   0.68062 0.16289 0.15649 ( 1)  0.981 +-  1.622
 536 -   0.68062 0.16289 0.15649 ( 1)  0.981 +-  1.622
 537 -   0.68062 0.16289 0.15649 ( 1)  0.981 +-  1.622
 538 -   0.68062 0.16289 0.15649 ( 1)  0.981 +-  1.622
 539 -   0.68062 0.16289 0.15649 ( 1)  0.981 +-  1.622
 540 -   0.68062 0.16289 0.15649 ( 1)  0.981 +-  1.622
 541 -   0.68062 0.16289 0.15649 ( 1)  0.981 +-  1.622
 542 -   0.68062 0.16289 0.15649 ( 1)  0.981 +-  1.622
 543 -   0.68062 0.16289 0.15649 ( 1)  0.981 +-  1.622
 544 -   0.68062 0.16289 0.15649 ( 1)  0.981 +-  1.622
 545 -   0.69873 0.16253 0.13873 ( 1)  0.898 +-  1.536
 546 -   0.11086 0.17236 0.71678 ( 3)  3.574 +-  2.020
 547 -   0.68996 0.16278 0.14726 ( 1)  0.938 +-  1.578
 548 -   0.68062 0.16289 0.15649 ( 1)  0.981 +-  1.622
 549 -   0.68062 0.16289 0.15649 ( 1)  0.981 +-  1.622
 550 -   0.68062 0.16289 0.15649 ( 1)  0.981 +-  1.622
 551 -   0.68062 0.16289 0.15649 ( 1)  0.981 +-  1.622
 552 -   0.68062 0.16289 0.15649 ( 1)  0.981 +-  1.622
 553 -   0.68062 0.16289 0.15649 ( 1)  0.981 +-  1.622
 554 -   0.68062 0.16289 0.15649 ( 1)  0.981 +-  1.622
 555 -   0.68062 0.16289 0.15649 ( 1)  0.981 +-  1.622
 556 -   0.68062 0.16289 0.15649 ( 1)  0.981 +-  1.622
 557 -   0.68062 0.16289 0.15649 ( 1)  0.981 +-  1.622
 558 -   0.68062 0.16289 0.15649 ( 1)  0.981 +-  1.622
 559 -   0.68062 0.16289 0.15649 ( 1)  0.981 +-  1.622
 560 -   0.68062 0.16289 0.15649 ( 1)  0.981 +-  1.622
 561 -   0.68062 0.16289 0.15649 ( 1)  0.981 +-  1.622
 562 -   0.68062 0.16289 0.15649 ( 1)  0.981 +-  1.622
 563 -   0.68062 0.16289 0.15649 ( 1)  0.981 +-  1.622
 564 -   0.68062 0.16289 0.15649 ( 1)  0.981 +-  1.622
 565 -   0.68062 0.16289 0.15649 ( 1)  0.981 +-  1.622
 566 -   0.68062 0.16289 0.15649 ( 1)  0.981 +-  1.622
 567 -   0.68062 0.16289 0.15649 ( 1)  0.981 +-  1.622
 568 -   0.68062 0.16289 0.15649 ( 1)  0.981 +-  1.622
 569 -   0.68062 0.16289 0.15649 ( 1)  0.981 +-  1.622
 570 -   0.68062 0.16289 0.15649 ( 1)  0.981 +-  1.622
 571 -   0.68062 0.16289 0.15649 ( 1)  0.981 +-  1.622
 572 -   0.68062 0.16289 0.15649 ( 1)  0.981 +-  1.622
 573 -   0.68062 0.16289 0.15649 ( 1)  0.981 +-  1.622
 574 -   0.68062 0.16289 0.15649 ( 1)  0.981 +-  1.622
 575 -   0.68062 0.16289 0.15649 ( 1)  0.981 +-  1.622
 576 -   0.68062 0.16289 0.15649 ( 1)  0.981 +-  1.622
 577 -   0.68062 0.16289 0.15649 ( 1)  0.981 +-  1.622
 578 -   0.68062 0.16289 0.15649 ( 1)  0.981 +-  1.622
 579 -   0.68062 0.16289 0.15649 ( 1)  0.981 +-  1.622
 580 -   0.68062 0.16289 0.15649 ( 1)  0.981 +-  1.622
 581 -   0.68062 0.16289 0.15649 ( 1)  0.981 +-  1.622
 582 -   0.68062 0.16289 0.15649 ( 1)  0.981 +-  1.622
 583 -   0.68062 0.16289 0.15649 ( 1)  0.981 +-  1.622
 584 -   0.68062 0.16289 0.15649 ( 1)  0.981 +-  1.622
 585 -   0.68062 0.16289 0.15649 ( 1)  0.981 +-  1.622
 586 -   0.68062 0.16289 0.15649 ( 1)  0.981 +-  1.622
 587 -   0.68062 0.16289 0.15649 ( 1)  0.981 +-  1.622
 588 -   0.68062 0.16289 0.15649 ( 1)  0.981 +-  1.622
 589 -   0.68062 0.16289 0.15649 ( 1)  0.981 +-  1.622
 590 -   0.68062 0.16289 0.15649 ( 1)  0.981 +-  1.622
 591 -   0.68062 0.16289 0.15649 ( 1)  0.981 +-  1.622
 592 -   0.68062 0.16289 0.15649 ( 1)  0.981 +-  1.622
 593 -   0.68062 0.16289 0.15649 ( 1)  0.981 +-  1.622
 594 -   0.68062 0.16289 0.15649 ( 1)  0.981 +-  1.622
 595 -   0.68062 0.16289 0.15649 ( 1)  0.981 +-  1.622
 596 -   0.68062 0.16289 0.15649 ( 1)  0.981 +-  1.622
 597 -   0.68062 0.16289 0.15649 ( 1)  0.981 +-  1.622
 598 -   0.68062 0.16289 0.15649 ( 1)  0.981 +-  1.622
 599 -   0.68062 0.16289 0.15649 ( 1)  0.981 +-  1.622
 600 -   0.68062 0.16289 0.15649 ( 1)  0.981 +-  1.622
 601 -   0.68062 0.16289 0.15649 ( 1)  0.981 +-  1.622
 602 -   0.68062 0.16289 0.15649 ( 1)  0.981 +-  1.622
 603 -   0.68062 0.16289 0.15649 ( 1)  0.981 +-  1.622
 604 -   0.68062 0.16289 0.15649 ( 1)  0.981 +-  1.622
 605 -   0.68062 0.16289 0.15649 ( 1)  0.981 +-  1.622
 606 -   0.68062 0.16289 0.15649 ( 1)  0.981 +-  1.622
 607 -   0.68062 0.16289 0.15649 ( 1)  0.981 +-  1.622
 608 -   0.68062 0.16289 0.15649 ( 1)  0.981 +-  1.622
 609 -   0.68062 0.16289 0.15648 ( 1)  0.981 +-  1.622
 610 -   0.68062 0.16289 0.15649 ( 1)  0.981 +-  1.622
 611 -   0.68062 0.16289 0.15649 ( 1)  0.981 +-  1.622
 612 -   0.68062 0.16289 0.15649 ( 1)  0.981 +-  1.622
 613 -   0.68062 0.16289 0.15649 ( 1)  0.981 +-  1.622
 614 -   0.68062 0.16289 0.15649 ( 1)  0.981 +-  1.622
 615 -   0.68062 0.16289 0.15649 ( 1)  0.981 +-  1.622
 616 -   0.68062 0.16289 0.15648 ( 1)  0.981 +-  1.622
 617 -   0.68062 0.16289 0.15648 ( 1)  0.981 +-  1.622
 618 -   0.68062 0.16289 0.15649 ( 1)  0.981 +-  1.622
 619 -   0.68062 0.16289 0.15649 ( 1)  0.981 +-  1.622
 620 -   0.68062 0.16289 0.15649 ( 1)  0.981 +-  1.622
 621 -   0.68062 0.16289 0.15649 ( 1)  0.981 +-  1.622
 622 -   0.68062 0.16289 0.15649 ( 1)  0.981 +-  1.622
 623 -   0.68062 0.16289 0.15649 ( 1)  0.981 +-  1.622
 624 -   0.68062 0.16289 0.15649 ( 1)  0.981 +-  1.622
 625 -   0.68062 0.16289 0.15649 ( 1)  0.981 +-  1.622
 626 -   0.68062 0.16289 0.15649 ( 1)  0.981 +-  1.622
 627 -   0.68062 0.16289 0.15649 ( 1)  0.981 +-  1.622
 628 -   0.68062 0.16289 0.15649 ( 1)  0.981 +-  1.622
 629 -   0.68062 0.16289 0.15649 ( 1)  0.981 +-  1.622
 630 -   0.68062 0.16289 0.15649 ( 1)  0.981 +-  1.622
 631 -   0.68062 0.16289 0.15649 ( 1)  0.981 +-  1.622
 632 -   0.68062 0.16289 0.15649 ( 1)  0.981 +-  1.622
 633 -   0.68062 0.16289 0.15649 ( 1)  0.981 +-  1.622
 634 -   0.68062 0.16289 0.15649 ( 1)  0.981 +-  1.622
 635 -   0.68062 0.16289 0.15649 ( 1)  0.981 +-  1.622
 636 -   0.68062 0.16289 0.15649 ( 1)  0.981 +-  1.622
 637 -   0.68062 0.16289 0.15649 ( 1)  0.981 +-  1.622
 638 -   0.68062 0.16289 0.15649 ( 1)  0.981 +-  1.622
 639 -   0.68062 0.16289 0.15649 ( 1)  0.981 +-  1.622
 640 -   0.68062 0.16289 0.15649 ( 1)  0.981 +-  1.622
 641 -   0.68062 0.16289 0.15648 ( 1)  0.981 +-  1.622
 642 -   0.68062 0.16289 0.15648 ( 1)  0.981 +-  1.622
 643 -   0.68062 0.16289 0.15648 ( 1)  0.981 +-  1.622
 644 -   0.68062 0.16289 0.15649 ( 1)  0.981 +-  1.622
 645 -   0.68062 0.16289 0.15649 ( 1)  0.981 +-  1.622
 646 -   0.68062 0.16289 0.15649 ( 1)  0.981 +-  1.622
 647 -   0.68062 0.16289 0.15649 ( 1)  0.981 +-  1.622
 648 -   0.68062 0.16289 0.15649 ( 1)  0.981 +-  1.622
 649 -   0.68062 0.16289 0.15649 ( 1)  0.981 +-  1.622
 650 -   0.68062 0.16289 0.15649 ( 1)  0.981 +-  1.622
 651 -   0.68062 0.16289 0.15649 ( 1)  0.981 +-  1.622
 652 -   0.68062 0.16289 0.15649 ( 1)  0.981 +-  1.622
 653 -   0.68062 0.16289 0.15649 ( 1)  0.981 +-  1.622
 654 -   0.68062 0.16289 0.15649 ( 1)  0.981 +-  1.622
 655 -   0.68062 0.16289 0.15649 ( 1)  0.981 +-  1.622
 656 -   0.68062 0.16289 0.15649 ( 1)  0.981 +-  1.622
 657 -   0.68062 0.16289 0.15649 ( 1)  0.981 +-  1.622
 658 -   0.68062 0.16289 0.15649 ( 1)  0.981 +-  1.622
 659 -   0.68062 0.16289 0.15649 ( 1)  0.981 +-  1.622
 660 -   0.68062 0.16289 0.15649 ( 1)  0.981 +-  1.622
 661 -   0.68062 0.16289 0.15648 ( 1)  0.981 +-  1.622
 662 -   0.68062 0.16289 0.15649 ( 1)  0.981 +-  1.622
 663 -   0.68062 0.16289 0.15649 ( 1)  0.981 +-  1.622
 664 -   0.68062 0.16289 0.15649 ( 1)  0.981 +-  1.622
 665 -   0.68062 0.16289 0.15649 ( 1)  0.981 +-  1.622
 666 -   0.68062 0.16289 0.15649 ( 1)  0.981 +-  1.622
 667 -   0.68062 0.16289 0.15649 ( 1)  0.981 +-  1.622
 668 -   0.68062 0.16289 0.15649 ( 1)  0.981 +-  1.622
 669 -   0.68062 0.16289 0.15649 ( 1)  0.981 +-  1.622
 670 -   0.68062 0.16289 0.15649 ( 1)  0.981 +-  1.622
 671 -   0.68062 0.16289 0.15649 ( 1)  0.981 +-  1.622
 672 -   0.68062 0.16289 0.15649 ( 1)  0.981 +-  1.622
 673 -   0.68062 0.16289 0.15649 ( 1)  0.981 +-  1.622
 674 -   0.68062 0.16289 0.15649 ( 1)  0.981 +-  1.622
 675 -   0.68062 0.16289 0.15649 ( 1)  0.981 +-  1.622
 676 -   0.68062 0.16289 0.15649 ( 1)  0.981 +-  1.622
 677 -   0.68062 0.16289 0.15649 ( 1)  0.981 +-  1.622
 678 -   0.68062 0.16289 0.15648 ( 1)  0.981 +-  1.622
 679 -   0.68062 0.16289 0.15649 ( 1)  0.981 +-  1.622
 680 -   0.68062 0.16289 0.15649 ( 1)  0.981 +-  1.622
 681 -   0.68062 0.16289 0.15649 ( 1)  0.981 +-  1.622
 682 -   0.68062 0.16289 0.15649 ( 1)  0.981 +-  1.622
 683 -   0.68062 0.16289 0.15649 ( 1)  0.981 +-  1.622
 684 -   0.68062 0.16289 0.15649 ( 1)  0.981 +-  1.622
 685 -   0.68062 0.16289 0.15649 ( 1)  0.981 +-  1.622
 686 -   0.68062 0.16289 0.15649 ( 1)  0.981 +-  1.622
 687 -   0.68062 0.16289 0.15649 ( 1)  0.981 +-  1.622
 688 -   0.68062 0.16289 0.15649 ( 1)  0.981 +-  1.622
 689 -   0.68062 0.16289 0.15649 ( 1)  0.981 +-  1.622
 690 -   0.68062 0.16289 0.15648 ( 1)  0.981 +-  1.622
 691 -   0.68062 0.16289 0.15648 ( 1)  0.981 +-  1.622
 692 -   0.68062 0.16289 0.15649 ( 1)  0.981 +-  1.622
 693 -   0.68062 0.16289 0.15649 ( 1)  0.981 +-  1.622
 694 -   0.68062 0.16289 0.15649 ( 1)  0.981 +-  1.622
 695 -   0.68062 0.16289 0.15649 ( 1)  0.981 +-  1.622
 696 -   0.68062 0.16289 0.15649 ( 1)  0.981 +-  1.622
 697 -   0.68062 0.16289 0.15649 ( 1)  0.981 +-  1.622
 698 -   0.68062 0.16289 0.15649 ( 1)  0.981 +-  1.622
 699 -   0.68062 0.16289 0.15648 ( 1)  0.981 +-  1.622
 700 -   0.68062 0.16289 0.15649 ( 1)  0.981 +-  1.622
 701 -   0.68062 0.16289 0.15649 ( 1)  0.981 +-  1.622
 702 -   0.68062 0.16289 0.15648 ( 1)  0.981 +-  1.622
 703 -   0.68062 0.16289 0.15649 ( 1)  0.981 +-  1.622
 704 -   0.68062 0.16289 0.15649 ( 1)  0.981 +-  1.622

Positively selected sites

	Prob(w>1)  mean w

     4 P      0.850         4.150 +- 1.657
     5 Y      0.730         3.618 +- 1.867
    45 Q      0.611         3.097 +- 2.100
    48 Q      0.910         4.414 +- 1.485
    49 R      0.930         4.488 +- 1.381
    84 G      0.722         3.584 +- 1.873
    85 A      0.888         4.317 +- 1.555
    95 E      0.960*        4.620 +- 1.266
   107 W      0.974*        4.682 +- 1.198
   135 G      0.965*        4.640 +- 1.244
   138 A      0.940         4.530 +- 1.347
   161 E      0.765         3.773 +- 1.878
   162 T      0.548         2.814 +- 2.103
   164 Y      0.809         3.965 +- 1.747
   169 C      0.717         3.563 +- 1.877
   172 R      0.856         4.174 +- 1.643
   183 D      0.968*        4.654 +- 1.230
   198 G      0.856         4.174 +- 1.644
   216 S      0.998**       4.775 +- 1.065
   228 T      0.535         2.757 +- 2.100
   232 H      0.984*        4.718 +- 1.144
   233 T      0.878         4.271 +- 1.584
   250 T      0.942         4.542 +- 1.337
   256 V      0.739         3.657 +- 1.853
   262 C      0.924         4.459 +- 1.403
   268 K      0.787         3.869 +- 1.784
   269 R      0.824         4.034 +- 1.714
   296 I      0.837         4.092 +- 1.686
   301 T      0.537         2.767 +- 2.100
   302 N      0.719         3.568 +- 1.877
   304 Q      0.849         4.144 +- 1.660
   315 L      0.602         3.056 +- 2.102
   332 K      0.953*        4.588 +- 1.296
   346 T      0.975*        4.687 +- 1.192
   363 E      0.783         3.852 +- 1.792
   368 E      0.845         4.127 +- 1.669
   546 -      0.717         3.574 +- 2.020

