Supplemental results for CODEML (seqf: algn  treef: tree)


dN/dS (w) for site classes (K=2)

p:   0.54236  0.45764
w:   0.08730  1.00000

Naive Empirical Bayes (NEB) probabilities for 2 classes & postmean_w
(amino acids refer to 1st sequence: aotNan_HERC6_XM_012437683)

   1 -   0.54236 0.45764 ( 1)  0.505
   2 -   0.54236 0.45764 ( 1)  0.505
   3 -   0.54236 0.45764 ( 1)  0.505
   4 -   0.54236 0.45764 ( 1)  0.505
   5 -   0.54236 0.45764 ( 1)  0.505
   6 -   0.54236 0.45764 ( 1)  0.505
   7 -   0.54236 0.45764 ( 1)  0.505
   8 -   0.54236 0.45764 ( 1)  0.505
   9 -   0.54236 0.45764 ( 1)  0.505
  10 -   0.54236 0.45764 ( 1)  0.505
  11 -   0.54236 0.45764 ( 1)  0.505
  12 -   0.54236 0.45764 ( 1)  0.505
  13 -   0.54236 0.45764 ( 1)  0.505
  14 -   0.54236 0.45764 ( 1)  0.505
  15 M   0.54236 0.45764 ( 1)  0.505
  16 S   0.54236 0.45764 ( 1)  0.505
  17 L   0.54236 0.45764 ( 1)  0.505
  18 L   0.54236 0.45764 ( 1)  0.505
  19 K   0.54236 0.45764 ( 1)  0.505
  20 S   0.54236 0.45764 ( 1)  0.505
  21 R   0.54236 0.45764 ( 1)  0.505
  22 K   0.54236 0.45764 ( 1)  0.505
  23 S   0.54236 0.45764 ( 1)  0.505
  24 L   0.54236 0.45764 ( 1)  0.505
  25 R   0.54236 0.45764 ( 1)  0.505
  26 T   0.54236 0.45764 ( 1)  0.505
  27 Q   0.54236 0.45764 ( 1)  0.505
  28 S   0.54236 0.45764 ( 1)  0.505
  29 P   0.54236 0.45764 ( 1)  0.505
  30 A   0.54236 0.45764 ( 1)  0.505
  31 F   0.54236 0.45764 ( 1)  0.505
  32 E   0.54236 0.45764 ( 1)  0.505
  33 S   0.54236 0.45764 ( 1)  0.505
  34 L   0.54236 0.45764 ( 1)  0.505
  35 S   0.54236 0.45764 ( 1)  0.505
  36 Q   0.54236 0.45764 ( 1)  0.505
  37 R   0.54236 0.45764 ( 1)  0.505
  38 E   0.54236 0.45764 ( 1)  0.505
  39 G   0.54236 0.45764 ( 1)  0.505
  40 R   0.54236 0.45764 ( 1)  0.505
  41 N   0.54236 0.45764 ( 1)  0.505
  42 P   0.54236 0.45764 ( 1)  0.505
  43 K   0.54236 0.45764 ( 1)  0.505
  44 Q   0.54236 0.45764 ( 1)  0.505
  45 T   0.54236 0.45764 ( 1)  0.505
  46 T   0.54236 0.45764 ( 1)  0.505
  47 G   0.54236 0.45764 ( 1)  0.505
  48 R   0.54236 0.45764 ( 1)  0.505
  49 R   0.54236 0.45764 ( 1)  0.505
  50 S   0.54236 0.45764 ( 1)  0.505
  51 G   0.54236 0.45764 ( 1)  0.505
  52 -   0.54277 0.45723 ( 1)  0.505
  53 -   0.54254 0.45746 ( 1)  0.505
  54 -   0.54258 0.45742 ( 1)  0.505
  55 -   0.54259 0.45741 ( 1)  0.505
  56 -   0.54249 0.45751 ( 1)  0.505
  57 -   0.54256 0.45744 ( 1)  0.505
  58 -   0.54256 0.45744 ( 1)  0.505
  59 -   0.54264 0.45736 ( 1)  0.505
  60 -   0.54252 0.45748 ( 1)  0.505
  61 -   0.54261 0.45739 ( 1)  0.505
  62 -   0.54264 0.45736 ( 1)  0.505
  63 -   0.54250 0.45750 ( 1)  0.505
  64 -   0.54255 0.45745 ( 1)  0.505
  65 -   0.54252 0.45748 ( 1)  0.505
  66 -   0.54253 0.45747 ( 1)  0.505
  67 -   0.54261 0.45739 ( 1)  0.505
  68 -   0.54259 0.45741 ( 1)  0.505
  69 -   0.54259 0.45741 ( 1)  0.505
  70 -   0.54256 0.45744 ( 1)  0.505
  71 -   0.54260 0.45740 ( 1)  0.505
  72 -   0.54252 0.45748 ( 1)  0.505
  73 -   0.54258 0.45742 ( 1)  0.505
  74 -   0.54265 0.45735 ( 1)  0.505
  75 -   0.54264 0.45736 ( 1)  0.505
  76 -   0.54253 0.45747 ( 1)  0.505
  77 -   0.54250 0.45750 ( 1)  0.505
  78 -   0.54255 0.45745 ( 1)  0.505
  79 -   0.54259 0.45741 ( 1)  0.505
  80 -   0.54256 0.45744 ( 1)  0.505
  81 -   0.54260 0.45740 ( 1)  0.505
  82 -   0.54258 0.45742 ( 1)  0.505
  83 -   0.54264 0.45736 ( 1)  0.505
  84 -   0.54252 0.45748 ( 1)  0.505
  85 -   0.54259 0.45741 ( 1)  0.505
  86 -   0.54259 0.45741 ( 1)  0.505
  87 -   0.54250 0.45750 ( 1)  0.505
  88 -   0.54250 0.45750 ( 1)  0.505
  89 -   0.54250 0.45750 ( 1)  0.505
  90 -   0.54250 0.45750 ( 1)  0.505
  91 -   0.54256 0.45744 ( 1)  0.505
  92 -   0.54264 0.45736 ( 1)  0.505
  93 -   0.54259 0.45741 ( 1)  0.505
  94 -   0.54261 0.45739 ( 1)  0.505
  95 -   0.54257 0.45743 ( 1)  0.505
  96 -   0.54254 0.45746 ( 1)  0.505
  97 -   0.54252 0.45748 ( 1)  0.505
  98 -   0.54252 0.45748 ( 1)  0.505
  99 -   0.54262 0.45738 ( 1)  0.505
 100 -   0.54264 0.45736 ( 1)  0.505
 101 -   0.54264 0.45736 ( 1)  0.505
 102 -   0.54260 0.45740 ( 1)  0.505
 103 -   0.54261 0.45739 ( 1)  0.505
 104 -   0.54264 0.45736 ( 1)  0.505
 105 -   0.54255 0.45745 ( 1)  0.505
 106 -   0.54250 0.45750 ( 1)  0.505
 107 -   0.54259 0.45741 ( 1)  0.505
 108 -   0.54252 0.45748 ( 1)  0.505
 109 -   0.54261 0.45739 ( 1)  0.505
 110 -   0.54256 0.45744 ( 1)  0.505
 111 -   0.54259 0.45741 ( 1)  0.505
 112 -   0.54255 0.45745 ( 1)  0.505
 113 -   0.54252 0.45748 ( 1)  0.505
 114 -   0.54258 0.45742 ( 1)  0.505
 115 -   0.54264 0.45736 ( 1)  0.505
 116 -   0.54250 0.45750 ( 1)  0.505
 117 -   0.54259 0.45741 ( 1)  0.505
 118 -   0.54236 0.45764 ( 1)  0.505
 119 -   0.54236 0.45764 ( 1)  0.505
 120 -   0.54236 0.45764 ( 1)  0.505
 121 -   0.54236 0.45764 ( 1)  0.505
 122 -   0.54236 0.45764 ( 1)  0.505
 123 -   0.54236 0.45764 ( 1)  0.505
 124 -   0.54236 0.45764 ( 1)  0.505
 125 -   0.54236 0.45764 ( 1)  0.505
 126 -   0.54236 0.45764 ( 1)  0.505
 127 -   0.54236 0.45764 ( 1)  0.505
 128 -   0.54236 0.45764 ( 1)  0.505
 129 -   0.54236 0.45764 ( 1)  0.505
 130 -   0.54269 0.45731 ( 1)  0.505
 131 -   0.54259 0.45741 ( 1)  0.505
 132 -   0.54269 0.45731 ( 1)  0.505
 133 -   0.54255 0.45745 ( 1)  0.505
 134 -   0.54263 0.45737 ( 1)  0.505
 135 -   0.54251 0.45749 ( 1)  0.505
 136 -   0.54269 0.45731 ( 1)  0.505
 137 -   0.54256 0.45744 ( 1)  0.505
 138 -   0.54253 0.45747 ( 1)  0.505
 139 -   0.54269 0.45731 ( 1)  0.505
 140 -   0.54267 0.45733 ( 1)  0.505
 141 -   0.54273 0.45727 ( 1)  0.505
 142 -   0.54254 0.45746 ( 1)  0.505
 143 -   0.54260 0.45740 ( 1)  0.505
 144 -   0.54260 0.45740 ( 1)  0.505
 145 -   0.54252 0.45748 ( 1)  0.505
 146 -   0.54258 0.45742 ( 1)  0.505
 147 -   0.54265 0.45735 ( 1)  0.505
 148 -   0.54264 0.45736 ( 1)  0.505
 149 -   0.54259 0.45741 ( 1)  0.505
 150 -   0.54252 0.45748 ( 1)  0.505
 151 -   0.54250 0.45750 ( 1)  0.505
 152 -   0.54265 0.45735 ( 1)  0.505
 153 -   0.54260 0.45740 ( 1)  0.505
 154 -   0.54252 0.45748 ( 1)  0.505
 155 -   0.54259 0.45741 ( 1)  0.505
 156 -   0.54270 0.45730 ( 1)  0.505
 157 -   0.54262 0.45738 ( 1)  0.505
 158 -   0.54261 0.45739 ( 1)  0.505
 159 -   0.54257 0.45743 ( 1)  0.505
 160 -   0.54258 0.45742 ( 1)  0.505
 161 -   0.54263 0.45737 ( 1)  0.505
 162 -   0.54249 0.45751 ( 1)  0.505
 163 -   0.54262 0.45738 ( 1)  0.505
 164 -   0.54265 0.45735 ( 1)  0.505
 165 -   0.54264 0.45736 ( 1)  0.505
 166 -   0.54259 0.45741 ( 1)  0.505
 167 -   0.54269 0.45731 ( 1)  0.505
 168 -   0.54258 0.45742 ( 1)  0.505
 169 -   0.54255 0.45745 ( 1)  0.505
 170 -   0.54250 0.45750 ( 1)  0.505
 171 -   0.54258 0.45742 ( 1)  0.505
 172 -   0.54269 0.45731 ( 1)  0.505
 173 -   0.54262 0.45738 ( 1)  0.505
 174 -   0.54269 0.45731 ( 1)  0.505
 175 -   0.54258 0.45742 ( 1)  0.505
 176 -   0.54265 0.45735 ( 1)  0.505
 177 -   0.54269 0.45731 ( 1)  0.505
 178 -   0.54274 0.45726 ( 1)  0.505
 179 -   0.54269 0.45731 ( 1)  0.505
 180 -   0.54258 0.45742 ( 1)  0.505
 181 -   0.54264 0.45736 ( 1)  0.505
 182 -   0.54260 0.45740 ( 1)  0.505
 183 -   0.54265 0.45735 ( 1)  0.505
 184 -   0.54270 0.45730 ( 1)  0.505
 185 -   0.54274 0.45726 ( 1)  0.505
 186 -   0.54277 0.45723 ( 1)  0.505
 187 -   0.54266 0.45734 ( 1)  0.505
 188 -   0.54250 0.45750 ( 1)  0.505
 189 -   0.54274 0.45726 ( 1)  0.505
 190 -   0.54274 0.45726 ( 1)  0.505
 191 -   0.54274 0.45726 ( 1)  0.505
 192 -   0.54270 0.45730 ( 1)  0.505
 193 -   0.54274 0.45726 ( 1)  0.505
 194 -   0.54274 0.45726 ( 1)  0.505
 195 -   0.54258 0.45742 ( 1)  0.505
 196 -   0.54267 0.45733 ( 1)  0.505
 197 -   0.54252 0.45748 ( 1)  0.505
 198 -   0.54259 0.45741 ( 1)  0.505
 199 -   0.54262 0.45738 ( 1)  0.505
 200 -   0.54259 0.45741 ( 1)  0.505
 201 -   0.54254 0.45746 ( 1)  0.505
 202 -   0.54259 0.45741 ( 1)  0.505
 203 -   0.54252 0.45748 ( 1)  0.505
 204 -   0.54250 0.45750 ( 1)  0.505
 205 -   0.54263 0.45737 ( 1)  0.505
 206 -   0.54252 0.45748 ( 1)  0.505
 207 -   0.54254 0.45746 ( 1)  0.505
 208 -   0.54270 0.45730 ( 1)  0.505
 209 -   0.54274 0.45726 ( 1)  0.505
 210 -   0.54260 0.45740 ( 1)  0.505
 211 -   0.54258 0.45742 ( 1)  0.505
 212 -   0.54260 0.45740 ( 1)  0.505
 213 -   0.54265 0.45735 ( 1)  0.505
 214 -   0.54252 0.45748 ( 1)  0.505
 215 -   0.54249 0.45751 ( 1)  0.505
 216 -   0.54262 0.45738 ( 1)  0.505
 217 -   0.54265 0.45735 ( 1)  0.505
 218 -   0.54264 0.45736 ( 1)  0.505
 219 -   0.54260 0.45740 ( 1)  0.505
 220 -   0.54267 0.45733 ( 1)  0.505
 221 -   0.54258 0.45742 ( 1)  0.505
 222 -   0.54255 0.45745 ( 1)  0.505
 223 -   0.54250 0.45750 ( 1)  0.505
 224 -   0.54256 0.45744 ( 1)  0.505
 225 -   0.54251 0.45749 ( 1)  0.505
 226 -   0.54258 0.45742 ( 1)  0.505
 227 -   0.54265 0.45735 ( 1)  0.505
 228 -   0.54265 0.45735 ( 1)  0.505
 229 -   0.54258 0.45742 ( 1)  0.505
 230 -   0.54253 0.45747 ( 1)  0.505
 231 -   0.54252 0.45748 ( 1)  0.505
 232 -   0.54258 0.45742 ( 1)  0.505
 233 -   0.54256 0.45744 ( 1)  0.505
 234 -   0.54260 0.45740 ( 1)  0.505
 235 -   0.54255 0.45745 ( 1)  0.505
 236 -   0.54255 0.45745 ( 1)  0.505
 237 -   0.54261 0.45739 ( 1)  0.505
 238 -   0.54260 0.45740 ( 1)  0.505
 239 -   0.54261 0.45739 ( 1)  0.505
 240 -   0.54252 0.45748 ( 1)  0.505
 241 -   0.54250 0.45750 ( 1)  0.505
 242 -   0.54265 0.45735 ( 1)  0.505
 243 -   0.54258 0.45742 ( 1)  0.505
 244 -   0.54260 0.45740 ( 1)  0.505
 245 -   0.54259 0.45741 ( 1)  0.505
 246 -   0.54250 0.45750 ( 1)  0.505
 247 -   0.54265 0.45735 ( 1)  0.505
 248 -   0.54255 0.45745 ( 1)  0.505
 249 -   0.54260 0.45740 ( 1)  0.505
 250 -   0.54265 0.45735 ( 1)  0.505
 251 -   0.54256 0.45744 ( 1)  0.505
 252 -   0.54262 0.45738 ( 1)  0.505
 253 -   0.54258 0.45742 ( 1)  0.505
 254 -   0.54265 0.45735 ( 1)  0.505
 255 -   0.54259 0.45741 ( 1)  0.505
 256 -   0.54260 0.45740 ( 1)  0.505
 257 -   0.54265 0.45735 ( 1)  0.505
 258 -   0.54256 0.45744 ( 1)  0.505
 259 -   0.54250 0.45750 ( 1)  0.505
 260 -   0.54259 0.45741 ( 1)  0.505
 261 -   0.54254 0.45746 ( 1)  0.505
 262 -   0.54259 0.45741 ( 1)  0.505
 263 -   0.54258 0.45742 ( 1)  0.505
 264 -   0.54266 0.45734 ( 1)  0.505
 265 -   0.54252 0.45748 ( 1)  0.505
 266 -   0.54265 0.45735 ( 1)  0.505
 267 -   0.54256 0.45744 ( 1)  0.505
 268 -   0.54249 0.45751 ( 1)  0.505
 269 -   0.54262 0.45738 ( 1)  0.505
 270 -   0.54269 0.45731 ( 1)  0.505
 271 -   0.54264 0.45736 ( 1)  0.505
 272 -   0.54269 0.45731 ( 1)  0.505
 273 -   0.54256 0.45744 ( 1)  0.505
 274 -   0.54258 0.45742 ( 1)  0.505
 275 -   0.54255 0.45745 ( 1)  0.505
 276 -   0.54250 0.45750 ( 1)  0.505
 277 -   0.54256 0.45744 ( 1)  0.505
 278 -   0.54254 0.45746 ( 1)  0.505
 279 -   0.54269 0.45731 ( 1)  0.505
 280 -   0.54258 0.45742 ( 1)  0.505
 281 -   0.54260 0.45740 ( 1)  0.505
 282 -   0.54274 0.45726 ( 1)  0.505
 283 -   0.54257 0.45743 ( 1)  0.505
 284 -   0.54259 0.45741 ( 1)  0.505
 285 -   0.54260 0.45740 ( 1)  0.505
 286 -   0.54258 0.45742 ( 1)  0.505
 287 -   0.54260 0.45740 ( 1)  0.505
 288 -   0.54264 0.45736 ( 1)  0.505
 289 -   0.54265 0.45735 ( 1)  0.505
 290 -   0.54260 0.45740 ( 1)  0.505
 291 -   0.54254 0.45746 ( 1)  0.505
 292 -   0.54254 0.45746 ( 1)  0.505
 293 -   0.54257 0.45743 ( 1)  0.505
 294 -   0.54265 0.45735 ( 1)  0.505
 295 -   0.54263 0.45737 ( 1)  0.505
 296 -   0.54250 0.45750 ( 1)  0.505
 297 -   0.54265 0.45735 ( 1)  0.505
 298 -   0.54274 0.45726 ( 1)  0.505
 299 -   0.54253 0.45747 ( 1)  0.505
 300 -   0.54265 0.45735 ( 1)  0.505
 301 -   0.54260 0.45740 ( 1)  0.505
 302 -   0.54267 0.45733 ( 1)  0.505
 303 -   0.54262 0.45738 ( 1)  0.505
 304 -   0.54260 0.45740 ( 1)  0.505
 305 -   0.54260 0.45740 ( 1)  0.505
 306 -   0.54259 0.45741 ( 1)  0.505
 307 -   0.54265 0.45735 ( 1)  0.505
 308 -   0.54274 0.45726 ( 1)  0.505
 309 -   0.54263 0.45737 ( 1)  0.505
 310 -   0.54259 0.45741 ( 1)  0.505
 311 -   0.54266 0.45734 ( 1)  0.505
 312 -   0.54259 0.45741 ( 1)  0.505
 313 -   0.54260 0.45740 ( 1)  0.505
 314 -   0.54262 0.45738 ( 1)  0.505
 315 -   0.54256 0.45744 ( 1)  0.505
 316 -   0.54255 0.45745 ( 1)  0.505
 317 -   0.54264 0.45736 ( 1)  0.505
 318 -   0.54258 0.45742 ( 1)  0.505
 319 -   0.54270 0.45730 ( 1)  0.505
 320 -   0.54260 0.45740 ( 1)  0.505
 321 -   0.54258 0.45742 ( 1)  0.505
 322 -   0.54264 0.45736 ( 1)  0.505
 323 -   0.54265 0.45735 ( 1)  0.505
 324 -   0.54262 0.45738 ( 1)  0.505
 325 -   0.54264 0.45736 ( 1)  0.505
 326 -   0.54274 0.45726 ( 1)  0.505
 327 -   0.54252 0.45748 ( 1)  0.505
 328 -   0.54259 0.45741 ( 1)  0.505
 329 -   0.54262 0.45738 ( 1)  0.505
 330 -   0.54255 0.45745 ( 1)  0.505
 331 -   0.54250 0.45750 ( 1)  0.505
 332 -   0.54262 0.45738 ( 1)  0.505
 333 -   0.54254 0.45746 ( 1)  0.505
 334 -   0.54260 0.45740 ( 1)  0.505
 335 -   0.54253 0.45747 ( 1)  0.505
 336 -   0.54266 0.45734 ( 1)  0.505
 337 -   0.54260 0.45740 ( 1)  0.505
 338 -   0.54265 0.45735 ( 1)  0.505
 339 -   0.54265 0.45735 ( 1)  0.505
 340 -   0.54264 0.45736 ( 1)  0.505
 341 -   0.54265 0.45735 ( 1)  0.505
 342 -   0.54259 0.45741 ( 1)  0.505
 343 -   0.54258 0.45742 ( 1)  0.505
 344 -   0.54262 0.45738 ( 1)  0.505
 345 -   0.54260 0.45740 ( 1)  0.505
 346 -   0.54269 0.45731 ( 1)  0.505
 347 -   0.54264 0.45736 ( 1)  0.505
 348 -   0.54270 0.45730 ( 1)  0.505
 349 -   0.54274 0.45726 ( 1)  0.505
 350 -   0.54256 0.45744 ( 1)  0.505
 351 -   0.54253 0.45747 ( 1)  0.505
 352 -   0.54267 0.45733 ( 1)  0.505
 353 -   0.54252 0.45748 ( 1)  0.505
 354 -   0.54255 0.45745 ( 1)  0.505
 355 -   0.54274 0.45726 ( 1)  0.505
 356 -   0.54274 0.45726 ( 1)  0.505
 357 -   0.54259 0.45741 ( 1)  0.505
 358 -   0.54262 0.45738 ( 1)  0.505
 359 -   0.54269 0.45731 ( 1)  0.505
 360 -   0.54262 0.45738 ( 1)  0.505
 361 -   0.54259 0.45741 ( 1)  0.505
 362 -   0.54256 0.45744 ( 1)  0.505
 363 -   0.54250 0.45750 ( 1)  0.505
 364 -   0.54263 0.45737 ( 1)  0.505
 365 -   0.54262 0.45738 ( 1)  0.505
 366 -   0.54260 0.45740 ( 1)  0.505
 367 -   0.54259 0.45741 ( 1)  0.505
 368 -   0.54256 0.45744 ( 1)  0.505
 369 -   0.54266 0.45734 ( 1)  0.505
 370 -   0.54265 0.45735 ( 1)  0.505
 371 -   0.54255 0.45745 ( 1)  0.505
 372 -   0.54260 0.45740 ( 1)  0.505
 373 -   0.54265 0.45735 ( 1)  0.505
 374 -   0.54259 0.45741 ( 1)  0.505
 375 -   0.54265 0.45735 ( 1)  0.505
 376 -   0.54265 0.45735 ( 1)  0.505
 377 -   0.54267 0.45733 ( 1)  0.505
 378 -   0.54262 0.45738 ( 1)  0.505
 379 -   0.54259 0.45741 ( 1)  0.505
 380 -   0.54269 0.45731 ( 1)  0.505
 381 -   0.54264 0.45736 ( 1)  0.505
 382 -   0.54264 0.45736 ( 1)  0.505
 383 -   0.54260 0.45740 ( 1)  0.505
 384 -   0.54265 0.45735 ( 1)  0.505
 385 -   0.54259 0.45741 ( 1)  0.505
 386 -   0.54266 0.45734 ( 1)  0.505
 387 -   0.54267 0.45733 ( 1)  0.505
 388 -   0.54255 0.45745 ( 1)  0.505
 389 -   0.54265 0.45735 ( 1)  0.505
 390 -   0.54256 0.45744 ( 1)  0.505
 391 -   0.54250 0.45750 ( 1)  0.505
 392 -   0.54264 0.45736 ( 1)  0.505
 393 -   0.54265 0.45735 ( 1)  0.505
 394 -   0.54264 0.45736 ( 1)  0.505
 395 -   0.54265 0.45735 ( 1)  0.505
 396 -   0.54264 0.45736 ( 1)  0.505
 397 -   0.54270 0.45730 ( 1)  0.505
 398 -   0.54260 0.45740 ( 1)  0.505
 399 -   0.54253 0.45747 ( 1)  0.505
 400 -   0.54250 0.45750 ( 1)  0.505
 401 -   0.54270 0.45730 ( 1)  0.505
 402 -   0.54259 0.45741 ( 1)  0.505
 403 -   0.54265 0.45735 ( 1)  0.505
 404 -   0.54269 0.45731 ( 1)  0.505
 405 -   0.54264 0.45736 ( 1)  0.505
 406 -   0.54258 0.45742 ( 1)  0.505
 407 -   0.54260 0.45740 ( 1)  0.505
 408 -   0.54274 0.45726 ( 1)  0.505
 409 -   0.54267 0.45733 ( 1)  0.505
 410 -   0.54258 0.45742 ( 1)  0.505
 411 -   0.54257 0.45743 ( 1)  0.505
 412 -   0.54270 0.45730 ( 1)  0.505
 413 -   0.54259 0.45741 ( 1)  0.505
 414 -   0.54270 0.45730 ( 1)  0.505
 415 -   0.54265 0.45735 ( 1)  0.505
 416 -   0.54265 0.45735 ( 1)  0.505
 417 -   0.54262 0.45738 ( 1)  0.505
 418 -   0.54264 0.45736 ( 1)  0.505
 419 -   0.54262 0.45738 ( 1)  0.505
 420 -   0.54256 0.45744 ( 1)  0.505
 421 -   0.54264 0.45736 ( 1)  0.505
 422 -   0.54265 0.45735 ( 1)  0.505
 423 -   0.54260 0.45740 ( 1)  0.505
 424 -   0.54264 0.45736 ( 1)  0.505
 425 -   0.54266 0.45734 ( 1)  0.505
 426 -   0.54267 0.45733 ( 1)  0.505
 427 -   0.54255 0.45745 ( 1)  0.505
 428 -   0.54274 0.45726 ( 1)  0.505
 429 -   0.54266 0.45734 ( 1)  0.505
 430 -   0.54269 0.45731 ( 1)  0.505
 431 -   0.54252 0.45748 ( 1)  0.505
 432 -   0.54264 0.45736 ( 1)  0.505
 433 -   0.54260 0.45740 ( 1)  0.505
 434 -   0.54265 0.45735 ( 1)  0.505
 435 -   0.54253 0.45747 ( 1)  0.505
 436 -   0.54258 0.45742 ( 1)  0.505
 437 -   0.54270 0.45730 ( 1)  0.505
 438 -   0.54256 0.45744 ( 1)  0.505
 439 -   0.54250 0.45750 ( 1)  0.505
 440 -   0.54259 0.45741 ( 1)  0.505
 441 -   0.54269 0.45731 ( 1)  0.505
 442 -   0.54274 0.45726 ( 1)  0.505
 443 -   0.54260 0.45740 ( 1)  0.505
 444 -   0.54252 0.45748 ( 1)  0.505
 445 -   0.54270 0.45730 ( 1)  0.505
 446 -   0.54260 0.45740 ( 1)  0.505
 447 -   0.54255 0.45745 ( 1)  0.505
 448 -   0.54252 0.45748 ( 1)  0.505
 449 -   0.54277 0.45723 ( 1)  0.505
 450 -   0.54263 0.45737 ( 1)  0.505
 451 -   0.54269 0.45731 ( 1)  0.505
 452 -   0.54270 0.45730 ( 1)  0.505
 453 -   0.54249 0.45751 ( 1)  0.505
 454 -   0.54274 0.45726 ( 1)  0.505
 455 -   0.54263 0.45737 ( 1)  0.505
 456 -   0.54260 0.45740 ( 1)  0.505
 457 -   0.54270 0.45730 ( 1)  0.505
 458 -   0.54264 0.45736 ( 1)  0.505
 459 -   0.54264 0.45736 ( 1)  0.505
 460 -   0.54269 0.45731 ( 1)  0.505
 461 -   0.54266 0.45734 ( 1)  0.505
 462 -   0.54269 0.45731 ( 1)  0.505
 463 -   0.54267 0.45733 ( 1)  0.505
 464 -   0.54269 0.45731 ( 1)  0.505
 465 -   0.54277 0.45723 ( 1)  0.505
 466 -   0.54265 0.45735 ( 1)  0.505
 467 -   0.54270 0.45730 ( 1)  0.505
 468 -   0.54269 0.45731 ( 1)  0.505
 469 -   0.54269 0.45731 ( 1)  0.505
 470 -   0.54270 0.45730 ( 1)  0.505
 471 -   0.54264 0.45736 ( 1)  0.505
 472 M   0.87156 0.12844 ( 1)  0.205
 473 Y   0.19280 0.80720 ( 2)  0.824
 474 F   0.74770 0.25230 ( 1)  0.318
 475 F   0.00016 0.99984 ( 2)  1.000
 476 W   0.67646 0.32354 ( 1)  0.383
 477 G   0.01171 0.98829 ( 2)  0.989
 478 A   0.02035 0.97965 ( 2)  0.981
 479 G   0.18185 0.81815 ( 2)  0.834
 480 S   0.69931 0.30069 ( 1)  0.362
 481 C   0.00017 0.99983 ( 2)  1.000
 482 G   0.19887 0.80113 ( 2)  0.818
 483 L   0.16269 0.83731 ( 2)  0.852
 484 Q   0.72476 0.27524 ( 1)  0.339
 485 R   0.70217 0.29783 ( 1)  0.359
 486 Q   0.00160 0.99840 ( 2)  0.999
 487 R   0.19888 0.80112 ( 2)  0.818
 488 T   0.21260 0.78740 ( 2)  0.806
 489 E   0.00207 0.99793 ( 2)  0.998
 490 G   0.18908 0.81092 ( 2)  0.827
 491 S   0.01069 0.98931 ( 2)  0.990
 492 P   0.01593 0.98407 ( 2)  0.985
 493 G   0.02203 0.97797 ( 2)  0.980
 494 A   0.01397 0.98603 ( 2)  0.987
 495 E   0.79611 0.20389 ( 1)  0.273
 496 L   0.70239 0.29761 ( 1)  0.359
 497 L   0.68156 0.31844 ( 1)  0.378
 498 Q   0.72497 0.27503 ( 1)  0.338
 499 A   0.76415 0.23585 ( 1)  0.303
 500 A   0.73379 0.26621 ( 1)  0.330
 501 S   0.76587 0.23413 ( 1)  0.301
 502 G   0.75240 0.24760 ( 1)  0.313
 503 E   0.79611 0.20389 ( 1)  0.273
 504 R   0.17115 0.82885 ( 2)  0.844
 505 H   0.75894 0.24106 ( 1)  0.307
 506 A   0.21994 0.78006 ( 2)  0.799
 507 L   0.68760 0.31240 ( 1)  0.372
 508 L   0.68156 0.31844 ( 1)  0.378
 509 L   0.68144 0.31856 ( 1)  0.378
 510 L   0.14573 0.85427 ( 2)  0.867
 511 T   0.19493 0.80507 ( 2)  0.822
 512 N   0.25209 0.74791 ( 2)  0.770
 513 S   0.01890 0.98110 ( 2)  0.983
 514 S   0.00172 0.99828 ( 2)  0.998
 515 V   0.74163 0.25837 ( 1)  0.323
 516 H   0.01953 0.98047 ( 2)  0.982
 517 S   0.16282 0.83718 ( 2)  0.851
 518 C   0.70557 0.29443 ( 1)  0.356
 519 G   0.77724 0.22276 ( 1)  0.291
 520 E   0.24315 0.75685 ( 2)  0.778
 521 N   0.79500 0.20500 ( 1)  0.274
 522 S   0.76587 0.23413 ( 1)  0.301
 523 R   0.18565 0.81435 ( 2)  0.831
 524 G   0.74222 0.25778 ( 1)  0.323
 525 Q   0.72476 0.27524 ( 1)  0.339
 526 L   0.68156 0.31844 ( 1)  0.378
 527 G   0.73164 0.26836 ( 1)  0.332
 528 R   0.70273 0.29727 ( 1)  0.359
 529 R   0.22912 0.77088 ( 2)  0.791
 530 G   0.00105 0.99895 ( 2)  0.999
 531 A   0.02356 0.97644 ( 2)  0.978
 532 P   0.01897 0.98103 ( 2)  0.983
 533 C   0.01751 0.98249 ( 2)  0.984
 534 G   0.20580 0.79420 ( 2)  0.812
 535 D   0.24391 0.75609 ( 2)  0.777
 536 L   0.00614 0.99386 ( 2)  0.994
 537 P   0.74847 0.25153 ( 1)  0.317
 538 -   0.54236 0.45764 ( 1)  0.505
 539 -   0.54236 0.45764 ( 1)  0.505
 540 -   0.54236 0.45764 ( 1)  0.505
 541 -   0.54236 0.45764 ( 1)  0.505
 542 -   0.54236 0.45764 ( 1)  0.505
 543 -   0.54236 0.45764 ( 1)  0.505
 544 -   0.54236 0.45764 ( 1)  0.505
 545 -   0.54236 0.45764 ( 1)  0.505
 546 -   0.54236 0.45764 ( 1)  0.505
 547 -   0.54236 0.45764 ( 1)  0.505
 548 -   0.54236 0.45764 ( 1)  0.505
 549 -   0.54236 0.45764 ( 1)  0.505
 550 -   0.54236 0.45764 ( 1)  0.505
 551 -   0.54236 0.45764 ( 1)  0.505
 552 -   0.54236 0.45764 ( 1)  0.505
 553 -   0.54236 0.45764 ( 1)  0.505
 554 -   0.54236 0.45764 ( 1)  0.505
 555 -   0.54236 0.45764 ( 1)  0.505
 556 -   0.54236 0.45764 ( 1)  0.505
 557 -   0.54236 0.45764 ( 1)  0.505
 558 -   0.54236 0.45764 ( 1)  0.505
 559 -   0.54236 0.45764 ( 1)  0.505
 560 -   0.54236 0.45764 ( 1)  0.505
 561 -   0.54236 0.45764 ( 1)  0.505
 562 -   0.54236 0.45764 ( 1)  0.505
 563 -   0.54236 0.45764 ( 1)  0.505
 564 -   0.54236 0.45764 ( 1)  0.505
 565 -   0.54236 0.45764 ( 1)  0.505
 566 -   0.54236 0.45764 ( 1)  0.505
 567 -   0.54236 0.45764 ( 1)  0.505
 568 -   0.54236 0.45764 ( 1)  0.505
 569 -   0.54236 0.45764 ( 1)  0.505
 570 -   0.54236 0.45764 ( 1)  0.505
 571 -   0.54236 0.45764 ( 1)  0.505
 572 -   0.54236 0.45764 ( 1)  0.505
 573 -   0.54236 0.45764 ( 1)  0.505
 574 -   0.54236 0.45764 ( 1)  0.505
 575 -   0.54236 0.45764 ( 1)  0.505
 576 -   0.54236 0.45764 ( 1)  0.505
 577 -   0.54236 0.45764 ( 1)  0.505
 578 -   0.54236 0.45764 ( 1)  0.505
 579 -   0.54236 0.45764 ( 1)  0.505
 580 -   0.54236 0.45764 ( 1)  0.505
 581 -   0.54236 0.45764 ( 1)  0.505
 582 -   0.54236 0.45764 ( 1)  0.505
 583 -   0.54236 0.45764 ( 1)  0.505
 584 -   0.54236 0.45764 ( 1)  0.505
 585 -   0.54236 0.45764 ( 1)  0.505
 586 -   0.54236 0.45764 ( 1)  0.505
 587 -   0.54236 0.45764 ( 1)  0.505
 588 -   0.54236 0.45764 ( 1)  0.505
 589 -   0.54236 0.45764 ( 1)  0.505
 590 -   0.54236 0.45764 ( 1)  0.505
 591 -   0.54236 0.45764 ( 1)  0.505
 592 -   0.54236 0.45764 ( 1)  0.505
 593 -   0.54236 0.45764 ( 1)  0.505
 594 -   0.54236 0.45764 ( 1)  0.505
 595 -   0.54236 0.45764 ( 1)  0.505
 596 -   0.54236 0.45764 ( 1)  0.505
 597 -   0.54236 0.45764 ( 1)  0.505
 598 -   0.54236 0.45764 ( 1)  0.505
 599 -   0.54236 0.45764 ( 1)  0.505
 600 -   0.54236 0.45764 ( 1)  0.505
 601 -   0.54236 0.45764 ( 1)  0.505
 602 -   0.54236 0.45764 ( 1)  0.505
 603 -   0.54236 0.45764 ( 1)  0.505
 604 -   0.54236 0.45764 ( 1)  0.505
 605 -   0.54236 0.45764 ( 1)  0.505
 606 -   0.54236 0.45764 ( 1)  0.505
 607 -   0.54236 0.45764 ( 1)  0.505
 608 -   0.54236 0.45764 ( 1)  0.505
 609 -   0.54236 0.45764 ( 1)  0.505
 610 -   0.54236 0.45764 ( 1)  0.505
 611 -   0.54236 0.45764 ( 1)  0.505
 612 -   0.54236 0.45764 ( 1)  0.505
 613 -   0.54236 0.45764 ( 1)  0.505
 614 -   0.54236 0.45764 ( 1)  0.505
 615 -   0.54236 0.45764 ( 1)  0.505
 616 -   0.54236 0.45764 ( 1)  0.505
 617 -   0.54236 0.45764 ( 1)  0.505
 618 -   0.54236 0.45764 ( 1)  0.505
 619 -   0.54236 0.45764 ( 1)  0.505
 620 -   0.54236 0.45764 ( 1)  0.505
 621 -   0.54236 0.45764 ( 1)  0.505
 622 -   0.54236 0.45764 ( 1)  0.505
 623 -   0.54236 0.45764 ( 1)  0.505
 624 -   0.54236 0.45764 ( 1)  0.505
 625 -   0.54236 0.45764 ( 1)  0.505
 626 -   0.54236 0.45764 ( 1)  0.505
 627 -   0.54236 0.45764 ( 1)  0.505
 628 -   0.54236 0.45764 ( 1)  0.505
 629 -   0.54236 0.45764 ( 1)  0.505
 630 -   0.54236 0.45764 ( 1)  0.505
 631 -   0.54236 0.45764 ( 1)  0.505
 632 -   0.54236 0.45764 ( 1)  0.505
 633 -   0.54236 0.45764 ( 1)  0.505
 634 -   0.54236 0.45764 ( 1)  0.505
 635 -   0.54236 0.45764 ( 1)  0.505
 636 -   0.54236 0.45764 ( 1)  0.505
 637 -   0.54236 0.45764 ( 1)  0.505
 638 -   0.54236 0.45764 ( 1)  0.505
 639 -   0.54236 0.45764 ( 1)  0.505
 640 -   0.54236 0.45764 ( 1)  0.505
 641 -   0.54236 0.45764 ( 1)  0.505
 642 -   0.54236 0.45764 ( 1)  0.505
 643 -   0.54236 0.45764 ( 1)  0.505
 644 -   0.54236 0.45764 ( 1)  0.505
 645 -   0.54236 0.45764 ( 1)  0.505
 646 -   0.54236 0.45764 ( 1)  0.505
 647 -   0.54236 0.45764 ( 1)  0.505
 648 -   0.54236 0.45764 ( 1)  0.505
 649 -   0.54236 0.45764 ( 1)  0.505
 650 -   0.54236 0.45764 ( 1)  0.505
 651 -   0.54236 0.45764 ( 1)  0.505
 652 E   0.25441 0.74559 ( 2)  0.768
 653 P   0.75729 0.24271 ( 1)  0.309
 654 I   0.02438 0.97562 ( 2)  0.978
 655 Q   0.18869 0.81131 ( 2)  0.828
 656 A   0.79137 0.20863 ( 1)  0.278
 657 L   0.69109 0.30891 ( 1)  0.369
 658 K   0.00696 0.99304 ( 2)  0.994
 659 T   0.75484 0.24516 ( 1)  0.311
 660 L   0.70912 0.29088 ( 1)  0.353
 661 K   0.00002 0.99998 ( 2)  1.000
 662 F   0.25143 0.74857 ( 2)  0.771
 663 D   0.33064 0.66936 ( 2)  0.698
 664 L   0.23912 0.76088 ( 2)  0.782
 665 V   0.76524 0.23476 ( 1)  0.302
 666 S   0.76767 0.23233 ( 1)  0.299
 667 C   0.71913 0.28087 ( 1)  0.344
 668 G   0.75491 0.24509 ( 1)  0.311
 669 K   0.80022 0.19978 ( 1)  0.270
 670 E   0.79806 0.20194 ( 1)  0.272
 671 H   0.76111 0.23889 ( 1)  0.305
 672 S   0.70071 0.29929 ( 1)  0.360
 673 L   0.68284 0.31716 ( 1)  0.377
 674 A   0.80176 0.19824 ( 1)  0.268
 675 V   0.76191 0.23809 ( 1)  0.305
 676 C   0.70839 0.29161 ( 1)  0.353
 677 H   0.76072 0.23928 ( 1)  0.306
 678 K   0.82837 0.17163 ( 1)  0.244
 679 G   0.77912 0.22088 ( 1)  0.289
 680 R   0.77867 0.22133 ( 1)  0.289
 681 V   0.74334 0.25666 ( 1)  0.322
 682 F   0.76000 0.24000 ( 1)  0.306
 683 A   0.79137 0.20863 ( 1)  0.278
 684 W   0.67768 0.32232 ( 1)  0.381
 685 G   0.77912 0.22088 ( 1)  0.289
 686 A   0.26147 0.73853 ( 2)  0.761
 687 G   0.78578 0.21422 ( 1)  0.283
 688 S   0.76045 0.23955 ( 1)  0.306
 689 E   0.82605 0.17395 ( 1)  0.246
 690 G   0.75415 0.24585 ( 1)  0.312
 691 Q   0.72634 0.27366 ( 1)  0.337
 692 L   0.68284 0.31716 ( 1)  0.377
 693 G   0.75913 0.24087 ( 1)  0.307
 694 I   0.29391 0.70609 ( 2)  0.732
 695 G   0.77912 0.22088 ( 1)  0.289
 696 E   0.82565 0.17435 ( 1)  0.246
 697 S   0.00206 0.99794 ( 2)  0.998
 698 K   0.25814 0.74186 ( 2)  0.764
 699 E   0.82663 0.17337 ( 1)  0.246
 700 I   0.31046 0.68954 ( 2)  0.717
 701 N   0.02717 0.97283 ( 2)  0.975
 702 F   0.20881 0.79119 ( 2)  0.809
 703 T   0.26761 0.73239 ( 2)  0.756
 704 P   0.75443 0.24557 ( 1)  0.311
 705 K   0.02453 0.97547 ( 2)  0.978
 706 K   0.82899 0.17101 ( 1)  0.243
 707 I   0.85442 0.14558 ( 1)  0.220
 708 T   0.76939 0.23061 ( 1)  0.298
 709 T   0.26500 0.73500 ( 2)  0.758
 710 L   0.68322 0.31678 ( 1)  0.376
 711 T   0.03351 0.96649 ( 2)  0.969
 712 G   0.25924 0.74076 ( 2)  0.763
 713 I   0.85442 0.14558 ( 1)  0.220
 714 K   0.82899 0.17101 ( 1)  0.243
 715 I   0.85442 0.14558 ( 1)  0.220
 716 I   0.85442 0.14558 ( 1)  0.220
 717 Q   0.75056 0.24944 ( 1)  0.315
 718 V   0.81030 0.18970 ( 1)  0.260
 719 S   0.70114 0.29886 ( 1)  0.360
 720 C   0.76511 0.23489 ( 1)  0.302
 721 G   0.77969 0.22031 ( 1)  0.288
 722 H   0.77604 0.22396 ( 1)  0.292
 723 Y   0.01904 0.98096 ( 2)  0.983
 724 H   0.76126 0.23874 ( 1)  0.305
 725 S   0.70114 0.29886 ( 1)  0.360
 726 L   0.68322 0.31678 ( 1)  0.376
 727 A   0.79195 0.20805 ( 1)  0.277
 728 L   0.70008 0.29992 ( 1)  0.361
 729 S   0.71929 0.28071 ( 1)  0.344
 730 K   0.82899 0.17101 ( 1)  0.243
 731 D   0.85080 0.14920 ( 1)  0.223
 732 S   0.76822 0.23178 ( 1)  0.299
 733 Q   0.75056 0.24944 ( 1)  0.315
 734 V   0.76506 0.23494 ( 1)  0.302
 735 F   0.80680 0.19320 ( 1)  0.264
 736 S   0.71929 0.28071 ( 1)  0.344
 737 W   0.67805 0.32195 ( 1)  0.381
 738 G   0.77969 0.22031 ( 1)  0.288
 739 K   0.80406 0.19594 ( 1)  0.266
 740 N   0.79716 0.20284 ( 1)  0.272
 741 S   0.76822 0.23178 ( 1)  0.299
 742 H   0.80170 0.19830 ( 1)  0.268
 743 G   0.75468 0.24532 ( 1)  0.311
 744 Q   0.72682 0.27318 ( 1)  0.337
 745 L   0.68639 0.31361 ( 1)  0.374
 746 G   0.74841 0.25159 ( 1)  0.317
 747 L   0.69097 0.30903 ( 1)  0.369
 748 G   0.75486 0.24514 ( 1)  0.311
 749 K   0.26615 0.73385 ( 2)  0.757
 750 E   0.24615 0.75385 ( 2)  0.775
 751 F   0.00016 0.99984 ( 2)  1.000
 752 P   0.01783 0.98217 ( 2)  0.984
 753 S   0.70230 0.29770 ( 1)  0.359
 754 Q   0.75056 0.24944 ( 1)  0.315
 755 A   0.20556 0.79444 ( 2)  0.812
 756 S   0.02106 0.97894 ( 2)  0.981
 757 P   0.74462 0.25538 ( 1)  0.320
 758 Q   0.72682 0.27318 ( 1)  0.337
 759 R   0.77967 0.22033 ( 1)  0.288
 760 V   0.76506 0.23494 ( 1)  0.302
 761 R   0.77730 0.22270 ( 1)  0.291
 762 S   0.70114 0.29886 ( 1)  0.360
 763 L   0.68322 0.31678 ( 1)  0.376
 764 E   0.25712 0.74288 ( 2)  0.765
 765 G   0.75468 0.24532 ( 1)  0.311
 766 I   0.76670 0.23330 ( 1)  0.300
 767 P   0.74750 0.25250 ( 1)  0.318
 768 L   0.15848 0.84152 ( 2)  0.855
 769 A   0.80235 0.19765 ( 1)  0.268
 770 Q   0.72688 0.27312 ( 1)  0.337
 771 V   0.76512 0.23488 ( 1)  0.302
 772 A   0.80235 0.19765 ( 1)  0.268
 773 A   0.78195 0.21805 ( 1)  0.286
 774 G   0.77969 0.22031 ( 1)  0.288
 775 G   0.75468 0.24532 ( 1)  0.311
 776 A   0.26021 0.73979 ( 2)  0.763
 777 H   0.76126 0.23874 ( 1)  0.305
 778 S   0.76822 0.23178 ( 1)  0.299
 779 F   0.79337 0.20663 ( 1)  0.276
 780 A   0.73593 0.26407 ( 1)  0.328
 781 L   0.68415 0.31585 ( 1)  0.376
 782 S   0.75122 0.24878 ( 1)  0.314
 783 L   0.71633 0.28367 ( 1)  0.346
 784 C   0.76511 0.23489 ( 1)  0.302
 785 G   0.75468 0.24532 ( 1)  0.311
 786 T   0.80542 0.19458 ( 1)  0.265
 787 S   0.70219 0.29781 ( 1)  0.359
 788 F   0.80680 0.19320 ( 1)  0.264
 789 G   0.73376 0.26624 ( 1)  0.330
 790 W   0.67805 0.32195 ( 1)  0.381
 791 G   0.77393 0.22607 ( 1)  0.294
 792 S   0.81310 0.18690 ( 1)  0.258
 793 N   0.79793 0.20207 ( 1)  0.272
 794 S   0.82889 0.17111 ( 1)  0.243
 795 A   0.02566 0.97434 ( 2)  0.977
 796 G   0.75468 0.24532 ( 1)  0.311
 797 Q   0.72682 0.27318 ( 1)  0.337
 798 L   0.68322 0.31678 ( 1)  0.376
 799 A   0.73593 0.26407 ( 1)  0.328
 800 L   0.71863 0.28137 ( 1)  0.344
 801 S   0.27638 0.72362 ( 2)  0.748
 802 G   0.21582 0.78418 ( 2)  0.803
 803 R   0.00016 0.99984 ( 2)  1.000
 804 N   0.33503 0.66497 ( 2)  0.694
 805 V   0.18141 0.81859 ( 2)  0.834
 806 Q   0.20551 0.79449 ( 2)  0.812
 807 -   0.54236 0.45764 ( 1)  0.505
 808 -   0.54236 0.45764 ( 1)  0.505
 809 -   0.54236 0.45764 ( 1)  0.505
 810 -   0.54236 0.45764 ( 1)  0.505
 811 -   0.54236 0.45764 ( 1)  0.505
 812 -   0.54236 0.45764 ( 1)  0.505
 813 -   0.54236 0.45764 ( 1)  0.505
 814 -   0.54236 0.45764 ( 1)  0.505
 815 -   0.54236 0.45764 ( 1)  0.505
 816 -   0.54236 0.45764 ( 1)  0.505
 817 -   0.54236 0.45764 ( 1)  0.505
 818 -   0.54236 0.45764 ( 1)  0.505
 819 -   0.54236 0.45764 ( 1)  0.505
 820 -   0.54236 0.45764 ( 1)  0.505
 821 -   0.54236 0.45764 ( 1)  0.505
 822 -   0.54236 0.45764 ( 1)  0.505
 823 V   0.02509 0.97491 ( 2)  0.977
 824 Q   0.02363 0.97637 ( 2)  0.978
 825 S   0.76767 0.23233 ( 1)  0.299
 826 N   0.24715 0.75285 ( 2)  0.774
 827 K   0.80096 0.19904 ( 1)  0.269
 828 P   0.76713 0.23287 ( 1)  0.300
 829 L   0.19546 0.80454 ( 2)  0.822
 830 S   0.71882 0.28118 ( 1)  0.344
 831 I   0.03401 0.96599 ( 2)  0.969
 832 G   0.79955 0.20045 ( 1)  0.270
 833 A   0.79137 0.20863 ( 1)  0.278
 834 L   0.68284 0.31716 ( 1)  0.377
 835 K   0.80022 0.19978 ( 1)  0.270
 836 N   0.28399 0.71601 ( 2)  0.741
 837 L   0.70892 0.29108 ( 1)  0.353
 838 G   0.27123 0.72877 ( 2)  0.752
 839 V   0.76450 0.23550 ( 1)  0.302
 840 I   0.28130 0.71870 ( 2)  0.743
 841 Y   0.21407 0.78593 ( 2)  0.805
 842 I   0.76615 0.23385 ( 1)  0.301
 843 S   0.76767 0.23233 ( 1)  0.299
 844 C   0.76456 0.23544 ( 1)  0.302
 845 G   0.79955 0.20045 ( 1)  0.270
 846 D   0.00277 0.99723 ( 2)  0.997
 847 E   0.02886 0.97114 ( 2)  0.974
 848 H   0.76072 0.23928 ( 1)  0.306
 849 T   0.80482 0.19518 ( 1)  0.265
 850 A   0.76051 0.23949 ( 1)  0.306
 851 V   0.76450 0.23550 ( 1)  0.302
 852 L   0.77816 0.22184 ( 1)  0.290
 853 S   0.01971 0.98029 ( 2)  0.982
 854 Q   0.72682 0.27318 ( 1)  0.337
 855 D   0.84389 0.15611 ( 1)  0.230
 856 G   0.75531 0.24469 ( 1)  0.311
 857 K   0.25112 0.74888 ( 2)  0.771
 858 V   0.76506 0.23494 ( 1)  0.302
 859 F   0.74994 0.25006 ( 1)  0.316
 860 T   0.79500 0.20500 ( 1)  0.274
 861 F   0.80680 0.19320 ( 1)  0.264
 862 G   0.77969 0.22031 ( 1)  0.288
 863 D   0.79484 0.20516 ( 1)  0.275
 864 N   0.85231 0.14769 ( 1)  0.222
 865 S   0.00019 0.99981 ( 2)  1.000
 866 S   0.22628 0.77372 ( 2)  0.793
 867 G   0.77337 0.22663 ( 1)  0.294
 868 Q   0.72691 0.27309 ( 1)  0.337
 869 L   0.68322 0.31678 ( 1)  0.376
 870 G   0.77969 0.22031 ( 1)  0.288
 871 Y   0.18281 0.81719 ( 2)  0.833
 872 S   0.22470 0.77530 ( 2)  0.795
 873 P   0.00139 0.99861 ( 2)  0.999
 874 T   0.26246 0.73754 ( 2)  0.760
 875 P   0.20093 0.79907 ( 2)  0.817
 876 E   0.02767 0.97233 ( 2)  0.975
 877 K   0.25950 0.74050 ( 2)  0.763
 878 R   0.25753 0.74247 ( 2)  0.765
 879 G   0.80014 0.19986 ( 1)  0.270
 880 P   0.75678 0.24322 ( 1)  0.309
 881 Q   0.75056 0.24944 ( 1)  0.315
 882 L   0.02200 0.97800 ( 2)  0.980
 883 V   0.76506 0.23494 ( 1)  0.302
 884 E   0.82725 0.17275 ( 1)  0.245
 885 R   0.02845 0.97155 ( 2)  0.974
 886 I   0.82838 0.17162 ( 1)  0.244
 887 D   0.32379 0.67621 ( 2)  0.704
 888 G   0.73376 0.26624 ( 1)  0.330
 889 L   0.17891 0.82109 ( 2)  0.837
 890 V   0.81030 0.18970 ( 1)  0.260
 891 S   0.70707 0.29293 ( 1)  0.355
 892 Q   0.72929 0.27071 ( 1)  0.334
 893 I   0.29279 0.70721 ( 2)  0.733
 894 D   0.85080 0.14920 ( 1)  0.223
 895 C   0.76093 0.23907 ( 1)  0.305
 896 G   0.77012 0.22988 ( 1)  0.297
 897 G   0.02973 0.97027 ( 2)  0.973
 898 D   0.22871 0.77129 ( 2)  0.791
 899 H   0.75737 0.24263 ( 1)  0.309
 900 T   0.73394 0.26606 ( 1)  0.330
 901 I   0.02540 0.97460 ( 2)  0.977
 902 A   0.77879 0.22121 ( 1)  0.289
 903 Y   0.76254 0.23746 ( 1)  0.304
 904 V   0.75983 0.24017 ( 1)  0.307
 905 H   0.75616 0.24384 ( 1)  0.310
 906 T   0.73394 0.26606 ( 1)  0.330
 907 T   0.78624 0.21376 ( 1)  0.282
 908 G   0.22309 0.77691 ( 2)  0.796
 909 Q   0.72292 0.27708 ( 1)  0.340
 910 V   0.75983 0.24017 ( 1)  0.307
 911 V   0.02302 0.97698 ( 2)  0.979
 912 S   0.74303 0.25697 ( 1)  0.322
 913 F   0.80118 0.19882 ( 1)  0.269
 914 G   0.79456 0.20544 ( 1)  0.275
 915 H   0.00255 0.99745 ( 2)  0.998
 916 G   0.76846 0.23154 ( 1)  0.299
 917 P   0.75400 0.24600 ( 1)  0.312
 918 S   0.82316 0.17684 ( 1)  0.249
 919 D   0.02504 0.97496 ( 2)  0.977
 920 T   0.24545 0.75455 ( 2)  0.776
 921 S   0.21852 0.78148 ( 2)  0.801
 922 K   0.25523 0.74477 ( 2)  0.767
 923 P   0.75277 0.24723 ( 1)  0.313
 924 T   0.25689 0.74311 ( 2)  0.766
 925 H   0.23573 0.76427 ( 2)  0.785
 926 P   0.02052 0.97948 ( 2)  0.981
 927 E   0.79305 0.20695 ( 1)  0.276
 928 A   0.19161 0.80839 ( 2)  0.825
 929 L   0.15368 0.84632 ( 2)  0.860
 930 K   0.01312 0.98688 ( 2)  0.988
 931 E   0.24963 0.75037 ( 2)  0.772
 932 N   0.79159 0.20841 ( 1)  0.278
 933 F   0.24778 0.75222 ( 2)  0.774
 934 D   0.79109 0.20891 ( 1)  0.278
 935 I   0.82253 0.17747 ( 1)  0.249
 936 R   0.00151 0.99849 ( 2)  0.999
 937 C   0.70333 0.29667 ( 1)  0.358
 938 L   0.68091 0.31909 ( 1)  0.379
 939 I   0.82253 0.17747 ( 1)  0.249
 940 S   0.75590 0.24410 ( 1)  0.310
 941 A   0.79674 0.20326 ( 1)  0.273
 942 D   0.28472 0.71528 ( 2)  0.740
 943 -   0.54236 0.45764 ( 1)  0.505
 944 -   0.54236 0.45764 ( 1)  0.505
 945 -   0.54236 0.45764 ( 1)  0.505
 946 -   0.54236 0.45764 ( 1)  0.505
 947 -   0.54236 0.45764 ( 1)  0.505
 948 -   0.54236 0.45764 ( 1)  0.505
 949 -   0.54236 0.45764 ( 1)  0.505
 950 -   0.54236 0.45764 ( 1)  0.505
 951 -   0.54236 0.45764 ( 1)  0.505
 952 D   0.79484 0.20516 ( 1)  0.275
 953 L   0.71800 0.28200 ( 1)  0.345
 954 V   0.00233 0.99767 ( 2)  0.998
 955 D   0.03804 0.96196 ( 2)  0.965
 956 V   0.26971 0.73029 ( 2)  0.754
 957 Q   0.20790 0.79210 ( 2)  0.810
 958 V   0.75904 0.24096 ( 1)  0.307
 959 K   0.82899 0.17101 ( 1)  0.243
 960 H   0.76145 0.23855 ( 1)  0.305
 961 I   0.82838 0.17162 ( 1)  0.244
 962 F   0.80680 0.19320 ( 1)  0.264
 963 A   0.80235 0.19765 ( 1)  0.268
 964 G   0.77969 0.22031 ( 1)  0.288
 965 K   0.25184 0.74816 ( 2)  0.770
 966 Y   0.22533 0.77467 ( 2)  0.794
 967 A   0.73593 0.26407 ( 1)  0.328
 968 N   0.79716 0.20284 ( 1)  0.272
 969 F   0.80680 0.19320 ( 1)  0.264
 970 V   0.76506 0.23494 ( 1)  0.302
 971 T   0.79500 0.20500 ( 1)  0.274
 972 T   0.80542 0.19458 ( 1)  0.265
 973 H   0.81676 0.18324 ( 1)  0.255
 974 Q   0.18807 0.81193 ( 2)  0.828
 975 D   0.85080 0.14920 ( 1)  0.223
 976 T   0.80542 0.19458 ( 1)  0.265
 977 S   0.25890 0.74110 ( 2)  0.764
 978 S   0.70123 0.29877 ( 1)  0.360
 979 T   0.78754 0.21246 ( 1)  0.281
 980 S   0.00297 0.99703 ( 2)  0.997
 981 A   0.80235 0.19765 ( 1)  0.268
 982 P   0.17482 0.82518 ( 2)  0.840
 983 R   0.02160 0.97840 ( 2)  0.980
 984 K   0.82860 0.17140 ( 1)  0.244
 985 T   0.73870 0.26130 ( 1)  0.326
 986 L   0.68322 0.31678 ( 1)  0.376
 987 P   0.75783 0.24217 ( 1)  0.308
 988 E   0.82724 0.17276 ( 1)  0.245
 989 I   0.85442 0.14558 ( 1)  0.220
 990 S   0.76822 0.23178 ( 1)  0.299
 991 R   0.69840 0.30160 ( 1)  0.363
 992 I   0.82838 0.17162 ( 1)  0.244
 993 T   0.02321 0.97679 ( 2)  0.979
 994 Q   0.72682 0.27318 ( 1)  0.337
 995 S   0.15755 0.84245 ( 2)  0.856
 996 V   0.00213 0.99787 ( 2)  0.998
 997 A   0.03456 0.96544 ( 2)  0.968
 998 E   0.41376 0.58624 ( 2)  0.622
 999 K   0.40110 0.59890 ( 2)  0.634
1000 W   0.72219 0.27781 ( 1)  0.341
1001 M   0.07405 0.92595 ( 2)  0.932
1002 A   0.84679 0.15321 ( 1)  0.227
1003 V   0.82533 0.17467 ( 1)  0.247
1004 K   0.89068 0.10932 ( 1)  0.187
1005 T   0.24188 0.75812 ( 2)  0.779
1006 R   0.34007 0.65993 ( 2)  0.690
1007 S   0.89051 0.10949 ( 1)  0.187
1008 T   0.00134 0.99866 ( 2)  0.999
1009 E   0.00125 0.99875 ( 2)  0.999
1010 H   0.00399 0.99601 ( 2)  0.996
1011 E   0.00486 0.99514 ( 2)  0.996
1012 V   0.00236 0.99764 ( 2)  0.998
1013 A   0.34900 0.65100 ( 2)  0.681
1014 K   0.41529 0.58471 ( 2)  0.621
1015 S   0.89051 0.10949 ( 1)  0.187
1016 E   0.88903 0.11097 ( 1)  0.189
1017 V   0.39083 0.60917 ( 2)  0.643
1018 R   0.04375 0.95625 ( 2)  0.960
1019 M   0.27738 0.72262 ( 2)  0.747
1020 I   0.45593 0.54407 ( 2)  0.584
1021 F   0.87082 0.12918 ( 1)  0.205
1022 S   0.77443 0.22557 ( 1)  0.293
1023 S   0.82022 0.17978 ( 1)  0.251
1024 P   0.82988 0.17012 ( 1)  0.243
1025 A   0.86640 0.13360 ( 1)  0.209
1026 C   0.82697 0.17303 ( 1)  0.245
1027 L   0.73024 0.26976 ( 1)  0.334
1028 T   0.86310 0.13690 ( 1)  0.212
1029 A   0.82444 0.17556 ( 1)  0.248
1030 S   0.89217 0.10783 ( 1)  0.186
1031 F   0.87082 0.12918 ( 1)  0.205
1032 L   0.20936 0.79064 ( 2)  0.809
1033 K   0.86636 0.13364 ( 1)  0.209
1034 K   0.89238 0.10762 ( 1)  0.186
1035 R   0.34520 0.65480 ( 2)  0.685
1036 G   0.00031 0.99969 ( 2)  1.000
1037 T   0.04134 0.95866 ( 2)  0.962
1038 G   0.84285 0.15715 ( 1)  0.231
1039 E   0.89073 0.10927 ( 1)  0.187
1040 T   0.02911 0.97089 ( 2)  0.973
1041 T   0.00283 0.99717 ( 2)  0.997
1042 S   0.20750 0.79250 ( 2)  0.811
1043 I   0.41726 0.58274 ( 2)  0.619
1044 D   0.91176 0.08824 ( 1)  0.168
1045 V   0.29371 0.70629 ( 2)  0.732
1046 D   0.33885 0.66115 ( 2)  0.691
1047 L   0.75094 0.24906 ( 1)  0.315
1048 E   0.28721 0.71279 ( 2)  0.738
1049 M   0.53323 0.46677 ( 1)  0.513
1050 A   0.85599 0.14401 ( 1)  0.219
1051 R   0.35478 0.64522 ( 2)  0.676
1052 D   0.05731 0.94269 ( 2)  0.948
1053 T   0.79745 0.20255 ( 1)  0.272
1054 F   0.81092 0.18908 ( 1)  0.260
1055 K   0.34834 0.65166 ( 2)  0.682
1056 K   0.86511 0.13489 ( 1)  0.210
1057 L   0.75140 0.24860 ( 1)  0.314
1058 T   0.85916 0.14084 ( 1)  0.216
1059 K   0.05373 0.94627 ( 2)  0.951
1060 K   0.00480 0.99520 ( 2)  0.996
1061 E   0.89095 0.10905 ( 1)  0.187
1062 W   0.01945 0.98055 ( 2)  0.982
1063 I   0.89206 0.10794 ( 1)  0.186
1064 S   0.27934 0.72066 ( 2)  0.745
1065 S   0.75257 0.24743 ( 1)  0.313
1066 M   0.07652 0.92348 ( 2)  0.930
1067 I   0.45736 0.54264 ( 2)  0.583
1068 T   0.86973 0.13027 ( 1)  0.206
1069 T   0.02278 0.97722 ( 2)  0.979
1070 S   0.29427 0.70573 ( 2)  0.731
1071 L   0.77112 0.22888 ( 1)  0.296
1072 E   0.00360 0.99640 ( 2)  0.997
1073 D   0.44662 0.55338 ( 2)  0.592
1074 D   0.00002 0.99998 ( 2)  1.000
1075 L   0.73043 0.26957 ( 1)  0.333
1076 L   0.77285 0.22715 ( 1)  0.295
1077 R   0.85897 0.14103 ( 1)  0.216
1078 A   0.00329 0.99671 ( 2)  0.997
1079 L   0.84217 0.15783 ( 1)  0.231
1080 P   0.81430 0.18570 ( 1)  0.257
1081 C   0.76026 0.23974 ( 1)  0.306
1082 R   0.03539 0.96461 ( 2)  0.968
1083 S   0.82120 0.17880 ( 1)  0.250
1084 P   0.81792 0.18208 ( 1)  0.253
1085 H   0.82303 0.17697 ( 1)  0.249
1086 Q   0.25386 0.74614 ( 2)  0.768
1087 E   0.88601 0.11399 ( 1)  0.191
1088 A   0.86557 0.13443 ( 1)  0.210
1089 L   0.74170 0.25830 ( 1)  0.323
1090 S   0.22298 0.77702 ( 2)  0.796
1091 V   0.04919 0.95081 ( 2)  0.955
1092 F   0.81027 0.18973 ( 1)  0.260
1093 L   0.76763 0.23237 ( 1)  0.299
1094 L   0.73043 0.26957 ( 1)  0.333
1095 L   0.22576 0.77424 ( 2)  0.794
1096 P   0.81923 0.18077 ( 1)  0.252
1097 E   0.88601 0.11399 ( 1)  0.191
1098 C   0.82720 0.17280 ( 1)  0.245
1099 P   0.82169 0.17831 ( 1)  0.250
1100 V   0.28270 0.71730 ( 2)  0.742
1101 M   0.92982 0.07018 ( 1)  0.151
1102 H   0.00428 0.99572 ( 2)  0.996
1103 N   0.00413 0.99587 ( 2)  0.996
1104 A   0.29540 0.70460 ( 2)  0.730
1105 K   0.00422 0.99578 ( 2)  0.996
1106 N   0.86135 0.13865 ( 1)  0.214
1107 W   0.72375 0.27625 ( 1)  0.339
1108 K   0.28667 0.71333 ( 2)  0.738
1109 N   0.04218 0.95782 ( 2)  0.962
1110 L   0.73043 0.26957 ( 1)  0.333
1111 V   0.82824 0.17176 ( 1)  0.244
1112 V   0.04951 0.95049 ( 2)  0.955
1113 P   0.81451 0.18549 ( 1)  0.257
1114 F   0.87105 0.12895 ( 1)  0.205
1115 A   0.85599 0.14401 ( 1)  0.219
1116 K   0.04085 0.95915 ( 2)  0.963
1117 A   0.86663 0.13337 ( 1)  0.209
1118 V   0.85058 0.14942 ( 1)  0.224
1119 C   0.82720 0.17280 ( 1)  0.245
1120 E   0.40741 0.59259 ( 2)  0.628
1121 M   0.92982 0.07018 ( 1)  0.151
1122 S   0.89238 0.10762 ( 1)  0.186
1123 N   0.04506 0.95494 ( 2)  0.959
1124 Q   0.02822 0.97178 ( 2)  0.974
1125 S   0.82271 0.17729 ( 1)  0.249
1126 F   0.00146 0.99854 ( 2)  0.999
1127 Q   0.81107 0.18893 ( 1)  0.260
1128 V   0.80348 0.19652 ( 1)  0.267
1129 L   0.74867 0.25133 ( 1)  0.317
1130 K   0.04468 0.95532 ( 2)  0.959
1131 K   0.86511 0.13489 ( 1)  0.210
1132 C   0.81723 0.18277 ( 1)  0.254
1133 W   0.72375 0.27625 ( 1)  0.339
1134 A   0.85599 0.14401 ( 1)  0.219
1135 F   0.27728 0.72272 ( 2)  0.747
1136 L   0.74132 0.25868 ( 1)  0.323
1137 Q   0.26936 0.73064 ( 2)  0.754
1138 E   0.89096 0.10904 ( 1)  0.187
1139 S   0.82271 0.17729 ( 1)  0.249
1140 S   0.82271 0.17729 ( 1)  0.249
1141 L   0.73043 0.26957 ( 1)  0.333
1142 S   0.00029 0.99971 ( 2)  1.000
1143 P   0.02442 0.97558 ( 2)  0.978
1144 L   0.73043 0.26957 ( 1)  0.333
1145 V   0.26741 0.73259 ( 2)  0.756
1146 Q   0.78356 0.21644 ( 1)  0.285
1147 M   0.92982 0.07018 ( 1)  0.151
1148 L   0.84217 0.15783 ( 1)  0.231
1149 K   0.88787 0.11213 ( 1)  0.190
1150 A   0.29578 0.70422 ( 2)  0.730
1151 A   0.82921 0.17079 ( 1)  0.243
1152 V   0.00027 0.99973 ( 2)  1.000
1153 I   0.28719 0.71281 ( 2)  0.738
1154 S   0.82271 0.17729 ( 1)  0.249
1155 Q   0.78575 0.21425 ( 1)  0.283
1156 L   0.72977 0.27023 ( 1)  0.334
1157 L   0.00002 0.99998 ( 2)  1.000
1158 H   0.00403 0.99597 ( 2)  0.996
1159 W   0.01958 0.98042 ( 2)  0.982
1160 T   0.36467 0.63533 ( 2)  0.667
1161 E   0.00501 0.99499 ( 2)  0.995
1162 T   0.00195 0.99805 ( 2)  0.998
1163 E   0.00016 0.99984 ( 2)  1.000
1164 -   0.54236 0.45764 ( 1)  0.505
1165 -   0.54236 0.45764 ( 1)  0.505
1166 Q   0.02364 0.97636 ( 2)  0.978
1167 D   0.00004 0.99996 ( 2)  1.000
1168 H   0.27746 0.72254 ( 2)  0.747
1169 C   0.00263 0.99737 ( 2)  0.998
1170 N   0.05411 0.94589 ( 2)  0.951
1171 I   0.36037 0.63963 ( 2)  0.671
1172 K   0.89260 0.10740 ( 1)  0.185
1173 A   0.86090 0.13910 ( 1)  0.214
1174 L   0.84217 0.15783 ( 1)  0.231
1175 L   0.73086 0.26914 ( 1)  0.333
1176 G   0.84308 0.15692 ( 1)  0.231
1177 M   0.32151 0.67849 ( 2)  0.707
1178 M   0.50254 0.49746 ( 1)  0.541
1179 K   0.89260 0.10740 ( 1)  0.185
1180 E   0.41622 0.58378 ( 2)  0.620
1181 L   0.01262 0.98738 ( 2)  0.988
1182 H   0.36965 0.63035 ( 2)  0.663
1183 K   0.86511 0.13489 ( 1)  0.210
1184 V   0.34185 0.65815 ( 2)  0.688
1185 N   0.86135 0.13865 ( 1)  0.214
1186 K   0.89260 0.10740 ( 1)  0.185
1187 T   0.00348 0.99652 ( 2)  0.997
1188 N   0.86893 0.13107 ( 1)  0.207
1189 C   0.82720 0.17280 ( 1)  0.245
1190 R   0.74928 0.25072 ( 1)  0.316
1191 L   0.75890 0.24110 ( 1)  0.307
1192 P   0.28173 0.71827 ( 2)  0.743
1193 E   0.89096 0.10904 ( 1)  0.187
1194 N   0.45767 0.54233 ( 2)  0.582
1195 T   0.86973 0.13027 ( 1)  0.206
1196 F   0.81027 0.18973 ( 1)  0.260
1197 N   0.32247 0.67753 ( 2)  0.706
1198 I   0.91548 0.08452 ( 1)  0.164
1199 N   0.91365 0.08635 ( 1)  0.166
1200 E   0.89096 0.10904 ( 1)  0.187
1201 L   0.78158 0.21842 ( 1)  0.287
1202 S   0.75790 0.24210 ( 1)  0.308
1203 N   0.04437 0.95563 ( 2)  0.960
1204 L   0.62770 0.37230 ( 1)  0.427
1205 L   0.74547 0.25453 ( 1)  0.320
1206 N   0.86135 0.13865 ( 1)  0.214
1207 F   0.87105 0.12895 ( 1)  0.205
1208 H   0.00003 0.99997 ( 2)  1.000
1209 V   0.00000 1.00000 ( 2)  1.000
1210 E   0.37551 0.62449 ( 2)  0.657
1211 R   0.86341 0.13659 ( 1)  0.212
1212 R   0.00366 0.99634 ( 2)  0.997
1213 R   0.35517 0.64483 ( 2)  0.676
1214 Q   0.02194 0.97806 ( 2)  0.980
1215 Q   0.54236 0.45764 ( 1)  0.505
1216 L   0.00019 0.99981 ( 2)  1.000
1217 S   0.00003 0.99997 ( 2)  1.000
1218 R   0.21646 0.78354 ( 2)  0.802
1219 D   0.45546 0.54454 ( 2)  0.584
1220 N   0.35164 0.64836 ( 2)  0.679
1221 H   0.03198 0.96802 ( 2)  0.971
1222 L   0.00241 0.99759 ( 2)  0.998
1223 I   0.00003 0.99997 ( 2)  1.000
1224 P   0.28966 0.71034 ( 2)  0.736
1225 A   0.31859 0.68141 ( 2)  0.709
1226 E   0.04853 0.95147 ( 2)  0.956
1227 A   0.00255 0.99745 ( 2)  0.998
1228 P   0.19875 0.80125 ( 2)  0.819
1229 S   0.89238 0.10762 ( 1)  0.186
1230 P   0.83011 0.16989 ( 1)  0.242
1231 V   0.37317 0.62683 ( 2)  0.659
1232 V   0.38146 0.61854 ( 2)  0.652
1233 F   0.81027 0.18973 ( 1)  0.260
1234 G   0.05339 0.94661 ( 2)  0.951
1235 D   0.91233 0.08767 ( 1)  0.167
1236 F   0.87105 0.12895 ( 1)  0.205
1237 P   0.81923 0.18077 ( 1)  0.252
1238 F   0.86278 0.13722 ( 1)  0.213
1239 I   0.30966 0.69034 ( 2)  0.717
1240 F   0.87105 0.12895 ( 1)  0.205
1241 N   0.91365 0.08635 ( 1)  0.166
1242 L   0.00181 0.99819 ( 2)  0.998
1243 L   0.21908 0.78092 ( 2)  0.800
1244 S   0.76271 0.23729 ( 1)  0.304
1245 K   0.89260 0.10740 ( 1)  0.185
1246 I   0.89377 0.10623 ( 1)  0.184
1247 K   0.39589 0.60411 ( 2)  0.639
1248 L   0.75140 0.24860 ( 1)  0.314
1249 L   0.20597 0.79403 ( 2)  0.812
1250 Q   0.27259 0.72741 ( 2)  0.751
1251 A   0.86580 0.13420 ( 1)  0.210
1252 D   0.91233 0.08767 ( 1)  0.167
1253 S   0.22312 0.77688 ( 2)  0.796
1254 H   0.00000 1.00000 ( 2)  1.000
1255 L   0.03087 0.96913 ( 2)  0.972
1256 K   0.86738 0.13262 ( 1)  0.208
1257 M   0.47105 0.52895 ( 2)  0.570
1258 W   0.00070 0.99930 ( 2)  0.999
1259 M   0.00349 0.99651 ( 2)  0.997
1260 S   0.02100 0.97900 ( 2)  0.981
1261 E   0.05004 0.94996 ( 2)  0.954
1262 E   0.00000 1.00000 ( 2)  1.000
1263 K   0.03678 0.96322 ( 2)  0.966
1264 A   0.33841 0.66159 ( 2)  0.691
1265 F   0.02441 0.97559 ( 2)  0.978
1266 M   0.46383 0.53617 ( 2)  0.577
1267 H   0.00036 0.99964 ( 2)  1.000
1268 M   0.00026 0.99974 ( 2)  1.000
1269 H   0.00410 0.99590 ( 2)  0.996
1270 E   0.00303 0.99697 ( 2)  0.997
1271 T   0.03187 0.96813 ( 2)  0.971
1272 I   0.39892 0.60108 ( 2)  0.636
1273 L   0.73506 0.26494 ( 1)  0.329
1274 K   0.28362 0.71638 ( 2)  0.741
1275 K   0.05224 0.94776 ( 2)  0.952
1276 K   0.04618 0.95382 ( 2)  0.958
1277 E   0.06168 0.93832 ( 2)  0.944
1278 E   0.89096 0.10904 ( 1)  0.187
1279 F   0.87105 0.12895 ( 1)  0.205
1280 P   0.82881 0.17119 ( 1)  0.244
1281 P   0.81433 0.18567 ( 1)  0.257
1282 S   0.77464 0.22536 ( 1)  0.293
1283 P   0.77253 0.22747 ( 1)  0.295
1284 R   0.00383 0.99617 ( 2)  0.997
1285 F   0.86249 0.13751 ( 1)  0.213
1286 I   0.47607 0.52393 ( 2)  0.565
1287 L   0.29626 0.70374 ( 2)  0.730
1288 R   0.04142 0.95858 ( 2)  0.962
1289 V   0.80348 0.19652 ( 1)  0.267
1290 R   0.35630 0.64370 ( 2)  0.675
1291 R   0.20741 0.79259 ( 2)  0.811
1292 S   0.88395 0.11605 ( 1)  0.193
1293 H   0.00021 0.99979 ( 2)  1.000
1294 L   0.73185 0.26815 ( 1)  0.332
1295 V   0.87466 0.12534 ( 1)  0.202
1296 E   0.38545 0.61455 ( 2)  0.648
1297 D   0.91233 0.08767 ( 1)  0.167
1298 A   0.86663 0.13337 ( 1)  0.209
1299 L   0.73523 0.26477 ( 1)  0.329
1300 R   0.82667 0.17333 ( 1)  0.246
1301 Q   0.79747 0.20253 ( 1)  0.272
1302 L   0.75140 0.24860 ( 1)  0.314
1303 S   0.86507 0.13493 ( 1)  0.210
1304 Q   0.81107 0.18893 ( 1)  0.260
1305 A   0.86572 0.13428 ( 1)  0.210
1306 E   0.40442 0.59558 ( 2)  0.631
1307 A   0.19813 0.80187 ( 2)  0.819
1308 T   0.02953 0.97047 ( 2)  0.973
1309 D   0.86009 0.13991 ( 1)  0.215
1310 F   0.29848 0.70152 ( 2)  0.728
1311 C   0.00002 0.99998 ( 2)  1.000
1312 K   0.89260 0.10740 ( 1)  0.185
1313 L   0.00028 0.99972 ( 2)  1.000
1314 L   0.73075 0.26925 ( 1)  0.333
1315 V   0.82734 0.17266 ( 1)  0.245
1316 V   0.87466 0.12534 ( 1)  0.202
1317 E   0.38789 0.61211 ( 2)  0.646
1318 F   0.87105 0.12895 ( 1)  0.205
1319 I   0.05467 0.94533 ( 2)  0.950
1320 K   0.05948 0.94052 ( 2)  0.946
1321 E   0.89096 0.10904 ( 1)  0.187
1322 I   0.89081 0.10919 ( 1)  0.187
1323 Q   0.00000 1.00000 ( 2)  1.000
1324 P   0.82169 0.17831 ( 1)  0.250
1325 E   0.86311 0.13689 ( 1)  0.212
1326 A   0.00234 0.99766 ( 2)  0.998
1327 G   0.84308 0.15692 ( 1)  0.231
1328 G   0.81567 0.18433 ( 1)  0.256
1329 V   0.82337 0.17663 ( 1)  0.249
1330 S   0.00307 0.99693 ( 2)  0.997
1331 S   0.77464 0.22536 ( 1)  0.293
1332 E   0.86290 0.13710 ( 1)  0.212
1333 F   0.81027 0.18973 ( 1)  0.260
1334 F   0.81789 0.18211 ( 1)  0.254
1335 Y   0.24686 0.75314 ( 2)  0.775
1336 C   0.82720 0.17280 ( 1)  0.245
1337 V   0.00769 0.99231 ( 2)  0.993
1338 F   0.87105 0.12895 ( 1)  0.205
1339 E   0.88613 0.11387 ( 1)  0.191
1340 E   0.86290 0.13710 ( 1)  0.212
1341 M   0.49275 0.50725 ( 2)  0.550
1342 T   0.80331 0.19669 ( 1)  0.267
1343 K   0.86530 0.13470 ( 1)  0.210
1344 P   0.81838 0.18162 ( 1)  0.253
1345 E   0.04678 0.95322 ( 2)  0.957
1346 Y   0.84320 0.15680 ( 1)  0.230
1347 G   0.31952 0.68048 ( 2)  0.708
1348 M   0.92982 0.07018 ( 1)  0.151
1349 F   0.81027 0.18973 ( 1)  0.260
1350 M   0.49002 0.50998 ( 2)  0.553
1351 Y   0.83799 0.16201 ( 1)  0.235
1352 P   0.82818 0.17182 ( 1)  0.244
1353 E   0.40587 0.59413 ( 2)  0.630
1354 K   0.05010 0.94990 ( 2)  0.954
1355 G   0.04805 0.95195 ( 2)  0.956
1356 S   0.19626 0.80374 ( 2)  0.821
1357 C   0.21696 0.78304 ( 2)  0.802
1358 M   0.92982 0.07018 ( 1)  0.151
1359 W   0.72375 0.27625 ( 1)  0.339
1360 F   0.87105 0.12895 ( 1)  0.205
1361 P   0.83011 0.16989 ( 1)  0.242
1362 A   0.19382 0.80618 ( 2)  0.823
1363 K   0.35873 0.64127 ( 2)  0.673
1364 P   0.29406 0.70594 ( 2)  0.732
1365 K   0.89260 0.10740 ( 1)  0.185
1366 L   0.00330 0.99670 ( 2)  0.997
1367 E   0.36263 0.63737 ( 2)  0.669
1368 K   0.86999 0.13001 ( 1)  0.206
1369 K   0.88047 0.11953 ( 1)  0.196
1370 Q   0.16380 0.83620 ( 2)  0.851
1371 Y   0.81560 0.18440 ( 1)  0.256
1372 F   0.81789 0.18211 ( 1)  0.254
1373 L   0.77112 0.22888 ( 1)  0.296
1374 F   0.87105 0.12895 ( 1)  0.205
1375 G   0.83062 0.16938 ( 1)  0.242
1376 M   0.00529 0.99471 ( 2)  0.995
1377 L   0.73657 0.26343 ( 1)  0.328
1378 C   0.82720 0.17280 ( 1)  0.245
1379 G   0.84308 0.15692 ( 1)  0.231
1380 L   0.77112 0.22888 ( 1)  0.296
1381 S   0.75257 0.24743 ( 1)  0.313
1382 L   0.75140 0.24860 ( 1)  0.314
1383 F   0.81027 0.18973 ( 1)  0.260
1384 N   0.91365 0.08635 ( 1)  0.166
1385 L   0.11981 0.88019 ( 2)  0.891
1386 N   0.91365 0.08635 ( 1)  0.166
1387 L   0.33290 0.66710 ( 2)  0.696
1388 A   0.83572 0.16428 ( 1)  0.237
1389 N   0.86135 0.13865 ( 1)  0.214
1390 L   0.84217 0.15783 ( 1)  0.231
1391 P   0.83011 0.16989 ( 1)  0.242
1392 F   0.81027 0.18973 ( 1)  0.260
1393 P   0.81923 0.18077 ( 1)  0.252
1394 L   0.73043 0.26957 ( 1)  0.333
1395 A   0.86663 0.13337 ( 1)  0.209
1396 L   0.73037 0.26963 ( 1)  0.333
1397 Y   0.84635 0.15365 ( 1)  0.228
1398 K   0.87998 0.12002 ( 1)  0.197
1399 K   0.89260 0.10740 ( 1)  0.185
1400 L   0.84217 0.15783 ( 1)  0.231
1401 L   0.73043 0.26957 ( 1)  0.333
1402 N   0.04291 0.95709 ( 2)  0.961
1403 Q   0.03048 0.96952 ( 2)  0.972
1404 K   0.86780 0.13220 ( 1)  0.208
1405 P   0.81923 0.18077 ( 1)  0.252
1406 S   0.77464 0.22536 ( 1)  0.293
1407 L   0.73385 0.26615 ( 1)  0.330
1408 E   0.89096 0.10904 ( 1)  0.187
1409 D   0.90500 0.09500 ( 1)  0.174
1410 L   0.75140 0.24860 ( 1)  0.314
1411 K   0.89260 0.10740 ( 1)  0.185
1412 E   0.89096 0.10904 ( 1)  0.187
1413 L   0.77112 0.22888 ( 1)  0.296
1414 S   0.89238 0.10762 ( 1)  0.186
1415 P   0.83011 0.16989 ( 1)  0.242
1416 R   0.00018 0.99982 ( 2)  1.000
1417 L   0.02126 0.97874 ( 2)  0.981
1418 G   0.81567 0.18433 ( 1)  0.256
1419 K   0.04833 0.95167 ( 2)  0.956
1420 S   0.41877 0.58123 ( 2)  0.618
1421 L   0.74075 0.25925 ( 1)  0.324
1422 Q   0.81107 0.18893 ( 1)  0.260
1423 E   0.41852 0.58148 ( 2)  0.618
1424 V   0.86677 0.13323 ( 1)  0.209
1425 L   0.76306 0.23694 ( 1)  0.304
1426 N   0.45710 0.54290 ( 2)  0.583
1427 D   0.41051 0.58949 ( 2)  0.625
1428 D   0.00521 0.99479 ( 2)  0.995
1429 A   0.30559 0.69441 ( 2)  0.721
1430 D   0.06355 0.93645 ( 2)  0.942
1431 D   0.85896 0.14104 ( 1)  0.216
1432 I   0.89206 0.10794 ( 1)  0.186
1433 G   0.25922 0.74078 ( 2)  0.763
1434 D   0.44391 0.55609 ( 2)  0.595
1435 A   0.00112 0.99888 ( 2)  0.999
1436 L   0.03146 0.96854 ( 2)  0.971
1437 C   0.02332 0.97668 ( 2)  0.979
1438 L   0.06033 0.93967 ( 2)  0.945
1439 S   0.00000 1.00000 ( 2)  1.000
1440 F   0.87105 0.12895 ( 1)  0.205
1441 S   0.82271 0.17729 ( 1)  0.249
1442 I   0.91548 0.08452 ( 1)  0.164
1443 H   0.34576 0.65424 ( 2)  0.684
1444 W   0.72375 0.27625 ( 1)  0.339
1445 D   0.36108 0.63892 ( 2)  0.670
1446 Q   0.02956 0.97044 ( 2)  0.973
1447 N   0.05887 0.94113 ( 2)  0.946
1448 D   0.46334 0.53666 ( 2)  0.577
1449 V   0.86948 0.13052 ( 1)  0.206
1450 D   0.86671 0.13329 ( 1)  0.209
1451 L   0.75117 0.24883 ( 1)  0.314
1452 I   0.40075 0.59925 ( 2)  0.634
1453 P   0.81923 0.18077 ( 1)  0.252
1454 N   0.06060 0.93940 ( 2)  0.945
1455 G   0.81567 0.18433 ( 1)  0.256
1456 I   0.02873 0.97127 ( 2)  0.974
1457 S   0.03058 0.96942 ( 2)  0.972
1458 I   0.45736 0.54264 ( 2)  0.583
1459 P   0.83011 0.16989 ( 1)  0.242
1460 V   0.82734 0.17266 ( 1)  0.245
1461 D   0.33928 0.66072 ( 2)  0.690
1462 Q   0.81107 0.18893 ( 1)  0.260
1463 T   0.02891 0.97109 ( 2)  0.974
1464 N   0.86135 0.13865 ( 1)  0.214
1465 K   0.86511 0.13489 ( 1)  0.210
1466 K   0.05575 0.94425 ( 2)  0.949
1467 D   0.85896 0.14104 ( 1)  0.216
1468 Y   0.26918 0.73082 ( 2)  0.754
1469 V   0.37910 0.62090 ( 2)  0.654
1470 S   0.82271 0.17729 ( 1)  0.249
1471 K   0.04631 0.95369 ( 2)  0.958
1472 Y   0.84635 0.15365 ( 1)  0.228
1473 I   0.29929 0.70071 ( 2)  0.727
1474 D   0.90518 0.09482 ( 1)  0.174
1475 Y   0.77478 0.22522 ( 1)  0.293
1476 I   0.89206 0.10794 ( 1)  0.186
1477 F   0.81027 0.18973 ( 1)  0.260
1478 N   0.87222 0.12778 ( 1)  0.204
1479 V   0.21575 0.78425 ( 2)  0.803
1480 S   0.82271 0.17729 ( 1)  0.249
1481 V   0.86434 0.13566 ( 1)  0.211
1482 K   0.87827 0.12173 ( 1)  0.198
1483 A   0.03120 0.96880 ( 2)  0.972
1484 V   0.87306 0.12694 ( 1)  0.203
1485 Y   0.84635 0.15365 ( 1)  0.228
1486 E   0.86290 0.13710 ( 1)  0.212
1487 E   0.89096 0.10904 ( 1)  0.187
1488 F   0.87105 0.12895 ( 1)  0.205
1489 Q   0.78356 0.21644 ( 1)  0.285
1490 R   0.86341 0.13659 ( 1)  0.212
1491 G   0.84308 0.15692 ( 1)  0.231
1492 F   0.87105 0.12895 ( 1)  0.205
1493 Y   0.84635 0.15365 ( 1)  0.228
1494 R   0.03820 0.96180 ( 2)  0.965
1495 V   0.80348 0.19652 ( 1)  0.267
1496 C   0.82720 0.17280 ( 1)  0.245
1497 E   0.27416 0.72584 ( 2)  0.750
1498 K   0.35632 0.64368 ( 2)  0.675
1499 E   0.35298 0.64702 ( 2)  0.678
1500 I   0.91548 0.08452 ( 1)  0.164
1501 L   0.29626 0.70374 ( 2)  0.730
1502 R   0.86341 0.13659 ( 1)  0.212
1503 H   0.00362 0.99638 ( 2)  0.997
1504 F   0.81027 0.18973 ( 1)  0.260
1505 Y   0.00151 0.99849 ( 2)  0.999
1506 P   0.81906 0.18094 ( 1)  0.252
1507 E   0.05712 0.94288 ( 2)  0.948
1508 E   0.89096 0.10904 ( 1)  0.187
1509 L   0.76306 0.23694 ( 1)  0.304
1510 M   0.92982 0.07018 ( 1)  0.151
1511 T   0.33772 0.66228 ( 2)  0.692
1512 A   0.85539 0.14461 ( 1)  0.219
1513 V   0.36440 0.63560 ( 2)  0.667
1514 I   0.89206 0.10794 ( 1)  0.186
1515 G   0.84305 0.15695 ( 1)  0.231
1516 N   0.46729 0.53271 ( 2)  0.574
1517 T   0.86973 0.13027 ( 1)  0.206
1518 D   0.91233 0.08767 ( 1)  0.167
1519 Y   0.84635 0.15365 ( 1)  0.228
1520 D   0.85896 0.14104 ( 1)  0.216
1521 W   0.72375 0.27625 ( 1)  0.339
1522 K   0.88776 0.11224 ( 1)  0.190
1523 Q   0.27138 0.72862 ( 2)  0.752
1524 F   0.87105 0.12895 ( 1)  0.205
1525 E   0.89096 0.10904 ( 1)  0.187
1526 Q   0.24222 0.75778 ( 2)  0.779
1527 N   0.91365 0.08635 ( 1)  0.166
1528 S   0.77464 0.22536 ( 1)  0.293
1529 K   0.00098 0.99902 ( 2)  0.999
1530 Y   0.84635 0.15365 ( 1)  0.228
1531 E   0.04510 0.95490 ( 2)  0.959
1532 H   0.00349 0.99651 ( 2)  0.997
1533 G   0.03503 0.96497 ( 2)  0.968
1534 Y   0.77478 0.22522 ( 1)  0.293
1535 Q   0.00261 0.99739 ( 2)  0.998
1536 K   0.04340 0.95660 ( 2)  0.960
1537 S   0.22138 0.77862 ( 2)  0.798
1538 H   0.87966 0.12034 ( 1)  0.197
1539 P   0.83011 0.16989 ( 1)  0.242
1540 T   0.86973 0.13027 ( 1)  0.206
1541 I   0.90046 0.09954 ( 1)  0.178
1542 R   0.01784 0.98216 ( 2)  0.984
1543 L   0.30694 0.69306 ( 2)  0.720
1544 F   0.86278 0.13722 ( 1)  0.213
1545 W   0.72375 0.27625 ( 1)  0.339
1546 K   0.34956 0.65044 ( 2)  0.681
1547 A   0.86663 0.13337 ( 1)  0.209
1548 F   0.82176 0.17824 ( 1)  0.250
1549 H   0.28817 0.71183 ( 2)  0.737
1550 K   0.39724 0.60276 ( 2)  0.637
1551 L   0.76527 0.23473 ( 1)  0.302
1552 T   0.27527 0.72473 ( 2)  0.749
1553 L   0.73731 0.26269 ( 1)  0.327
1554 D   0.91233 0.08767 ( 1)  0.167
1555 E   0.89096 0.10904 ( 1)  0.187
1556 K   0.86511 0.13489 ( 1)  0.210
1557 K   0.89260 0.10740 ( 1)  0.185
1558 K   0.39724 0.60276 ( 2)  0.637
1559 F   0.81789 0.18211 ( 1)  0.254
1560 L   0.77095 0.22905 ( 1)  0.296
1561 I   0.00023 0.99977 ( 2)  1.000
1562 F   0.86909 0.13091 ( 1)  0.207
1563 L   0.84217 0.15783 ( 1)  0.231
1564 T   0.85916 0.14084 ( 1)  0.216
1565 G   0.84308 0.15692 ( 1)  0.231
1566 R   0.03490 0.96510 ( 2)  0.968
1567 D   0.91233 0.08767 ( 1)  0.167
1568 R   0.84047 0.15953 ( 1)  0.233
1569 L   0.73043 0.26957 ( 1)  0.333
1570 H   0.87905 0.12095 ( 1)  0.198
1571 V   0.03912 0.96088 ( 2)  0.964
1572 R   0.86341 0.13659 ( 1)  0.212
1573 G   0.79168 0.20832 ( 1)  0.277
1574 I   0.41994 0.58006 ( 2)  0.617
1575 Q   0.22987 0.77013 ( 2)  0.790
1576 E   0.38545 0.61455 ( 2)  0.648
1577 I   0.00613 0.99387 ( 2)  0.994
1578 E   0.03703 0.96297 ( 2)  0.966
1579 I   0.45857 0.54143 ( 2)  0.581
1580 V   0.22146 0.77854 ( 2)  0.798
1581 F   0.87105 0.12895 ( 1)  0.205
1582 R   0.21332 0.78668 ( 2)  0.805
1583 C   0.82653 0.17347 ( 1)  0.246
1584 P   0.83011 0.16989 ( 1)  0.242
1585 E   0.41264 0.58736 ( 2)  0.623
1586 T   0.86973 0.13027 ( 1)  0.206
1587 F   0.02945 0.97055 ( 2)  0.973
1588 S   0.34873 0.65127 ( 2)  0.682
1589 E   0.89096 0.10904 ( 1)  0.187
1590 R   0.35424 0.64576 ( 2)  0.677
1591 D   0.90518 0.09482 ( 1)  0.174
1592 H   0.02969 0.97031 ( 2)  0.973
1593 L   0.03295 0.96705 ( 2)  0.970
1594 R   0.04381 0.95619 ( 2)  0.960
1595 S   0.77174 0.22826 ( 1)  0.296
1596 I   0.02600 0.97400 ( 2)  0.976
1597 T   0.86743 0.13257 ( 1)  0.208
1598 C   0.82720 0.17280 ( 1)  0.245
1599 H   0.36724 0.63276 ( 2)  0.665
1600 N   0.00004 0.99996 ( 2)  1.000
1601 I   0.89144 0.10856 ( 1)  0.186
1602 L   0.74506 0.25494 ( 1)  0.320
1603 D   0.03769 0.96231 ( 2)  0.966
1604 L   0.77112 0.22888 ( 1)  0.296
1605 P   0.83011 0.16989 ( 1)  0.242
1606 K   0.34024 0.65976 ( 2)  0.689
1607 Y   0.84635 0.15365 ( 1)  0.228
1608 S   0.82271 0.17729 ( 1)  0.249
1609 T   0.85916 0.14084 ( 1)  0.216
1610 M   0.92982 0.07018 ( 1)  0.151
1611 E   0.40402 0.59598 ( 2)  0.631
1612 R   0.86341 0.13659 ( 1)  0.212
1613 M   0.49275 0.50725 ( 2)  0.550
1614 E   0.86330 0.13670 ( 1)  0.212
1615 E   0.40587 0.59413 ( 2)  0.630
1616 A   0.85599 0.14401 ( 1)  0.219
1617 L   0.84217 0.15783 ( 1)  0.231
1618 Q   0.81107 0.18893 ( 1)  0.260
1619 V   0.36072 0.63928 ( 2)  0.671
1620 A   0.79424 0.20576 ( 1)  0.275
1621 I   0.83795 0.16205 ( 1)  0.235
1622 N   0.86788 0.13212 ( 1)  0.208
1623 N   0.33336 0.66664 ( 2)  0.696
1624 N   0.30766 0.69234 ( 2)  0.719
1625 R   0.86341 0.13659 ( 1)  0.212
1626 G   0.83938 0.16062 ( 1)  0.234
1627 F   0.87105 0.12895 ( 1)  0.205
1628 V   0.83778 0.16222 ( 1)  0.235
1629 S   0.77173 0.22827 ( 1)  0.296
1630 P   0.21138 0.78862 ( 2)  0.807
1631 M   0.62760 0.37240 ( 1)  0.427
1632 L   0.10752 0.89248 ( 2)  0.902
1633 M   0.87441 0.12559 ( 1)  0.202
1634 L   0.01902 0.98098 ( 2)  0.983
1635 T   0.00196 0.99804 ( 2)  0.998
1636 Q   0.14448 0.85552 ( 2)  0.868
1637 S   0.01472 0.98528 ( 2)  0.987
1638 -   0.54236 0.45764 ( 1)  0.505
1639 -   0.54236 0.45764 ( 1)  0.505


lnL = -13057.193024

