Supplemental results for CODEML (seqf: algn  treef: tree)


dN/dS (w) for site classes (K=9)

p:   0.12435  0.12435  0.12435  0.12435  0.12435  0.12435  0.12435  0.12435  0.00519
w:   0.00000  0.00000  0.00007  0.00078  0.00496  0.02198  0.07973  0.28721  1.31539

Naive Empirical Bayes (NEB) probabilities for 9 classes & postmean_w & P(w>1)
(amino acids refer to 1st sequence: aotNan_GMPR_XM_012476587)

   1 M   0.14418 0.14418 0.14414 0.14373 0.14133 0.13197 0.10466 0.04577 0.00004 ( 1)  0.025  0.000
   2 P   0.13548 0.13548 0.13546 0.13527 0.13418 0.12982 0.11608 0.07776 0.00046 ( 1)  0.036  0.000
   3 R   0.00000 0.00001 0.00025 0.00290 0.01820 0.07815 0.25481 0.62706 0.01863 ( 8)  0.227  0.019
   4 I   0.13926 0.13926 0.13923 0.13896 0.13736 0.13103 0.11167 0.06307 0.00017 ( 1)  0.031  0.000
   5 D   0.14084 0.14084 0.14081 0.14049 0.13865 0.13138 0.10952 0.05734 0.00012 ( 1)  0.029  0.000
   6 A   0.14001 0.14001 0.13999 0.13969 0.13797 0.13121 0.11067 0.06031 0.00014 ( 1)  0.030  0.000
   7 D   0.14263 0.14263 0.14260 0.14223 0.14010 0.13174 0.10700 0.05100 0.00006 ( 1)  0.027  0.000
   8 L   0.13621 0.13621 0.13619 0.13599 0.13481 0.13008 0.11528 0.07483 0.00038 ( 1)  0.035  0.000
   9 K   0.14075 0.14075 0.14072 0.14040 0.13858 0.13139 0.10969 0.05761 0.00011 ( 1)  0.029  0.000
  10 L   0.13602 0.13602 0.13600 0.13580 0.13464 0.13002 0.11549 0.07559 0.00040 ( 1)  0.035  0.000
  11 D   0.14263 0.14263 0.14260 0.14223 0.14010 0.13174 0.10700 0.05100 0.00006 ( 1)  0.027  0.000
  12 F   0.13714 0.13714 0.13712 0.13690 0.13559 0.13041 0.11425 0.07115 0.00029 ( 1)  0.034  0.000
  13 K   0.14042 0.14042 0.14039 0.14009 0.13831 0.13131 0.11013 0.05881 0.00012 ( 1)  0.030  0.000
  14 D   0.13864 0.13864 0.13861 0.13835 0.13684 0.13084 0.11243 0.06546 0.00021 ( 1)  0.032  0.000
  15 V   0.14072 0.14071 0.14069 0.14037 0.13854 0.13136 0.10969 0.05780 0.00012 ( 1)  0.029  0.000
  16 L   0.13323 0.13323 0.13322 0.13307 0.13225 0.12893 0.11831 0.08695 0.00081 ( 1)  0.039  0.001
  17 L   0.13602 0.13602 0.13600 0.13580 0.13464 0.13002 0.11549 0.07559 0.00040 ( 1)  0.035  0.000
  18 R   0.12912 0.12912 0.12912 0.12905 0.12864 0.12702 0.12166 0.10423 0.00204 ( 1)  0.046  0.002
  19 P   0.13305 0.13305 0.13304 0.13290 0.13209 0.12886 0.11848 0.08769 0.00084 ( 1)  0.039  0.001
  20 K   0.14075 0.14075 0.14072 0.14040 0.13858 0.13139 0.10969 0.05761 0.00011 ( 1)  0.029  0.000
  21 R   0.13355 0.13355 0.13354 0.13339 0.13253 0.12907 0.11801 0.08562 0.00075 ( 1)  0.039  0.001
  22 S   0.14036 0.14036 0.14033 0.14003 0.13826 0.13131 0.11024 0.05899 0.00012 ( 1)  0.030  0.000
  23 S   0.14036 0.14036 0.14033 0.14003 0.13826 0.13131 0.11024 0.05899 0.00012 ( 1)  0.030  0.000
  24 L   0.13621 0.13621 0.13619 0.13599 0.13481 0.13008 0.11528 0.07483 0.00038 ( 1)  0.035  0.000
  25 K   0.14075 0.14075 0.14072 0.14040 0.13858 0.13139 0.10969 0.05761 0.00011 ( 1)  0.029  0.000
  26 S   0.14036 0.14036 0.14033 0.14003 0.13826 0.13131 0.11024 0.05899 0.00012 ( 1)  0.030  0.000
  27 R   0.13100 0.13100 0.13099 0.13089 0.13031 0.12794 0.12024 0.09626 0.00136 ( 1)  0.043  0.001
  28 A   0.00000 0.00001 0.00031 0.00363 0.02267 0.09556 0.29284 0.57863 0.00636 ( 8)  0.200  0.006
  29 E   0.14164 0.14164 0.14161 0.14127 0.13930 0.13157 0.10844 0.05446 0.00009 ( 1)  0.028  0.000
  30 V   0.14001 0.14001 0.13998 0.13969 0.13797 0.13119 0.11064 0.06036 0.00015 ( 1)  0.030  0.000
  31 D   0.13829 0.13828 0.13826 0.13801 0.13655 0.13075 0.11288 0.06676 0.00022 ( 1)  0.032  0.000
  32 L   0.13272 0.13272 0.13271 0.13258 0.13181 0.12872 0.11877 0.08905 0.00091 ( 1)  0.040  0.001
  33 E   0.13926 0.13926 0.13923 0.13896 0.13735 0.13100 0.11162 0.06314 0.00018 ( 1)  0.031  0.000
  34 R   0.00000 0.00001 0.00023 0.00268 0.01687 0.07284 0.24217 0.63875 0.02645 ( 8)  0.239  0.026
  35 T   0.13972 0.13972 0.13969 0.13940 0.13773 0.13114 0.11107 0.06138 0.00015 ( 1)  0.030  0.000
  36 F   0.13689 0.13689 0.13687 0.13665 0.13538 0.13032 0.11454 0.07216 0.00032 ( 1)  0.034  0.000
  37 T   0.13864 0.13864 0.13862 0.13836 0.13685 0.13085 0.11244 0.06539 0.00020 ( 1)  0.032  0.000
  38 F   0.13360 0.13360 0.13359 0.13344 0.13257 0.12910 0.11797 0.08540 0.00073 ( 1)  0.039  0.001
  39 R   0.12947 0.12947 0.12946 0.12939 0.12895 0.12719 0.12141 0.10276 0.00189 ( 1)  0.045  0.002
  40 N   0.13948 0.13948 0.13945 0.13917 0.13753 0.13107 0.11136 0.06230 0.00016 ( 1)  0.031  0.000
  41 S   0.13065 0.13065 0.13065 0.13055 0.13000 0.12778 0.12052 0.09773 0.00146 ( 1)  0.043  0.001
  42 K   0.14075 0.14075 0.14072 0.14040 0.13858 0.13139 0.10969 0.05761 0.00011 ( 1)  0.029  0.000
  43 Q   0.13440 0.13439 0.13438 0.13421 0.13325 0.12941 0.11719 0.08216 0.00061 ( 1)  0.037  0.001
  44 T   0.13938 0.13938 0.13935 0.13907 0.13745 0.13105 0.11151 0.06265 0.00016 ( 1)  0.031  0.000
  45 Y   0.13542 0.13542 0.13540 0.13521 0.13413 0.12980 0.11615 0.07800 0.00047 ( 1)  0.036  0.000
  46 S   0.00000 0.00000 0.00020 0.00231 0.01457 0.06355 0.21863 0.65164 0.04910 ( 8)  0.271  0.049
  47 G   0.13950 0.13950 0.13947 0.13919 0.13755 0.13108 0.11135 0.06220 0.00016 ( 1)  0.031  0.000
  48 I   0.13704 0.13704 0.13702 0.13679 0.13550 0.13036 0.11436 0.07159 0.00031 ( 1)  0.034  0.000
  49 P   0.13554 0.13554 0.13552 0.13533 0.13423 0.12985 0.11602 0.07753 0.00045 ( 1)  0.036  0.000
  50 I   0.14117 0.14116 0.14113 0.14081 0.13892 0.13147 0.10911 0.05614 0.00010 ( 1)  0.029  0.000
  51 I   0.14046 0.14046 0.14043 0.14012 0.13834 0.13132 0.11008 0.05867 0.00012 ( 1)  0.029  0.000
  52 V   0.14001 0.14001 0.13998 0.13969 0.13797 0.13119 0.11064 0.06036 0.00015 ( 1)  0.030  0.000
  53 A   0.14072 0.14072 0.14069 0.14037 0.13855 0.13137 0.10972 0.05774 0.00011 ( 1)  0.029  0.000
  54 N   0.14180 0.14180 0.14177 0.14143 0.13943 0.13161 0.10822 0.05385 0.00008 ( 1)  0.028  0.000
  55 M   0.14443 0.14443 0.14439 0.14396 0.14152 0.13200 0.10427 0.04496 0.00003 ( 1)  0.025  0.000
  56 D   0.14287 0.14287 0.14283 0.14246 0.14029 0.13178 0.10665 0.05020 0.00006 ( 1)  0.027  0.000
  57 T   0.13546 0.13546 0.13545 0.13526 0.13417 0.12982 0.11609 0.07783 0.00047 ( 1)  0.036  0.000
  58 V   0.13986 0.13986 0.13984 0.13954 0.13785 0.13116 0.11084 0.06089 0.00015 ( 1)  0.030  0.000
  59 G   0.14020 0.14020 0.14018 0.13987 0.13813 0.13126 0.11043 0.05959 0.00013 ( 1)  0.030  0.000
  60 T   0.13601 0.13601 0.13599 0.13579 0.13463 0.13001 0.11550 0.07566 0.00041 ( 1)  0.035  0.000
  61 F   0.13383 0.13383 0.13381 0.13366 0.13276 0.12919 0.11776 0.08448 0.00069 ( 1)  0.038  0.001
  62 E   0.14186 0.14186 0.14183 0.14148 0.13948 0.13161 0.10812 0.05367 0.00008 ( 1)  0.028  0.000
  63 M   0.14443 0.14443 0.14439 0.14396 0.14152 0.13200 0.10427 0.04496 0.00003 ( 1)  0.025  0.000
  64 A   0.13500 0.13500 0.13498 0.13480 0.13377 0.12964 0.11657 0.07972 0.00053 ( 1)  0.037  0.001
  65 A   0.13731 0.13731 0.13729 0.13706 0.13573 0.13044 0.11403 0.07054 0.00029 ( 1)  0.033  0.000
  66 V   0.14024 0.14024 0.14022 0.13991 0.13816 0.13125 0.11034 0.05950 0.00014 ( 1)  0.030  0.000
  67 M   0.14443 0.14443 0.14439 0.14396 0.14152 0.13200 0.10427 0.04496 0.00003 ( 1)  0.025  0.000
  68 S   0.13018 0.13018 0.13017 0.13009 0.12958 0.12755 0.12089 0.09974 0.00162 ( 1)  0.044  0.002
  69 Q   0.13472 0.13472 0.13470 0.13453 0.13353 0.12954 0.11688 0.08084 0.00056 ( 1)  0.037  0.001
  70 H   0.13740 0.13740 0.13738 0.13715 0.13581 0.13048 0.11395 0.07016 0.00028 ( 1)  0.033  0.000
  71 S   0.13286 0.13286 0.13284 0.13271 0.13193 0.12878 0.11867 0.08848 0.00087 ( 1)  0.040  0.001
  72 M   0.00000 0.00001 0.00038 0.00443 0.02759 0.11422 0.32916 0.52219 0.00201 ( 8)  0.182  0.002
  73 F   0.13374 0.13374 0.13372 0.13357 0.13269 0.12915 0.11784 0.08484 0.00071 ( 1)  0.038  0.001
  74 T   0.13455 0.13455 0.13453 0.13436 0.13339 0.12947 0.11704 0.08153 0.00058 ( 1)  0.037  0.001
  75 A   0.13534 0.13534 0.13532 0.13513 0.13406 0.12976 0.11621 0.07835 0.00049 ( 1)  0.036  0.000
  76 I   0.13721 0.13721 0.13719 0.13696 0.13565 0.13042 0.11416 0.07090 0.00030 ( 1)  0.034  0.000
  77 H   0.13437 0.13437 0.13435 0.13419 0.13323 0.12940 0.11722 0.08225 0.00061 ( 1)  0.037  0.001
  78 K   0.14058 0.14058 0.14056 0.14024 0.13844 0.13134 0.10991 0.05822 0.00012 ( 1)  0.029  0.000
  79 H   0.13493 0.13493 0.13491 0.13473 0.13371 0.12961 0.11665 0.08000 0.00054 ( 1)  0.037  0.001
  80 Y   0.13581 0.13581 0.13579 0.13559 0.13446 0.12994 0.11574 0.07645 0.00042 ( 1)  0.035  0.000
  81 S   0.00000 0.00001 0.00026 0.00301 0.01889 0.08084 0.26087 0.61989 0.01625 ( 8)  0.222  0.016
  82 L   0.13334 0.13334 0.13332 0.13318 0.13234 0.12898 0.11821 0.08650 0.00079 ( 1)  0.039  0.001
  83 D   0.13848 0.13847 0.13845 0.13819 0.13670 0.13080 0.11265 0.06604 0.00021 ( 1)  0.032  0.000
  84 D   0.14287 0.14287 0.14283 0.14246 0.14029 0.13178 0.10665 0.05020 0.00006 ( 1)  0.027  0.000
  85 W   0.13233 0.13233 0.13232 0.13220 0.13147 0.12855 0.11913 0.09067 0.00099 ( 1)  0.040  0.001
  86 K   0.14096 0.14096 0.14093 0.14061 0.13875 0.13143 0.10940 0.05683 0.00010 ( 1)  0.029  0.000
  87 L   0.13622 0.13622 0.13620 0.13600 0.13481 0.13009 0.11528 0.07480 0.00038 ( 1)  0.035  0.000
  88 F   0.13374 0.13374 0.13372 0.13357 0.13269 0.12915 0.11784 0.08484 0.00071 ( 1)  0.038  0.001
  89 A   0.14080 0.14080 0.14077 0.14045 0.13862 0.13139 0.10961 0.05744 0.00011 ( 1)  0.029  0.000
  90 A   0.00000 0.00000 0.00000 0.00001 0.00036 0.00680 0.08177 0.76920 0.14186 ( 8)  0.414  0.142
  91 N   0.13761 0.13761 0.13758 0.13735 0.13598 0.13055 0.11370 0.06936 0.00026 ( 1)  0.033  0.000
  92 H   0.13740 0.13740 0.13738 0.13715 0.13581 0.13048 0.11395 0.07016 0.00028 ( 1)  0.033  0.000
  93 P   0.00000 0.00000 0.00021 0.00246 0.01550 0.06733 0.22841 0.64770 0.03839 ( 8)  0.256  0.038
  94 E   0.13741 0.13741 0.13739 0.13716 0.13581 0.13048 0.11393 0.07013 0.00028 ( 1)  0.033  0.000
  95 C   0.13490 0.13490 0.13489 0.13471 0.13369 0.12961 0.11669 0.08008 0.00053 ( 1)  0.037  0.001
  96 L   0.13336 0.13336 0.13335 0.13320 0.13236 0.12899 0.11819 0.08641 0.00078 ( 1)  0.039  0.001
  97 Q   0.13472 0.13472 0.13470 0.13453 0.13353 0.12954 0.11688 0.08084 0.00056 ( 1)  0.037  0.001
  98 H   0.00000 0.00001 0.00026 0.00304 0.01908 0.08163 0.26281 0.61824 0.01494 ( 8)  0.220  0.015
  99 V   0.00000 0.00000 0.00000 0.00001 0.00040 0.00763 0.09008 0.79415 0.10772 ( 8)  0.377  0.108
 100 A   0.13880 0.13880 0.13877 0.13851 0.13697 0.13090 0.11225 0.06481 0.00019 ( 1)  0.031  0.000
 101 V   0.14010 0.14010 0.14008 0.13978 0.13805 0.13122 0.11052 0.06002 0.00014 ( 1)  0.030  0.000
 102 S   0.13626 0.13626 0.13624 0.13603 0.13484 0.13011 0.11525 0.07464 0.00037 ( 1)  0.035  0.000
 103 S   0.13166 0.13166 0.13165 0.13153 0.13088 0.12825 0.11971 0.09350 0.00116 ( 1)  0.042  0.001
 104 G   0.14040 0.14040 0.14037 0.14006 0.13829 0.13130 0.11017 0.05889 0.00012 ( 1)  0.030  0.000
 105 S   0.13652 0.13652 0.13650 0.13629 0.13506 0.13019 0.11495 0.07363 0.00035 ( 1)  0.034  0.000
 106 G   0.13970 0.13970 0.13967 0.13938 0.13772 0.13114 0.11109 0.06145 0.00015 ( 1)  0.030  0.000
 107 Q   0.13472 0.13472 0.13470 0.13453 0.13353 0.12954 0.11688 0.08084 0.00056 ( 1)  0.037  0.001
 108 N   0.14159 0.14159 0.14156 0.14122 0.13926 0.13156 0.10852 0.05462 0.00009 ( 1)  0.028  0.000
 109 D   0.13848 0.13847 0.13845 0.13819 0.13670 0.13080 0.11265 0.06604 0.00021 ( 1)  0.032  0.000
 110 L   0.13334 0.13334 0.13333 0.13319 0.13235 0.12898 0.11820 0.08649 0.00079 ( 1)  0.039  0.001
 111 E   0.13770 0.13770 0.13768 0.13744 0.13606 0.13057 0.11356 0.06902 0.00026 ( 1)  0.033  0.000
 112 K   0.14097 0.14096 0.14094 0.14061 0.13875 0.13143 0.10940 0.05683 0.00010 ( 1)  0.029  0.000
 113 M   0.14443 0.14443 0.14439 0.14396 0.14152 0.13200 0.10427 0.04496 0.00003 ( 1)  0.025  0.000
 114 S   0.00000 0.00001 0.00031 0.00362 0.02265 0.09549 0.29277 0.57894 0.00620 ( 8)  0.200  0.006
 115 S   0.14044 0.14044 0.14041 0.14010 0.13833 0.13133 0.11013 0.05870 0.00012 ( 1)  0.029  0.000
 116 I   0.00000 0.00000 0.00000 0.00002 0.00063 0.01171 0.12716 0.83232 0.02816 ( 8)  0.286  0.028
 117 L   0.13330 0.13330 0.13329 0.13314 0.13231 0.12896 0.11824 0.08666 0.00080 ( 1)  0.039  0.001
 118 D   0.00000 0.00000 0.00000 0.00001 0.00051 0.00951 0.10794 0.82561 0.05642 ( 8)  0.320  0.056
 119 A   0.13672 0.13672 0.13670 0.13649 0.13523 0.13025 0.11471 0.07283 0.00034 ( 1)  0.034  0.000
 120 V   0.00000 0.00001 0.00030 0.00352 0.02202 0.09305 0.28754 0.58595 0.00762 ( 8)  0.203  0.008
 121 P   0.13141 0.13141 0.13140 0.13129 0.13066 0.12813 0.11992 0.09454 0.00123 ( 1)  0.042  0.001
 122 Q   0.00000 0.00001 0.00024 0.00286 0.01797 0.07722 0.25266 0.62925 0.01980 ( 8)  0.229  0.020
 123 V   0.00000 0.00000 0.00000 0.00001 0.00041 0.00777 0.09149 0.79844 0.10187 ( 8)  0.371  0.102
 124 K   0.14091 0.14091 0.14088 0.14056 0.13871 0.13142 0.10948 0.05704 0.00011 ( 1)  0.029  0.000
 125 F   0.13394 0.13394 0.13393 0.13377 0.13286 0.12923 0.11764 0.08401 0.00068 ( 1)  0.038  0.001
 126 I   0.13721 0.13721 0.13719 0.13696 0.13565 0.13042 0.11416 0.07090 0.00030 ( 1)  0.034  0.000
 127 C   0.13490 0.13490 0.13489 0.13471 0.13369 0.12961 0.11669 0.08008 0.00053 ( 1)  0.037  0.001
 128 L   0.13336 0.13336 0.13335 0.13320 0.13236 0.12899 0.11819 0.08641 0.00078 ( 1)  0.039  0.001
 129 D   0.13848 0.13847 0.13845 0.13819 0.13670 0.13080 0.11265 0.06604 0.00021 ( 1)  0.032  0.000
 130 V   0.14022 0.14022 0.14019 0.13989 0.13814 0.13124 0.11037 0.05960 0.00014 ( 1)  0.030  0.000
 131 A   0.13971 0.13971 0.13968 0.13939 0.13773 0.13114 0.11108 0.06142 0.00015 ( 1)  0.030  0.000
 132 N   0.13878 0.13877 0.13875 0.13849 0.13695 0.13088 0.11226 0.06492 0.00020 ( 1)  0.032  0.000
 133 G   0.13961 0.13961 0.13959 0.13930 0.13765 0.13111 0.11120 0.06177 0.00015 ( 1)  0.030  0.000
 134 Y   0.13220 0.13220 0.13219 0.13206 0.13135 0.12849 0.11925 0.09124 0.00102 ( 1)  0.041  0.001
 135 S   0.13093 0.13093 0.13092 0.13082 0.13024 0.12790 0.12030 0.09659 0.00138 ( 1)  0.043  0.001
 136 E   0.13857 0.13857 0.13855 0.13829 0.13678 0.13082 0.11250 0.06571 0.00021 ( 1)  0.032  0.000
 137 H   0.13392 0.13391 0.13390 0.13374 0.13284 0.12922 0.11767 0.08411 0.00068 ( 1)  0.038  0.001
 138 F   0.13374 0.13374 0.13372 0.13357 0.13269 0.12915 0.11784 0.08484 0.00071 ( 1)  0.038  0.001
 139 V   0.14014 0.14014 0.14011 0.13981 0.13807 0.13122 0.11048 0.05990 0.00014 ( 1)  0.030  0.000
 140 E   0.13787 0.13787 0.13785 0.13760 0.13620 0.13061 0.11336 0.06839 0.00026 ( 1)  0.033  0.000
 141 F   0.13709 0.13709 0.13707 0.13685 0.13555 0.13039 0.11431 0.07136 0.00030 ( 1)  0.034  0.000
 142 V   0.14022 0.14022 0.14019 0.13989 0.13814 0.13124 0.11037 0.05960 0.00014 ( 1)  0.030  0.000
 143 K   0.13648 0.13648 0.13646 0.13625 0.13503 0.13018 0.11500 0.07378 0.00036 ( 1)  0.034  0.000
 144 L   0.13629 0.13629 0.13627 0.13606 0.13487 0.13011 0.11520 0.07454 0.00038 ( 1)  0.035  0.000
 145 V   0.14093 0.14093 0.14090 0.14058 0.13872 0.13140 0.10940 0.05702 0.00011 ( 1)  0.029  0.000
 146 R   0.13170 0.13170 0.13169 0.13158 0.13092 0.12827 0.11967 0.09331 0.00115 ( 1)  0.041  0.001
 147 A   0.14093 0.14093 0.14090 0.14058 0.13873 0.13142 0.10943 0.05696 0.00011 ( 1)  0.029  0.000
 148 K   0.00000 0.00001 0.00026 0.00305 0.01915 0.08189 0.26340 0.61755 0.01468 ( 8)  0.220  0.015
 149 F   0.13374 0.13374 0.13372 0.13357 0.13269 0.12915 0.11784 0.08484 0.00071 ( 1)  0.038  0.001
 150 P   0.13260 0.13260 0.13259 0.13246 0.13170 0.12867 0.11889 0.08957 0.00094 ( 1)  0.040  0.001
 151 E   0.00000 0.00001 0.00028 0.00324 0.02029 0.08636 0.27337 0.60544 0.01101 ( 8)  0.212  0.011
 152 H   0.13738 0.13738 0.13735 0.13712 0.13579 0.13048 0.11398 0.07025 0.00028 ( 1)  0.033  0.000
 153 T   0.13975 0.13975 0.13972 0.13943 0.13776 0.13115 0.11103 0.06127 0.00015 ( 1)  0.030  0.000
 154 I   0.13721 0.13721 0.13719 0.13696 0.13565 0.13042 0.11416 0.07090 0.00030 ( 1)  0.034  0.000
 155 M   0.14443 0.14443 0.14439 0.14396 0.14152 0.13200 0.10427 0.04496 0.00003 ( 1)  0.025  0.000
 156 A   0.13500 0.13500 0.13498 0.13480 0.13377 0.12964 0.11657 0.07972 0.00053 ( 1)  0.037  0.001
 157 G   0.13961 0.13961 0.13959 0.13930 0.13765 0.13111 0.11120 0.06176 0.00015 ( 1)  0.030  0.000
 158 N   0.14171 0.14171 0.14168 0.14134 0.13936 0.13159 0.10835 0.05418 0.00008 ( 1)  0.028  0.000
 159 V   0.14022 0.14022 0.14019 0.13989 0.13814 0.13124 0.11037 0.05960 0.00014 ( 1)  0.030  0.000
 160 V   0.13988 0.13988 0.13986 0.13956 0.13786 0.13116 0.11082 0.06082 0.00015 ( 1)  0.030  0.000
 161 T   0.13513 0.13513 0.13511 0.13493 0.13388 0.12968 0.11643 0.07920 0.00051 ( 1)  0.036  0.001
 162 G   0.13432 0.13432 0.13430 0.13414 0.13319 0.12938 0.11726 0.08247 0.00062 ( 1)  0.037  0.001
 163 E   0.13943 0.13943 0.13940 0.13912 0.13749 0.13105 0.11141 0.06252 0.00017 ( 1)  0.031  0.000
 164 M   0.14443 0.14443 0.14439 0.14396 0.14152 0.13200 0.10427 0.04496 0.00003 ( 1)  0.025  0.000
 165 V   0.13541 0.13541 0.13539 0.13520 0.13412 0.12978 0.11612 0.07808 0.00049 ( 1)  0.036  0.000
 166 E   0.13776 0.13776 0.13774 0.13750 0.13611 0.13058 0.11349 0.06878 0.00026 ( 1)  0.033  0.000
 167 E   0.14150 0.14150 0.14147 0.14113 0.13919 0.13153 0.10863 0.05496 0.00009 ( 1)  0.028  0.000
 168 L   0.13262 0.13262 0.13260 0.13247 0.13172 0.12867 0.11887 0.08950 0.00093 ( 1)  0.040  0.001
 169 I   0.13734 0.13734 0.13732 0.13709 0.13576 0.13046 0.11400 0.07040 0.00029 ( 1)  0.033  0.000
 170 L   0.13281 0.13281 0.13280 0.13267 0.13189 0.12876 0.11869 0.08868 0.00089 ( 1)  0.040  0.001
 171 S   0.13423 0.13423 0.13421 0.13405 0.13311 0.12934 0.11736 0.08285 0.00063 ( 1)  0.038  0.001
 172 G   0.13432 0.13432 0.13430 0.13414 0.13319 0.12938 0.11726 0.08247 0.00062 ( 1)  0.037  0.001
 173 A   0.13500 0.13500 0.13498 0.13480 0.13377 0.12964 0.11657 0.07972 0.00053 ( 1)  0.037  0.001
 174 D   0.13860 0.13860 0.13857 0.13831 0.13681 0.13084 0.11249 0.06558 0.00020 ( 1)  0.032  0.000
 175 I   0.14187 0.14187 0.14184 0.14149 0.13948 0.13161 0.10812 0.05364 0.00008 ( 1)  0.028  0.000
 176 I   0.00000 0.00001 0.00033 0.00391 0.02440 0.10219 0.30622 0.55874 0.00420 ( 8)  0.193  0.004
 177 K   0.13648 0.13648 0.13646 0.13625 0.13503 0.13018 0.11500 0.07378 0.00036 ( 1)  0.034  0.000
 178 V   0.14022 0.14022 0.14019 0.13989 0.13814 0.13124 0.11037 0.05960 0.00014 ( 1)  0.030  0.000
 179 G   0.13471 0.13471 0.13469 0.13452 0.13352 0.12953 0.11686 0.08089 0.00057 ( 1)  0.037  0.001
 180 V   0.00000 0.00001 0.00026 0.00305 0.01913 0.08181 0.26309 0.61739 0.01526 ( 8)  0.220  0.015
 181 G   0.13432 0.13432 0.13430 0.13414 0.13319 0.12938 0.11726 0.08247 0.00062 ( 1)  0.037  0.001
 182 P   0.13141 0.13141 0.13140 0.13129 0.13066 0.12813 0.11992 0.09454 0.00123 ( 1)  0.042  0.001
 183 G   0.13561 0.13560 0.13559 0.13540 0.13429 0.12987 0.11594 0.07726 0.00045 ( 1)  0.036  0.000
 184 S   0.13244 0.13244 0.13243 0.13230 0.13156 0.12859 0.11903 0.09025 0.00097 ( 1)  0.040  0.001
 185 V   0.14022 0.14022 0.14019 0.13989 0.13814 0.13124 0.11037 0.05960 0.00014 ( 1)  0.030  0.000
 186 C   0.13418 0.13418 0.13417 0.13401 0.13307 0.12933 0.11740 0.08301 0.00064 ( 1)  0.038  0.001
 187 T   0.13992 0.13992 0.13989 0.13960 0.13790 0.13119 0.11081 0.06063 0.00014 ( 1)  0.030  0.000
 188 T   0.13991 0.13991 0.13988 0.13959 0.13789 0.13119 0.11082 0.06067 0.00014 ( 1)  0.030  0.000
 189 R   0.13512 0.13512 0.13510 0.13492 0.13387 0.12969 0.11646 0.07921 0.00050 ( 1)  0.036  0.001
 190 T   0.13992 0.13992 0.13989 0.13960 0.13790 0.13119 0.11081 0.06063 0.00014 ( 1)  0.030  0.000
 191 K   0.14096 0.14096 0.14093 0.14061 0.13875 0.13143 0.10940 0.05683 0.00010 ( 1)  0.029  0.000
 192 T   0.13797 0.13797 0.13795 0.13770 0.13628 0.13065 0.11325 0.06798 0.00025 ( 1)  0.033  0.000
 193 G   0.13485 0.13485 0.13483 0.13466 0.13364 0.12958 0.11672 0.08032 0.00055 ( 1)  0.037  0.001
 194 V   0.13998 0.13998 0.13995 0.13965 0.13794 0.13118 0.11069 0.06049 0.00015 ( 1)  0.030  0.000
 195 G   0.14020 0.14020 0.14017 0.13987 0.13813 0.13126 0.11043 0.05960 0.00013 ( 1)  0.030  0.000
 196 Y   0.13581 0.13581 0.13579 0.13559 0.13446 0.12994 0.11574 0.07644 0.00042 ( 1)  0.035  0.000
 197 P   0.13569 0.13569 0.13568 0.13548 0.13436 0.12990 0.11585 0.07689 0.00044 ( 1)  0.036  0.000
 198 Q   0.13472 0.13472 0.13470 0.13453 0.13353 0.12954 0.11688 0.08084 0.00056 ( 1)  0.037  0.001
 199 L   0.13336 0.13336 0.13335 0.13320 0.13236 0.12899 0.11819 0.08641 0.00078 ( 1)  0.039  0.001
 200 S   0.13708 0.13708 0.13706 0.13684 0.13554 0.13038 0.11431 0.07140 0.00030 ( 1)  0.034  0.000
 201 A   0.13677 0.13677 0.13675 0.13653 0.13527 0.13027 0.11467 0.07264 0.00033 ( 1)  0.034  0.000
 202 V   0.14072 0.14072 0.14069 0.14038 0.13855 0.13136 0.10969 0.05776 0.00012 ( 1)  0.029  0.000
 203 I   0.13977 0.13977 0.13975 0.13945 0.13777 0.13114 0.11097 0.06122 0.00015 ( 1)  0.030  0.000
 204 E   0.14186 0.14186 0.14183 0.14148 0.13948 0.13161 0.10812 0.05367 0.00008 ( 1)  0.028  0.000
 205 C   0.13433 0.13433 0.13431 0.13415 0.13320 0.12939 0.11727 0.08243 0.00061 ( 1)  0.037  0.001
 206 A   0.13685 0.13685 0.13683 0.13661 0.13534 0.13029 0.11455 0.07234 0.00033 ( 1)  0.034  0.000
 207 D   0.14287 0.14287 0.14283 0.14246 0.14029 0.13178 0.10665 0.05020 0.00006 ( 1)  0.027  0.000
 208 S   0.13232 0.13232 0.13230 0.13218 0.13146 0.12854 0.11915 0.09074 0.00099 ( 1)  0.040  0.001
 209 A   0.14058 0.14058 0.14056 0.14024 0.13844 0.13134 0.10991 0.05822 0.00012 ( 1)  0.029  0.000
 210 H   0.13586 0.13586 0.13584 0.13564 0.13450 0.12995 0.11566 0.07626 0.00043 ( 1)  0.035  0.000
 211 G   0.14040 0.14040 0.14037 0.14006 0.13829 0.13130 0.11017 0.05889 0.00012 ( 1)  0.030  0.000
 212 L   0.13336 0.13336 0.13335 0.13320 0.13236 0.12899 0.11819 0.08641 0.00078 ( 1)  0.039  0.001
 213 K   0.00000 0.00001 0.00031 0.00367 0.02295 0.09665 0.29513 0.57543 0.00584 ( 8)  0.199  0.006
 214 G   0.14007 0.14006 0.14004 0.13974 0.13802 0.13123 0.11062 0.06010 0.00013 ( 1)  0.030  0.000
 215 H   0.13740 0.13740 0.13738 0.13715 0.13581 0.13048 0.11395 0.07016 0.00028 ( 1)  0.033  0.000
 216 I   0.14187 0.14187 0.14184 0.14149 0.13948 0.13161 0.10812 0.05364 0.00008 ( 1)  0.028  0.000
 217 I   0.14187 0.14187 0.14184 0.14149 0.13948 0.13161 0.10812 0.05364 0.00008 ( 1)  0.028  0.000
 218 S   0.13168 0.13168 0.13167 0.13156 0.13090 0.12826 0.11969 0.09341 0.00115 ( 1)  0.041  0.001
 219 D   0.13848 0.13847 0.13845 0.13819 0.13670 0.13080 0.11265 0.06604 0.00021 ( 1)  0.032  0.000
 220 G   0.13432 0.13432 0.13430 0.13414 0.13319 0.12938 0.11726 0.08247 0.00062 ( 1)  0.037  0.001
 221 G   0.14040 0.14040 0.14037 0.14006 0.13829 0.13130 0.11017 0.05889 0.00012 ( 1)  0.030  0.000
 222 C   0.13445 0.13445 0.13443 0.13426 0.13330 0.12943 0.11715 0.08194 0.00059 ( 1)  0.037  0.001
 223 T   0.13795 0.13795 0.13793 0.13768 0.13626 0.13065 0.11328 0.06806 0.00025 ( 1)  0.033  0.000
 224 C   0.13173 0.13173 0.13172 0.13161 0.13095 0.12828 0.11965 0.09318 0.00114 ( 1)  0.041  0.001
 225 P   0.13148 0.13148 0.13147 0.13136 0.13072 0.12817 0.11986 0.09425 0.00121 ( 1)  0.042  0.001
 226 G   0.13735 0.13735 0.13733 0.13710 0.13576 0.13047 0.11400 0.07037 0.00028 ( 1)  0.033  0.000
 227 D   0.13854 0.13854 0.13851 0.13825 0.13676 0.13082 0.11257 0.06581 0.00021 ( 1)  0.032  0.000
 228 V   0.14093 0.14093 0.14090 0.14058 0.13872 0.13140 0.10940 0.05702 0.00011 ( 1)  0.029  0.000
 229 A   0.14093 0.14093 0.14090 0.14058 0.13873 0.13142 0.10943 0.05696 0.00011 ( 1)  0.029  0.000
 230 K   0.13648 0.13648 0.13646 0.13625 0.13503 0.13018 0.11500 0.07378 0.00036 ( 1)  0.034  0.000
 231 A   0.14025 0.14025 0.14022 0.13992 0.13817 0.13126 0.11035 0.05945 0.00013 ( 1)  0.030  0.000
 232 F   0.13374 0.13374 0.13372 0.13357 0.13269 0.12915 0.11784 0.08484 0.00071 ( 1)  0.038  0.001
 233 -   0.12435 0.12435 0.12435 0.12435 0.12435 0.12435 0.12435 0.12435 0.00519 ( 8)  0.056  0.005
 234 -   0.12435 0.12435 0.12435 0.12435 0.12435 0.12435 0.12435 0.12435 0.00519 ( 1)  0.056  0.005
 235 -   0.12435 0.12435 0.12435 0.12435 0.12435 0.12435 0.12435 0.12435 0.00519 ( 2)  0.056  0.005
 236 -   0.12435 0.12435 0.12435 0.12435 0.12435 0.12435 0.12435 0.12435 0.00519 ( 1)  0.056  0.005
 237 -   0.12435 0.12435 0.12435 0.12435 0.12435 0.12435 0.12435 0.12435 0.00519 ( 1)  0.056  0.005
 238 -   0.12435 0.12435 0.12435 0.12435 0.12435 0.12435 0.12435 0.12435 0.00519 ( 2)  0.056  0.005
 239 -   0.12435 0.12435 0.12435 0.12435 0.12435 0.12435 0.12435 0.12435 0.00519 ( 8)  0.056  0.005
 240 -   0.12435 0.12435 0.12435 0.12435 0.12435 0.12435 0.12435 0.12435 0.00519 ( 2)  0.056  0.005
 241 -   0.12435 0.12435 0.12435 0.12435 0.12435 0.12435 0.12435 0.12435 0.00519 ( 1)  0.056  0.005
 242 -   0.12435 0.12435 0.12435 0.12435 0.12435 0.12435 0.12435 0.12435 0.00519 ( 1)  0.056  0.005
 243 -   0.12435 0.12435 0.12435 0.12435 0.12435 0.12435 0.12435 0.12435 0.00519 ( 4)  0.056  0.005
 244 -   0.12435 0.12435 0.12435 0.12435 0.12435 0.12435 0.12435 0.12435 0.00519 ( 2)  0.056  0.005
 245 -   0.12435 0.12435 0.12435 0.12435 0.12435 0.12435 0.12435 0.12435 0.00519 ( 8)  0.056  0.005
 246 -   0.12435 0.12435 0.12435 0.12435 0.12435 0.12435 0.12435 0.12435 0.00519 ( 8)  0.056  0.005
 247 -   0.12435 0.12435 0.12435 0.12435 0.12435 0.12435 0.12435 0.12435 0.00519 ( 1)  0.056  0.005
 248 -   0.12435 0.12435 0.12435 0.12435 0.12435 0.12435 0.12435 0.12435 0.00519 ( 3)  0.056  0.005
 249 -   0.12435 0.12435 0.12435 0.12435 0.12435 0.12435 0.12435 0.12435 0.00519 ( 1)  0.056  0.005
 250 -   0.12435 0.12435 0.12435 0.12435 0.12435 0.12435 0.12435 0.12435 0.00519 ( 2)  0.056  0.005
 251 -   0.12435 0.12435 0.12435 0.12435 0.12435 0.12435 0.12435 0.12435 0.00519 ( 8)  0.056  0.005
 252 -   0.12435 0.12435 0.12435 0.12435 0.12435 0.12435 0.12435 0.12435 0.00519 ( 8)  0.056  0.005
 253 -   0.12435 0.12435 0.12435 0.12435 0.12435 0.12435 0.12435 0.12435 0.00519 ( 2)  0.056  0.005
 254 -   0.12435 0.12435 0.12435 0.12435 0.12435 0.12435 0.12435 0.12435 0.00519 ( 8)  0.056  0.005
 255 -   0.12435 0.12435 0.12435 0.12435 0.12435 0.12435 0.12435 0.12435 0.00519 ( 8)  0.056  0.005
 256 -   0.12435 0.12435 0.12435 0.12435 0.12435 0.12435 0.12435 0.12435 0.00519 ( 2)  0.056  0.005
 257 -   0.12435 0.12435 0.12435 0.12435 0.12435 0.12435 0.12435 0.12435 0.00519 ( 2)  0.056  0.005
 258 -   0.12435 0.12435 0.12435 0.12435 0.12435 0.12435 0.12435 0.12435 0.00519 ( 8)  0.056  0.005
 259 -   0.12435 0.12435 0.12435 0.12435 0.12435 0.12435 0.12435 0.12435 0.00519 ( 2)  0.056  0.005
 260 -   0.12435 0.12435 0.12435 0.12435 0.12435 0.12435 0.12435 0.12435 0.00519 ( 2)  0.056  0.005
 261 -   0.12435 0.12435 0.12435 0.12435 0.12435 0.12435 0.12435 0.12435 0.00519 ( 1)  0.056  0.005
 262 -   0.12435 0.12435 0.12435 0.12435 0.12435 0.12435 0.12435 0.12435 0.00519 ( 2)  0.056  0.005
 263 -   0.12435 0.12435 0.12435 0.12435 0.12435 0.12435 0.12435 0.12435 0.00519 ( 4)  0.056  0.005
 264 -   0.12435 0.12435 0.12435 0.12435 0.12435 0.12435 0.12435 0.12435 0.00519 ( 8)  0.056  0.005
 265 -   0.12435 0.12435 0.12435 0.12435 0.12435 0.12435 0.12435 0.12435 0.00519 ( 1)  0.056  0.005
 266 -   0.12435 0.12435 0.12435 0.12435 0.12435 0.12435 0.12435 0.12435 0.00519 ( 8)  0.056  0.005
 267 -   0.12435 0.12435 0.12435 0.12435 0.12435 0.12435 0.12435 0.12435 0.00519 ( 2)  0.056  0.005
 268 -   0.12435 0.12435 0.12435 0.12435 0.12435 0.12435 0.12435 0.12435 0.00519 ( 8)  0.056  0.005
 269 -   0.12435 0.12435 0.12435 0.12435 0.12435 0.12435 0.12435 0.12435 0.00519 ( 2)  0.056  0.005
 270 -   0.12435 0.12435 0.12435 0.12435 0.12435 0.12435 0.12435 0.12435 0.00519 ( 2)  0.056  0.005
 271 -   0.12435 0.12435 0.12435 0.12435 0.12435 0.12435 0.12435 0.12435 0.00519 ( 2)  0.056  0.005
 272 -   0.12435 0.12435 0.12435 0.12435 0.12435 0.12435 0.12435 0.12435 0.00519 ( 2)  0.056  0.005
 273 -   0.12435 0.12435 0.12435 0.12435 0.12435 0.12435 0.12435 0.12435 0.00519 ( 2)  0.056  0.005
 274 -   0.12435 0.12435 0.12435 0.12435 0.12435 0.12435 0.12435 0.12435 0.00519 ( 8)  0.056  0.005
 275 -   0.12435 0.12435 0.12435 0.12435 0.12435 0.12435 0.12435 0.12435 0.00519 ( 1)  0.056  0.005
 276 -   0.12435 0.12435 0.12435 0.12435 0.12435 0.12435 0.12435 0.12435 0.00519 ( 2)  0.056  0.005
 277 -   0.12435 0.12435 0.12435 0.12435 0.12435 0.12435 0.12435 0.12435 0.00519 ( 1)  0.056  0.005
 278 -   0.12435 0.12435 0.12435 0.12435 0.12435 0.12435 0.12435 0.12435 0.00519 ( 1)  0.056  0.005
 279 -   0.12435 0.12435 0.12435 0.12435 0.12435 0.12435 0.12435 0.12435 0.00519 ( 2)  0.056  0.005
 280 -   0.12435 0.12435 0.12435 0.12435 0.12435 0.12435 0.12435 0.12435 0.00519 ( 1)  0.056  0.005
 281 -   0.12435 0.12435 0.12435 0.12435 0.12435 0.12435 0.12435 0.12435 0.00519 ( 1)  0.056  0.005
 282 -   0.12435 0.12435 0.12435 0.12435 0.12435 0.12435 0.12435 0.12435 0.00519 ( 8)  0.056  0.005
 283 -   0.12435 0.12435 0.12435 0.12435 0.12435 0.12435 0.12435 0.12435 0.00519 ( 1)  0.056  0.005
 284 -   0.12435 0.12435 0.12435 0.12435 0.12435 0.12435 0.12435 0.12435 0.00519 ( 2)  0.056  0.005
 285 -   0.12435 0.12435 0.12435 0.12435 0.12435 0.12435 0.12435 0.12435 0.00519 ( 1)  0.056  0.005
 286 -   0.12435 0.12435 0.12435 0.12435 0.12435 0.12435 0.12435 0.12435 0.00519 ( 8)  0.056  0.005
 287 -   0.12435 0.12435 0.12435 0.12435 0.12435 0.12435 0.12435 0.12435 0.00519 ( 1)  0.056  0.005
 288 -   0.12435 0.12435 0.12435 0.12435 0.12435 0.12435 0.12435 0.12435 0.00519 ( 1)  0.056  0.005
 289 -   0.12435 0.12435 0.12435 0.12435 0.12435 0.12435 0.12435 0.12435 0.00519 ( 8)  0.056  0.005
 290 -   0.12435 0.12435 0.12435 0.12435 0.12435 0.12435 0.12435 0.12435 0.00519 ( 1)  0.056  0.005
 291 -   0.12435 0.12435 0.12435 0.12435 0.12435 0.12435 0.12435 0.12435 0.00519 ( 1)  0.056  0.005
 292 -   0.12435 0.12435 0.12435 0.12435 0.12435 0.12435 0.12435 0.12435 0.00519 ( 1)  0.056  0.005
 293 -   0.12435 0.12435 0.12435 0.12435 0.12435 0.12435 0.12435 0.12435 0.00519 ( 8)  0.056  0.005
 294 -   0.12435 0.12435 0.12435 0.12435 0.12435 0.12435 0.12435 0.12435 0.00519 ( 8)  0.056  0.005
 295 -   0.12435 0.12435 0.12435 0.12435 0.12435 0.12435 0.12435 0.12435 0.00519 ( 2)  0.056  0.005
 296 -   0.12435 0.12435 0.12435 0.12435 0.12435 0.12435 0.12435 0.12435 0.00519 ( 3)  0.056  0.005
 297 -   0.12435 0.12435 0.12435 0.12435 0.12435 0.12435 0.12435 0.12435 0.00519 ( 8)  0.056  0.005
 298 -   0.12435 0.12435 0.12435 0.12435 0.12435 0.12435 0.12435 0.12435 0.00519 ( 2)  0.056  0.005
 299 -   0.12435 0.12435 0.12435 0.12435 0.12435 0.12435 0.12435 0.12435 0.00519 ( 2)  0.056  0.005
 300 -   0.12435 0.12435 0.12435 0.12435 0.12435 0.12435 0.12435 0.12435 0.00519 ( 8)  0.056  0.005
 301 -   0.12435 0.12435 0.12435 0.12435 0.12435 0.12435 0.12435 0.12435 0.00519 ( 1)  0.056  0.005
 302 -   0.12435 0.12435 0.12435 0.12435 0.12435 0.12435 0.12435 0.12435 0.00519 ( 2)  0.056  0.005
 303 -   0.12435 0.12435 0.12435 0.12435 0.12435 0.12435 0.12435 0.12435 0.00519 ( 1)  0.056  0.005
 304 -   0.12435 0.12435 0.12435 0.12435 0.12435 0.12435 0.12435 0.12435 0.00519 ( 8)  0.056  0.005
 305 -   0.12435 0.12435 0.12435 0.12435 0.12435 0.12435 0.12435 0.12435 0.00519 ( 1)  0.056  0.005
 306 -   0.12435 0.12435 0.12435 0.12435 0.12435 0.12435 0.12435 0.12435 0.00519 ( 2)  0.056  0.005
 307 -   0.12435 0.12435 0.12435 0.12435 0.12435 0.12435 0.12435 0.12435 0.00519 ( 2)  0.056  0.005
 308 -   0.12435 0.12435 0.12435 0.12435 0.12435 0.12435 0.12435 0.12435 0.00519 ( 2)  0.056  0.005
 309 -   0.12435 0.12435 0.12435 0.12435 0.12435 0.12435 0.12435 0.12435 0.00519 ( 2)  0.056  0.005
 310 -   0.12435 0.12435 0.12435 0.12435 0.12435 0.12435 0.12435 0.12435 0.00519 ( 8)  0.056  0.005
 311 -   0.12435 0.12435 0.12435 0.12435 0.12435 0.12435 0.12435 0.12435 0.00519 ( 1)  0.056  0.005
 312 -   0.12435 0.12435 0.12435 0.12435 0.12435 0.12435 0.12435 0.12435 0.00519 ( 8)  0.056  0.005
 313 -   0.12435 0.12435 0.12435 0.12435 0.12435 0.12435 0.12435 0.12435 0.00519 ( 2)  0.056  0.005
 314 -   0.12435 0.12435 0.12435 0.12435 0.12435 0.12435 0.12435 0.12435 0.00519 ( 2)  0.056  0.005
 315 -   0.12435 0.12435 0.12435 0.12435 0.12435 0.12435 0.12435 0.12435 0.00519 ( 2)  0.056  0.005
 316 G   0.13432 0.13432 0.13430 0.13414 0.13319 0.12938 0.11726 0.08247 0.00062 ( 1)  0.037  0.001
 317 A   0.13600 0.13600 0.13598 0.13578 0.13462 0.13001 0.11551 0.07569 0.00041 ( 1)  0.035  0.000
 318 G   0.13442 0.13442 0.13440 0.13424 0.13327 0.12942 0.11716 0.08206 0.00061 ( 1)  0.037  0.001
 319 A   0.13692 0.13692 0.13690 0.13668 0.13540 0.13031 0.11447 0.07207 0.00033 ( 1)  0.034  0.000
 320 D   0.13880 0.13880 0.13878 0.13851 0.13697 0.13089 0.11223 0.06483 0.00020 ( 1)  0.032  0.000
 321 F   0.13401 0.13401 0.13399 0.13383 0.13292 0.12926 0.11757 0.08374 0.00067 ( 1)  0.038  0.001
 322 V   0.14092 0.14092 0.14089 0.14057 0.13871 0.13140 0.10942 0.05707 0.00011 ( 1)  0.029  0.000
 323 M   0.14443 0.14443 0.14439 0.14396 0.14152 0.13200 0.10427 0.04496 0.00003 ( 1)  0.025  0.000
 324 L   0.13336 0.13336 0.13335 0.13320 0.13236 0.12899 0.11819 0.08641 0.00078 ( 1)  0.039  0.001
 325 G   0.13432 0.13432 0.13430 0.13414 0.13319 0.12938 0.11726 0.08247 0.00062 ( 1)  0.037  0.001
 326 G   0.13826 0.13826 0.13824 0.13798 0.13652 0.13073 0.11289 0.06688 0.00023 ( 1)  0.032  0.000
 327 M   0.14443 0.14443 0.14439 0.14396 0.14152 0.13200 0.10427 0.04496 0.00003 ( 1)  0.025  0.000
 328 F   0.13374 0.13374 0.13372 0.13357 0.13269 0.12915 0.11784 0.08484 0.00071 ( 1)  0.038  0.001
 329 S   0.13300 0.13300 0.13299 0.13285 0.13205 0.12884 0.11852 0.08789 0.00085 ( 1)  0.039  0.001
 330 G   0.13783 0.13783 0.13781 0.13757 0.13616 0.13060 0.11340 0.06854 0.00026 ( 1)  0.033  0.000
 331 H   0.13401 0.13401 0.13399 0.13384 0.13292 0.12926 0.11758 0.08373 0.00066 ( 1)  0.038  0.001
 332 T   0.13857 0.13856 0.13854 0.13828 0.13678 0.13083 0.11253 0.06571 0.00021 ( 1)  0.032  0.000
 333 E   0.14076 0.14076 0.14073 0.14041 0.13858 0.13138 0.10967 0.05760 0.00011 ( 1)  0.029  0.000
 334 C   0.13191 0.13191 0.13190 0.13178 0.13110 0.12836 0.11950 0.09245 0.00109 ( 1)  0.041  0.001
 335 A   0.13645 0.13645 0.13643 0.13622 0.13500 0.13016 0.11500 0.07392 0.00037 ( 1)  0.035  0.000
 336 G   0.13432 0.13432 0.13430 0.13414 0.13319 0.12938 0.11726 0.08247 0.00062 ( 1)  0.037  0.001
 337 E   0.13857 0.13857 0.13855 0.13829 0.13678 0.13082 0.11250 0.06571 0.00021 ( 1)  0.032  0.000
 338 V   0.00000 0.00001 0.00028 0.00332 0.02081 0.08835 0.27754 0.59951 0.01018 ( 8)  0.210  0.010
 339 I   0.00000 0.00001 0.00028 0.00326 0.02040 0.08679 0.27424 0.60413 0.01090 ( 8)  0.212  0.011
 340 E   0.14186 0.14186 0.14183 0.14148 0.13948 0.13161 0.10812 0.05367 0.00008 ( 1)  0.028  0.000
 341 R   0.13950 0.13950 0.13948 0.13920 0.13756 0.13109 0.11136 0.06214 0.00015 ( 1)  0.031  0.000
 342 N   0.14185 0.14185 0.14182 0.14147 0.13947 0.13161 0.10815 0.05370 0.00008 ( 1)  0.028  0.000
 343 G   0.13475 0.13475 0.13473 0.13456 0.13356 0.12954 0.11682 0.08072 0.00056 ( 1)  0.037  0.001
 344 Q   0.00000 0.00000 0.00000 0.00001 0.00035 0.00675 0.08130 0.76836 0.14322 ( 8)  0.416  0.143
 345 K   0.14096 0.14096 0.14094 0.14061 0.13875 0.13143 0.10940 0.05683 0.00010 ( 1)  0.029  0.000
 346 L   0.13597 0.13597 0.13595 0.13576 0.13460 0.13000 0.11555 0.07579 0.00041 ( 1)  0.035  0.000
 347 K   0.00000 0.00001 0.00031 0.00369 0.02307 0.09711 0.29604 0.57402 0.00573 ( 8)  0.198  0.006
 348 L   0.13595 0.13595 0.13593 0.13573 0.13458 0.12999 0.11557 0.07587 0.00041 ( 1)  0.035  0.000
 349 F   0.13726 0.13726 0.13724 0.13701 0.13569 0.13044 0.11412 0.07069 0.00029 ( 1)  0.033  0.000
 350 Y   0.13500 0.13500 0.13498 0.13481 0.13377 0.12964 0.11658 0.07969 0.00052 ( 1)  0.036  0.001
 351 G   0.13934 0.13934 0.13931 0.13904 0.13742 0.13104 0.11156 0.06278 0.00017 ( 1)  0.031  0.000
 352 M   0.14443 0.14443 0.14439 0.14396 0.14152 0.13200 0.10427 0.04496 0.00003 ( 1)  0.025  0.000
 353 S   0.14057 0.14057 0.14054 0.14023 0.13844 0.13136 0.10996 0.05822 0.00011 ( 1)  0.029  0.000
 354 S   0.13152 0.13152 0.13151 0.13140 0.13076 0.12818 0.11982 0.09408 0.00120 ( 1)  0.042  0.001
 355 D   0.00000 0.00000 0.00000 0.00002 0.00061 0.01140 0.12451 0.83283 0.03063 ( 8)  0.290  0.031
 356 T   0.13931 0.13931 0.13929 0.13901 0.13740 0.13104 0.11160 0.06287 0.00017 ( 1)  0.031  0.000
 357 A   0.14093 0.14093 0.14090 0.14058 0.13873 0.13142 0.10943 0.05696 0.00011 ( 1)  0.029  0.000
 358 M   0.14443 0.14443 0.14439 0.14396 0.14152 0.13200 0.10427 0.04496 0.00003 ( 1)  0.025  0.000
 359 K   0.00000 0.00001 0.00032 0.00375 0.02341 0.09841 0.29870 0.57017 0.00523 ( 8)  0.197  0.005
 360 K   0.14096 0.14096 0.14094 0.14061 0.13875 0.13143 0.10940 0.05683 0.00010 ( 1)  0.029  0.000
 361 H   0.13726 0.13726 0.13724 0.13701 0.13569 0.13044 0.11411 0.07069 0.00029 ( 1)  0.033  0.000
 362 A   0.13734 0.13734 0.13732 0.13709 0.13575 0.13044 0.11397 0.07043 0.00030 ( 1)  0.033  0.000
 363 G   0.13432 0.13432 0.13430 0.13414 0.13319 0.12938 0.11726 0.08247 0.00062 ( 1)  0.037  0.001
 364 G   0.13466 0.13466 0.13465 0.13447 0.13348 0.12951 0.11691 0.08108 0.00057 ( 1)  0.037  0.001
 365 V   0.13796 0.13796 0.13794 0.13770 0.13627 0.13063 0.11321 0.06807 0.00026 ( 1)  0.033  0.000
 366 A   0.13614 0.13614 0.13612 0.13592 0.13474 0.13005 0.11536 0.07514 0.00040 ( 1)  0.035  0.000
 367 E   0.00000 0.00000 0.00000 0.00002 0.00065 0.01196 0.12923 0.83189 0.02626 ( 8)  0.284  0.026
 368 Y   0.00000 0.00000 0.00000 0.00000 0.00000 0.00002 0.00259 0.28898 0.70841 ( 9)  1.015  0.708
 369 R   0.13462 0.13462 0.13460 0.13443 0.13344 0.12950 0.11697 0.08125 0.00057 ( 1)  0.037  0.001
 370 A   0.14050 0.14050 0.14047 0.14016 0.13837 0.13132 0.11002 0.05855 0.00012 ( 1)  0.029  0.000
 371 S   0.13214 0.13214 0.13213 0.13201 0.13130 0.12847 0.11930 0.09147 0.00104 ( 1)  0.041  0.001
 372 E   0.14032 0.14032 0.14029 0.13999 0.13822 0.13127 0.11023 0.05922 0.00013 ( 1)  0.030  0.000
 373 G   0.13539 0.13539 0.13537 0.13518 0.13410 0.12979 0.11617 0.07814 0.00048 ( 1)  0.036  0.000
 374 K   0.14053 0.14053 0.14050 0.14019 0.13840 0.13133 0.10999 0.05842 0.00012 ( 1)  0.029  0.000
 375 T   0.13492 0.13492 0.13490 0.13473 0.13370 0.12961 0.11666 0.08003 0.00054 ( 1)  0.037  0.001
 376 V   0.13979 0.13979 0.13977 0.13948 0.13779 0.13114 0.11092 0.06116 0.00016 ( 1)  0.030  0.000
 377 E   0.13705 0.13705 0.13703 0.13680 0.13551 0.13036 0.11434 0.07155 0.00031 ( 1)  0.034  0.000
 378 V   0.13921 0.13921 0.13919 0.13891 0.13731 0.13099 0.11168 0.06331 0.00018 ( 1)  0.031  0.000
 379 P   0.13205 0.13205 0.13204 0.13192 0.13123 0.12843 0.11937 0.09185 0.00106 ( 1)  0.041  0.001
 380 Y   0.13548 0.13548 0.13546 0.13528 0.13418 0.12983 0.11608 0.07775 0.00046 ( 1)  0.036  0.000
 381 K   0.00000 0.00001 0.00026 0.00301 0.01886 0.08073 0.26075 0.62052 0.01588 ( 8)  0.222  0.016
 382 G   0.13518 0.13518 0.13516 0.13498 0.13392 0.12970 0.11636 0.07901 0.00052 ( 1)  0.036  0.001
 383 D   0.13915 0.13915 0.13913 0.13885 0.13726 0.13097 0.11174 0.06355 0.00019 ( 1)  0.031  0.000
 384 V   0.13755 0.13754 0.13752 0.13729 0.13593 0.13052 0.11375 0.06963 0.00028 ( 1)  0.033  0.000
 385 E   0.13799 0.13799 0.13797 0.13772 0.13630 0.13064 0.11318 0.06795 0.00026 ( 1)  0.033  0.000
 386 N   0.00000 0.00001 0.00032 0.00379 0.02369 0.09945 0.30072 0.56696 0.00505 ( 8)  0.196  0.005
 387 T   0.13676 0.13676 0.13674 0.13653 0.13527 0.13026 0.11465 0.07268 0.00034 ( 1)  0.034  0.000
 388 I   0.14024 0.14024 0.14022 0.13991 0.13817 0.13127 0.11037 0.05945 0.00013 ( 1)  0.030  0.000
 389 L   0.13309 0.13309 0.13308 0.13294 0.13213 0.12888 0.11843 0.08752 0.00084 ( 1)  0.039  0.001
 390 D   0.13809 0.13809 0.13807 0.13782 0.13638 0.13069 0.11311 0.06751 0.00023 ( 1)  0.032  0.000
 391 I   0.13685 0.13685 0.13683 0.13661 0.13535 0.13030 0.11456 0.07231 0.00033 ( 1)  0.034  0.000
 392 L   0.13575 0.13575 0.13574 0.13554 0.13442 0.12992 0.11578 0.07666 0.00043 ( 1)  0.035  0.000
 393 G   0.13795 0.13795 0.13792 0.13768 0.13626 0.13065 0.11328 0.06807 0.00024 ( 1)  0.033  0.000
 394 G   0.13403 0.13403 0.13402 0.13386 0.13294 0.12926 0.11754 0.08366 0.00067 ( 1)  0.038  0.001
 395 L   0.13309 0.13309 0.13308 0.13294 0.13213 0.12888 0.11843 0.08751 0.00084 ( 1)  0.039  0.001
 396 R   0.13869 0.13868 0.13866 0.13840 0.13687 0.13083 0.11231 0.06534 0.00022 ( 1)  0.032  0.000
 397 S   0.13321 0.13321 0.13320 0.13306 0.13224 0.12893 0.11834 0.08700 0.00080 ( 1)  0.039  0.001
 398 T   0.13899 0.13899 0.13897 0.13870 0.13713 0.13095 0.11200 0.06409 0.00018 ( 1)  0.031  0.000
 399 C   0.13460 0.13460 0.13458 0.13441 0.13343 0.12949 0.11700 0.08131 0.00057 ( 1)  0.037  0.001
 400 T   0.13950 0.13950 0.13948 0.13919 0.13756 0.13109 0.11135 0.06217 0.00016 ( 1)  0.031  0.000
 401 Y   0.13456 0.13456 0.13455 0.13438 0.13340 0.12948 0.11703 0.08147 0.00058 ( 1)  0.037  0.001
 402 V   0.13979 0.13979 0.13977 0.13948 0.13779 0.13114 0.11092 0.06116 0.00016 ( 1)  0.030  0.000
 403 G   0.13894 0.13893 0.13891 0.13864 0.13709 0.13093 0.11207 0.06431 0.00019 ( 1)  0.031  0.000
 404 A   0.14042 0.14042 0.14039 0.14008 0.13830 0.13130 0.11013 0.05884 0.00013 ( 1)  0.030  0.000
 405 A   0.14050 0.14050 0.14047 0.14016 0.13837 0.13132 0.11002 0.05855 0.00012 ( 1)  0.029  0.000
 406 K   0.13614 0.13614 0.13612 0.13592 0.13474 0.13006 0.11537 0.07513 0.00039 ( 1)  0.035  0.000
 407 L   0.13604 0.13604 0.13602 0.13582 0.13466 0.13002 0.11547 0.07552 0.00040 ( 1)  0.035  0.000
 408 K   0.13853 0.13853 0.13850 0.13825 0.13675 0.13082 0.11259 0.06583 0.00021 ( 1)  0.032  0.000
 409 E   0.14141 0.14141 0.14138 0.14104 0.13911 0.13152 0.10876 0.05529 0.00009 ( 1)  0.028  0.000
 410 L   0.13604 0.13604 0.13602 0.13582 0.13466 0.13002 0.11547 0.07552 0.00040 ( 1)  0.035  0.000
 411 S   0.14014 0.14014 0.14011 0.13981 0.13808 0.13125 0.11053 0.05979 0.00013 ( 1)  0.030  0.000
 412 R   0.13863 0.13863 0.13860 0.13834 0.13682 0.13081 0.11238 0.06558 0.00022 ( 1)  0.032  0.000
 413 R   0.13910 0.13910 0.13907 0.13880 0.13722 0.13098 0.11188 0.06367 0.00017 ( 1)  0.031  0.000
 414 A   0.13635 0.13635 0.13633 0.13612 0.13492 0.13012 0.11512 0.07431 0.00038 ( 1)  0.035  0.000
 415 T   0.13865 0.13865 0.13862 0.13836 0.13685 0.13085 0.11243 0.06540 0.00020 ( 1)  0.032  0.000
 416 F   0.13696 0.13696 0.13694 0.13672 0.13544 0.13034 0.11446 0.07186 0.00031 ( 1)  0.034  0.000
 417 I   0.14141 0.14141 0.14138 0.14105 0.13912 0.13152 0.10877 0.05525 0.00009 ( 1)  0.028  0.000
 418 R   0.13334 0.13334 0.13332 0.13318 0.13234 0.12898 0.11821 0.08650 0.00079 ( 1)  0.039  0.001
 419 V   0.13982 0.13982 0.13980 0.13951 0.13782 0.13115 0.11089 0.06104 0.00015 ( 1)  0.030  0.000
 420 T   0.13950 0.13950 0.13948 0.13919 0.13756 0.13109 0.11135 0.06217 0.00016 ( 1)  0.031  0.000
 421 Q   0.13366 0.13366 0.13365 0.13350 0.13262 0.12912 0.11790 0.08515 0.00073 ( 1)  0.038  0.001
 422 Q   0.13420 0.13420 0.13418 0.13402 0.13308 0.12933 0.11738 0.08296 0.00064 ( 1)  0.038  0.001
 423 H   0.13698 0.13698 0.13696 0.13674 0.13545 0.13035 0.11443 0.07180 0.00031 ( 1)  0.034  0.000
 424 N   0.14158 0.14158 0.14155 0.14121 0.13925 0.13156 0.10854 0.05466 0.00009 ( 1)  0.028  0.000
 425 T   0.00000 0.00001 0.00029 0.00342 0.02140 0.09067 0.28265 0.59309 0.00848 ( 8)  0.206  0.008
 426 V   0.00000 0.00001 0.00030 0.00348 0.02174 0.09195 0.28516 0.58904 0.00834 ( 8)  0.205  0.008
 427 F   0.13696 0.13696 0.13694 0.13672 0.13544 0.13034 0.11446 0.07186 0.00031 ( 1)  0.034  0.000
 428 S   0.14014 0.14014 0.14011 0.13981 0.13808 0.13125 0.11053 0.05979 0.00013 ( 1)  0.030  0.000

Positively selected sites

	Prob(w>1)  mean w

   368 Y      0.708         1.015


lnL = -3423.526942

Bayes Empirical Bayes (BEB) probabilities for 11 classes (class) & postmean_w
(amino acids refer to 1st sequence: aotNan_GMPR_XM_012476587)

   1 M   0.93321 0.03967 0.01480 0.00649 0.00303 0.00145 0.00069 0.00031 0.00012 0.00003 0.00021 ( 1)  0.062 +-  0.057
   2 P   0.90159 0.04713 0.02159 0.01160 0.00663 0.00386 0.00223 0.00123 0.00060 0.00018 0.00334 ( 1)  0.075 +-  0.113
   3 R   0.59183 0.09368 0.07218 0.05480 0.04062 0.02919 0.02009 0.01288 0.00717 0.00247 0.07510 ( 1)  0.260 +-  0.401
   4 I   0.91695 0.04413 0.01862 0.00922 0.00486 0.00261 0.00139 0.00071 0.00032 0.00009 0.00108 ( 1)  0.067 +-  0.081
   5 D   0.92232 0.04275 0.01739 0.00832 0.00424 0.00221 0.00114 0.00057 0.00025 0.00007 0.00074 ( 1)  0.065 +-  0.073
   6 A   0.91956 0.04348 0.01803 0.00879 0.00456 0.00241 0.00127 0.00064 0.00028 0.00008 0.00090 ( 1)  0.066 +-  0.077
   7 D   0.92834 0.04112 0.01599 0.00731 0.00356 0.00177 0.00088 0.00041 0.00017 0.00005 0.00038 ( 1)  0.063 +-  0.063
   8 L   0.90481 0.04658 0.02102 0.01113 0.00626 0.00360 0.00205 0.00111 0.00054 0.00016 0.00274 ( 1)  0.073 +-  0.106
   9 K   0.92218 0.04284 0.01745 0.00835 0.00425 0.00221 0.00114 0.00056 0.00025 0.00007 0.00069 ( 1)  0.065 +-  0.072
  10 L   0.90398 0.04673 0.02117 0.01125 0.00636 0.00367 0.00210 0.00114 0.00055 0.00017 0.00289 ( 1)  0.074 +-  0.108
  11 D   0.92834 0.04112 0.01599 0.00731 0.00356 0.00177 0.00088 0.00041 0.00017 0.00005 0.00038 ( 1)  0.063 +-  0.063
  12 F   0.90884 0.04587 0.02028 0.01052 0.00581 0.00327 0.00182 0.00097 0.00046 0.00013 0.00203 ( 1)  0.071 +-  0.097
  13 K   0.92102 0.04312 0.01771 0.00855 0.00439 0.00230 0.00120 0.00060 0.00026 0.00007 0.00078 ( 1)  0.066 +-  0.074
  14 D   0.91449 0.04465 0.01912 0.00961 0.00515 0.00281 0.00152 0.00079 0.00036 0.00010 0.00139 ( 1)  0.069 +-  0.086
  15 V   0.92188 0.04286 0.01749 0.00839 0.00429 0.00224 0.00116 0.00058 0.00025 0.00007 0.00077 ( 1)  0.066 +-  0.074
  16 L   0.89039 0.04868 0.02332 0.01310 0.00783 0.00477 0.00288 0.00166 0.00084 0.00027 0.00627 ( 1)  0.082 +-  0.142
  17 L   0.90398 0.04673 0.02117 0.01125 0.00636 0.00367 0.00210 0.00114 0.00055 0.00017 0.00289 ( 1)  0.074 +-  0.108
  18 R   0.86367 0.05085 0.02622 0.01586 0.01019 0.00668 0.00434 0.00268 0.00147 0.00050 0.01753 ( 1)  0.105 +-  0.215
  19 P   0.88943 0.04879 0.02345 0.01322 0.00792 0.00484 0.00293 0.00169 0.00087 0.00028 0.00656 ( 1)  0.083 +-  0.144
  20 K   0.92218 0.04284 0.01745 0.00835 0.00425 0.00221 0.00114 0.00056 0.00025 0.00007 0.00069 ( 1)  0.065 +-  0.072
  21 R   0.89213 0.04847 0.02307 0.01288 0.00765 0.00463 0.00278 0.00159 0.00080 0.00026 0.00573 ( 1)  0.081 +-  0.137
  22 S   0.92091 0.04318 0.01775 0.00857 0.00440 0.00231 0.00120 0.00059 0.00026 0.00007 0.00075 ( 1)  0.066 +-  0.074
  23 S   0.92091 0.04318 0.01775 0.00857 0.00440 0.00231 0.00120 0.00059 0.00026 0.00007 0.00075 ( 1)  0.066 +-  0.074
  24 L   0.90481 0.04658 0.02102 0.01113 0.00626 0.00360 0.00205 0.00111 0.00054 0.00016 0.00274 ( 1)  0.073 +-  0.106
  25 K   0.92218 0.04284 0.01745 0.00835 0.00425 0.00221 0.00114 0.00056 0.00025 0.00007 0.00069 ( 1)  0.065 +-  0.072
  26 S   0.92091 0.04318 0.01775 0.00857 0.00440 0.00231 0.00120 0.00059 0.00026 0.00007 0.00075 ( 1)  0.066 +-  0.074
  27 R   0.87708 0.04998 0.02495 0.01460 0.00909 0.00577 0.00363 0.00218 0.00115 0.00038 0.01119 ( 1)  0.092 +-  0.178
  28 A   0.68983 0.09813 0.06804 0.04655 0.03113 0.02022 0.01259 0.00732 0.00370 0.00116 0.02132 ( 1)  0.158 +-  0.251
  29 E   0.92511 0.04204 0.01677 0.00786 0.00392 0.00200 0.00101 0.00049 0.00021 0.00006 0.00054 ( 1)  0.064 +-  0.068
  30 V   0.91942 0.04347 0.01804 0.00880 0.00457 0.00243 0.00128 0.00065 0.00029 0.00008 0.00096 ( 1)  0.067 +-  0.078
  31 D   0.91325 0.04494 0.01939 0.00982 0.00529 0.00291 0.00159 0.00083 0.00038 0.00011 0.00149 ( 1)  0.069 +-  0.088
  32 L   0.88762 0.04900 0.02370 0.01344 0.00811 0.00499 0.00304 0.00177 0.00091 0.00029 0.00715 ( 1)  0.084 +-  0.149
  33 E   0.91670 0.04412 0.01863 0.00925 0.00489 0.00264 0.00141 0.00073 0.00033 0.00009 0.00121 ( 1)  0.068 +-  0.083
  34 R   0.54737 0.08960 0.07138 0.05602 0.04291 0.03187 0.02266 0.01501 0.00863 0.00306 0.11150 ( 1)  0.321 +-  0.467
  35 T   0.91857 0.04374 0.01826 0.00896 0.00467 0.00249 0.00131 0.00066 0.00030 0.00008 0.00095 ( 1)  0.067 +-  0.078
  36 F   0.90773 0.04607 0.02049 0.01069 0.00593 0.00336 0.00188 0.00101 0.00048 0.00014 0.00221 ( 1)  0.072 +-  0.099
  37 T   0.91463 0.04464 0.01911 0.00960 0.00513 0.00280 0.00151 0.00078 0.00036 0.00010 0.00133 ( 1)  0.068 +-  0.086
  38 F   0.89250 0.04845 0.02304 0.01285 0.00762 0.00460 0.00276 0.00158 0.00080 0.00025 0.00557 ( 1)  0.080 +-  0.136
  39 R   0.86632 0.05071 0.02600 0.01563 0.00999 0.00651 0.00420 0.00259 0.00141 0.00048 0.01618 ( 1)  0.102 +-  0.208
  40 N   0.91760 0.04394 0.01846 0.00911 0.00478 0.00257 0.00137 0.00070 0.00031 0.00009 0.00108 ( 1)  0.067 +-  0.081
  41 S   0.87484 0.05016 0.02519 0.01484 0.00929 0.00593 0.00375 0.00226 0.00121 0.00040 0.01213 ( 1)  0.094 +-  0.184
  42 K   0.92218 0.04284 0.01745 0.00835 0.00425 0.00221 0.00114 0.00056 0.00025 0.00007 0.00069 ( 1)  0.065 +-  0.072
  43 Q   0.89642 0.04790 0.02243 0.01232 0.00720 0.00429 0.00253 0.00143 0.00071 0.00022 0.00456 ( 1)  0.078 +-  0.126
  44 T   0.91733 0.04403 0.01853 0.00916 0.00482 0.00259 0.00138 0.00070 0.00032 0.00009 0.00107 ( 1)  0.067 +-  0.081
  45 Y   0.90133 0.04718 0.02164 0.01164 0.00666 0.00389 0.00225 0.00124 0.00060 0.00019 0.00339 ( 1)  0.075 +-  0.114
  46 S   0.44707 0.07763 0.06559 0.05459 0.04434 0.03492 0.02632 0.01847 0.01126 0.00423 0.21558 ( 1)  0.486 +-  0.596
  47 G   0.91776 0.04392 0.01844 0.00909 0.00477 0.00255 0.00136 0.00069 0.00031 0.00009 0.00103 ( 1)  0.067 +-  0.080
  48 I   0.90828 0.04595 0.02037 0.01060 0.00587 0.00331 0.00185 0.00099 0.00047 0.00014 0.00216 ( 1)  0.071 +-  0.099
  49 P   0.90185 0.04709 0.02155 0.01157 0.00660 0.00384 0.00222 0.00122 0.00059 0.00018 0.00329 ( 1)  0.075 +-  0.113
  50 I   0.92354 0.04246 0.01713 0.00812 0.00410 0.00212 0.00108 0.00053 0.00023 0.00006 0.00062 ( 1)  0.065 +-  0.070
  51 I   0.92116 0.04309 0.01768 0.00852 0.00437 0.00229 0.00119 0.00059 0.00026 0.00007 0.00077 ( 1)  0.066 +-  0.074
  52 V   0.91942 0.04347 0.01804 0.00880 0.00457 0.00243 0.00128 0.00065 0.00029 0.00008 0.00096 ( 1)  0.067 +-  0.078
  53 A   0.92202 0.04286 0.01748 0.00838 0.00427 0.00223 0.00115 0.00057 0.00025 0.00007 0.00072 ( 1)  0.066 +-  0.073
  54 N   0.92572 0.04189 0.01663 0.00776 0.00385 0.00195 0.00098 0.00047 0.00020 0.00005 0.00049 ( 1)  0.064 +-  0.067
  55 M   0.93395 0.03943 0.01461 0.00636 0.00295 0.00140 0.00066 0.00030 0.00012 0.00003 0.00019 ( 1)  0.062 +-  0.056
  56 D   0.92909 0.04091 0.01581 0.00719 0.00348 0.00172 0.00085 0.00040 0.00017 0.00004 0.00035 ( 1)  0.063 +-  0.062
  57 T   0.90148 0.04714 0.02160 0.01162 0.00664 0.00387 0.00224 0.00123 0.00060 0.00018 0.00338 ( 1)  0.075 +-  0.114
  58 V   0.91893 0.04360 0.01816 0.00888 0.00463 0.00247 0.00130 0.00066 0.00029 0.00008 0.00099 ( 1)  0.067 +-  0.079
  59 G   0.92028 0.04332 0.01788 0.00867 0.00447 0.00236 0.00123 0.00062 0.00027 0.00008 0.00083 ( 1)  0.066 +-  0.076
  60 T   0.90388 0.04674 0.02118 0.01126 0.00637 0.00368 0.00210 0.00115 0.00055 0.00017 0.00293 ( 1)  0.074 +-  0.108
  61 F   0.89364 0.04830 0.02287 0.01270 0.00750 0.00451 0.00269 0.00153 0.00077 0.00024 0.00526 ( 1)  0.080 +-  0.133
  62 E   0.92585 0.04183 0.01659 0.00773 0.00384 0.00195 0.00098 0.00047 0.00020 0.00005 0.00049 ( 1)  0.064 +-  0.067
  63 M   0.93395 0.03943 0.01461 0.00636 0.00295 0.00140 0.00066 0.00030 0.00012 0.00003 0.00019 ( 1)  0.062 +-  0.056
  64 A   0.89926 0.04748 0.02197 0.01192 0.00688 0.00405 0.00237 0.00132 0.00065 0.00020 0.00390 ( 1)  0.076 +-  0.120
  65 A   0.90934 0.04573 0.02016 0.01043 0.00574 0.00323 0.00180 0.00096 0.00045 0.00013 0.00203 ( 1)  0.071 +-  0.097
  66 V   0.92027 0.04327 0.01786 0.00866 0.00448 0.00236 0.00124 0.00062 0.00028 0.00008 0.00088 ( 1)  0.066 +-  0.076
  67 M   0.93395 0.03943 0.01461 0.00636 0.00295 0.00140 0.00066 0.00030 0.00012 0.00003 0.00019 ( 1)  0.062 +-  0.056
  68 S   0.87161 0.05039 0.02552 0.01516 0.00957 0.00616 0.00392 0.00239 0.00128 0.00043 0.01356 ( 1)  0.097 +-  0.193
  69 Q   0.89804 0.04768 0.02218 0.01211 0.00702 0.00416 0.00244 0.00136 0.00067 0.00021 0.00412 ( 1)  0.077 +-  0.122
  70 H   0.90984 0.04566 0.02008 0.01037 0.00569 0.00319 0.00177 0.00094 0.00044 0.00013 0.00190 ( 1)  0.071 +-  0.095
  71 S   0.88849 0.04892 0.02360 0.01335 0.00803 0.00492 0.00299 0.00173 0.00089 0.00029 0.00680 ( 1)  0.083 +-  0.146
  72 M   0.75265 0.09629 0.06007 0.03699 0.02228 0.01304 0.00732 0.00384 0.00175 0.00050 0.00527 ( 1)  0.115 +-  0.163
  73 F   0.89321 0.04836 0.02293 0.01276 0.00754 0.00455 0.00272 0.00155 0.00078 0.00025 0.00537 ( 1)  0.080 +-  0.134
  74 T   0.89719 0.04780 0.02231 0.01222 0.00711 0.00422 0.00249 0.00140 0.00069 0.00022 0.00436 ( 1)  0.077 +-  0.124
  75 A   0.90080 0.04723 0.02170 0.01170 0.00671 0.00393 0.00228 0.00126 0.00062 0.00019 0.00358 ( 1)  0.075 +-  0.116
  76 I   0.90901 0.04581 0.02023 0.01049 0.00578 0.00325 0.00181 0.00097 0.00046 0.00013 0.00205 ( 1)  0.071 +-  0.097
  77 H   0.89637 0.04793 0.02245 0.01233 0.00720 0.00429 0.00253 0.00143 0.00071 0.00022 0.00453 ( 1)  0.078 +-  0.126
  78 K   0.92158 0.04298 0.01759 0.00845 0.00433 0.00226 0.00117 0.00058 0.00026 0.00007 0.00074 ( 1)  0.066 +-  0.073
  79 H   0.89894 0.04753 0.02202 0.01197 0.00692 0.00408 0.00238 0.00133 0.00066 0.00020 0.00397 ( 1)  0.076 +-  0.120
  80 Y   0.90309 0.04689 0.02134 0.01139 0.00646 0.00374 0.00215 0.00117 0.00057 0.00017 0.00302 ( 1)  0.074 +-  0.110
  81 S   0.60895 0.09472 0.07177 0.05362 0.03915 0.02773 0.01882 0.01192 0.00655 0.00223 0.06454 ( 1)  0.241 +-  0.379
  82 L   0.89098 0.04861 0.02324 0.01303 0.00777 0.00472 0.00284 0.00163 0.00083 0.00027 0.00608 ( 1)  0.082 +-  0.140
  83 D   0.91399 0.04479 0.01924 0.00970 0.00521 0.00285 0.00155 0.00080 0.00037 0.00011 0.00141 ( 1)  0.069 +-  0.087
  84 D   0.92909 0.04091 0.01581 0.00719 0.00348 0.00172 0.00085 0.00040 0.00017 0.00004 0.00035 ( 1)  0.063 +-  0.062
  85 W   0.88551 0.04924 0.02399 0.01370 0.00832 0.00515 0.00316 0.00185 0.00096 0.00031 0.00781 ( 1)  0.085 +-  0.154
  86 K   0.92292 0.04264 0.01729 0.00823 0.00417 0.00216 0.00111 0.00054 0.00024 0.00006 0.00064 ( 1)  0.065 +-  0.071
  87 L   0.90485 0.04658 0.02101 0.01112 0.00626 0.00360 0.00205 0.00111 0.00053 0.00016 0.00273 ( 1)  0.073 +-  0.106
  88 F   0.89321 0.04836 0.02293 0.01276 0.00754 0.00455 0.00272 0.00155 0.00078 0.00025 0.00537 ( 1)  0.080 +-  0.134
  89 A   0.92231 0.04279 0.01742 0.00833 0.00424 0.00221 0.00114 0.00056 0.00025 0.00007 0.00070 ( 1)  0.065 +-  0.072
  90 A   0.08809 0.04302 0.05684 0.06216 0.06095 0.05509 0.04610 0.03510 0.02278 0.00899 0.52089 (11)  0.994 +-  0.625
  91 N   0.91065 0.04550 0.01992 0.01024 0.00560 0.00312 0.00172 0.00091 0.00043 0.00012 0.00180 ( 1)  0.070 +-  0.093
  92 H   0.90984 0.04566 0.02008 0.01037 0.00569 0.00319 0.00177 0.00094 0.00044 0.00013 0.00190 ( 1)  0.071 +-  0.095
  93 P   0.49073 0.08318 0.06862 0.05576 0.04423 0.03402 0.02504 0.01717 0.01022 0.00376 0.16727 ( 1)  0.410 +-  0.544
  94 E   0.90982 0.04565 0.02008 0.01036 0.00569 0.00319 0.00177 0.00094 0.00044 0.00013 0.00193 ( 1)  0.071 +-  0.095
  95 C   0.89899 0.04756 0.02204 0.01198 0.00692 0.00408 0.00238 0.00133 0.00065 0.00020 0.00388 ( 1)  0.076 +-  0.119
  96 L   0.89110 0.04860 0.02322 0.01301 0.00775 0.00471 0.00284 0.00163 0.00083 0.00026 0.00605 ( 1)  0.081 +-  0.140
  97 Q   0.89804 0.04768 0.02218 0.01211 0.00702 0.00416 0.00244 0.00136 0.00067 0.00021 0.00412 ( 1)  0.077 +-  0.122
  98 H   0.61630 0.09544 0.07196 0.05348 0.03881 0.02731 0.01841 0.01157 0.00631 0.00213 0.05828 ( 1)  0.231 +-  0.364
  99 V   0.11504 0.05445 0.06971 0.07390 0.07027 0.06160 0.05000 0.03693 0.02326 0.00890 0.43593 (11)  0.880 +-  0.620
 100 A   0.91522 0.04452 0.01899 0.00950 0.00506 0.00275 0.00148 0.00076 0.00035 0.00010 0.00126 ( 1)  0.068 +-  0.084
 101 V   0.91977 0.04339 0.01797 0.00875 0.00453 0.00240 0.00126 0.00064 0.00028 0.00008 0.00092 ( 1)  0.066 +-  0.077
 102 S   0.90510 0.04655 0.02098 0.01109 0.00624 0.00358 0.00203 0.00110 0.00053 0.00016 0.00264 ( 1)  0.073 +-  0.105
 103 S   0.88139 0.04963 0.02448 0.01416 0.00871 0.00546 0.00339 0.00201 0.00105 0.00035 0.00937 ( 1)  0.089 +-  0.166
 104 G   0.92095 0.04315 0.01773 0.00856 0.00440 0.00231 0.00120 0.00060 0.00026 0.00007 0.00077 ( 1)  0.066 +-  0.074
 105 S   0.90614 0.04635 0.02078 0.01093 0.00611 0.00349 0.00197 0.00107 0.00051 0.00015 0.00249 ( 1)  0.072 +-  0.103
 106 G   0.91850 0.04375 0.01828 0.00897 0.00468 0.00250 0.00132 0.00067 0.00030 0.00008 0.00097 ( 1)  0.067 +-  0.079
 107 Q   0.89804 0.04768 0.02218 0.01211 0.00702 0.00416 0.00244 0.00136 0.00067 0.00021 0.00412 ( 1)  0.077 +-  0.122
 108 N   0.92498 0.04208 0.01680 0.00788 0.00394 0.00201 0.00102 0.00049 0.00021 0.00006 0.00053 ( 1)  0.064 +-  0.068
 109 D   0.91399 0.04479 0.01924 0.00970 0.00521 0.00285 0.00155 0.00080 0.00037 0.00011 0.00140 ( 1)  0.069 +-  0.087
 110 L   0.89094 0.04860 0.02323 0.01303 0.00777 0.00472 0.00285 0.00164 0.00083 0.00027 0.00613 ( 1)  0.082 +-  0.141
 111 E   0.91090 0.04541 0.01985 0.01019 0.00556 0.00310 0.00171 0.00090 0.00042 0.00012 0.00182 ( 1)  0.070 +-  0.093
 112 K   0.92292 0.04264 0.01728 0.00823 0.00417 0.00216 0.00111 0.00054 0.00024 0.00006 0.00064 ( 1)  0.065 +-  0.071
 113 M   0.93395 0.03943 0.01461 0.00636 0.00295 0.00140 0.00066 0.00030 0.00012 0.00003 0.00019 ( 1)  0.062 +-  0.056
 114 S   0.69027 0.09826 0.06815 0.04662 0.03117 0.02022 0.01258 0.00730 0.00368 0.00115 0.02060 ( 1)  0.157 +-  0.249
 115 S   0.92119 0.04311 0.01769 0.00852 0.00437 0.00229 0.00119 0.00059 0.00026 0.00007 0.00073 ( 1)  0.066 +-  0.074
 116 I   0.26241 0.10748 0.11924 0.10966 0.09056 0.06906 0.04882 0.03145 0.01730 0.00579 0.13824 ( 1)  0.460 +-  0.473
 117 L   0.89073 0.04863 0.02326 0.01305 0.00779 0.00474 0.00286 0.00164 0.00084 0.00027 0.00619 ( 1)  0.082 +-  0.141
 118 D   0.18481 0.08166 0.09764 0.09669 0.08589 0.07037 0.05339 0.03688 0.02172 0.00778 0.26319 (11)  0.645 +-  0.566
 119 A   0.90694 0.04619 0.02062 0.01080 0.00602 0.00342 0.00193 0.00104 0.00049 0.00015 0.00239 ( 1)  0.072 +-  0.102
 120 V   0.67792 0.09786 0.06887 0.04784 0.03249 0.02144 0.01356 0.00801 0.00412 0.00131 0.02658 ( 1)  0.169 +-  0.272
 121 P   0.87986 0.04977 0.02466 0.01433 0.00885 0.00557 0.00348 0.00207 0.00109 0.00036 0.00997 ( 1)  0.090 +-  0.170
 122 Q   0.58469 0.09309 0.07214 0.05508 0.04106 0.02968 0.02054 0.01324 0.00741 0.00256 0.08051 ( 1)  0.269 +-  0.412
 123 V   0.12056 0.05679 0.07236 0.07631 0.07217 0.06292 0.05078 0.03729 0.02334 0.00888 0.41860 (11)  0.857 +-  0.616
 124 K   0.92272 0.04270 0.01733 0.00826 0.00419 0.00217 0.00112 0.00055 0.00024 0.00007 0.00065 ( 1)  0.065 +-  0.071
 125 F   0.89419 0.04822 0.02278 0.01262 0.00743 0.00447 0.00266 0.00151 0.00076 0.00024 0.00513 ( 1)  0.079 +-  0.132
 126 I   0.90901 0.04581 0.02023 0.01049 0.00578 0.00325 0.00181 0.00097 0.00046 0.00013 0.00205 ( 1)  0.071 +-  0.097
 127 C   0.89899 0.04756 0.02204 0.01198 0.00692 0.00408 0.00238 0.00133 0.00065 0.00020 0.00388 ( 1)  0.076 +-  0.119
 128 L   0.89110 0.04860 0.02322 0.01301 0.00775 0.00471 0.00284 0.00163 0.00083 0.00026 0.00605 ( 1)  0.081 +-  0.140
 129 D   0.91399 0.04479 0.01924 0.00970 0.00521 0.00285 0.00155 0.00080 0.00037 0.00011 0.00140 ( 1)  0.069 +-  0.087
 130 V   0.92017 0.04329 0.01788 0.00868 0.00449 0.00237 0.00124 0.00062 0.00028 0.00008 0.00089 ( 1)  0.066 +-  0.077
 131 A   0.91851 0.04374 0.01827 0.00896 0.00468 0.00249 0.00132 0.00067 0.00030 0.00008 0.00097 ( 1)  0.067 +-  0.079
 132 N   0.91505 0.04453 0.01901 0.00953 0.00508 0.00277 0.00149 0.00077 0.00035 0.00010 0.00132 ( 1)  0.068 +-  0.085
 133 G   0.91819 0.04383 0.01835 0.00902 0.00472 0.00252 0.00133 0.00068 0.00030 0.00009 0.00099 ( 1)  0.067 +-  0.079
 134 Y   0.88467 0.04932 0.02409 0.01380 0.00840 0.00521 0.00321 0.00188 0.00098 0.00032 0.00813 ( 1)  0.086 +-  0.157
 135 S   0.87659 0.05002 0.02500 0.01466 0.00913 0.00581 0.00365 0.00219 0.00117 0.00039 0.01139 ( 1)  0.093 +-  0.179
 136 E   0.91420 0.04470 0.01917 0.00966 0.00518 0.00284 0.00154 0.00080 0.00037 0.00011 0.00145 ( 1)  0.069 +-  0.087
 137 H   0.89409 0.04824 0.02280 0.01264 0.00745 0.00448 0.00266 0.00151 0.00076 0.00024 0.00513 ( 1)  0.079 +-  0.132
 138 F   0.89321 0.04836 0.02293 0.01276 0.00754 0.00455 0.00272 0.00155 0.00078 0.00025 0.00537 ( 1)  0.080 +-  0.134
 139 V   0.91988 0.04337 0.01795 0.00873 0.00452 0.00239 0.00126 0.00063 0.00028 0.00008 0.00092 ( 1)  0.066 +-  0.077
 140 E   0.91150 0.04527 0.01972 0.01009 0.00549 0.00305 0.00168 0.00089 0.00041 0.00012 0.00177 ( 1)  0.070 +-  0.092
 141 F   0.90859 0.04591 0.02033 0.01056 0.00583 0.00329 0.00184 0.00098 0.00046 0.00014 0.00208 ( 1)  0.071 +-  0.097
 142 V   0.92017 0.04329 0.01788 0.00868 0.00449 0.00237 0.00124 0.00062 0.00028 0.00008 0.00089 ( 1)  0.066 +-  0.077
 143 K   0.90599 0.04638 0.02081 0.01096 0.00613 0.00350 0.00198 0.00107 0.00051 0.00015 0.00251 ( 1)  0.072 +-  0.103
 144 L   0.90514 0.04653 0.02096 0.01108 0.00623 0.00357 0.00203 0.00110 0.00053 0.00016 0.00268 ( 1)  0.073 +-  0.105
 145 V   0.92263 0.04267 0.01732 0.00827 0.00421 0.00219 0.00113 0.00056 0.00024 0.00007 0.00072 ( 1)  0.065 +-  0.073
 146 R   0.88169 0.04961 0.02445 0.01413 0.00868 0.00544 0.00337 0.00200 0.00105 0.00034 0.00924 ( 1)  0.088 +-  0.165
 147 A   0.92276 0.04267 0.01731 0.00825 0.00419 0.00217 0.00112 0.00055 0.00024 0.00007 0.00067 ( 1)  0.065 +-  0.072
 148 K   0.61808 0.09556 0.07193 0.05337 0.03867 0.02717 0.01829 0.01147 0.00625 0.00210 0.05711 ( 1)  0.228 +-  0.361
 149 F   0.89321 0.04836 0.02293 0.01276 0.00754 0.00455 0.00272 0.00155 0.00078 0.00025 0.00537 ( 1)  0.080 +-  0.134
 150 P   0.88693 0.04908 0.02379 0.01353 0.00817 0.00504 0.00308 0.00179 0.00092 0.00030 0.00737 ( 1)  0.084 +-  0.151
 151 E   0.64553 0.09709 0.07111 0.05134 0.03621 0.02477 0.01623 0.00992 0.00527 0.00173 0.04080 ( 1)  0.198 +-  0.318
 152 H   0.90974 0.04568 0.02010 0.01038 0.00570 0.00319 0.00177 0.00094 0.00044 0.00013 0.00191 ( 1)  0.071 +-  0.095
 153 T   0.91868 0.04371 0.01824 0.00894 0.00466 0.00248 0.00131 0.00066 0.00029 0.00008 0.00094 ( 1)  0.067 +-  0.078
 154 I   0.90901 0.04581 0.02023 0.01049 0.00578 0.00325 0.00181 0.00097 0.00046 0.00013 0.00205 ( 1)  0.071 +-  0.097
 155 M   0.93395 0.03943 0.01461 0.00636 0.00295 0.00140 0.00066 0.00030 0.00012 0.00003 0.00019 ( 1)  0.062 +-  0.056
 156 A   0.89926 0.04748 0.02197 0.01192 0.00688 0.00405 0.00237 0.00132 0.00065 0.00020 0.00390 ( 1)  0.076 +-  0.120
 157 G   0.91819 0.04382 0.01834 0.00902 0.00472 0.00252 0.00133 0.00068 0.00030 0.00009 0.00099 ( 1)  0.067 +-  0.079
 158 N   0.92540 0.04197 0.01670 0.00781 0.00389 0.00198 0.00100 0.00048 0.00021 0.00006 0.00050 ( 1)  0.064 +-  0.067
 159 V   0.92017 0.04329 0.01788 0.00868 0.00449 0.00237 0.00124 0.00062 0.00028 0.00008 0.00089 ( 1)  0.066 +-  0.077
 160 V   0.91900 0.04359 0.01814 0.00887 0.00462 0.00246 0.00130 0.00066 0.00029 0.00008 0.00098 ( 1)  0.067 +-  0.079
 161 T   0.89982 0.04738 0.02187 0.01184 0.00682 0.00401 0.00233 0.00130 0.00064 0.00020 0.00380 ( 1)  0.076 +-  0.118
 162 G   0.89600 0.04795 0.02249 0.01237 0.00724 0.00432 0.00255 0.00144 0.00072 0.00023 0.00468 ( 1)  0.078 +-  0.127
 163 E   0.91733 0.04398 0.01850 0.00915 0.00482 0.00259 0.00138 0.00071 0.00032 0.00009 0.00114 ( 1)  0.067 +-  0.082
 164 M   0.93395 0.03943 0.01461 0.00636 0.00295 0.00140 0.00066 0.00030 0.00012 0.00003 0.00019 ( 1)  0.062 +-  0.056
 165 V   0.90100 0.04717 0.02165 0.01166 0.00668 0.00391 0.00227 0.00125 0.00062 0.00019 0.00361 ( 1)  0.075 +-  0.116
 166 E   0.91113 0.04536 0.01980 0.01015 0.00554 0.00308 0.00170 0.00090 0.00042 0.00012 0.00180 ( 1)  0.070 +-  0.093
 167 E   0.92463 0.04216 0.01688 0.00794 0.00398 0.00204 0.00104 0.00050 0.00022 0.00006 0.00057 ( 1)  0.065 +-  0.069
 168 L   0.88703 0.04907 0.02378 0.01351 0.00816 0.00503 0.00307 0.00179 0.00092 0.00030 0.00734 ( 1)  0.084 +-  0.151
 169 I   0.90953 0.04570 0.02013 0.01041 0.00572 0.00321 0.00179 0.00095 0.00045 0.00013 0.00198 ( 1)  0.071 +-  0.096
 170 L   0.88811 0.04894 0.02363 0.01338 0.00806 0.00495 0.00301 0.00175 0.00090 0.00029 0.00699 ( 1)  0.084 +-  0.148
 171 S   0.89562 0.04802 0.02256 0.01243 0.00728 0.00435 0.00258 0.00146 0.00073 0.00023 0.00474 ( 1)  0.078 +-  0.128
 172 G   0.89600 0.04795 0.02249 0.01237 0.00724 0.00432 0.00255 0.00144 0.00072 0.00023 0.00468 ( 1)  0.078 +-  0.127
 173 A   0.89926 0.04748 0.02197 0.01192 0.00688 0.00405 0.00237 0.00132 0.00065 0.00020 0.00390 ( 1)  0.076 +-  0.120
 174 D   0.91442 0.04468 0.01915 0.00963 0.00515 0.00282 0.00153 0.00079 0.00036 0.00010 0.00137 ( 1)  0.068 +-  0.086
 175 I   0.92591 0.04183 0.01658 0.00772 0.00383 0.00194 0.00098 0.00047 0.00020 0.00005 0.00048 ( 1)  0.064 +-  0.067
 176 I   0.71571 0.09796 0.06537 0.04305 0.02772 0.01734 0.01040 0.00583 0.00284 0.00086 0.01291 ( 1)  0.138 +-  0.212
 177 K   0.90599 0.04638 0.02081 0.01096 0.00613 0.00350 0.00198 0.00107 0.00051 0.00015 0.00251 ( 1)  0.072 +-  0.103
 178 V   0.92017 0.04329 0.01788 0.00868 0.00449 0.00237 0.00124 0.00062 0.00028 0.00008 0.00089 ( 1)  0.066 +-  0.077
 179 G   0.89786 0.04768 0.02219 0.01212 0.00704 0.00417 0.00245 0.00137 0.00068 0.00021 0.00424 ( 1)  0.077 +-  0.123
 180 V   0.61562 0.09518 0.07169 0.05324 0.03864 0.02721 0.01836 0.01156 0.00632 0.00214 0.06005 ( 1)  0.233 +-  0.369
 181 G   0.89600 0.04795 0.02249 0.01237 0.00724 0.00432 0.00255 0.00144 0.00072 0.00023 0.00468 ( 1)  0.078 +-  0.127
 182 P   0.87986 0.04977 0.02466 0.01433 0.00885 0.00557 0.00348 0.00207 0.00109 0.00036 0.00997 ( 1)  0.090 +-  0.170
 183 G   0.90210 0.04704 0.02149 0.01152 0.00657 0.00382 0.00220 0.00121 0.00059 0.00018 0.00327 ( 1)  0.075 +-  0.112
 184 S   0.88598 0.04917 0.02391 0.01364 0.00827 0.00511 0.00313 0.00183 0.00095 0.00031 0.00771 ( 1)  0.085 +-  0.154
 185 V   0.92017 0.04329 0.01788 0.00868 0.00449 0.00237 0.00124 0.00062 0.00028 0.00008 0.00089 ( 1)  0.066 +-  0.077
 186 C   0.89541 0.04805 0.02259 0.01246 0.00731 0.00437 0.00259 0.00146 0.00073 0.00023 0.00480 ( 1)  0.079 +-  0.129
 187 T   0.91931 0.04356 0.01810 0.00883 0.00459 0.00243 0.00128 0.00064 0.00029 0.00008 0.00089 ( 1)  0.066 +-  0.077
 188 T   0.91926 0.04357 0.01811 0.00884 0.00459 0.00244 0.00128 0.00064 0.00029 0.00008 0.00089 ( 1)  0.067 +-  0.077
 189 R   0.89996 0.04740 0.02187 0.01184 0.00681 0.00400 0.00232 0.00129 0.00063 0.00020 0.00368 ( 1)  0.076 +-  0.117
 190 T   0.91931 0.04356 0.01810 0.00883 0.00459 0.00243 0.00128 0.00064 0.00029 0.00008 0.00089 ( 1)  0.066 +-  0.077
 191 K   0.92292 0.04264 0.01729 0.00823 0.00417 0.00216 0.00111 0.00054 0.00024 0.00006 0.00064 ( 1)  0.065 +-  0.071
 192 T   0.91197 0.04520 0.01964 0.01002 0.00544 0.00301 0.00166 0.00087 0.00040 0.00012 0.00168 ( 1)  0.070 +-  0.091
 193 G   0.89850 0.04758 0.02208 0.01202 0.00696 0.00411 0.00241 0.00135 0.00067 0.00021 0.00412 ( 1)  0.077 +-  0.122
 194 V   0.91930 0.04350 0.01807 0.00882 0.00459 0.00244 0.00129 0.00065 0.00029 0.00008 0.00097 ( 1)  0.067 +-  0.078
 195 G   0.92027 0.04332 0.01788 0.00867 0.00448 0.00236 0.00123 0.00062 0.00027 0.00008 0.00083 ( 1)  0.066 +-  0.076
 196 Y   0.90309 0.04689 0.02134 0.01139 0.00646 0.00374 0.00215 0.00117 0.00057 0.00017 0.00302 ( 1)  0.074 +-  0.110
 197 P   0.90258 0.04698 0.02142 0.01146 0.00652 0.00378 0.00217 0.00119 0.00058 0.00018 0.00314 ( 1)  0.074 +-  0.111
 198 Q   0.89804 0.04768 0.02218 0.01211 0.00702 0.00416 0.00244 0.00136 0.00067 0.00021 0.00412 ( 1)  0.077 +-  0.122
 199 L   0.89110 0.04860 0.02322 0.01301 0.00775 0.00471 0.00284 0.00163 0.00083 0.00026 0.00605 ( 1)  0.081 +-  0.140
 200 S   0.90853 0.04591 0.02033 0.01057 0.00584 0.00329 0.00184 0.00098 0.00046 0.00014 0.00210 ( 1)  0.071 +-  0.098
 201 A   0.90719 0.04616 0.02058 0.01077 0.00599 0.00340 0.00191 0.00103 0.00049 0.00015 0.00232 ( 1)  0.072 +-  0.101
 202 V   0.92194 0.04285 0.01749 0.00839 0.00428 0.00224 0.00116 0.00058 0.00025 0.00007 0.00076 ( 1)  0.066 +-  0.074
 203 I   0.91862 0.04368 0.01823 0.00894 0.00467 0.00249 0.00132 0.00067 0.00030 0.00008 0.00101 ( 1)  0.067 +-  0.079
 204 E   0.92585 0.04183 0.01659 0.00773 0.00384 0.00195 0.00098 0.00047 0.00020 0.00005 0.00049 ( 1)  0.064 +-  0.067
 205 C   0.89616 0.04796 0.02248 0.01236 0.00723 0.00431 0.00254 0.00143 0.00071 0.00022 0.00458 ( 1)  0.078 +-  0.127
 206 A   0.90741 0.04609 0.02052 0.01073 0.00597 0.00339 0.00191 0.00102 0.00049 0.00015 0.00235 ( 1)  0.072 +-  0.101
 207 D   0.92909 0.04091 0.01581 0.00719 0.00348 0.00172 0.00085 0.00040 0.00017 0.00004 0.00035 ( 1)  0.063 +-  0.062
 208 S   0.88538 0.04925 0.02400 0.01372 0.00833 0.00516 0.00317 0.00185 0.00096 0.00031 0.00787 ( 1)  0.086 +-  0.155
 209 A   0.92157 0.04298 0.01759 0.00845 0.00433 0.00226 0.00117 0.00058 0.00026 0.00007 0.00074 ( 1)  0.066 +-  0.074
 210 H   0.90316 0.04684 0.02130 0.01136 0.00645 0.00373 0.00214 0.00117 0.00057 0.00017 0.00309 ( 1)  0.074 +-  0.110
 211 G   0.92095 0.04315 0.01773 0.00856 0.00440 0.00231 0.00120 0.00060 0.00026 0.00007 0.00077 ( 1)  0.066 +-  0.074
 212 L   0.89110 0.04860 0.02322 0.01301 0.00775 0.00471 0.00284 0.00163 0.00083 0.00026 0.00605 ( 1)  0.081 +-  0.140
 213 K   0.69482 0.09822 0.06767 0.04599 0.03055 0.01970 0.01218 0.00703 0.00353 0.00110 0.01922 ( 1)  0.153 +-  0.243
 214 G   0.91980 0.04344 0.01799 0.00875 0.00453 0.00239 0.00125 0.00063 0.00028 0.00008 0.00086 ( 1)  0.066 +-  0.076
 215 H   0.90984 0.04566 0.02008 0.01037 0.00569 0.00319 0.00177 0.00094 0.00044 0.00013 0.00190 ( 1)  0.071 +-  0.095
 216 I   0.92591 0.04183 0.01658 0.00772 0.00383 0.00194 0.00098 0.00047 0.00020 0.00005 0.00048 ( 1)  0.064 +-  0.067
 217 I   0.92591 0.04183 0.01658 0.00772 0.00383 0.00194 0.00098 0.00047 0.00020 0.00005 0.00048 ( 1)  0.064 +-  0.067
 218 S   0.88158 0.04962 0.02446 0.01415 0.00869 0.00545 0.00338 0.00200 0.00105 0.00034 0.00928 ( 1)  0.088 +-  0.165
 219 D   0.91399 0.04479 0.01924 0.00970 0.00521 0.00285 0.00155 0.00080 0.00037 0.00011 0.00141 ( 1)  0.069 +-  0.087
 220 G   0.89600 0.04795 0.02249 0.01237 0.00724 0.00432 0.00255 0.00144 0.00072 0.00023 0.00468 ( 1)  0.078 +-  0.127
 221 G   0.92095 0.04315 0.01773 0.00856 0.00440 0.00231 0.00120 0.00060 0.00026 0.00007 0.00077 ( 1)  0.066 +-  0.074
 222 C   0.89675 0.04787 0.02239 0.01228 0.00716 0.00426 0.00251 0.00141 0.00070 0.00022 0.00443 ( 1)  0.078 +-  0.125
 223 T   0.91191 0.04522 0.01966 0.01003 0.00545 0.00302 0.00166 0.00087 0.00040 0.00012 0.00167 ( 1)  0.070 +-  0.091
 224 C   0.88193 0.04959 0.02443 0.01411 0.00866 0.00542 0.00336 0.00199 0.00104 0.00034 0.00913 ( 1)  0.088 +-  0.164
 225 P   0.88029 0.04973 0.02461 0.01428 0.00881 0.00554 0.00345 0.00205 0.00108 0.00036 0.00980 ( 1)  0.090 +-  0.169
 226 G   0.90960 0.04570 0.02013 0.01040 0.00572 0.00321 0.00178 0.00095 0.00044 0.00013 0.00194 ( 1)  0.071 +-  0.095
 227 D   0.91421 0.04473 0.01919 0.00967 0.00518 0.00283 0.00154 0.00080 0.00036 0.00011 0.00138 ( 1)  0.069 +-  0.086
 228 V   0.92263 0.04267 0.01732 0.00827 0.00421 0.00219 0.00113 0.00056 0.00024 0.00007 0.00072 ( 1)  0.065 +-  0.073
 229 A   0.92276 0.04267 0.01731 0.00825 0.00419 0.00217 0.00112 0.00055 0.00024 0.00007 0.00067 ( 1)  0.065 +-  0.072
 230 K   0.90599 0.04638 0.02081 0.01096 0.00613 0.00350 0.00198 0.00107 0.00051 0.00015 0.00251 ( 1)  0.072 +-  0.103
 231 A   0.92037 0.04327 0.01785 0.00865 0.00446 0.00235 0.00123 0.00062 0.00027 0.00008 0.00085 ( 1)  0.066 +-  0.076
 232 F   0.89321 0.04836 0.02293 0.01276 0.00754 0.00455 0.00272 0.00155 0.00078 0.00025 0.00537 ( 1)  0.080 +-  0.134
 233 -   0.81472 0.05168 0.02871 0.01871 0.01295 0.00914 0.00639 0.00426 0.00251 0.00093 0.05000 ( 1)  0.162 +-  0.358
 234 -   0.81472 0.05168 0.02871 0.01871 0.01295 0.00914 0.00639 0.00426 0.00251 0.00093 0.05000 ( 1)  0.162 +-  0.358
 235 -   0.81472 0.05168 0.02871 0.01871 0.01295 0.00914 0.00639 0.00426 0.00251 0.00093 0.05000 ( 1)  0.162 +-  0.358
 236 -   0.81472 0.05168 0.02871 0.01871 0.01295 0.00914 0.00639 0.00426 0.00251 0.00093 0.05000 ( 1)  0.162 +-  0.358
 237 -   0.81472 0.05168 0.02871 0.01871 0.01295 0.00914 0.00639 0.00426 0.00251 0.00093 0.05000 ( 1)  0.162 +-  0.358
 238 -   0.81472 0.05168 0.02871 0.01871 0.01295 0.00914 0.00639 0.00426 0.00251 0.00093 0.05000 ( 1)  0.162 +-  0.358
 239 -   0.81472 0.05168 0.02871 0.01871 0.01295 0.00914 0.00639 0.00426 0.00251 0.00093 0.05000 ( 1)  0.162 +-  0.358
 240 -   0.81472 0.05168 0.02871 0.01871 0.01295 0.00914 0.00639 0.00426 0.00251 0.00093 0.05000 ( 1)  0.162 +-  0.358
 241 -   0.81472 0.05168 0.02871 0.01871 0.01295 0.00914 0.00639 0.00426 0.00251 0.00093 0.05000 ( 1)  0.162 +-  0.358
 242 -   0.81472 0.05168 0.02871 0.01871 0.01295 0.00914 0.00639 0.00426 0.00251 0.00093 0.05000 ( 1)  0.162 +-  0.358
 243 -   0.81472 0.05168 0.02871 0.01871 0.01295 0.00914 0.00639 0.00426 0.00251 0.00093 0.05000 ( 1)  0.162 +-  0.358
 244 -   0.81472 0.05168 0.02871 0.01871 0.01295 0.00914 0.00639 0.00426 0.00251 0.00093 0.05000 ( 1)  0.162 +-  0.358
 245 -   0.81472 0.05168 0.02871 0.01871 0.01295 0.00914 0.00639 0.00426 0.00251 0.00093 0.05000 ( 1)  0.162 +-  0.358
 246 -   0.81472 0.05168 0.02871 0.01871 0.01295 0.00914 0.00639 0.00426 0.00251 0.00093 0.05000 ( 1)  0.162 +-  0.358
 247 -   0.81472 0.05168 0.02871 0.01871 0.01295 0.00914 0.00639 0.00426 0.00251 0.00093 0.05000 ( 1)  0.162 +-  0.358
 248 -   0.81472 0.05168 0.02871 0.01871 0.01295 0.00914 0.00639 0.00426 0.00251 0.00093 0.05000 ( 1)  0.162 +-  0.358
 249 -   0.81472 0.05168 0.02871 0.01871 0.01295 0.00914 0.00639 0.00426 0.00251 0.00093 0.05000 ( 1)  0.162 +-  0.358
 250 -   0.81472 0.05168 0.02871 0.01871 0.01295 0.00914 0.00639 0.00426 0.00251 0.00093 0.05000 ( 1)  0.162 +-  0.358
 251 -   0.81472 0.05168 0.02871 0.01871 0.01295 0.00914 0.00639 0.00426 0.00251 0.00093 0.05000 ( 1)  0.162 +-  0.358
 252 -   0.81472 0.05168 0.02871 0.01871 0.01295 0.00914 0.00639 0.00426 0.00251 0.00093 0.05000 ( 1)  0.162 +-  0.358
 253 -   0.81472 0.05168 0.02871 0.01871 0.01295 0.00914 0.00639 0.00426 0.00251 0.00093 0.05000 ( 1)  0.162 +-  0.358
 254 -   0.81472 0.05168 0.02871 0.01871 0.01295 0.00914 0.00639 0.00426 0.00251 0.00093 0.05000 ( 1)  0.162 +-  0.358
 255 -   0.81472 0.05168 0.02871 0.01871 0.01295 0.00914 0.00639 0.00426 0.00251 0.00093 0.05000 ( 1)  0.162 +-  0.358
 256 -   0.81472 0.05168 0.02871 0.01871 0.01295 0.00914 0.00639 0.00426 0.00251 0.00093 0.05000 ( 1)  0.162 +-  0.358
 257 -   0.81472 0.05168 0.02871 0.01871 0.01295 0.00914 0.00639 0.00426 0.00251 0.00093 0.05000 ( 1)  0.162 +-  0.358
 258 -   0.81472 0.05168 0.02871 0.01871 0.01295 0.00914 0.00639 0.00426 0.00251 0.00093 0.05000 ( 1)  0.162 +-  0.358
 259 -   0.81472 0.05168 0.02871 0.01871 0.01295 0.00914 0.00639 0.00426 0.00251 0.00093 0.05000 ( 1)  0.162 +-  0.358
 260 -   0.81472 0.05168 0.02871 0.01871 0.01295 0.00914 0.00639 0.00426 0.00251 0.00093 0.05000 ( 1)  0.162 +-  0.358
 261 -   0.81472 0.05168 0.02871 0.01871 0.01295 0.00914 0.00639 0.00426 0.00251 0.00093 0.05000 ( 1)  0.162 +-  0.358
 262 -   0.81472 0.05168 0.02871 0.01871 0.01295 0.00914 0.00639 0.00426 0.00251 0.00093 0.05000 ( 1)  0.162 +-  0.358
 263 -   0.81472 0.05168 0.02871 0.01871 0.01295 0.00914 0.00639 0.00426 0.00251 0.00093 0.05000 ( 1)  0.162 +-  0.358
 264 -   0.81472 0.05168 0.02871 0.01871 0.01295 0.00914 0.00639 0.00426 0.00251 0.00093 0.05000 ( 1)  0.162 +-  0.358
 265 -   0.81472 0.05168 0.02871 0.01871 0.01295 0.00914 0.00639 0.00426 0.00251 0.00093 0.05000 ( 1)  0.162 +-  0.358
 266 -   0.81472 0.05168 0.02871 0.01871 0.01295 0.00914 0.00639 0.00426 0.00251 0.00093 0.05000 ( 1)  0.162 +-  0.358
 267 -   0.81472 0.05168 0.02871 0.01871 0.01295 0.00914 0.00639 0.00426 0.00251 0.00093 0.05000 ( 1)  0.162 +-  0.358
 268 -   0.81472 0.05168 0.02871 0.01871 0.01295 0.00914 0.00639 0.00426 0.00251 0.00093 0.05000 ( 1)  0.162 +-  0.358
 269 -   0.81472 0.05168 0.02871 0.01871 0.01295 0.00914 0.00639 0.00426 0.00251 0.00093 0.05000 ( 1)  0.162 +-  0.358
 270 -   0.81472 0.05168 0.02871 0.01871 0.01295 0.00914 0.00639 0.00426 0.00251 0.00093 0.05000 ( 1)  0.162 +-  0.358
 271 -   0.81472 0.05168 0.02871 0.01871 0.01295 0.00914 0.00639 0.00426 0.00251 0.00093 0.05000 ( 1)  0.162 +-  0.358
 272 -   0.81472 0.05168 0.02871 0.01871 0.01295 0.00914 0.00639 0.00426 0.00251 0.00093 0.05000 ( 1)  0.162 +-  0.358
 273 -   0.81472 0.05168 0.02871 0.01871 0.01295 0.00914 0.00639 0.00426 0.00251 0.00093 0.05000 ( 1)  0.162 +-  0.358
 274 -   0.81472 0.05168 0.02871 0.01871 0.01295 0.00914 0.00639 0.00426 0.00251 0.00093 0.05000 ( 1)  0.162 +-  0.358
 275 -   0.81472 0.05168 0.02871 0.01871 0.01295 0.00914 0.00639 0.00426 0.00251 0.00093 0.05000 ( 1)  0.162 +-  0.358
 276 -   0.81472 0.05168 0.02871 0.01871 0.01295 0.00914 0.00639 0.00426 0.00251 0.00093 0.05000 ( 1)  0.162 +-  0.358
 277 -   0.81472 0.05168 0.02871 0.01871 0.01295 0.00914 0.00639 0.00426 0.00251 0.00093 0.05000 ( 1)  0.162 +-  0.358
 278 -   0.81472 0.05168 0.02871 0.01871 0.01295 0.00914 0.00639 0.00426 0.00251 0.00093 0.05000 ( 1)  0.162 +-  0.358
 279 -   0.81472 0.05168 0.02871 0.01871 0.01295 0.00914 0.00639 0.00426 0.00251 0.00093 0.05000 ( 1)  0.162 +-  0.358
 280 -   0.81472 0.05168 0.02871 0.01871 0.01295 0.00914 0.00639 0.00426 0.00251 0.00093 0.05000 ( 1)  0.162 +-  0.358
 281 -   0.81472 0.05168 0.02871 0.01871 0.01295 0.00914 0.00639 0.00426 0.00251 0.00093 0.05000 ( 1)  0.162 +-  0.358
 282 -   0.81472 0.05168 0.02871 0.01871 0.01295 0.00914 0.00639 0.00426 0.00251 0.00093 0.05000 ( 1)  0.162 +-  0.358
 283 -   0.81472 0.05168 0.02871 0.01871 0.01295 0.00914 0.00639 0.00426 0.00251 0.00093 0.05000 ( 1)  0.162 +-  0.358
 284 -   0.81472 0.05168 0.02871 0.01871 0.01295 0.00914 0.00639 0.00426 0.00251 0.00093 0.05000 ( 1)  0.162 +-  0.358
 285 -   0.81472 0.05168 0.02871 0.01871 0.01295 0.00914 0.00639 0.00426 0.00251 0.00093 0.05000 ( 1)  0.162 +-  0.358
 286 -   0.81472 0.05168 0.02871 0.01871 0.01295 0.00914 0.00639 0.00426 0.00251 0.00093 0.05000 ( 1)  0.162 +-  0.358
 287 -   0.81472 0.05168 0.02871 0.01871 0.01295 0.00914 0.00639 0.00426 0.00251 0.00093 0.05000 ( 1)  0.162 +-  0.358
 288 -   0.81472 0.05168 0.02871 0.01871 0.01295 0.00914 0.00639 0.00426 0.00251 0.00093 0.05000 ( 1)  0.162 +-  0.358
 289 -   0.81472 0.05168 0.02871 0.01871 0.01295 0.00914 0.00639 0.00426 0.00251 0.00093 0.05000 ( 1)  0.162 +-  0.358
 290 -   0.81472 0.05168 0.02871 0.01871 0.01295 0.00914 0.00639 0.00426 0.00251 0.00093 0.05000 ( 1)  0.162 +-  0.358
 291 -   0.81472 0.05168 0.02871 0.01871 0.01295 0.00914 0.00639 0.00426 0.00251 0.00093 0.05000 ( 1)  0.162 +-  0.358
 292 -   0.81472 0.05168 0.02871 0.01871 0.01295 0.00914 0.00639 0.00426 0.00251 0.00093 0.05000 ( 1)  0.162 +-  0.358
 293 -   0.81472 0.05168 0.02871 0.01871 0.01295 0.00914 0.00639 0.00426 0.00251 0.00093 0.05000 ( 1)  0.162 +-  0.358
 294 -   0.81472 0.05168 0.02871 0.01871 0.01295 0.00914 0.00639 0.00426 0.00251 0.00093 0.05000 ( 1)  0.162 +-  0.358
 295 -   0.81472 0.05168 0.02871 0.01871 0.01295 0.00914 0.00639 0.00426 0.00251 0.00093 0.05000 ( 1)  0.162 +-  0.358
 296 -   0.81472 0.05168 0.02871 0.01871 0.01295 0.00914 0.00639 0.00426 0.00251 0.00093 0.05000 ( 1)  0.162 +-  0.358
 297 -   0.81472 0.05168 0.02871 0.01871 0.01295 0.00914 0.00639 0.00426 0.00251 0.00093 0.05000 ( 1)  0.162 +-  0.358
 298 -   0.81472 0.05168 0.02871 0.01871 0.01295 0.00914 0.00639 0.00426 0.00251 0.00093 0.05000 ( 1)  0.162 +-  0.358
 299 -   0.81472 0.05168 0.02871 0.01871 0.01295 0.00914 0.00639 0.00426 0.00251 0.00093 0.05000 ( 1)  0.162 +-  0.358
 300 -   0.81472 0.05168 0.02871 0.01871 0.01295 0.00914 0.00639 0.00426 0.00251 0.00093 0.05000 ( 1)  0.162 +-  0.358
 301 -   0.81472 0.05168 0.02871 0.01871 0.01295 0.00914 0.00639 0.00426 0.00251 0.00093 0.05000 ( 1)  0.162 +-  0.358
 302 -   0.81472 0.05168 0.02871 0.01871 0.01295 0.00914 0.00639 0.00426 0.00251 0.00093 0.05000 ( 1)  0.162 +-  0.358
 303 -   0.81472 0.05168 0.02871 0.01871 0.01295 0.00914 0.00639 0.00426 0.00251 0.00093 0.05000 ( 1)  0.162 +-  0.358
 304 -   0.81472 0.05168 0.02871 0.01871 0.01295 0.00914 0.00639 0.00426 0.00251 0.00093 0.05000 ( 1)  0.162 +-  0.358
 305 -   0.81472 0.05168 0.02871 0.01871 0.01295 0.00914 0.00639 0.00426 0.00251 0.00093 0.05000 ( 1)  0.162 +-  0.358
 306 -   0.81472 0.05168 0.02871 0.01871 0.01295 0.00914 0.00639 0.00426 0.00251 0.00093 0.05000 ( 1)  0.162 +-  0.358
 307 -   0.81472 0.05168 0.02871 0.01871 0.01295 0.00914 0.00639 0.00426 0.00251 0.00093 0.05000 ( 1)  0.162 +-  0.358
 308 -   0.81472 0.05168 0.02871 0.01871 0.01295 0.00914 0.00639 0.00426 0.00251 0.00093 0.05000 ( 1)  0.162 +-  0.358
 309 -   0.81472 0.05168 0.02871 0.01871 0.01295 0.00914 0.00639 0.00426 0.00251 0.00093 0.05000 ( 1)  0.162 +-  0.358
 310 -   0.81472 0.05168 0.02871 0.01871 0.01295 0.00914 0.00639 0.00426 0.00251 0.00093 0.05000 ( 1)  0.162 +-  0.358
 311 -   0.81472 0.05168 0.02871 0.01871 0.01295 0.00914 0.00639 0.00426 0.00251 0.00093 0.05000 ( 1)  0.162 +-  0.358
 312 -   0.81472 0.05168 0.02871 0.01871 0.01295 0.00914 0.00639 0.00426 0.00251 0.00093 0.05000 ( 1)  0.162 +-  0.358
 313 -   0.81472 0.05168 0.02871 0.01871 0.01295 0.00914 0.00639 0.00426 0.00251 0.00093 0.05000 ( 1)  0.162 +-  0.358
 314 -   0.81472 0.05168 0.02871 0.01871 0.01295 0.00914 0.00639 0.00426 0.00251 0.00093 0.05000 ( 1)  0.162 +-  0.358
 315 -   0.81472 0.05168 0.02871 0.01871 0.01295 0.00914 0.00639 0.00426 0.00251 0.00093 0.05000 ( 1)  0.162 +-  0.358
 316 G   0.89600 0.04795 0.02249 0.01237 0.00724 0.00432 0.00255 0.00144 0.00072 0.00023 0.00468 ( 1)  0.078 +-  0.127
 317 A   0.90383 0.04674 0.02118 0.01127 0.00637 0.00368 0.00210 0.00115 0.00056 0.00017 0.00295 ( 1)  0.074 +-  0.109
 318 G   0.89651 0.04788 0.02241 0.01231 0.00718 0.00428 0.00252 0.00142 0.00071 0.00022 0.00455 ( 1)  0.078 +-  0.126
 319 A   0.90769 0.04603 0.02047 0.01068 0.00593 0.00336 0.00189 0.00101 0.00048 0.00014 0.00230 ( 1)  0.072 +-  0.100
 320 D   0.91513 0.04451 0.01899 0.00951 0.00507 0.00276 0.00149 0.00077 0.00035 0.00010 0.00131 ( 1)  0.068 +-  0.085
 321 F   0.89449 0.04817 0.02273 0.01258 0.00740 0.00444 0.00264 0.00150 0.00075 0.00024 0.00506 ( 1)  0.079 +-  0.131
 322 V   0.92258 0.04268 0.01733 0.00828 0.00421 0.00219 0.00113 0.00056 0.00025 0.00007 0.00072 ( 1)  0.065 +-  0.073
 323 M   0.93395 0.03943 0.01461 0.00636 0.00295 0.00140 0.00066 0.00030 0.00012 0.00003 0.00019 ( 1)  0.062 +-  0.056
 324 L   0.89110 0.04860 0.02322 0.01301 0.00775 0.00471 0.00284 0.00163 0.00083 0.00026 0.00605 ( 1)  0.081 +-  0.140
 325 G   0.89600 0.04795 0.02249 0.01237 0.00724 0.00432 0.00255 0.00144 0.00072 0.00023 0.00468 ( 1)  0.078 +-  0.127
 326 G   0.91307 0.04496 0.01941 0.00984 0.00531 0.00293 0.00160 0.00083 0.00039 0.00011 0.00155 ( 1)  0.069 +-  0.089
 327 M   0.93395 0.03943 0.01461 0.00636 0.00295 0.00140 0.00066 0.00030 0.00012 0.00003 0.00019 ( 1)  0.062 +-  0.056
 328 F   0.89321 0.04836 0.02293 0.01276 0.00754 0.00455 0.00272 0.00155 0.00078 0.00025 0.00537 ( 1)  0.080 +-  0.134
 329 S   0.88918 0.04883 0.02349 0.01325 0.00795 0.00486 0.00295 0.00170 0.00087 0.00028 0.00663 ( 1)  0.083 +-  0.145
 330 G   0.91136 0.04531 0.01975 0.01011 0.00551 0.00306 0.00169 0.00089 0.00042 0.00012 0.00178 ( 1)  0.070 +-  0.093
 331 H   0.89454 0.04817 0.02273 0.01258 0.00740 0.00444 0.00264 0.00150 0.00075 0.00024 0.00503 ( 1)  0.079 +-  0.131
 332 T   0.91429 0.04471 0.01917 0.00965 0.00517 0.00283 0.00153 0.00079 0.00036 0.00010 0.00139 ( 1)  0.069 +-  0.086
 333 E   0.92216 0.04283 0.01745 0.00835 0.00426 0.00222 0.00115 0.00057 0.00025 0.00007 0.00071 ( 1)  0.065 +-  0.073
 334 C   0.88295 0.04949 0.02430 0.01399 0.00856 0.00534 0.00330 0.00195 0.00102 0.00033 0.00876 ( 1)  0.087 +-  0.161
 335 A   0.90571 0.04639 0.02083 0.01098 0.00616 0.00352 0.00200 0.00108 0.00052 0.00016 0.00263 ( 1)  0.073 +-  0.105
 336 G   0.89600 0.04795 0.02249 0.01237 0.00724 0.00432 0.00255 0.00144 0.00072 0.00023 0.00468 ( 1)  0.078 +-  0.127
 337 E   0.91420 0.04470 0.01917 0.00966 0.00518 0.00284 0.00154 0.00080 0.00037 0.00011 0.00145 ( 1)  0.069 +-  0.087
 338 V   0.65460 0.09720 0.07035 0.05024 0.03508 0.02378 0.01546 0.00938 0.00495 0.00161 0.03735 ( 1)  0.191 +-  0.308
 339 I   0.64720 0.09706 0.07091 0.05109 0.03596 0.02456 0.01608 0.00981 0.00521 0.00171 0.04041 ( 1)  0.197 +-  0.317
 340 E   0.92585 0.04183 0.01659 0.00773 0.00384 0.00195 0.00098 0.00047 0.00020 0.00005 0.00049 ( 1)  0.064 +-  0.067
 341 R   0.91788 0.04392 0.01843 0.00907 0.00475 0.00254 0.00135 0.00068 0.00031 0.00009 0.00099 ( 1)  0.067 +-  0.079
 342 N   0.92585 0.04185 0.01660 0.00773 0.00384 0.00195 0.00098 0.00047 0.00020 0.00005 0.00048 ( 1)  0.064 +-  0.067
 343 G   0.89804 0.04765 0.02216 0.01209 0.00701 0.00415 0.00244 0.00136 0.00068 0.00021 0.00421 ( 1)  0.077 +-  0.123
 344 Q   0.08714 0.04266 0.05649 0.06190 0.06080 0.05505 0.04614 0.03517 0.02285 0.00902 0.52279 (11)  0.996 +-  0.623
 345 K   0.92292 0.04264 0.01729 0.00823 0.00417 0.00216 0.00111 0.00054 0.00024 0.00006 0.00064 ( 1)  0.065 +-  0.071
 346 L   0.90377 0.04677 0.02121 0.01128 0.00638 0.00368 0.00211 0.00115 0.00056 0.00017 0.00292 ( 1)  0.074 +-  0.108
 347 K   0.69648 0.09818 0.06746 0.04573 0.03031 0.01951 0.01204 0.00693 0.00347 0.00108 0.01880 ( 1)  0.152 +-  0.241
 348 L   0.90368 0.04678 0.02122 0.01130 0.00639 0.00369 0.00211 0.00115 0.00056 0.00017 0.00294 ( 1)  0.074 +-  0.109
 349 F   0.90931 0.04578 0.02019 0.01045 0.00575 0.00323 0.00180 0.00095 0.00045 0.00013 0.00196 ( 1)  0.071 +-  0.096
 350 Y   0.89936 0.04748 0.02196 0.01192 0.00688 0.00405 0.00236 0.00131 0.00065 0.00020 0.00383 ( 1)  0.076 +-  0.119
 351 G   0.91718 0.04406 0.01856 0.00918 0.00483 0.00260 0.00138 0.00071 0.00032 0.00009 0.00110 ( 1)  0.067 +-  0.081
 352 M   0.93395 0.03943 0.01461 0.00636 0.00295 0.00140 0.00066 0.00030 0.00012 0.00003 0.00019 ( 1)  0.062 +-  0.056
 353 S   0.92165 0.04300 0.01759 0.00845 0.00431 0.00225 0.00116 0.00057 0.00025 0.00007 0.00070 ( 1)  0.066 +-  0.073
 354 S   0.88051 0.04970 0.02458 0.01425 0.00879 0.00552 0.00344 0.00204 0.00107 0.00035 0.00974 ( 1)  0.089 +-  0.168
 355 D   0.25258 0.10457 0.11723 0.10890 0.09082 0.06990 0.04987 0.03240 0.01797 0.00606 0.14970 ( 1)  0.479 +-  0.484
 356 T   0.91713 0.04408 0.01858 0.00919 0.00484 0.00260 0.00139 0.00071 0.00032 0.00009 0.00108 ( 1)  0.067 +-  0.081
 357 A   0.92276 0.04267 0.01731 0.00825 0.00419 0.00217 0.00112 0.00055 0.00024 0.00007 0.00067 ( 1)  0.065 +-  0.072
 358 M   0.93395 0.03943 0.01461 0.00636 0.00295 0.00140 0.00066 0.00030 0.00012 0.00003 0.00019 ( 1)  0.062 +-  0.056
 359 K   0.70191 0.09821 0.06697 0.04506 0.02963 0.01892 0.01158 0.00662 0.00329 0.00101 0.01680 ( 1)  0.148 +-  0.232
 360 K   0.92292 0.04264 0.01729 0.00823 0.00417 0.00216 0.00111 0.00054 0.00024 0.00006 0.00064 ( 1)  0.065 +-  0.071
 361 H   0.90927 0.04577 0.02019 0.01045 0.00575 0.00323 0.00180 0.00096 0.00045 0.00013 0.00199 ( 1)  0.071 +-  0.096
 362 A   0.90933 0.04569 0.02014 0.01042 0.00574 0.00323 0.00180 0.00096 0.00045 0.00013 0.00210 ( 1)  0.071 +-  0.097
 363 G   0.89600 0.04795 0.02249 0.01237 0.00724 0.00432 0.00255 0.00144 0.00072 0.00023 0.00468 ( 1)  0.078 +-  0.127
 364 G   0.89764 0.04771 0.02223 0.01215 0.00706 0.00419 0.00246 0.00138 0.00068 0.00021 0.00429 ( 1)  0.077 +-  0.124
 365 V   0.91167 0.04518 0.01965 0.01004 0.00547 0.00304 0.00168 0.00089 0.00041 0.00012 0.00184 ( 1)  0.070 +-  0.093
 366 A   0.90443 0.04664 0.02108 0.01118 0.00631 0.00363 0.00207 0.00113 0.00054 0.00016 0.00284 ( 1)  0.073 +-  0.107
 367 E   0.27023 0.10978 0.12083 0.11026 0.09037 0.06840 0.04801 0.03071 0.01678 0.00558 0.12907 ( 1)  0.446 +-  0.463
 368 Y   0.00031 0.00131 0.00460 0.00943 0.01463 0.01892 0.02117 0.02054 0.01640 0.00776 0.88493 (11)  1.458 +-  0.422
 369 R   0.89756 0.04775 0.02226 0.01217 0.00708 0.00420 0.00246 0.00138 0.00068 0.00021 0.00425 ( 1)  0.077 +-  0.123
 370 A   0.92124 0.04306 0.01766 0.00851 0.00436 0.00229 0.00119 0.00059 0.00026 0.00007 0.00078 ( 1)  0.066 +-  0.074
 371 S   0.88436 0.04936 0.02413 0.01383 0.00843 0.00524 0.00322 0.00189 0.00098 0.00032 0.00824 ( 1)  0.086 +-  0.158
 372 E   0.92055 0.04320 0.01780 0.00862 0.00444 0.00234 0.00123 0.00061 0.00027 0.00008 0.00085 ( 1)  0.066 +-  0.076
 373 G   0.90109 0.04719 0.02166 0.01167 0.00668 0.00390 0.00226 0.00125 0.00061 0.00019 0.00349 ( 1)  0.075 +-  0.115
 374 K   0.92141 0.04303 0.01763 0.00848 0.00434 0.00227 0.00118 0.00058 0.00026 0.00007 0.00074 ( 1)  0.066 +-  0.074
 375 T   0.89893 0.04753 0.02203 0.01197 0.00692 0.00408 0.00238 0.00133 0.00066 0.00020 0.00396 ( 1)  0.076 +-  0.120
 376 V   0.91864 0.04366 0.01821 0.00893 0.00466 0.00249 0.00132 0.00067 0.00030 0.00008 0.00103 ( 1)  0.067 +-  0.079
 377 E   0.90832 0.04594 0.02036 0.01059 0.00586 0.00331 0.00185 0.00099 0.00047 0.00014 0.00216 ( 1)  0.071 +-  0.098
 378 V   0.91655 0.04416 0.01867 0.00927 0.00491 0.00265 0.00142 0.00073 0.00033 0.00009 0.00122 ( 1)  0.068 +-  0.083
 379 P   0.88377 0.04940 0.02419 0.01389 0.00848 0.00528 0.00326 0.00192 0.00100 0.00033 0.00848 ( 1)  0.087 +-  0.159
 380 Y   0.90162 0.04713 0.02159 0.01160 0.00663 0.00386 0.00223 0.00123 0.00060 0.00018 0.00333 ( 1)  0.075 +-  0.113
 381 K   0.61000 0.09499 0.07202 0.05382 0.03927 0.02780 0.01884 0.01191 0.00653 0.00222 0.06260 ( 1)  0.238 +-  0.374
 382 G   0.89992 0.04733 0.02183 0.01181 0.00680 0.00400 0.00233 0.00130 0.00064 0.00020 0.00384 ( 1)  0.076 +-  0.119
 383 D   0.91628 0.04421 0.01872 0.00932 0.00494 0.00268 0.00144 0.00074 0.00034 0.00010 0.00126 ( 1)  0.068 +-  0.084
 384 V   0.91025 0.04554 0.01998 0.01029 0.00564 0.00315 0.00175 0.00093 0.00043 0.00013 0.00192 ( 1)  0.070 +-  0.095
 385 E   0.91185 0.04517 0.01963 0.01002 0.00545 0.00303 0.00167 0.00088 0.00041 0.00012 0.00177 ( 1)  0.070 +-  0.092
 386 N   0.70531 0.09806 0.06648 0.04448 0.02911 0.01851 0.01129 0.00643 0.00318 0.00098 0.01618 ( 1)  0.146 +-  0.228
 387 T   0.90701 0.04615 0.02059 0.01078 0.00601 0.00342 0.00193 0.00104 0.00050 0.00015 0.00244 ( 1)  0.072 +-  0.102
 388 I   0.92040 0.04328 0.01785 0.00865 0.00446 0.00235 0.00123 0.00061 0.00027 0.00008 0.00082 ( 1)  0.066 +-  0.075
 389 L   0.88962 0.04877 0.02342 0.01319 0.00790 0.00483 0.00292 0.00169 0.00086 0.00028 0.00652 ( 1)  0.083 +-  0.144
 390 D   0.91248 0.04510 0.01954 0.00994 0.00538 0.00297 0.00163 0.00085 0.00039 0.00011 0.00159 ( 1)  0.069 +-  0.090
 391 I   0.90752 0.04609 0.02052 0.01072 0.00596 0.00338 0.00190 0.00102 0.00048 0.00014 0.00229 ( 1)  0.072 +-  0.100
 392 L   0.90278 0.04693 0.02138 0.01143 0.00649 0.00377 0.00216 0.00119 0.00058 0.00018 0.00313 ( 1)  0.074 +-  0.111
 393 G   0.91192 0.04522 0.01966 0.01003 0.00545 0.00302 0.00166 0.00087 0.00040 0.00012 0.00166 ( 1)  0.070 +-  0.091
 394 G   0.89454 0.04815 0.02271 0.01257 0.00739 0.00444 0.00264 0.00150 0.00075 0.00024 0.00508 ( 1)  0.079 +-  0.131
 395 L   0.88965 0.04876 0.02342 0.01319 0.00790 0.00483 0.00292 0.00169 0.00086 0.00028 0.00650 ( 1)  0.082 +-  0.144
 396 R   0.91443 0.04459 0.01909 0.00961 0.00515 0.00282 0.00154 0.00080 0.00037 0.00011 0.00150 ( 1)  0.069 +-  0.088
 397 S   0.89045 0.04870 0.02333 0.01311 0.00783 0.00477 0.00288 0.00166 0.00084 0.00027 0.00618 ( 1)  0.082 +-  0.141
 398 T   0.91590 0.04435 0.01883 0.00939 0.00498 0.00270 0.00145 0.00074 0.00034 0.00010 0.00122 ( 1)  0.068 +-  0.083
 399 C   0.89753 0.04777 0.02227 0.01218 0.00708 0.00420 0.00247 0.00138 0.00068 0.00021 0.00423 ( 1)  0.077 +-  0.123
 400 T   0.91779 0.04392 0.01843 0.00908 0.00476 0.00255 0.00135 0.00069 0.00031 0.00009 0.00102 ( 1)  0.067 +-  0.080
 401 Y   0.89730 0.04779 0.02230 0.01221 0.00710 0.00422 0.00248 0.00139 0.00069 0.00021 0.00431 ( 1)  0.077 +-  0.124
 402 V   0.91864 0.04366 0.01821 0.00893 0.00466 0.00249 0.00132 0.00067 0.00030 0.00008 0.00103 ( 1)  0.067 +-  0.079
 403 G   0.91568 0.04440 0.01888 0.00943 0.00501 0.00272 0.00146 0.00075 0.00034 0.00010 0.00124 ( 1)  0.068 +-  0.084
 404 A   0.92096 0.04313 0.01772 0.00855 0.00440 0.00231 0.00120 0.00060 0.00026 0.00007 0.00080 ( 1)  0.066 +-  0.075
 405 A   0.92124 0.04306 0.01766 0.00851 0.00436 0.00229 0.00119 0.00059 0.00026 0.00007 0.00078 ( 1)  0.066 +-  0.074
 406 K   0.90450 0.04664 0.02108 0.01118 0.00630 0.00363 0.00207 0.00112 0.00054 0.00016 0.00278 ( 1)  0.073 +-  0.107
 407 L   0.90405 0.04671 0.02115 0.01124 0.00635 0.00366 0.00209 0.00114 0.00055 0.00017 0.00288 ( 1)  0.073 +-  0.108
 408 K   0.91421 0.04474 0.01920 0.00967 0.00518 0.00283 0.00154 0.00079 0.00036 0.00010 0.00137 ( 1)  0.069 +-  0.086
 409 E   0.92433 0.04225 0.01695 0.00799 0.00401 0.00206 0.00105 0.00051 0.00022 0.00006 0.00058 ( 1)  0.065 +-  0.069
 410 L   0.90405 0.04671 0.02115 0.01124 0.00635 0.00366 0.00209 0.00114 0.00055 0.00017 0.00288 ( 1)  0.073 +-  0.108
 411 S   0.92014 0.04337 0.01793 0.00870 0.00449 0.00237 0.00124 0.00062 0.00027 0.00008 0.00081 ( 1)  0.066 +-  0.075
 412 R   0.91416 0.04464 0.01914 0.00965 0.00518 0.00285 0.00155 0.00081 0.00037 0.00011 0.00155 ( 1)  0.069 +-  0.089
 413 R   0.91637 0.04427 0.01875 0.00932 0.00493 0.00266 0.00142 0.00073 0.00033 0.00009 0.00113 ( 1)  0.068 +-  0.082
 414 A   0.90530 0.04647 0.02091 0.01105 0.00621 0.00356 0.00202 0.00110 0.00053 0.00016 0.00270 ( 1)  0.073 +-  0.106
 415 T   0.91462 0.04464 0.01911 0.00960 0.00513 0.00280 0.00152 0.00078 0.00036 0.00010 0.00134 ( 1)  0.068 +-  0.086
 416 F   0.90808 0.04601 0.02043 0.01064 0.00589 0.00333 0.00186 0.00100 0.00047 0.00014 0.00215 ( 1)  0.071 +-  0.098
 417 I   0.92438 0.04224 0.01694 0.00798 0.00400 0.00205 0.00104 0.00051 0.00022 0.00006 0.00057 ( 1)  0.065 +-  0.069
 418 R   0.89100 0.04861 0.02324 0.01303 0.00777 0.00472 0.00284 0.00163 0.00083 0.00026 0.00607 ( 1)  0.082 +-  0.140
 419 V   0.91876 0.04363 0.01819 0.00891 0.00465 0.00248 0.00131 0.00066 0.00030 0.00008 0.00102 ( 1)  0.067 +-  0.079
 420 T   0.91779 0.04392 0.01843 0.00908 0.00476 0.00255 0.00135 0.00069 0.00031 0.00009 0.00102 ( 1)  0.067 +-  0.080
 421 Q   0.89272 0.04840 0.02299 0.01281 0.00759 0.00458 0.00274 0.00157 0.00079 0.00025 0.00556 ( 1)  0.080 +-  0.136
 422 Q   0.89542 0.04804 0.02258 0.01245 0.00730 0.00437 0.00259 0.00146 0.00073 0.00023 0.00483 ( 1)  0.079 +-  0.129
 423 H   0.90810 0.04599 0.02042 0.01063 0.00589 0.00333 0.00186 0.00100 0.00047 0.00014 0.00217 ( 1)  0.071 +-  0.099
 424 N   0.92496 0.04210 0.01681 0.00788 0.00394 0.00201 0.00102 0.00049 0.00021 0.00006 0.00053 ( 1)  0.064 +-  0.068
 425 T   0.66788 0.09785 0.06983 0.04914 0.03379 0.02255 0.01443 0.00861 0.00446 0.00143 0.03002 ( 1)  0.177 +-  0.284
 426 V   0.67202 0.09762 0.06916 0.04837 0.03309 0.02200 0.01403 0.00835 0.00433 0.00139 0.02966 ( 1)  0.175 +-  0.283
 427 F   0.90808 0.04601 0.02043 0.01064 0.00589 0.00333 0.00186 0.00100 0.00047 0.00014 0.00215 ( 1)  0.071 +-  0.098
 428 S   0.92014 0.04337 0.01793 0.00870 0.00449 0.00237 0.00124 0.00062 0.00027 0.00008 0.00081 ( 1)  0.066 +-  0.075

Positively selected sites

	Prob(w>1)  mean w

    90 A      0.521         0.994 +- 0.625
   344 Q      0.523         0.996 +- 0.623
   368 Y      0.885         1.458 +- 0.422

