Supplemental results for CODEML (seqf: algn  treef: tree)


dN/dS (w) for site classes (K=2)

p:   0.27703  0.72297
w:   0.14540  1.00000

Naive Empirical Bayes (NEB) probabilities for 2 classes & postmean_w
(amino acids refer to 1st sequence: aotNan_LOC105715504_XM_021667378)

   1 -   0.27703 0.72297 ( 2)  0.763
   2 -   0.27703 0.72297 ( 2)  0.763
   3 -   0.27703 0.72297 ( 2)  0.763
   4 -   0.27703 0.72297 ( 2)  0.763
   5 -   0.27703 0.72297 ( 2)  0.763
   6 -   0.27703 0.72297 ( 2)  0.763
   7 -   0.27703 0.72297 ( 2)  0.763
   8 -   0.27703 0.72297 ( 2)  0.763
   9 -   0.27703 0.72297 ( 2)  0.763
  10 -   0.27703 0.72297 ( 2)  0.763
  11 -   0.27703 0.72297 ( 2)  0.763
  12 -   0.27703 0.72297 ( 2)  0.763
  13 -   0.27703 0.72297 ( 2)  0.763
  14 -   0.27703 0.72297 ( 2)  0.763
  15 -   0.27703 0.72297 ( 2)  0.763
  16 -   0.27703 0.72297 ( 2)  0.763
  17 -   0.27703 0.72297 ( 2)  0.763
  18 -   0.27703 0.72297 ( 2)  0.763
  19 -   0.27703 0.72297 ( 2)  0.763
  20 -   0.27703 0.72297 ( 2)  0.763
  21 -   0.27703 0.72297 ( 2)  0.763
  22 -   0.27703 0.72297 ( 2)  0.763
  23 -   0.27703 0.72297 ( 2)  0.763
  24 -   0.27703 0.72297 ( 2)  0.763
  25 -   0.27703 0.72297 ( 2)  0.763
  26 -   0.27703 0.72297 ( 2)  0.763
  27 -   0.27703 0.72297 ( 2)  0.763
  28 -   0.27703 0.72297 ( 2)  0.763
  29 -   0.27703 0.72297 ( 2)  0.763
  30 -   0.27703 0.72297 ( 2)  0.763
  31 -   0.27703 0.72297 ( 2)  0.763
  32 -   0.27703 0.72297 ( 2)  0.763
  33 -   0.27703 0.72297 ( 2)  0.763
  34 -   0.27703 0.72297 ( 2)  0.763
  35 -   0.27703 0.72297 ( 2)  0.763
  36 -   0.27703 0.72297 ( 2)  0.763
  37 -   0.27703 0.72297 ( 2)  0.763
  38 -   0.27703 0.72297 ( 2)  0.763
  39 -   0.27703 0.72297 ( 2)  0.763
  40 -   0.27703 0.72297 ( 2)  0.763
  41 -   0.27703 0.72297 ( 2)  0.763
  42 -   0.27703 0.72297 ( 2)  0.763
  43 -   0.27703 0.72297 ( 2)  0.763
  44 -   0.27703 0.72297 ( 2)  0.763
  45 -   0.27703 0.72297 ( 2)  0.763
  46 -   0.27703 0.72297 ( 2)  0.763
  47 -   0.27703 0.72297 ( 2)  0.763
  48 -   0.27703 0.72297 ( 2)  0.763
  49 -   0.27703 0.72297 ( 2)  0.763
  50 -   0.27703 0.72297 ( 2)  0.763
  51 -   0.27703 0.72297 ( 2)  0.763
  52 -   0.27703 0.72297 ( 2)  0.763
  53 -   0.27703 0.72297 ( 2)  0.763
  54 -   0.27703 0.72297 ( 2)  0.763
  55 -   0.27703 0.72297 ( 2)  0.763
  56 -   0.27703 0.72297 ( 2)  0.763
  57 -   0.27703 0.72297 ( 2)  0.763
  58 -   0.27703 0.72297 ( 2)  0.763
  59 -   0.27703 0.72297 ( 2)  0.763
  60 -   0.27703 0.72297 ( 2)  0.763
  61 -   0.27703 0.72297 ( 2)  0.763
  62 -   0.27703 0.72297 ( 2)  0.763
  63 -   0.27703 0.72297 ( 2)  0.763
  64 -   0.27703 0.72297 ( 2)  0.763
  65 -   0.27703 0.72297 ( 2)  0.763
  66 -   0.27703 0.72297 ( 2)  0.763
  67 -   0.27703 0.72297 ( 2)  0.763
  68 -   0.27703 0.72297 ( 2)  0.763
  69 -   0.27703 0.72297 ( 2)  0.763
  70 -   0.27703 0.72297 ( 2)  0.763
  71 -   0.27703 0.72297 ( 2)  0.763
  72 -   0.27703 0.72297 ( 2)  0.763
  73 -   0.27703 0.72297 ( 2)  0.763
  74 -   0.27703 0.72297 ( 2)  0.763
  75 -   0.27703 0.72297 ( 2)  0.763
  76 -   0.27703 0.72297 ( 2)  0.763
  77 -   0.27703 0.72297 ( 2)  0.763
  78 -   0.27703 0.72297 ( 2)  0.763
  79 -   0.27703 0.72297 ( 2)  0.763
  80 -   0.27703 0.72297 ( 2)  0.763
  81 -   0.27703 0.72297 ( 2)  0.763
  82 -   0.27703 0.72297 ( 2)  0.763
  83 -   0.27703 0.72297 ( 2)  0.763
  84 -   0.27703 0.72297 ( 2)  0.763
  85 -   0.27703 0.72297 ( 2)  0.763
  86 -   0.27703 0.72297 ( 2)  0.763
  87 -   0.27703 0.72297 ( 2)  0.763
  88 -   0.27703 0.72297 ( 2)  0.763
  89 -   0.27703 0.72297 ( 2)  0.763
  90 -   0.27703 0.72297 ( 2)  0.763
  91 -   0.27703 0.72297 ( 2)  0.763
  92 -   0.27703 0.72297 ( 2)  0.763
  93 -   0.27703 0.72297 ( 2)  0.763
  94 -   0.27703 0.72297 ( 2)  0.763
  95 -   0.27703 0.72297 ( 2)  0.763
  96 -   0.27703 0.72297 ( 2)  0.763
  97 -   0.27703 0.72297 ( 2)  0.763
  98 -   0.27703 0.72297 ( 2)  0.763
  99 -   0.27703 0.72297 ( 2)  0.763
 100 -   0.27703 0.72297 ( 2)  0.763
 101 -   0.27703 0.72297 ( 2)  0.763
 102 -   0.27703 0.72297 ( 2)  0.763
 103 -   0.27703 0.72297 ( 2)  0.763
 104 -   0.27703 0.72297 ( 2)  0.763
 105 -   0.27703 0.72297 ( 2)  0.763
 106 -   0.27703 0.72297 ( 2)  0.763
 107 -   0.27703 0.72297 ( 2)  0.763
 108 -   0.27703 0.72297 ( 2)  0.763
 109 -   0.27703 0.72297 ( 2)  0.763
 110 -   0.27703 0.72297 ( 2)  0.763
 111 -   0.27703 0.72297 ( 2)  0.763
 112 -   0.27703 0.72297 ( 2)  0.763
 113 -   0.27703 0.72297 ( 2)  0.763
 114 -   0.27703 0.72297 ( 2)  0.763
 115 -   0.27703 0.72297 ( 2)  0.763
 116 -   0.27703 0.72297 ( 2)  0.763
 117 -   0.27703 0.72297 ( 2)  0.763
 118 -   0.27703 0.72297 ( 2)  0.763
 119 -   0.27703 0.72297 ( 2)  0.763
 120 -   0.27703 0.72297 ( 2)  0.763
 121 -   0.27703 0.72297 ( 2)  0.763
 122 -   0.27703 0.72297 ( 2)  0.763
 123 -   0.27703 0.72297 ( 2)  0.763
 124 -   0.27703 0.72297 ( 2)  0.763
 125 -   0.27703 0.72297 ( 2)  0.763
 126 -   0.27703 0.72297 ( 2)  0.763
 127 -   0.27703 0.72297 ( 2)  0.763
 128 -   0.27703 0.72297 ( 2)  0.763
 129 -   0.27703 0.72297 ( 2)  0.763
 130 -   0.27703 0.72297 ( 2)  0.763
 131 -   0.27703 0.72297 ( 2)  0.763
 132 -   0.27703 0.72297 ( 2)  0.763
 133 -   0.27703 0.72297 ( 2)  0.763
 134 -   0.27703 0.72297 ( 2)  0.763
 135 -   0.27703 0.72297 ( 2)  0.763
 136 -   0.27703 0.72297 ( 2)  0.763
 137 -   0.27703 0.72297 ( 2)  0.763
 138 -   0.27703 0.72297 ( 2)  0.763
 139 -   0.27703 0.72297 ( 2)  0.763
 140 -   0.27703 0.72297 ( 2)  0.763
 141 -   0.27703 0.72297 ( 2)  0.763
 142 -   0.27703 0.72297 ( 2)  0.763
 143 -   0.27703 0.72297 ( 2)  0.763
 144 -   0.27703 0.72297 ( 2)  0.763
 145 -   0.27703 0.72297 ( 2)  0.763
 146 -   0.27703 0.72297 ( 2)  0.763
 147 -   0.27703 0.72297 ( 2)  0.763
 148 -   0.27703 0.72297 ( 2)  0.763
 149 -   0.27703 0.72297 ( 2)  0.763
 150 -   0.27703 0.72297 ( 2)  0.763
 151 -   0.27703 0.72297 ( 2)  0.763
 152 -   0.27703 0.72297 ( 2)  0.763
 153 -   0.27703 0.72297 ( 2)  0.763
 154 -   0.27703 0.72297 ( 2)  0.763
 155 -   0.27703 0.72297 ( 2)  0.763
 156 -   0.27703 0.72297 ( 2)  0.763
 157 -   0.27703 0.72297 ( 2)  0.763
 158 -   0.27703 0.72297 ( 2)  0.763
 159 -   0.27703 0.72297 ( 2)  0.763
 160 -   0.27703 0.72297 ( 2)  0.763
 161 -   0.27703 0.72297 ( 2)  0.763
 162 -   0.27703 0.72297 ( 2)  0.763
 163 -   0.27703 0.72297 ( 2)  0.763
 164 -   0.27703 0.72297 ( 2)  0.763
 165 -   0.27703 0.72297 ( 2)  0.763
 166 -   0.27703 0.72297 ( 2)  0.763
 167 -   0.27703 0.72297 ( 2)  0.763
 168 -   0.27703 0.72297 ( 2)  0.763
 169 -   0.27703 0.72297 ( 2)  0.763
 170 -   0.27703 0.72297 ( 2)  0.763
 171 -   0.27703 0.72297 ( 2)  0.763
 172 -   0.27703 0.72297 ( 2)  0.763
 173 -   0.27703 0.72297 ( 2)  0.763
 174 -   0.27703 0.72297 ( 2)  0.763
 175 -   0.27703 0.72297 ( 2)  0.763
 176 -   0.27703 0.72297 ( 2)  0.763
 177 -   0.27703 0.72297 ( 2)  0.763
 178 -   0.27703 0.72297 ( 2)  0.763
 179 -   0.27703 0.72297 ( 2)  0.763
 180 -   0.27703 0.72297 ( 2)  0.763
 181 -   0.27703 0.72297 ( 2)  0.763
 182 -   0.27703 0.72297 ( 2)  0.763
 183 -   0.27703 0.72297 ( 2)  0.763
 184 -   0.27703 0.72297 ( 2)  0.763
 185 -   0.27703 0.72297 ( 2)  0.763
 186 -   0.27703 0.72297 ( 2)  0.763
 187 -   0.27703 0.72297 ( 2)  0.763
 188 -   0.27703 0.72297 ( 2)  0.763
 189 -   0.27703 0.72297 ( 2)  0.763
 190 -   0.27703 0.72297 ( 2)  0.763
 191 -   0.27703 0.72297 ( 2)  0.763
 192 -   0.27703 0.72297 ( 2)  0.763
 193 -   0.27703 0.72297 ( 2)  0.763
 194 -   0.27703 0.72297 ( 2)  0.763
 195 -   0.27703 0.72297 ( 2)  0.763
 196 -   0.27703 0.72297 ( 2)  0.763
 197 -   0.27703 0.72297 ( 2)  0.763
 198 -   0.27703 0.72297 ( 2)  0.763
 199 -   0.27703 0.72297 ( 2)  0.763
 200 -   0.27703 0.72297 ( 2)  0.763
 201 -   0.27703 0.72297 ( 2)  0.763
 202 -   0.27703 0.72297 ( 2)  0.763
 203 -   0.27703 0.72297 ( 2)  0.763
 204 -   0.27703 0.72297 ( 2)  0.763
 205 -   0.27703 0.72297 ( 2)  0.763
 206 -   0.27703 0.72297 ( 2)  0.763
 207 -   0.27703 0.72297 ( 2)  0.763
 208 -   0.27703 0.72297 ( 2)  0.763
 209 -   0.27703 0.72297 ( 2)  0.763
 210 -   0.27703 0.72297 ( 2)  0.763
 211 -   0.27703 0.72297 ( 2)  0.763
 212 -   0.27703 0.72297 ( 2)  0.763
 213 -   0.27703 0.72297 ( 2)  0.763
 214 -   0.27703 0.72297 ( 2)  0.763
 215 -   0.27703 0.72297 ( 2)  0.763
 216 -   0.27703 0.72297 ( 2)  0.763
 217 -   0.27703 0.72297 ( 2)  0.763
 218 -   0.27703 0.72297 ( 2)  0.763
 219 -   0.27703 0.72297 ( 2)  0.763
 220 -   0.27703 0.72297 ( 2)  0.763
 221 -   0.27703 0.72297 ( 2)  0.763
 222 -   0.27703 0.72297 ( 2)  0.763
 223 -   0.27703 0.72297 ( 2)  0.763
 224 -   0.27703 0.72297 ( 2)  0.763
 225 -   0.27703 0.72297 ( 2)  0.763
 226 -   0.27703 0.72297 ( 2)  0.763
 227 -   0.27703 0.72297 ( 2)  0.763
 228 -   0.27703 0.72297 ( 2)  0.763
 229 -   0.27703 0.72297 ( 2)  0.763
 230 -   0.27703 0.72297 ( 2)  0.763
 231 -   0.27703 0.72297 ( 2)  0.763
 232 -   0.27703 0.72297 ( 2)  0.763
 233 -   0.27703 0.72297 ( 2)  0.763
 234 -   0.27703 0.72297 ( 2)  0.763
 235 -   0.27703 0.72297 ( 2)  0.763
 236 -   0.27703 0.72297 ( 2)  0.763
 237 -   0.27703 0.72297 ( 2)  0.763
 238 -   0.27703 0.72297 ( 2)  0.763
 239 -   0.27703 0.72297 ( 2)  0.763
 240 -   0.27703 0.72297 ( 2)  0.763
 241 -   0.27703 0.72297 ( 2)  0.763
 242 -   0.27703 0.72297 ( 2)  0.763
 243 -   0.27703 0.72297 ( 2)  0.763
 244 -   0.27703 0.72297 ( 2)  0.763
 245 -   0.27703 0.72297 ( 2)  0.763
 246 -   0.27703 0.72297 ( 2)  0.763
 247 -   0.27703 0.72297 ( 2)  0.763
 248 -   0.27703 0.72297 ( 2)  0.763
 249 -   0.27703 0.72297 ( 2)  0.763
 250 -   0.27703 0.72297 ( 2)  0.763
 251 -   0.27703 0.72297 ( 2)  0.763
 252 -   0.27703 0.72297 ( 2)  0.763
 253 -   0.27703 0.72297 ( 2)  0.763
 254 -   0.27703 0.72297 ( 2)  0.763
 255 -   0.27703 0.72297 ( 2)  0.763
 256 -   0.27703 0.72297 ( 2)  0.763
 257 -   0.27703 0.72297 ( 2)  0.763
 258 -   0.27703 0.72297 ( 2)  0.763
 259 -   0.27703 0.72297 ( 2)  0.763
 260 -   0.27703 0.72297 ( 2)  0.763
 261 -   0.27703 0.72297 ( 2)  0.763
 262 -   0.27703 0.72297 ( 2)  0.763
 263 -   0.27703 0.72297 ( 2)  0.763
 264 -   0.27703 0.72297 ( 2)  0.763
 265 -   0.27703 0.72297 ( 2)  0.763
 266 -   0.27703 0.72297 ( 2)  0.763
 267 -   0.27703 0.72297 ( 2)  0.763
 268 -   0.27703 0.72297 ( 2)  0.763
 269 -   0.27703 0.72297 ( 2)  0.763
 270 -   0.27703 0.72297 ( 2)  0.763
 271 -   0.27703 0.72297 ( 2)  0.763
 272 -   0.27703 0.72297 ( 2)  0.763
 273 -   0.27703 0.72297 ( 2)  0.763
 274 -   0.27703 0.72297 ( 2)  0.763
 275 -   0.27703 0.72297 ( 2)  0.763
 276 -   0.27703 0.72297 ( 2)  0.763
 277 -   0.27703 0.72297 ( 2)  0.763
 278 -   0.27703 0.72297 ( 2)  0.763
 279 -   0.27703 0.72297 ( 2)  0.763
 280 -   0.27703 0.72297 ( 2)  0.763
 281 -   0.27703 0.72297 ( 2)  0.763
 282 -   0.27703 0.72297 ( 2)  0.763
 283 -   0.27703 0.72297 ( 2)  0.763
 284 -   0.27703 0.72297 ( 2)  0.763
 285 -   0.27703 0.72297 ( 2)  0.763
 286 -   0.27703 0.72297 ( 2)  0.763
 287 -   0.27703 0.72297 ( 2)  0.763
 288 -   0.27703 0.72297 ( 2)  0.763
 289 -   0.27703 0.72297 ( 2)  0.763
 290 -   0.27703 0.72297 ( 2)  0.763
 291 -   0.27703 0.72297 ( 2)  0.763
 292 -   0.27703 0.72297 ( 2)  0.763
 293 -   0.27703 0.72297 ( 2)  0.763
 294 -   0.27703 0.72297 ( 2)  0.763
 295 -   0.27703 0.72297 ( 2)  0.763
 296 -   0.27703 0.72297 ( 2)  0.763
 297 -   0.27703 0.72297 ( 2)  0.763
 298 -   0.27703 0.72297 ( 2)  0.763
 299 -   0.27703 0.72297 ( 2)  0.763
 300 -   0.27703 0.72297 ( 2)  0.763
 301 -   0.27703 0.72297 ( 2)  0.763
 302 -   0.27703 0.72297 ( 2)  0.763
 303 -   0.27703 0.72297 ( 2)  0.763
 304 -   0.27703 0.72297 ( 2)  0.763
 305 -   0.27703 0.72297 ( 2)  0.763
 306 -   0.27703 0.72297 ( 2)  0.763
 307 -   0.27703 0.72297 ( 2)  0.763
 308 -   0.27703 0.72297 ( 2)  0.763
 309 -   0.27703 0.72297 ( 2)  0.763
 310 -   0.27703 0.72297 ( 2)  0.763
 311 -   0.27703 0.72297 ( 2)  0.763
 312 -   0.27703 0.72297 ( 2)  0.763
 313 -   0.27703 0.72297 ( 2)  0.763
 314 -   0.27703 0.72297 ( 2)  0.763
 315 -   0.27703 0.72297 ( 2)  0.763
 316 -   0.27703 0.72297 ( 2)  0.763
 317 -   0.27703 0.72297 ( 2)  0.763
 318 -   0.27703 0.72297 ( 2)  0.763
 319 -   0.27703 0.72297 ( 2)  0.763
 320 -   0.27703 0.72297 ( 2)  0.763
 321 -   0.27703 0.72297 ( 2)  0.763
 322 -   0.27703 0.72297 ( 2)  0.763
 323 -   0.27703 0.72297 ( 2)  0.763
 324 -   0.27703 0.72297 ( 2)  0.763
 325 -   0.27703 0.72297 ( 2)  0.763
 326 -   0.27703 0.72297 ( 2)  0.763
 327 -   0.27703 0.72297 ( 2)  0.763
 328 -   0.27703 0.72297 ( 2)  0.763
 329 -   0.27703 0.72297 ( 2)  0.763
 330 -   0.27703 0.72297 ( 2)  0.763
 331 -   0.27703 0.72297 ( 2)  0.763
 332 -   0.27703 0.72297 ( 2)  0.763
 333 -   0.27703 0.72297 ( 2)  0.763
 334 -   0.27703 0.72297 ( 2)  0.763
 335 -   0.27703 0.72297 ( 2)  0.763
 336 -   0.27703 0.72297 ( 2)  0.763
 337 -   0.27703 0.72297 ( 2)  0.763
 338 -   0.27703 0.72297 ( 2)  0.763
 339 -   0.27703 0.72297 ( 2)  0.763
 340 -   0.27703 0.72297 ( 2)  0.763
 341 -   0.27703 0.72297 ( 2)  0.763
 342 -   0.27703 0.72297 ( 2)  0.763
 343 -   0.27703 0.72297 ( 2)  0.763
 344 -   0.27703 0.72297 ( 2)  0.763
 345 -   0.27703 0.72297 ( 2)  0.763
 346 -   0.27703 0.72297 ( 2)  0.763
 347 -   0.27703 0.72297 ( 2)  0.763
 348 -   0.27703 0.72297 ( 2)  0.763
 349 -   0.27703 0.72297 ( 2)  0.763
 350 -   0.27703 0.72297 ( 2)  0.763
 351 -   0.27703 0.72297 ( 2)  0.763
 352 -   0.27703 0.72297 ( 2)  0.763
 353 -   0.27703 0.72297 ( 2)  0.763
 354 -   0.27703 0.72297 ( 2)  0.763
 355 -   0.27703 0.72297 ( 2)  0.763
 356 -   0.27703 0.72297 ( 2)  0.763
 357 -   0.27703 0.72297 ( 2)  0.763
 358 -   0.27703 0.72297 ( 2)  0.763
 359 -   0.27703 0.72297 ( 2)  0.763
 360 -   0.27703 0.72297 ( 2)  0.763
 361 -   0.27703 0.72297 ( 2)  0.763
 362 -   0.27703 0.72297 ( 2)  0.763
 363 -   0.27703 0.72297 ( 2)  0.763
 364 -   0.27703 0.72297 ( 2)  0.763
 365 -   0.27703 0.72297 ( 2)  0.763
 366 -   0.27703 0.72297 ( 2)  0.763
 367 -   0.27703 0.72297 ( 2)  0.763
 368 -   0.27703 0.72297 ( 2)  0.763
 369 -   0.27703 0.72297 ( 2)  0.763
 370 -   0.27703 0.72297 ( 2)  0.763
 371 -   0.27703 0.72297 ( 2)  0.763
 372 -   0.27703 0.72297 ( 2)  0.763
 373 -   0.27703 0.72297 ( 2)  0.763
 374 -   0.27703 0.72297 ( 2)  0.763
 375 -   0.27703 0.72297 ( 2)  0.763
 376 -   0.27703 0.72297 ( 2)  0.763
 377 -   0.27703 0.72297 ( 2)  0.763
 378 -   0.27703 0.72297 ( 2)  0.763
 379 -   0.27703 0.72297 ( 2)  0.763
 380 -   0.27703 0.72297 ( 2)  0.763
 381 -   0.27703 0.72297 ( 2)  0.763
 382 -   0.27703 0.72297 ( 2)  0.763
 383 -   0.27703 0.72297 ( 2)  0.763
 384 -   0.27703 0.72297 ( 2)  0.763
 385 -   0.27703 0.72297 ( 2)  0.763
 386 -   0.27703 0.72297 ( 2)  0.763
 387 -   0.27703 0.72297 ( 2)  0.763
 388 -   0.27703 0.72297 ( 2)  0.763
 389 -   0.27703 0.72297 ( 2)  0.763
 390 -   0.27703 0.72297 ( 2)  0.763
 391 -   0.27703 0.72297 ( 2)  0.763
 392 -   0.27703 0.72297 ( 2)  0.763
 393 -   0.27703 0.72297 ( 2)  0.763
 394 -   0.27703 0.72297 ( 2)  0.763
 395 -   0.27703 0.72297 ( 2)  0.763
 396 -   0.27703 0.72297 ( 2)  0.763
 397 -   0.27703 0.72297 ( 2)  0.763
 398 -   0.27703 0.72297 ( 2)  0.763
 399 -   0.27703 0.72297 ( 2)  0.763
 400 -   0.27703 0.72297 ( 2)  0.763
 401 -   0.27703 0.72297 ( 2)  0.763
 402 -   0.27703 0.72297 ( 2)  0.763
 403 -   0.27703 0.72297 ( 2)  0.763
 404 -   0.27703 0.72297 ( 2)  0.763
 405 -   0.27703 0.72297 ( 2)  0.763
 406 -   0.27703 0.72297 ( 2)  0.763
 407 -   0.27703 0.72297 ( 2)  0.763
 408 -   0.27703 0.72297 ( 2)  0.763
 409 -   0.27703 0.72297 ( 2)  0.763
 410 -   0.27703 0.72297 ( 2)  0.763
 411 -   0.27703 0.72297 ( 2)  0.763
 412 -   0.27703 0.72297 ( 2)  0.763
 413 -   0.27703 0.72297 ( 2)  0.763
 414 -   0.27703 0.72297 ( 2)  0.763
 415 -   0.27703 0.72297 ( 2)  0.763
 416 -   0.27703 0.72297 ( 2)  0.763
 417 -   0.27703 0.72297 ( 2)  0.763
 418 -   0.27703 0.72297 ( 2)  0.763
 419 -   0.27703 0.72297 ( 2)  0.763
 420 -   0.27703 0.72297 ( 2)  0.763
 421 -   0.27703 0.72297 ( 2)  0.763
 422 -   0.27703 0.72297 ( 2)  0.763
 423 -   0.27703 0.72297 ( 2)  0.763
 424 -   0.27703 0.72297 ( 2)  0.763
 425 -   0.27703 0.72297 ( 2)  0.763
 426 -   0.27703 0.72297 ( 2)  0.763
 427 -   0.27703 0.72297 ( 2)  0.763
 428 -   0.27703 0.72297 ( 2)  0.763
 429 -   0.27703 0.72297 ( 2)  0.763
 430 -   0.27703 0.72297 ( 2)  0.763
 431 -   0.27703 0.72297 ( 2)  0.763
 432 -   0.27703 0.72297 ( 2)  0.763
 433 -   0.27703 0.72297 ( 2)  0.763
 434 -   0.27703 0.72297 ( 2)  0.763
 435 -   0.27703 0.72297 ( 2)  0.763
 436 -   0.27703 0.72297 ( 2)  0.763
 437 -   0.27703 0.72297 ( 2)  0.763
 438 -   0.27703 0.72297 ( 2)  0.763
 439 -   0.27703 0.72297 ( 2)  0.763
 440 -   0.27703 0.72297 ( 2)  0.763
 441 -   0.27703 0.72297 ( 2)  0.763
 442 -   0.27703 0.72297 ( 2)  0.763
 443 -   0.27703 0.72297 ( 2)  0.763
 444 -   0.27703 0.72297 ( 2)  0.763
 445 -   0.27703 0.72297 ( 2)  0.763
 446 -   0.27703 0.72297 ( 2)  0.763
 447 -   0.27703 0.72297 ( 2)  0.763
 448 -   0.27703 0.72297 ( 2)  0.763
 449 -   0.27703 0.72297 ( 2)  0.763
 450 -   0.27703 0.72297 ( 2)  0.763
 451 -   0.27703 0.72297 ( 2)  0.763
 452 -   0.27703 0.72297 ( 2)  0.763
 453 -   0.27703 0.72297 ( 2)  0.763
 454 -   0.27703 0.72297 ( 2)  0.763
 455 -   0.27703 0.72297 ( 2)  0.763
 456 -   0.27703 0.72297 ( 2)  0.763
 457 -   0.27703 0.72297 ( 2)  0.763
 458 -   0.27703 0.72297 ( 2)  0.763
 459 -   0.27703 0.72297 ( 2)  0.763
 460 -   0.27703 0.72297 ( 2)  0.763
 461 -   0.27703 0.72297 ( 2)  0.763
 462 -   0.27703 0.72297 ( 2)  0.763
 463 -   0.27703 0.72297 ( 2)  0.763
 464 -   0.27703 0.72297 ( 2)  0.763
 465 -   0.27703 0.72297 ( 2)  0.763
 466 -   0.27703 0.72297 ( 2)  0.763
 467 -   0.27703 0.72297 ( 2)  0.763
 468 -   0.27703 0.72297 ( 2)  0.763
 469 -   0.27703 0.72297 ( 2)  0.763
 470 -   0.27703 0.72297 ( 2)  0.763
 471 -   0.27703 0.72297 ( 2)  0.763
 472 -   0.27703 0.72297 ( 2)  0.763
 473 -   0.27703 0.72297 ( 2)  0.763
 474 -   0.27703 0.72297 ( 2)  0.763
 475 -   0.27703 0.72297 ( 2)  0.763
 476 -   0.27703 0.72297 ( 2)  0.763
 477 -   0.27703 0.72297 ( 2)  0.763
 478 -   0.27703 0.72297 ( 2)  0.763
 479 -   0.27703 0.72297 ( 2)  0.763
 480 -   0.27703 0.72297 ( 2)  0.763
 481 -   0.27703 0.72297 ( 2)  0.763
 482 -   0.27703 0.72297 ( 2)  0.763
 483 -   0.27703 0.72297 ( 2)  0.763
 484 -   0.27703 0.72297 ( 2)  0.763
 485 -   0.27703 0.72297 ( 2)  0.763
 486 -   0.27703 0.72297 ( 2)  0.763
 487 -   0.27703 0.72297 ( 2)  0.763
 488 -   0.27703 0.72297 ( 2)  0.763
 489 -   0.27703 0.72297 ( 2)  0.763
 490 -   0.27703 0.72297 ( 2)  0.763
 491 -   0.27703 0.72297 ( 2)  0.763
 492 -   0.27703 0.72297 ( 2)  0.763
 493 -   0.27703 0.72297 ( 2)  0.763
 494 -   0.27703 0.72297 ( 2)  0.763
 495 -   0.27703 0.72297 ( 2)  0.763
 496 -   0.27703 0.72297 ( 2)  0.763
 497 -   0.27703 0.72297 ( 2)  0.763
 498 -   0.27703 0.72297 ( 2)  0.763
 499 -   0.27703 0.72297 ( 2)  0.763
 500 -   0.27703 0.72297 ( 2)  0.763
 501 -   0.27703 0.72297 ( 2)  0.763
 502 -   0.27703 0.72297 ( 2)  0.763
 503 -   0.27703 0.72297 ( 2)  0.763
 504 -   0.27703 0.72297 ( 2)  0.763
 505 -   0.27703 0.72297 ( 2)  0.763
 506 -   0.27703 0.72297 ( 2)  0.763
 507 -   0.27703 0.72297 ( 2)  0.763
 508 -   0.27703 0.72297 ( 2)  0.763
 509 -   0.27703 0.72297 ( 2)  0.763
 510 -   0.27703 0.72297 ( 2)  0.763
 511 -   0.27703 0.72297 ( 2)  0.763
 512 -   0.27703 0.72297 ( 2)  0.763
 513 -   0.27703 0.72297 ( 2)  0.763
 514 -   0.27703 0.72297 ( 2)  0.763
 515 -   0.27703 0.72297 ( 2)  0.763
 516 -   0.27703 0.72297 ( 2)  0.763
 517 -   0.27703 0.72297 ( 2)  0.763
 518 -   0.27703 0.72297 ( 2)  0.763
 519 -   0.27703 0.72297 ( 2)  0.763
 520 -   0.27703 0.72297 ( 2)  0.763
 521 -   0.27703 0.72297 ( 2)  0.763
 522 -   0.27703 0.72297 ( 2)  0.763
 523 -   0.52668 0.47332 ( 1)  0.550
 524 -   0.37522 0.62478 ( 2)  0.679
 525 -   0.35050 0.64950 ( 2)  0.700
 526 -   0.10822 0.89178 ( 2)  0.908
 527 M   0.97229 0.02771 ( 1)  0.169
 528 -   0.27703 0.72297 ( 2)  0.763
 529 G   0.00108 0.99892 ( 2)  0.999
 530 -   0.34080 0.65920 ( 2)  0.709
 531 -   0.33950 0.66050 ( 2)  0.710
 532 -   0.42100 0.57900 ( 2)  0.640
 533 -   0.00205 0.99795 ( 2)  0.998
 534 K   0.31223 0.68777 ( 2)  0.733
 535 K   0.05712 0.94288 ( 2)  0.951
 536 Y   0.03122 0.96878 ( 2)  0.973
 537 K   0.00706 0.99294 ( 2)  0.994
 538 N   0.03406 0.96594 ( 2)  0.971
 539 I   0.57909 0.42091 ( 1)  0.505
 540 V   0.10612 0.89388 ( 2)  0.909
 541 L   0.74643 0.25357 ( 1)  0.362
 542 L   0.05803 0.94197 ( 2)  0.950
 543 K   0.79337 0.20663 ( 1)  0.322
 544 G   0.11454 0.88546 ( 2)  0.902
 545 L   0.66468 0.33532 ( 1)  0.432
 546 E   0.14377 0.85623 ( 2)  0.877
 547 G   0.00525 0.99475 ( 2)  0.996
 548 I   0.00029 0.99971 ( 2)  1.000
 549 N   0.24818 0.75182 ( 2)  0.788
 550 D   0.04591 0.95409 ( 2)  0.961
 551 Y   0.06590 0.93410 ( 2)  0.944
 552 H   0.01119 0.98881 ( 2)  0.990
 553 F   0.78426 0.21574 ( 1)  0.330
 554 R   0.22692 0.77308 ( 2)  0.806
 555 M   0.86182 0.13818 ( 1)  0.263
 556 V   0.10734 0.89266 ( 2)  0.908
 557 K   0.57976 0.42024 ( 1)  0.505
 558 S   0.04088 0.95912 ( 2)  0.965
 559 L   0.66833 0.33167 ( 1)  0.429
 560 L   0.61656 0.38344 ( 1)  0.473
 561 S   0.00146 0.99854 ( 2)  0.999
 562 S   0.00000 1.00000 ( 2)  1.000
 563 D   0.00107 0.99893 ( 2)  0.999
 564 L   0.19468 0.80532 ( 2)  0.834
 565 K   0.72119 0.27881 ( 1)  0.384
 566 L   0.66035 0.33965 ( 1)  0.436
 567 N   0.00246 0.99754 ( 2)  0.998
 568 P   0.00000 1.00000 ( 2)  1.000
 569 K   0.80117 0.19883 ( 1)  0.315
 570 M   0.84381 0.15619 ( 1)  0.279
 571 R   0.03816 0.96184 ( 2)  0.967
 572 E   0.05985 0.94015 ( 2)  0.949
 573 E   0.71396 0.28604 ( 1)  0.390
 574 Y   0.34092 0.65908 ( 2)  0.709
 575 D   0.90705 0.09295 ( 1)  0.225
 576 K   0.78575 0.21425 ( 1)  0.328
 577 I   0.13606 0.86394 ( 2)  0.884
 578 Q   0.47712 0.52288 ( 2)  0.592
 579 I   0.55279 0.44721 ( 1)  0.528
 580 A   0.84325 0.15675 ( 1)  0.279
 581 D   0.16340 0.83660 ( 2)  0.860
 582 L   0.58569 0.41431 ( 1)  0.499
 583 L   0.80586 0.19414 ( 1)  0.311
 584 E   0.00402 0.99598 ( 2)  0.997
 585 E   0.00728 0.99272 ( 2)  0.994
 586 K   0.02667 0.97333 ( 2)  0.977
 587 F   0.71369 0.28631 ( 1)  0.390
 588 P   0.00053 0.99947 ( 2)  1.000
 589 G   0.00001 0.99999 ( 2)  1.000
 590 D   0.93205 0.06795 ( 1)  0.203
 591 A   0.39009 0.60991 ( 2)  0.667
 592 G   0.38214 0.61786 ( 2)  0.673
 593 L   0.25376 0.74624 ( 2)  0.783
 594 G   0.08550 0.91450 ( 2)  0.927
 595 K   0.96508 0.03492 ( 1)  0.175
 596 L   0.28449 0.71551 ( 2)  0.757
 597 I   0.97470 0.02530 ( 1)  0.167
 598 Q   0.00257 0.99743 ( 2)  0.998
 599 I   0.00458 0.99542 ( 2)  0.996
 600 L   0.00522 0.99478 ( 2)  0.996
 601 K   0.06494 0.93506 ( 2)  0.945
 602 Q   0.00000 1.00000 ( 2)  1.000
 603 I   0.83186 0.16814 ( 1)  0.289
 604 P   0.01205 0.98795 ( 2)  0.990
 605 T   0.00050 0.99950 ( 2)  1.000
 606 L   0.27966 0.72034 ( 2)  0.761
 607 G   0.12350 0.87650 ( 2)  0.894
 608 D   0.00000 1.00000 ( 2)  1.000
 609 F   0.00096 0.99904 ( 2)  0.999
 610 A   0.10665 0.89335 ( 2)  0.909
 611 E   0.96119 0.03881 ( 1)  0.179
 612 T   0.07286 0.92714 ( 2)  0.938
 613 L   0.74097 0.25903 ( 1)  0.367
 614 K   0.00584 0.99416 ( 2)  0.995
 615 K   0.03574 0.96426 ( 2)  0.969
 616 E   0.94457 0.05543 ( 1)  0.193
 617 K   0.60698 0.39302 ( 1)  0.481
 618 L   0.00681 0.99319 ( 2)  0.994
 619 K   0.96508 0.03492 ( 1)  0.175
 620 -   0.58593 0.41407 ( 1)  0.499
 621 -   0.01229 0.98771 ( 2)  0.989
 622 -   0.04916 0.95084 ( 2)  0.958
 623 -   0.73503 0.26497 ( 1)  0.372
 624 -   0.00471 0.99529 ( 2)  0.996
 625 -   0.04921 0.95079 ( 2)  0.958
 626 -   0.44294 0.55706 ( 2)  0.621
 627 -   0.68407 0.31593 ( 1)  0.415
 628 -   0.56517 0.43483 ( 1)  0.517
 629 A   0.00070 0.99930 ( 2)  0.999
 630 H   0.26240 0.73760 ( 2)  0.776
 631 K   0.00007 0.99993 ( 2)  1.000
 632 D   0.00000 1.00000 ( 2)  1.000
 633 T   0.06915 0.93085 ( 2)  0.941
 634 P   0.00976 0.99024 ( 2)  0.992
 635 S   0.29811 0.70189 ( 2)  0.745
 636 K   0.03572 0.96428 ( 2)  0.969
 637 K   0.58979 0.41021 ( 1)  0.496
 638 R   0.00259 0.99741 ( 2)  0.998
 639 K   0.91769 0.08231 ( 1)  0.216
 640 Q   0.00140 0.99860 ( 2)  0.999
 641 -   0.00700 0.99300 ( 2)  0.994
 642 E   0.06835 0.93165 ( 2)  0.942
 643 T   0.00051 0.99949 ( 2)  1.000
 644 D   0.01883 0.98117 ( 2)  0.984
 645 P   0.05494 0.94506 ( 2)  0.953
 646 A   0.09602 0.90398 ( 2)  0.918
 647 V   0.00147 0.99853 ( 2)  0.999
 648 P   0.28395 0.71605 ( 2)  0.757
 649 A   0.13613 0.86387 ( 2)  0.884
 650 P   0.65064 0.34936 ( 1)  0.444
 651 S   0.00517 0.99483 ( 2)  0.996
 652 A   0.66748 0.33252 ( 1)  0.430
 653 V   0.01739 0.98261 ( 2)  0.985
 654 S   0.00001 0.99999 ( 2)  1.000
 655 T   0.00088 0.99912 ( 2)  0.999
 656 *   0.02839 0.97161 ( 2)  0.976
 657 T   0.02700 0.97300 ( 2)  0.977
 658 A   0.05479 0.94521 ( 2)  0.953
 659 E   0.00466 0.99534 ( 2)  0.996
 660 G   0.52067 0.47933 ( 1)  0.555
 661 A   0.03263 0.96737 ( 2)  0.972
 662 E   0.90126 0.09874 ( 1)  0.230
 663 A   0.01506 0.98494 ( 2)  0.987
 664 T   0.11875 0.88125 ( 2)  0.899
 665 P   0.05369 0.94631 ( 2)  0.954
 666 E   0.52040 0.47960 ( 1)  0.555
 667 L   0.00002 0.99998 ( 2)  1.000
 668 Q   0.28925 0.71075 ( 2)  0.753
 669 K   0.96508 0.03492 ( 1)  0.175
 670 R   0.24942 0.75058 ( 2)  0.787
 671 K   0.80117 0.19883 ( 1)  0.315
 672 I   0.00275 0.99725 ( 2)  0.998
 673 S   0.00033 0.99967 ( 2)  1.000
 674 T   0.00424 0.99576 ( 2)  0.996
 675 K   0.78105 0.21895 ( 1)  0.333
 676 K   0.03043 0.96957 ( 2)  0.974
 677 K   0.57406 0.42594 ( 1)  0.509
 678 T   0.00341 0.99659 ( 2)  0.997
 679 E   0.01626 0.98374 ( 2)  0.986
 680 T   0.01179 0.98821 ( 2)  0.990
 681 K   0.80117 0.19883 ( 1)  0.315
 682 K   0.00176 0.99824 ( 2)  0.998
 683 S   0.58594 0.41406 ( 1)  0.499
 684 K   0.19956 0.80044 ( 2)  0.829
 685 M   0.00296 0.99704 ( 2)  0.997
 686 S   0.03484 0.96516 ( 2)  0.970
 687 E   0.00304 0.99696 ( 2)  0.997
 688 E   0.16997 0.83003 ( 2)  0.855
 689 Q   0.05474 0.94526 ( 2)  0.953
 690 T   0.01878 0.98122 ( 2)  0.984
 691 Q   0.74632 0.25368 ( 1)  0.362
 692 P   0.00676 0.99324 ( 2)  0.994
 693 P   0.03849 0.96151 ( 2)  0.967
 694 C   0.00002 0.99998 ( 2)  1.000
 695 P   0.05361 0.94639 ( 2)  0.954
 696 A   0.16649 0.83351 ( 2)  0.858
 697 G   0.52360 0.47640 ( 1)  0.553
 698 A   0.06330 0.93670 ( 2)  0.946
 699 S   0.01682 0.98318 ( 2)  0.986
 700 M   0.00018 0.99982 ( 2)  1.000
 701 F   0.00011 0.99989 ( 2)  1.000
 702 T   0.03728 0.96272 ( 2)  0.968
 703 A   0.32274 0.67726 ( 2)  0.724
 704 V   0.00432 0.99568 ( 2)  0.996
 705 G   0.73031 0.26969 ( 1)  0.376
 706 H   0.00004 0.99996 ( 2)  1.000
 707 S   0.00466 0.99534 ( 2)  0.996
 708 P   0.79464 0.20536 ( 1)  0.321
 709 P   0.00809 0.99191 ( 2)  0.993
 710 P   0.65065 0.34935 ( 1)  0.444
 711 Q   0.00131 0.99869 ( 2)  0.999
 712 P   0.01057 0.98943 ( 2)  0.991
 713 S   0.73786 0.26214 ( 1)  0.369
 714 S   0.00119 0.99881 ( 2)  0.999
 715 S   0.06965 0.93035 ( 2)  0.940
 716 A   0.56785 0.43215 ( 1)  0.515
 717 P   0.82757 0.17243 ( 1)  0.293
 718 P   0.19395 0.80605 ( 2)  0.834
 719 D   0.00535 0.99465 ( 2)  0.995
 720 A   0.01062 0.98938 ( 2)  0.991
 721 F   0.00076 0.99924 ( 2)  0.999
 722 S   0.04749 0.95251 ( 2)  0.959
 723 I   0.00012 0.99988 ( 2)  1.000
 724 E   0.02222 0.97778 ( 2)  0.981
 725 S   0.02701 0.97299 ( 2)  0.977
 726 P   0.07165 0.92835 ( 2)  0.939
 727 K   0.35372 0.64628 ( 2)  0.698
 728 P   0.01522 0.98478 ( 2)  0.987
 729 V   0.00014 0.99986 ( 2)  1.000
 730 A   0.00128 0.99872 ( 2)  0.999
 731 K   0.23031 0.76969 ( 2)  0.803
 732 R   0.00011 0.99989 ( 2)  1.000
 733 P   0.00000 1.00000 ( 2)  1.000
 734 V   0.03212 0.96788 ( 2)  0.973
 735 T   0.01352 0.98648 ( 2)  0.988
 736 A   0.00757 0.99243 ( 2)  0.994
 737 K   0.24138 0.75862 ( 2)  0.794
 738 R   0.00595 0.99405 ( 2)  0.995
 739 N   0.00005 0.99995 ( 2)  1.000
 740 I   0.00000 1.00000 ( 2)  1.000
 741 P   0.03818 0.96182 ( 2)  0.967
 742 Q   0.05822 0.94178 ( 2)  0.950
 743 K   0.18425 0.81575 ( 2)  0.843
 744 G   0.00914 0.99086 ( 2)  0.992
 745 P   0.78587 0.21413 ( 1)  0.328
 746 V   0.00000 1.00000 ( 2)  1.000
 747 I   0.19859 0.80141 ( 2)  0.830
 748 V   0.81421 0.18579 ( 1)  0.304
 749 K   0.78704 0.21296 ( 1)  0.327
 750 V   0.89458 0.10542 ( 1)  0.235
 751 L   0.61657 0.38343 ( 1)  0.473
 752 S   0.00561 0.99439 ( 2)  0.995
 753 A   0.61688 0.38312 ( 1)  0.473
 754 T   0.12155 0.87845 ( 2)  0.896
 755 K   0.00072 0.99928 ( 2)  0.999
 756 P   0.39078 0.60922 ( 2)  0.666
 757 F   0.77929 0.22071 ( 1)  0.334
 758 G   0.00605 0.99395 ( 2)  0.995
 759 Y   0.77860 0.22140 ( 1)  0.335
 760 E   0.90469 0.09531 ( 1)  0.227
 761 T   0.04748 0.95252 ( 2)  0.959
 762 P   0.31708 0.68292 ( 2)  0.729
 763 E   0.96119 0.03881 ( 1)  0.179
 764 N   0.00077 0.99923 ( 2)  0.999
 765 E   0.16381 0.83619 ( 2)  0.860
 766 K   0.00745 0.99255 ( 2)  0.994
 767 K   0.96508 0.03492 ( 1)  0.175
 768 M   0.00001 0.99999 ( 2)  1.000
 769 M   0.97785 0.02215 ( 1)  0.164
 770 F   0.78525 0.21475 ( 1)  0.329
 771 H   0.86600 0.13400 ( 1)  0.260
 772 A   0.83555 0.16445 ( 1)  0.286
 773 T   0.93296 0.06704 ( 1)  0.203
 774 V   0.81421 0.18579 ( 1)  0.304
 775 V   0.44668 0.55332 ( 2)  0.618
 776 T   0.92939 0.07061 ( 1)  0.206
 777 P   0.00018 0.99982 ( 2)  1.000
 778 T   0.25567 0.74433 ( 2)  0.782
 779 Q   0.00117 0.99883 ( 2)  0.999
 780 F   0.04747 0.95253 ( 2)  0.959
 781 F   0.73816 0.26184 ( 1)  0.369
 782 H   0.45277 0.54723 ( 2)  0.613
 783 V   0.14980 0.85020 ( 2)  0.872
 784 K   0.91993 0.08007 ( 1)  0.214
 785 V   0.85317 0.14683 ( 1)  0.271
 786 L   0.00633 0.99367 ( 2)  0.995
 787 N   0.65530 0.34470 ( 1)  0.440
 788 I   0.01354 0.98646 ( 2)  0.988
 789 N   0.00011 0.99989 ( 2)  1.000
 790 L   0.58865 0.41135 ( 1)  0.497
 791 K   0.91833 0.08167 ( 1)  0.215
 792 E   0.00472 0.99528 ( 2)  0.996
 793 K   0.05349 0.94651 ( 2)  0.954
 794 F   0.71585 0.28415 ( 1)  0.388
 795 S   0.01755 0.98245 ( 2)  0.985
 796 G   0.00742 0.99258 ( 2)  0.994
 797 K   0.03885 0.96115 ( 2)  0.967
 798 K   0.30123 0.69877 ( 2)  0.743
 799 I   0.48082 0.51918 ( 2)  0.589
 800 I   0.09579 0.90421 ( 2)  0.918
 801 T   0.00001 0.99999 ( 2)  1.000
 802 I   0.44354 0.55646 ( 2)  0.621
 803 S   0.74567 0.25433 ( 1)  0.363
 804 D   0.26595 0.73405 ( 2)  0.773
 805 Y   0.78472 0.21528 ( 1)  0.329
 806 L   0.02088 0.97912 ( 2)  0.982
 807 E   0.96119 0.03881 ( 1)  0.179
 808 Y   0.00153 0.99847 ( 2)  0.999
 809 D   0.00073 0.99927 ( 2)  0.999
 810 N   0.00264 0.99736 ( 2)  0.998
 811 L   0.21876 0.78124 ( 2)  0.813
 812 L   0.74118 0.25882 ( 1)  0.367
 813 E   0.90515 0.09485 ( 1)  0.226
 814 V   0.82745 0.17255 ( 1)  0.293
 815 N   0.95191 0.04809 ( 1)  0.187
 816 E   0.96119 0.03881 ( 1)  0.179
 817 G   0.00005 0.99995 ( 2)  1.000
 818 S   0.25093 0.74907 ( 2)  0.786
 819 S   0.00095 0.99905 ( 2)  0.999
 820 V   0.91227 0.08773 ( 1)  0.220
 821 S   0.04821 0.95179 ( 2)  0.959
 822 E   0.96119 0.03881 ( 1)  0.179
 823 A   0.84801 0.15199 ( 1)  0.275
 824 G   0.38221 0.61779 ( 2)  0.673
 825 P   0.00711 0.99289 ( 2)  0.994
 826 D   0.16717 0.83283 ( 2)  0.857
 827 Q   0.08719 0.91281 ( 2)  0.925
 828 K   0.00423 0.99577 ( 2)  0.996
 829 L   0.11379 0.88621 ( 2)  0.903
 830 E   0.90185 0.09815 ( 1)  0.229
 831 V   0.10650 0.89350 ( 2)  0.909
 832 P   0.81712 0.18288 ( 1)  0.302
 833 N   0.03956 0.96044 ( 2)  0.966
 834 K   0.04308 0.95692 ( 2)  0.963
 835 I   0.46151 0.53849 ( 2)  0.606
 836 I   0.13451 0.86549 ( 2)  0.885
 837 S   0.00010 0.99990 ( 2)  1.000
 838 R   0.08315 0.91685 ( 2)  0.929
 839 A   0.61524 0.38476 ( 1)  0.474
 840 K   0.91769 0.08231 ( 1)  0.216
 841 E   0.96119 0.03881 ( 1)  0.179
 842 T   0.83999 0.16001 ( 1)  0.282
 843 L   0.02042 0.97958 ( 2)  0.983
 844 K   0.00195 0.99805 ( 2)  0.998
 845 I   0.56759 0.43241 ( 1)  0.515
 846 D   0.03019 0.96981 ( 2)  0.974
 847 I   0.00007 0.99993 ( 2)  1.000
 848 L   0.35250 0.64750 ( 2)  0.699
 849 H   0.10711 0.89289 ( 2)  0.908
 850 K   0.02659 0.97341 ( 2)  0.977
 851 Q   0.83753 0.16247 ( 1)  0.284
 852 A   0.84467 0.15533 ( 1)  0.278
 853 S   0.73505 0.26495 ( 1)  0.372
 854 G   0.51474 0.48526 ( 1)  0.560
 855 N   0.57168 0.42832 ( 1)  0.511
 856 I   0.02267 0.97733 ( 2)  0.981
 857 V   0.04077 0.95923 ( 2)  0.965
 858 Y   0.33837 0.66163 ( 2)  0.711
 859 G   0.79920 0.20080 ( 1)  0.317
 860 I   0.00026 0.99974 ( 2)  1.000
 861 F   0.77929 0.22071 ( 1)  0.334
 862 T   0.14397 0.85603 ( 2)  0.877
 863 L   0.74897 0.25103 ( 1)  0.360
 864 L   0.00001 0.99999 ( 2)  1.000
 865 K   0.60756 0.39244 ( 1)  0.481
 866 K   0.77380 0.22620 ( 1)  0.339
 867 E   0.23603 0.76397 ( 2)  0.798
 868 V   0.13098 0.86902 ( 2)  0.888
 869 N   0.29761 0.70239 ( 2)  0.746
 870 Q   0.06803 0.93197 ( 2)  0.942
 871 K   0.37199 0.62801 ( 2)  0.682
 872 Q   0.47760 0.52240 ( 2)  0.592
 873 K   0.02920 0.97080 ( 2)  0.975
 874 S   0.00311 0.99689 ( 2)  0.997
 875 T   0.93313 0.06687 ( 1)  0.203
 876 T   0.43327 0.56673 ( 2)  0.630
 877 Y   0.78153 0.21847 ( 1)  0.332
 878 E   0.00913 0.99087 ( 2)  0.992
 879 I   0.16262 0.83738 ( 2)  0.861
 880 E   0.00677 0.99323 ( 2)  0.994
 881 D   0.70003 0.29997 ( 1)  0.402
 882 D   0.08074 0.91926 ( 2)  0.931
 883 R   0.03504 0.96496 ( 2)  0.970
 884 G   0.52625 0.47375 ( 1)  0.550
 885 K   0.00068 0.99932 ( 2)  0.999
 886 M   0.97785 0.02215 ( 1)  0.164
 887 D   0.72825 0.27175 ( 1)  0.378
 888 V   0.92091 0.07909 ( 1)  0.213
 889 V   0.08755 0.91245 ( 2)  0.925
 890 G   0.77861 0.22139 ( 1)  0.335
 891 T   0.04045 0.95955 ( 2)  0.965
 892 G   0.14861 0.85139 ( 2)  0.873
 893 Q   0.00362 0.99638 ( 2)  0.997
 894 C   0.64320 0.35680 ( 1)  0.450
 895 H   0.80898 0.19102 ( 1)  0.309
 896 D   0.05504 0.94496 ( 2)  0.953
 897 I   0.87209 0.12791 ( 1)  0.255
 898 P   0.03824 0.96176 ( 2)  0.967
 899 C   0.64468 0.35532 ( 1)  0.449
 900 E   0.75082 0.24918 ( 1)  0.358
 901 D   0.00864 0.99136 ( 2)  0.993
 902 G   0.87556 0.12444 ( 1)  0.252
 903 D   0.94506 0.05494 ( 1)  0.192
 904 K   0.18468 0.81532 ( 2)  0.842
 905 L   0.71433 0.28567 ( 1)  0.390
 906 H   0.40155 0.59845 ( 2)  0.657
 907 L   0.68647 0.31353 ( 1)  0.413
 908 F   0.04997 0.95003 ( 2)  0.957
 909 C   0.57588 0.42412 ( 1)  0.508
 910 F   0.77672 0.22328 ( 1)  0.336
 911 R   0.02484 0.97516 ( 2)  0.979
 912 L   0.66035 0.33965 ( 1)  0.436
 913 R   0.37526 0.62474 ( 2)  0.679
 914 K   0.78469 0.21531 ( 1)  0.329
 915 K   0.17968 0.82032 ( 2)  0.846
 916 N   0.20827 0.79173 ( 2)  0.822
 917 Q   0.00887 0.99113 ( 2)  0.992
 918 M   0.67971 0.32029 ( 1)  0.419
 919 S   0.30229 0.69771 ( 2)  0.742
 920 K   0.06118 0.93882 ( 2)  0.948
 921 L   0.61657 0.38343 ( 1)  0.473
 922 I   0.54974 0.45026 ( 1)  0.530
 923 S   0.05184 0.94816 ( 2)  0.956
 924 E   0.77458 0.22542 ( 1)  0.338
 925 M   0.06420 0.93580 ( 2)  0.945
 926 H   0.86491 0.13509 ( 1)  0.261
 927 S   0.91935 0.08065 ( 1)  0.214
 928 F   0.73969 0.26031 ( 1)  0.368
 929 I   0.87237 0.12763 ( 1)  0.254
 930 E   0.00962 0.99038 ( 2)  0.992
 931 V   0.62302 0.37698 ( 1)  0.468
 932 K   0.57842 0.42158 ( 1)  0.506
 933 K   0.05581 0.94419 ( 2)  0.952
 934 K   0.93754 0.06246 ( 1)  0.199
 935 T   0.00261 0.99739 ( 2)  0.998
 936 -   0.27703 0.72297 ( 2)  0.763
 937 N   0.88538 0.11462 ( 1)  0.243
 938 P   0.21927 0.78073 ( 2)  0.813
 939 R   0.02165 0.97835 ( 2)  0.982
 940 N   0.13830 0.86170 ( 2)  0.882
 941 Y   0.00951 0.99049 ( 2)  0.992
 942 A   0.00032 0.99968 ( 2)  1.000
 943 P   0.00033 0.99967 ( 2)  1.000
 944 K   0.01562 0.98438 ( 2)  0.987
 945 S   0.05934 0.94066 ( 2)  0.949
 946 M   0.01253 0.98747 ( 2)  0.989
 947 K   0.00337 0.99663 ( 2)  0.997
 948 -   0.28028 0.71972 ( 2)  0.760
 949 -   0.27952 0.72048 ( 2)  0.761
 950 -   0.28214 0.71786 ( 2)  0.759
 951 -   0.28255 0.71745 ( 2)  0.759
 952 -   0.28015 0.71985 ( 2)  0.761
 953 -   0.28370 0.71630 ( 2)  0.758
 954 -   0.28214 0.71786 ( 2)  0.759
 955 -   0.28139 0.71861 ( 2)  0.760
 956 -   0.28028 0.71972 ( 2)  0.760
 957 -   0.28427 0.71573 ( 2)  0.757
 958 -   0.27975 0.72025 ( 2)  0.761
 959 -   0.28025 0.71975 ( 2)  0.761
 960 -   0.28214 0.71786 ( 2)  0.759
 961 -   0.28044 0.71956 ( 2)  0.760
 962 -   0.28146 0.71854 ( 2)  0.759
 963 -   0.28310 0.71690 ( 2)  0.758
 964 -   0.28078 0.71922 ( 2)  0.760
 965 -   0.27929 0.72071 ( 2)  0.761
 966 -   0.28174 0.71826 ( 2)  0.759
 967 -   0.28015 0.71985 ( 2)  0.761
 968 -   0.27920 0.72080 ( 2)  0.761
 969 -   0.28081 0.71919 ( 2)  0.760
 970 -   0.27952 0.72048 ( 2)  0.761
 971 -   0.28015 0.71985 ( 2)  0.761
 972 -   0.28174 0.71826 ( 2)  0.759
 973 L   0.00002 0.99998 ( 2)  1.000
 974 P   0.00056 0.99944 ( 2)  1.000
 975 -   0.28475 0.71525 ( 2)  0.757
 976 -   0.28015 0.71985 ( 2)  0.761
 977 -   0.28105 0.71895 ( 2)  0.760
 978 -   0.28255 0.71745 ( 2)  0.759
 979 -   0.28044 0.71956 ( 2)  0.760
 980 -   0.28105 0.71895 ( 2)  0.760
 981 -   0.27952 0.72048 ( 2)  0.761
 982 -   0.28146 0.71854 ( 2)  0.759
 983 -   0.28174 0.71826 ( 2)  0.759
 984 -   0.27996 0.72004 ( 2)  0.761
 985 -   0.27964 0.72036 ( 2)  0.761
 986 -   0.28021 0.71979 ( 2)  0.761
 987 -   0.28255 0.71745 ( 2)  0.759
 988 -   0.28265 0.71735 ( 2)  0.758
 989 -   0.28255 0.71745 ( 2)  0.759
 990 -   0.05451 0.94549 ( 2)  0.953
 991 -   0.05447 0.94553 ( 2)  0.953
 992 -   0.28310 0.71690 ( 2)  0.758
 993 -   0.28275 0.71725 ( 2)  0.758
 994 -   0.28015 0.71985 ( 2)  0.761
 995 -   0.05379 0.94621 ( 2)  0.954
 996 -   0.28136 0.71864 ( 2)  0.760
 997 -   0.28059 0.71941 ( 2)  0.760
 998 -   0.28222 0.71778 ( 2)  0.759
 999 -   0.27938 0.72062 ( 2)  0.761
1000 -   0.28255 0.71745 ( 2)  0.759
1001 -   0.28310 0.71690 ( 2)  0.758
1002 -   0.27907 0.72093 ( 2)  0.762
1003 -   0.28427 0.71573 ( 2)  0.757
1004 -   0.05405 0.94595 ( 2)  0.954
1005 -   0.27938 0.72062 ( 2)  0.761
1006 Q   0.05280 0.94720 ( 2)  0.955
1007 E   0.45427 0.54573 ( 2)  0.612
1008 Q   0.03975 0.96025 ( 2)  0.966
1009 S   0.01774 0.98226 ( 2)  0.985
1010 Q   0.00865 0.99135 ( 2)  0.993
1011 L   0.00002 0.99998 ( 2)  1.000
1012 L   0.30591 0.69409 ( 2)  0.739
1013 N   0.00049 0.99951 ( 2)  1.000
1014 T   0.00123 0.99877 ( 2)  0.999
1015 S   0.23421 0.76579 ( 2)  0.800
1016 E   0.46361 0.53639 ( 2)  0.604
1017 A   0.24076 0.75924 ( 2)  0.794
1018 S   0.00021 0.99979 ( 2)  1.000
1019 T   0.16036 0.83964 ( 2)  0.863
1020 T   0.00750 0.99250 ( 2)  0.994
1021 L   0.00495 0.99505 ( 2)  0.996
1022 P   0.00896 0.99104 ( 2)  0.992
1023 E   0.00138 0.99862 ( 2)  0.999
1024 S   0.07597 0.92403 ( 2)  0.935
1025 H   0.06624 0.93376 ( 2)  0.943
1026 P   0.00467 0.99533 ( 2)  0.996
1027 Q   0.00000 1.00000 ( 2)  1.000
1028 T   0.36399 0.63601 ( 2)  0.689
1029 P   0.00570 0.99430 ( 2)  0.995
1030 Q   0.03371 0.96629 ( 2)  0.971
1031 M   0.72638 0.27362 ( 1)  0.379
1032 P   0.04940 0.95060 ( 2)  0.958
1033 P   0.76602 0.23398 ( 1)  0.345
1034 I   0.00005 0.99995 ( 2)  1.000
1035 T   0.26010 0.73990 ( 2)  0.778
1036 A   0.00136 0.99864 ( 2)  0.999
1037 S   0.00392 0.99608 ( 2)  0.997
1038 G   0.27703 0.72297 ( 2)  0.763
1039 S   0.27703 0.72297 ( 2)  0.763
1040 S   0.27703 0.72297 ( 2)  0.763
1041 V   0.27703 0.72297 ( 2)  0.763
1042 I   0.27703 0.72297 ( 2)  0.763
1043 K   0.27703 0.72297 ( 2)  0.763
1044 V   0.27703 0.72297 ( 2)  0.763
1045 Q   0.27703 0.72297 ( 2)  0.763
1046 F   0.27703 0.72297 ( 2)  0.763
1047 P   0.27703 0.72297 ( 2)  0.763
1048 G   0.27703 0.72297 ( 2)  0.763
1049 S   0.27703 0.72297 ( 2)  0.763
1050 H   0.27703 0.72297 ( 2)  0.763
1051 A   0.27703 0.72297 ( 2)  0.763
1052 S   0.27703 0.72297 ( 2)  0.763
1053 H   0.27703 0.72297 ( 2)  0.763
1054 L   0.27703 0.72297 ( 2)  0.763
1055 P   0.27703 0.72297 ( 2)  0.763
1056 T   0.27703 0.72297 ( 2)  0.763
1057 V   0.27703 0.72297 ( 2)  0.763
1058 V   0.27703 0.72297 ( 2)  0.763
1059 K   0.27703 0.72297 ( 2)  0.763
1060 K   0.27703 0.72297 ( 2)  0.763
1061 K   0.27703 0.72297 ( 2)  0.763
1062 T   0.27703 0.72297 ( 2)  0.763
1063 N   0.27703 0.72297 ( 2)  0.763
1064 P   0.27703 0.72297 ( 2)  0.763
1065 R   0.27703 0.72297 ( 2)  0.763
1066 N   0.27703 0.72297 ( 2)  0.763
1067 Y   0.27703 0.72297 ( 2)  0.763
1068 A   0.27703 0.72297 ( 2)  0.763
1069 L   0.27703 0.72297 ( 2)  0.763
1070 K   0.27703 0.72297 ( 2)  0.763
1071 S   0.27703 0.72297 ( 2)  0.763
1072 M   0.27703 0.72297 ( 2)  0.763
1073 K   0.27703 0.72297 ( 2)  0.763
1074 L   0.27703 0.72297 ( 2)  0.763
1075 P   0.27703 0.72297 ( 2)  0.763
1076 Q   0.27703 0.72297 ( 2)  0.763
1077 E   0.27703 0.72297 ( 2)  0.763
1078 Q   0.27703 0.72297 ( 2)  0.763
1079 S   0.27703 0.72297 ( 2)  0.763
1080 Q   0.27703 0.72297 ( 2)  0.763
1081 L   0.27703 0.72297 ( 2)  0.763
1082 L   0.27703 0.72297 ( 2)  0.763
1083 N   0.27703 0.72297 ( 2)  0.763
1084 T   0.27703 0.72297 ( 2)  0.763
1085 S   0.27703 0.72297 ( 2)  0.763
1086 E   0.27703 0.72297 ( 2)  0.763
1087 A   0.27703 0.72297 ( 2)  0.763
1088 S   0.27703 0.72297 ( 2)  0.763
1089 T   0.00030 0.99970 ( 2)  1.000
1090 T   0.27703 0.72297 ( 2)  0.763
1091 L   0.27703 0.72297 ( 2)  0.763
1092 P   0.27703 0.72297 ( 2)  0.763
1093 E   0.27703 0.72297 ( 2)  0.763
1094 S   0.27703 0.72297 ( 2)  0.763
1095 H   0.27703 0.72297 ( 2)  0.763
1096 P   0.27703 0.72297 ( 2)  0.763
1097 Q   0.27703 0.72297 ( 2)  0.763
1098 T   0.27703 0.72297 ( 2)  0.763
1099 P   0.27703 0.72297 ( 2)  0.763
1100 Q   0.27703 0.72297 ( 2)  0.763
1101 M   0.27703 0.72297 ( 2)  0.763
1102 P   0.27703 0.72297 ( 2)  0.763
1103 P   0.27703 0.72297 ( 2)  0.763
1104 I   0.27703 0.72297 ( 2)  0.763
1105 T   0.27703 0.72297 ( 2)  0.763
1106 A   0.27703 0.72297 ( 2)  0.763
1107 S   0.27703 0.72297 ( 2)  0.763
1108 G   0.27703 0.72297 ( 2)  0.763
1109 S   0.09329 0.90671 ( 2)  0.920
1110 S   0.03495 0.96505 ( 2)  0.970
1111 V   0.00001 0.99999 ( 2)  1.000
1112 I   0.00015 0.99985 ( 2)  1.000
1113 K   0.37634 0.62366 ( 2)  0.678
1114 -   0.27703 0.72297 ( 2)  0.763
1115 -   0.27703 0.72297 ( 2)  0.763
1116 -   0.27703 0.72297 ( 2)  0.763
1117 -   0.27703 0.72297 ( 2)  0.763
1118 -   0.27703 0.72297 ( 2)  0.763
1119 -   0.27703 0.72297 ( 2)  0.763
1120 -   0.27703 0.72297 ( 2)  0.763
1121 -   0.27703 0.72297 ( 2)  0.763
1122 E   0.26699 0.73301 ( 2)  0.772
1123 -   0.27703 0.72297 ( 2)  0.763
1124 -   0.27703 0.72297 ( 2)  0.763
1125 -   0.27703 0.72297 ( 2)  0.763
1126 -   0.27703 0.72297 ( 2)  0.763
1127 -   0.27703 0.72297 ( 2)  0.763
1128 -   0.27703 0.72297 ( 2)  0.763
1129 -   0.27703 0.72297 ( 2)  0.763
1130 -   0.27703 0.72297 ( 2)  0.763
1131 -   0.27703 0.72297 ( 2)  0.763
1132 -   0.27703 0.72297 ( 2)  0.763
1133 -   0.27703 0.72297 ( 2)  0.763
1134 -   0.27703 0.72297 ( 2)  0.763
1135 -   0.27703 0.72297 ( 2)  0.763
1136 -   0.27703 0.72297 ( 2)  0.763
1137 -   0.27703 0.72297 ( 2)  0.763
1138 -   0.27703 0.72297 ( 2)  0.763
1139 -   0.27703 0.72297 ( 2)  0.763
1140 -   0.27703 0.72297 ( 2)  0.763
1141 -   0.27703 0.72297 ( 2)  0.763
1142 -   0.27703 0.72297 ( 2)  0.763
1143 -   0.27703 0.72297 ( 2)  0.763
1144 -   0.27703 0.72297 ( 2)  0.763
1145 -   0.27703 0.72297 ( 2)  0.763
1146 -   0.27703 0.72297 ( 2)  0.763
1147 -   0.27703 0.72297 ( 2)  0.763
1148 -   0.27703 0.72297 ( 2)  0.763
1149 -   0.27703 0.72297 ( 2)  0.763
1150 -   0.27703 0.72297 ( 2)  0.763
1151 -   0.27703 0.72297 ( 2)  0.763
1152 -   0.27703 0.72297 ( 2)  0.763
1153 -   0.27703 0.72297 ( 2)  0.763
1154 -   0.27703 0.72297 ( 2)  0.763
1155 -   0.27703 0.72297 ( 2)  0.763
1156 -   0.27703 0.72297 ( 2)  0.763
1157 -   0.27703 0.72297 ( 2)  0.763
1158 -   0.27703 0.72297 ( 2)  0.763
1159 -   0.27703 0.72297 ( 2)  0.763
1160 -   0.27703 0.72297 ( 2)  0.763
1161 -   0.27703 0.72297 ( 2)  0.763
1162 -   0.27703 0.72297 ( 2)  0.763
1163 -   0.27703 0.72297 ( 2)  0.763
1164 -   0.27703 0.72297 ( 2)  0.763
1165 -   0.27703 0.72297 ( 2)  0.763
1166 -   0.27703 0.72297 ( 2)  0.763
1167 -   0.27703 0.72297 ( 2)  0.763
1168 -   0.27703 0.72297 ( 2)  0.763
1169 S   0.02757 0.97243 ( 2)  0.976
1170 E   0.31741 0.68259 ( 2)  0.729
1171 D   0.24276 0.75724 ( 2)  0.793
1172 P   0.03716 0.96284 ( 2)  0.968
1173 F   0.00331 0.99669 ( 2)  0.997
1174 -   0.27703 0.72297 ( 2)  0.763
1175 -   0.27703 0.72297 ( 2)  0.763
1176 -   0.27703 0.72297 ( 2)  0.763
1177 -   0.27703 0.72297 ( 2)  0.763
1178 -   0.27703 0.72297 ( 2)  0.763
1179 -   0.27703 0.72297 ( 2)  0.763
1180 -   0.27703 0.72297 ( 2)  0.763
1181 -   0.27703 0.72297 ( 2)  0.763
1182 -   0.27703 0.72297 ( 2)  0.763
1183 -   0.27703 0.72297 ( 2)  0.763
1184 -   0.27703 0.72297 ( 2)  0.763
1185 -   0.27703 0.72297 ( 2)  0.763
1186 -   0.27703 0.72297 ( 2)  0.763
1187 -   0.27703 0.72297 ( 2)  0.763
1188 -   0.27703 0.72297 ( 2)  0.763
1189 -   0.27703 0.72297 ( 2)  0.763
1190 -   0.27703 0.72297 ( 2)  0.763
1191 -   0.27703 0.72297 ( 2)  0.763
1192 -   0.27703 0.72297 ( 2)  0.763
1193 -   0.27703 0.72297 ( 2)  0.763
1194 -   0.27703 0.72297 ( 2)  0.763
1195 -   0.27703 0.72297 ( 2)  0.763
1196 -   0.27703 0.72297 ( 2)  0.763
1197 -   0.27703 0.72297 ( 2)  0.763
1198 -   0.27703 0.72297 ( 2)  0.763
1199 -   0.27703 0.72297 ( 2)  0.763
1200 P   0.00003 0.99997 ( 2)  1.000
1201 K   0.37763 0.62237 ( 2)  0.677
1202 I   0.00085 0.99915 ( 2)  0.999
1203 N   0.56889 0.43111 ( 1)  0.514
1204 E   0.12797 0.87203 ( 2)  0.891
1205 F   0.00004 0.99996 ( 2)  1.000
1206 W   0.01854 0.98146 ( 2)  0.984
1207 R   0.11703 0.88297 ( 2)  0.900
1208 M   0.18522 0.81478 ( 2)  0.842
1209 H   0.00228 0.99772 ( 2)  0.998
1210 -   0.41941 0.58059 ( 2)  0.642
1211 -   0.31618 0.68382 ( 2)  0.730
1212 K   0.51653 0.48347 ( 1)  0.559
1213 E   0.57808 0.42192 ( 1)  0.506
1214 T   0.00245 0.99755 ( 2)  0.998
1215 W   0.01580 0.98420 ( 2)  0.986
1216 Q   0.00466 0.99534 ( 2)  0.996
1217 F   0.61866 0.38134 ( 1)  0.471
1218 P   0.53873 0.46127 ( 1)  0.540
1219 G   0.48094 0.51906 ( 2)  0.589
1220 -   0.27703 0.72297 ( 2)  0.763
1221 -   0.27703 0.72297 ( 2)  0.763
1222 -   0.27703 0.72297 ( 2)  0.763
1223 -   0.27703 0.72297 ( 2)  0.763
1224 -   0.27703 0.72297 ( 2)  0.763
1225 -   0.27703 0.72297 ( 2)  0.763
1226 -   0.27703 0.72297 ( 2)  0.763
1227 -   0.27703 0.72297 ( 2)  0.763
1228 -   0.27703 0.72297 ( 2)  0.763
1229 -   0.27703 0.72297 ( 2)  0.763
1230 -   0.27703 0.72297 ( 2)  0.763
1231 -   0.27703 0.72297 ( 2)  0.763
1232 -   0.27703 0.72297 ( 2)  0.763
1233 -   0.27703 0.72297 ( 2)  0.763
1234 -   0.27703 0.72297 ( 2)  0.763
1235 -   0.27703 0.72297 ( 2)  0.763
1236 -   0.27703 0.72297 ( 2)  0.763
1237 -   0.27703 0.72297 ( 2)  0.763
1238 -   0.27703 0.72297 ( 2)  0.763
1239 -   0.27703 0.72297 ( 2)  0.763
1240 -   0.27703 0.72297 ( 2)  0.763
1241 -   0.27703 0.72297 ( 2)  0.763
1242 -   0.27703 0.72297 ( 2)  0.763
1243 -   0.27703 0.72297 ( 2)  0.763
1244 -   0.27703 0.72297 ( 2)  0.763
1245 -   0.27703 0.72297 ( 2)  0.763
1246 -   0.27703 0.72297 ( 2)  0.763
1247 -   0.27703 0.72297 ( 2)  0.763
1248 -   0.27703 0.72297 ( 2)  0.763
1249 -   0.27703 0.72297 ( 2)  0.763
1250 -   0.27703 0.72297 ( 2)  0.763
1251 -   0.27703 0.72297 ( 2)  0.763
1252 -   0.27703 0.72297 ( 2)  0.763
1253 -   0.27703 0.72297 ( 2)  0.763
1254 -   0.27703 0.72297 ( 2)  0.763
1255 -   0.27703 0.72297 ( 2)  0.763
1256 -   0.27703 0.72297 ( 2)  0.763
1257 -   0.27703 0.72297 ( 2)  0.763
1258 -   0.27703 0.72297 ( 2)  0.763
1259 -   0.27703 0.72297 ( 2)  0.763
1260 -   0.27703 0.72297 ( 2)  0.763
1261 -   0.27703 0.72297 ( 2)  0.763
1262 -   0.27703 0.72297 ( 2)  0.763
1263 -   0.27703 0.72297 ( 2)  0.763
1264 -   0.27703 0.72297 ( 2)  0.763
1265 -   0.27703 0.72297 ( 2)  0.763
1266 -   0.27703 0.72297 ( 2)  0.763
1267 -   0.27703 0.72297 ( 2)  0.763
1268 -   0.27703 0.72297 ( 2)  0.763
1269 -   0.27703 0.72297 ( 2)  0.763
1270 -   0.27703 0.72297 ( 2)  0.763
1271 -   0.27703 0.72297 ( 2)  0.763
1272 -   0.27703 0.72297 ( 2)  0.763
1273 -   0.27703 0.72297 ( 2)  0.763
1274 -   0.27703 0.72297 ( 2)  0.763
1275 -   0.27703 0.72297 ( 2)  0.763
1276 P   0.08946 0.91054 ( 2)  0.924
1277 S   0.08414 0.91586 ( 2)  0.928
1278 M   0.18199 0.81801 ( 2)  0.844
1279 T   0.43596 0.56404 ( 2)  0.627
1280 S   0.11122 0.88878 ( 2)  0.905
1281 R   0.02714 0.97286 ( 2)  0.977
1282 G   0.08971 0.91029 ( 2)  0.923
1283 P   0.00264 0.99736 ( 2)  0.998
1284 -   0.27703 0.72297 ( 2)  0.763
1285 -   0.27703 0.72297 ( 2)  0.763
1286 -   0.27703 0.72297 ( 2)  0.763
1287 -   0.27703 0.72297 ( 2)  0.763
1288 -   0.27703 0.72297 ( 2)  0.763
1289 -   0.27703 0.72297 ( 2)  0.763
1290 -   0.27703 0.72297 ( 2)  0.763
1291 -   0.27703 0.72297 ( 2)  0.763
1292 -   0.27703 0.72297 ( 2)  0.763
1293 -   0.27703 0.72297 ( 2)  0.763
1294 -   0.27703 0.72297 ( 2)  0.763
1295 -   0.27703 0.72297 ( 2)  0.763
1296 -   0.27703 0.72297 ( 2)  0.763
1297 -   0.27703 0.72297 ( 2)  0.763
1298 -   0.27703 0.72297 ( 2)  0.763
1299 -   0.27703 0.72297 ( 2)  0.763
1300 -   0.27703 0.72297 ( 2)  0.763
1301 -   0.27703 0.72297 ( 2)  0.763
1302 -   0.27703 0.72297 ( 2)  0.763
1303 -   0.27703 0.72297 ( 2)  0.763
1304 -   0.27703 0.72297 ( 2)  0.763
1305 -   0.27703 0.72297 ( 2)  0.763
1306 -   0.27703 0.72297 ( 2)  0.763
1307 -   0.27703 0.72297 ( 2)  0.763
1308 -   0.27703 0.72297 ( 2)  0.763
1309 -   0.27703 0.72297 ( 2)  0.763
1310 -   0.27703 0.72297 ( 2)  0.763
1311 -   0.27703 0.72297 ( 2)  0.763
1312 -   0.27703 0.72297 ( 2)  0.763
1313 -   0.27703 0.72297 ( 2)  0.763
1314 -   0.27703 0.72297 ( 2)  0.763
1315 -   0.27703 0.72297 ( 2)  0.763
1316 -   0.27703 0.72297 ( 2)  0.763
1317 -   0.27703 0.72297 ( 2)  0.763
1318 -   0.27703 0.72297 ( 2)  0.763
1319 -   0.27703 0.72297 ( 2)  0.763
1320 -   0.27703 0.72297 ( 2)  0.763
1321 -   0.27703 0.72297 ( 2)  0.763
1322 -   0.27703 0.72297 ( 2)  0.763
1323 -   0.27703 0.72297 ( 2)  0.763
1324 -   0.27703 0.72297 ( 2)  0.763
1325 -   0.27703 0.72297 ( 2)  0.763
1326 -   0.27703 0.72297 ( 2)  0.763
1327 -   0.27703 0.72297 ( 2)  0.763
1328 -   0.27703 0.72297 ( 2)  0.763
1329 -   0.27703 0.72297 ( 2)  0.763
1330 -   0.27703 0.72297 ( 2)  0.763
1331 -   0.27703 0.72297 ( 2)  0.763
1332 -   0.27703 0.72297 ( 2)  0.763
1333 -   0.27703 0.72297 ( 2)  0.763
1334 -   0.27703 0.72297 ( 2)  0.763
1335 -   0.27703 0.72297 ( 2)  0.763
1336 -   0.27703 0.72297 ( 2)  0.763
1337 -   0.27703 0.72297 ( 2)  0.763
1338 -   0.27703 0.72297 ( 2)  0.763
1339 -   0.27703 0.72297 ( 2)  0.763
1340 V   0.11004 0.88996 ( 2)  0.906
1341 G   0.00395 0.99605 ( 2)  0.997
1342 S   0.00305 0.99695 ( 2)  0.997
1343 H   0.02616 0.97384 ( 2)  0.978
1344 P   0.00005 0.99995 ( 2)  1.000
1345 Q   0.00038 0.99962 ( 2)  1.000
1346 T   0.02927 0.97073 ( 2)  0.975
1347 P   0.12031 0.87969 ( 2)  0.897
1348 Q   0.02410 0.97590 ( 2)  0.979
1349 M   0.03863 0.96137 ( 2)  0.967
1350 S   0.00327 0.99673 ( 2)  0.997
1351 A   0.17338 0.82662 ( 2)  0.852
1352 S   0.12566 0.87434 ( 2)  0.893
1353 T   0.25382 0.74618 ( 2)  0.783
1354 P   0.02292 0.97708 ( 2)  0.980
1355 S   0.19000 0.81000 ( 2)  0.838
1356 S   0.03875 0.96125 ( 2)  0.967
1357 S   0.03248 0.96752 ( 2)  0.972
1358 F   0.12707 0.87293 ( 2)  0.891
1359 -   0.27703 0.72297 ( 2)  0.763
1360 -   0.27703 0.72297 ( 2)  0.763
1361 -   0.27703 0.72297 ( 2)  0.763
1362 -   0.27703 0.72297 ( 2)  0.763
1363 -   0.27703 0.72297 ( 2)  0.763
1364 -   0.27703 0.72297 ( 2)  0.763
1365 -   0.27703 0.72297 ( 2)  0.763
1366 -   0.27703 0.72297 ( 2)  0.763
1367 -   0.27703 0.72297 ( 2)  0.763
1368 -   0.27703 0.72297 ( 2)  0.763
1369 -   0.27703 0.72297 ( 2)  0.763
1370 -   0.27703 0.72297 ( 2)  0.763
1371 -   0.27703 0.72297 ( 2)  0.763
1372 -   0.27703 0.72297 ( 2)  0.763
1373 -   0.27703 0.72297 ( 2)  0.763
1374 -   0.27703 0.72297 ( 2)  0.763
1375 -   0.27703 0.72297 ( 2)  0.763
1376 -   0.27703 0.72297 ( 2)  0.763
1377 -   0.27703 0.72297 ( 2)  0.763
1378 -   0.27703 0.72297 ( 2)  0.763
1379 -   0.27703 0.72297 ( 2)  0.763
1380 -   0.27703 0.72297 ( 2)  0.763
1381 -   0.27703 0.72297 ( 2)  0.763
1382 -   0.27703 0.72297 ( 2)  0.763
1383 -   0.27703 0.72297 ( 2)  0.763
1384 -   0.27703 0.72297 ( 2)  0.763
1385 -   0.27703 0.72297 ( 2)  0.763
1386 -   0.27703 0.72297 ( 2)  0.763
1387 -   0.27703 0.72297 ( 2)  0.763
1388 -   0.27703 0.72297 ( 2)  0.763
1389 -   0.27703 0.72297 ( 2)  0.763
1390 -   0.27703 0.72297 ( 2)  0.763
1391 -   0.27703 0.72297 ( 2)  0.763
1392 -   0.27703 0.72297 ( 2)  0.763
1393 -   0.27703 0.72297 ( 2)  0.763
1394 -   0.27703 0.72297 ( 2)  0.763
1395 -   0.27703 0.72297 ( 2)  0.763
1396 -   0.27703 0.72297 ( 2)  0.763
1397 -   0.27703 0.72297 ( 2)  0.763
1398 -   0.27703 0.72297 ( 2)  0.763
1399 -   0.27703 0.72297 ( 2)  0.763
1400 -   0.27703 0.72297 ( 2)  0.763
1401 -   0.27703 0.72297 ( 2)  0.763
1402 -   0.27703 0.72297 ( 2)  0.763
1403 -   0.27703 0.72297 ( 2)  0.763
1404 -   0.27703 0.72297 ( 2)  0.763
1405 -   0.27703 0.72297 ( 2)  0.763
1406 -   0.27703 0.72297 ( 2)  0.763
1407 -   0.27703 0.72297 ( 2)  0.763
1408 -   0.27703 0.72297 ( 2)  0.763
1409 -   0.27703 0.72297 ( 2)  0.763
1410 -   0.27703 0.72297 ( 2)  0.763
1411 -   0.27703 0.72297 ( 2)  0.763
1412 -   0.27703 0.72297 ( 2)  0.763
1413 -   0.27703 0.72297 ( 2)  0.763
1414 -   0.27703 0.72297 ( 2)  0.763
1415 -   0.27703 0.72297 ( 2)  0.763
1416 -   0.27703 0.72297 ( 2)  0.763
1417 -   0.27703 0.72297 ( 2)  0.763
1418 -   0.27703 0.72297 ( 2)  0.763
1419 -   0.27703 0.72297 ( 2)  0.763
1420 -   0.27703 0.72297 ( 2)  0.763
1421 -   0.27703 0.72297 ( 2)  0.763
1422 -   0.27703 0.72297 ( 2)  0.763
1423 -   0.27703 0.72297 ( 2)  0.763
1424 -   0.27703 0.72297 ( 2)  0.763
1425 -   0.27703 0.72297 ( 2)  0.763
1426 -   0.27703 0.72297 ( 2)  0.763
1427 -   0.27703 0.72297 ( 2)  0.763
1428 -   0.27703 0.72297 ( 2)  0.763
1429 -   0.27703 0.72297 ( 2)  0.763
1430 -   0.27703 0.72297 ( 2)  0.763
1431 -   0.27703 0.72297 ( 2)  0.763
1432 -   0.27703 0.72297 ( 2)  0.763
1433 -   0.27703 0.72297 ( 2)  0.763
1434 -   0.27703 0.72297 ( 2)  0.763
1435 -   0.27703 0.72297 ( 2)  0.763
1436 -   0.27703 0.72297 ( 2)  0.763
1437 -   0.27703 0.72297 ( 2)  0.763
1438 -   0.27703 0.72297 ( 2)  0.763
1439 -   0.27703 0.72297 ( 2)  0.763
1440 -   0.27703 0.72297 ( 2)  0.763
1441 -   0.27703 0.72297 ( 2)  0.763
1442 -   0.27703 0.72297 ( 2)  0.763
1443 -   0.27703 0.72297 ( 2)  0.763
1444 -   0.27703 0.72297 ( 2)  0.763
1445 -   0.27703 0.72297 ( 2)  0.763
1446 -   0.27703 0.72297 ( 2)  0.763
1447 -   0.27703 0.72297 ( 2)  0.763
1448 -   0.27703 0.72297 ( 2)  0.763
1449 -   0.27703 0.72297 ( 2)  0.763
1450 -   0.27703 0.72297 ( 2)  0.763
1451 -   0.27703 0.72297 ( 2)  0.763
1452 -   0.27703 0.72297 ( 2)  0.763
1453 -   0.27703 0.72297 ( 2)  0.763
1454 -   0.27703 0.72297 ( 2)  0.763
1455 -   0.27703 0.72297 ( 2)  0.763
1456 -   0.27703 0.72297 ( 2)  0.763
1457 -   0.27703 0.72297 ( 2)  0.763
1458 -   0.27703 0.72297 ( 2)  0.763
1459 -   0.27703 0.72297 ( 2)  0.763
1460 -   0.27703 0.72297 ( 2)  0.763
1461 -   0.27703 0.72297 ( 2)  0.763
1462 -   0.27703 0.72297 ( 2)  0.763
1463 -   0.27703 0.72297 ( 2)  0.763
1464 -   0.27703 0.72297 ( 2)  0.763
1465 -   0.27703 0.72297 ( 2)  0.763
1466 -   0.27703 0.72297 ( 2)  0.763
1467 -   0.27703 0.72297 ( 2)  0.763
1468 -   0.27703 0.72297 ( 2)  0.763
1469 -   0.27703 0.72297 ( 2)  0.763
1470 -   0.27703 0.72297 ( 2)  0.763
1471 -   0.27703 0.72297 ( 2)  0.763
1472 -   0.27703 0.72297 ( 2)  0.763
1473 -   0.27703 0.72297 ( 2)  0.763
1474 -   0.27703 0.72297 ( 2)  0.763
1475 -   0.27703 0.72297 ( 2)  0.763
1476 -   0.27703 0.72297 ( 2)  0.763
1477 -   0.27703 0.72297 ( 2)  0.763
1478 -   0.27703 0.72297 ( 2)  0.763
1479 -   0.27703 0.72297 ( 2)  0.763
1480 -   0.27703 0.72297 ( 2)  0.763
1481 -   0.27703 0.72297 ( 2)  0.763
1482 -   0.27703 0.72297 ( 2)  0.763
1483 -   0.27703 0.72297 ( 2)  0.763
1484 -   0.27703 0.72297 ( 2)  0.763
1485 -   0.27703 0.72297 ( 2)  0.763
1486 -   0.27703 0.72297 ( 2)  0.763
1487 -   0.27703 0.72297 ( 2)  0.763
1488 -   0.27703 0.72297 ( 2)  0.763
1489 -   0.27703 0.72297 ( 2)  0.763
1490 -   0.27703 0.72297 ( 2)  0.763
1491 -   0.27703 0.72297 ( 2)  0.763
1492 -   0.27703 0.72297 ( 2)  0.763
1493 -   0.27703 0.72297 ( 2)  0.763
1494 -   0.27703 0.72297 ( 2)  0.763
1495 -   0.27703 0.72297 ( 2)  0.763
1496 -   0.27703 0.72297 ( 2)  0.763
1497 -   0.27703 0.72297 ( 2)  0.763
1498 -   0.27703 0.72297 ( 2)  0.763
1499 -   0.27703 0.72297 ( 2)  0.763
1500 -   0.27703 0.72297 ( 2)  0.763
1501 -   0.27703 0.72297 ( 2)  0.763
1502 -   0.27703 0.72297 ( 2)  0.763
1503 -   0.27703 0.72297 ( 2)  0.763
1504 -   0.27703 0.72297 ( 2)  0.763
1505 F   0.01739 0.98261 ( 2)  0.985
1506 T   0.10679 0.89321 ( 2)  0.909
1507 T   0.02967 0.97033 ( 2)  0.975
1508 -   0.27703 0.72297 ( 2)  0.763
1509 -   0.27703 0.72297 ( 2)  0.763
1510 -   0.27703 0.72297 ( 2)  0.763
1511 -   0.27704 0.72296 ( 2)  0.763
1512 -   0.27704 0.72296 ( 2)  0.763
1513 -   0.27704 0.72296 ( 2)  0.763
1514 -   0.27704 0.72296 ( 2)  0.763
1515 -   0.27704 0.72296 ( 2)  0.763
1516 -   0.27704 0.72296 ( 2)  0.763
1517 -   0.27704 0.72296 ( 2)  0.763
1518 -   0.27704 0.72296 ( 2)  0.763
1519 -   0.27704 0.72296 ( 2)  0.763
1520 -   0.27704 0.72296 ( 2)  0.763
1521 -   0.27704 0.72296 ( 2)  0.763
1522 -   0.27704 0.72296 ( 2)  0.763
1523 -   0.27704 0.72296 ( 2)  0.763
1524 -   0.27704 0.72296 ( 2)  0.763
1525 -   0.27704 0.72296 ( 2)  0.763
1526 -   0.27704 0.72296 ( 2)  0.763
1527 -   0.27704 0.72296 ( 2)  0.763
1528 -   0.27704 0.72296 ( 2)  0.763
1529 -   0.27704 0.72296 ( 2)  0.763
1530 -   0.27704 0.72296 ( 2)  0.763
1531 -   0.27704 0.72296 ( 2)  0.763
1532 -   0.27704 0.72296 ( 2)  0.763
1533 -   0.27704 0.72296 ( 2)  0.763
1534 -   0.27704 0.72296 ( 2)  0.763
1535 -   0.27704 0.72296 ( 2)  0.763
1536 -   0.27704 0.72296 ( 2)  0.763
1537 -   0.27704 0.72296 ( 2)  0.763
1538 -   0.27704 0.72296 ( 2)  0.763
1539 -   0.27704 0.72296 ( 2)  0.763
1540 -   0.27704 0.72296 ( 2)  0.763
1541 -   0.27704 0.72296 ( 2)  0.763
1542 -   0.27704 0.72296 ( 2)  0.763
1543 -   0.27704 0.72296 ( 2)  0.763
1544 -   0.27704 0.72296 ( 2)  0.763
1545 -   0.27704 0.72296 ( 2)  0.763
1546 -   0.27704 0.72296 ( 2)  0.763
1547 -   0.27704 0.72296 ( 2)  0.763
1548 -   0.27704 0.72296 ( 2)  0.763
1549 -   0.27704 0.72296 ( 2)  0.763
1550 -   0.27704 0.72296 ( 2)  0.763
1551 -   0.27704 0.72296 ( 2)  0.763
1552 -   0.27704 0.72296 ( 2)  0.763
1553 -   0.27704 0.72296 ( 2)  0.763
1554 -   0.27704 0.72296 ( 2)  0.763
1555 -   0.27704 0.72296 ( 2)  0.763
1556 -   0.27704 0.72296 ( 2)  0.763
1557 -   0.27704 0.72296 ( 2)  0.763
1558 -   0.27704 0.72296 ( 2)  0.763
1559 -   0.27704 0.72296 ( 2)  0.763
1560 -   0.27704 0.72296 ( 2)  0.763
1561 -   0.27704 0.72296 ( 2)  0.763
1562 -   0.27704 0.72296 ( 2)  0.763
1563 -   0.27704 0.72296 ( 2)  0.763
1564 -   0.27704 0.72296 ( 2)  0.763
1565 -   0.27704 0.72296 ( 2)  0.763
1566 -   0.06177 0.93823 ( 2)  0.947
1567 -   0.08744 0.91256 ( 2)  0.925
1568 -   0.34486 0.65514 ( 2)  0.705
1569 -   0.08334 0.91666 ( 2)  0.929
1570 -   0.31418 0.68582 ( 2)  0.731
1571 -   0.00181 0.99819 ( 2)  0.998
1572 -   0.07335 0.92665 ( 2)  0.937
1573 -   0.00165 0.99835 ( 2)  0.999
1574 -   0.32574 0.67426 ( 2)  0.722
1575 -   0.01392 0.98608 ( 2)  0.988
1576 -   0.40351 0.59649 ( 2)  0.655
1577 -   0.35499 0.64501 ( 2)  0.697
1578 -   0.31781 0.68219 ( 2)  0.728
1579 -   0.01419 0.98581 ( 2)  0.988
1580 -   0.00200 0.99800 ( 2)  0.998
1581 -   0.37130 0.62870 ( 2)  0.683
1582 -   0.01170 0.98830 ( 2)  0.990
1583 -   0.06891 0.93109 ( 2)  0.941
1584 -   0.06716 0.93284 ( 2)  0.943
1585 -   0.37469 0.62531 ( 2)  0.680
1586 -   0.37083 0.62917 ( 2)  0.683
1587 -   0.00990 0.99010 ( 2)  0.992
1588 -   0.41031 0.58969 ( 2)  0.649
1589 -   0.08961 0.91039 ( 2)  0.923
1590 -   0.34613 0.65387 ( 2)  0.704
1591 -   0.42031 0.57969 ( 2)  0.641
1592 -   0.34613 0.65387 ( 2)  0.704
1593 -   0.31618 0.68382 ( 2)  0.730
1594 -   0.08262 0.91738 ( 2)  0.929
1595 -   0.01259 0.98741 ( 2)  0.989
1596 -   0.38757 0.61243 ( 2)  0.669
1597 -   0.40352 0.59648 ( 2)  0.655
1598 -   0.33343 0.66657 ( 2)  0.715
1599 -   0.33982 0.66018 ( 2)  0.710
1600 -   0.37035 0.62965 ( 2)  0.683
1601 -   0.34008 0.65992 ( 2)  0.709
1602 -   0.07855 0.92145 ( 2)  0.933
1603 -   0.32034 0.67966 ( 2)  0.726
1604 -   0.00204 0.99796 ( 2)  0.998
1605 -   0.36924 0.63076 ( 2)  0.684
1606 -   0.33198 0.66802 ( 2)  0.716
1607 -   0.37696 0.62304 ( 2)  0.678
1608 -   0.41031 0.58969 ( 2)  0.649
1609 -   0.42031 0.57969 ( 2)  0.641
1610 -   0.33982 0.66018 ( 2)  0.710
1611 -   0.35757 0.64243 ( 2)  0.694
1612 -   0.33728 0.66272 ( 2)  0.712
1613 -   0.38757 0.61243 ( 2)  0.669
1614 -   0.34613 0.65387 ( 2)  0.704
1615 -   0.37712 0.62288 ( 2)  0.678
1616 -   0.36131 0.63869 ( 2)  0.691
1617 -   0.36924 0.63076 ( 2)  0.684
1618 -   0.08767 0.91233 ( 2)  0.925
1619 -   0.40351 0.59649 ( 2)  0.655
1620 -   0.06929 0.93071 ( 2)  0.941
1621 -   0.06621 0.93379 ( 2)  0.943
1622 -   0.32386 0.67614 ( 2)  0.723
1623 -   0.34613 0.65387 ( 2)  0.704
1624 -   0.37696 0.62304 ( 2)  0.678
1625 -   0.35499 0.64501 ( 2)  0.697
1626 -   0.33982 0.66018 ( 2)  0.710
1627 -   0.39945 0.60055 ( 2)  0.659
1628 -   0.07894 0.92106 ( 2)  0.933
1629 -   0.07794 0.92206 ( 2)  0.933
1630 -   0.33436 0.66564 ( 2)  0.714
1631 -   0.37696 0.62304 ( 2)  0.678
1632 -   0.36924 0.63076 ( 2)  0.684
1633 -   0.37696 0.62304 ( 2)  0.678
1634 -   0.32842 0.67158 ( 2)  0.719
1635 -   0.34351 0.65649 ( 2)  0.706
1636 -   0.34858 0.65142 ( 2)  0.702
1637 -   0.37696 0.62304 ( 2)  0.678
1638 -   0.37696 0.62304 ( 2)  0.678
1639 -   0.07373 0.92627 ( 2)  0.937
1640 -   0.37269 0.62731 ( 2)  0.681
1641 -   0.33772 0.66228 ( 2)  0.711
1642 -   0.38108 0.61892 ( 2)  0.674
1643 -   0.06886 0.93114 ( 2)  0.941
1644 -   0.39945 0.60055 ( 2)  0.659
1645 -   0.34008 0.65992 ( 2)  0.709
1646 -   0.35499 0.64501 ( 2)  0.697
1647 -   0.31113 0.68887 ( 2)  0.734
1648 -   0.06259 0.93741 ( 2)  0.947
1649 -   0.01299 0.98701 ( 2)  0.989
1650 -   0.33665 0.66335 ( 2)  0.712
1651 -   0.32842 0.67158 ( 2)  0.719
1652 -   0.31618 0.68382 ( 2)  0.730
1653 -   0.36924 0.63076 ( 2)  0.684
1654 -   0.37897 0.62103 ( 2)  0.676
1655 -   0.34008 0.65992 ( 2)  0.709
1656 -   0.33192 0.66808 ( 2)  0.716
1657 -   0.00148 0.99852 ( 2)  0.999
1658 -   0.38757 0.61243 ( 2)  0.669
1659 -   0.06982 0.93018 ( 2)  0.940
1660 -   0.34613 0.65387 ( 2)  0.704
1661 -   0.01143 0.98857 ( 2)  0.990
1662 -   0.38973 0.61027 ( 2)  0.667
1663 -   0.34613 0.65387 ( 2)  0.704
1664 -   0.39945 0.60055 ( 2)  0.659
1665 -   0.34533 0.65467 ( 2)  0.705
1666 -   0.37127 0.62873 ( 2)  0.683
1667 -   0.06495 0.93505 ( 2)  0.944
1668 -   0.07759 0.92241 ( 2)  0.934
1669 -   0.42031 0.57969 ( 2)  0.641
1670 -   0.36924 0.63076 ( 2)  0.684
1671 -   0.35444 0.64556 ( 2)  0.697
1672 -   0.34858 0.65142 ( 2)  0.702
1673 -   0.01198 0.98802 ( 2)  0.990
1674 -   0.07685 0.92315 ( 2)  0.934
1675 -   0.31239 0.68761 ( 2)  0.733
1676 -   0.37269 0.62731 ( 2)  0.681
1677 -   0.39159 0.60841 ( 2)  0.665
1678 -   0.37469 0.62531 ( 2)  0.680
1679 -   0.33728 0.66272 ( 2)  0.712
1680 -   0.08016 0.91984 ( 2)  0.931
1681 -   0.00004 0.99996 ( 2)  1.000
1682 -   0.36154 0.63846 ( 2)  0.691
1683 -   0.33192 0.66808 ( 2)  0.716
1684 -   0.41031 0.58969 ( 2)  0.649
1685 -   0.35483 0.64517 ( 2)  0.697
1686 -   0.01305 0.98695 ( 2)  0.989
1687 -   0.00156 0.99844 ( 2)  0.999
1688 -   0.33298 0.66702 ( 2)  0.715
1689 -   0.06134 0.93866 ( 2)  0.948
1690 -   0.33365 0.66635 ( 2)  0.715
1691 -   0.35108 0.64892 ( 2)  0.700
1692 -   0.07604 0.92396 ( 2)  0.935
1693 -   0.09186 0.90814 ( 2)  0.921
1694 -   0.36162 0.63838 ( 2)  0.691
1695 -   0.37469 0.62531 ( 2)  0.680
1696 -   0.33982 0.66018 ( 2)  0.710
1697 -   0.34613 0.65387 ( 2)  0.704
1698 -   0.39945 0.60055 ( 2)  0.659
1699 -   0.33640 0.66360 ( 2)  0.713
1700 -   0.34613 0.65387 ( 2)  0.704
1701 -   0.33982 0.66018 ( 2)  0.710
1702 -   0.01178 0.98822 ( 2)  0.990
1703 -   0.37897 0.62103 ( 2)  0.676
1704 -   0.35757 0.64243 ( 2)  0.694
1705 -   0.37696 0.62304 ( 2)  0.678
1706 -   0.41031 0.58969 ( 2)  0.649
1707 -   0.39945 0.60055 ( 2)  0.659
1708 -   0.37897 0.62103 ( 2)  0.676
1709 -   0.35987 0.64013 ( 2)  0.692
1710 -   0.34398 0.65602 ( 2)  0.706
1711 -   0.40351 0.59649 ( 2)  0.655
1712 -   0.32842 0.67158 ( 2)  0.719
1713 -   0.36153 0.63847 ( 2)  0.691
1714 -   0.34008 0.65992 ( 2)  0.709
1715 -   0.34008 0.65992 ( 2)  0.709
1716 -   0.40351 0.59649 ( 2)  0.655
1717 -   0.41941 0.58059 ( 2)  0.642
1718 -   0.35108 0.64892 ( 2)  0.700
1719 -   0.38972 0.61028 ( 2)  0.667
1720 -   0.39945 0.60055 ( 2)  0.659
1721 -   0.38756 0.61244 ( 2)  0.669
1722 -   0.33640 0.66360 ( 2)  0.713
1723 -   0.37695 0.62305 ( 2)  0.678
1724 -   0.42030 0.57970 ( 2)  0.641
1725 -   0.40351 0.59649 ( 2)  0.655
1726 -   0.34691 0.65309 ( 2)  0.704
1727 -   0.34613 0.65387 ( 2)  0.704
1728 -   0.34627 0.65373 ( 2)  0.704
1729 -   0.07410 0.92590 ( 2)  0.937
1730 -   0.36162 0.63838 ( 2)  0.691
1731 -   0.32386 0.67614 ( 2)  0.723
1732 -   0.31618 0.68382 ( 2)  0.730
1733 -   0.07069 0.92931 ( 2)  0.940
1734 -   0.38756 0.61244 ( 2)  0.669
1735 -   0.35444 0.64556 ( 2)  0.697
1736 -   0.38094 0.61906 ( 2)  0.674
1737 -   0.31947 0.68053 ( 2)  0.727
1738 -   0.36924 0.63076 ( 2)  0.684
1739 -   0.40344 0.59656 ( 2)  0.655
1740 -   0.36162 0.63838 ( 2)  0.691
1741 -   0.38972 0.61028 ( 2)  0.667
1742 -   0.41031 0.58969 ( 2)  0.649
1743 -   0.31521 0.68479 ( 2)  0.731
1744 -   0.41031 0.58969 ( 2)  0.649
1745 -   0.32117 0.67883 ( 2)  0.726
1746 -   0.34350 0.65650 ( 2)  0.706
1747 -   0.06166 0.93834 ( 2)  0.947
1748 -   0.33982 0.66018 ( 2)  0.710
1749 -   0.40351 0.59649 ( 2)  0.655
1750 -   0.31239 0.68761 ( 2)  0.733
1751 -   0.37712 0.62288 ( 2)  0.678
1752 -   0.32699 0.67301 ( 2)  0.721
1753 -   0.40625 0.59375 ( 2)  0.653
1754 -   0.37469 0.62531 ( 2)  0.680
1755 -   0.33469 0.66531 ( 2)  0.714
1756 -   0.39945 0.60055 ( 2)  0.659
1757 -   0.01151 0.98849 ( 2)  0.990
1758 -   0.33640 0.66360 ( 2)  0.713
1759 -   0.37136 0.62864 ( 2)  0.683
1760 -   0.31300 0.68700 ( 2)  0.733
1761 -   0.39159 0.60841 ( 2)  0.665
1762 -   0.32869 0.67131 ( 2)  0.719
1763 -   0.37897 0.62103 ( 2)  0.676
1764 -   0.07894 0.92106 ( 2)  0.933
1765 -   0.35756 0.64244 ( 2)  0.694
1766 -   0.37469 0.62531 ( 2)  0.680
1767 -   0.34418 0.65582 ( 2)  0.706
1768 -   0.35444 0.64556 ( 2)  0.697
1769 -   0.37695 0.62305 ( 2)  0.678
1770 -   0.27703 0.72297 ( 2)  0.763
1771 -   0.27703 0.72297 ( 2)  0.763
1772 -   0.27703 0.72297 ( 2)  0.763
1773 -   0.27703 0.72297 ( 2)  0.763
1774 V   0.54325 0.45675 ( 1)  0.536
1775 V   0.00019 0.99981 ( 2)  1.000
1776 K   0.82051 0.17949 ( 1)  0.299
1777 -   0.00436 0.99564 ( 2)  0.996
1778 K   0.06119 0.93881 ( 2)  0.948
1779 E   0.01415 0.98585 ( 2)  0.988
1780 N   0.84296 0.15704 ( 1)  0.280
1781 K   0.27933 0.72067 ( 2)  0.761
1782 K   0.00283 0.99717 ( 2)  0.998
1783 D   0.02065 0.97935 ( 2)  0.982
1784 A   0.00001 0.99999 ( 2)  1.000
1785 L   0.00359 0.99641 ( 2)  0.997
1786 N   0.00161 0.99839 ( 2)  0.999
1787 P   0.18195 0.81805 ( 2)  0.845
1788 D   0.84404 0.15596 ( 1)  0.279
1789 S   0.24280 0.75720 ( 2)  0.793
1790 Y   0.01843 0.98157 ( 2)  0.984
1791 M   0.09518 0.90482 ( 2)  0.919
1792 K   0.18394 0.81606 ( 2)  0.843
1793 T   0.35637 0.64363 ( 2)  0.695
1794 -   0.07597 0.92403 ( 2)  0.935
1795 -   0.41486 0.58514 ( 2)  0.645
1796 -   0.34213 0.65787 ( 2)  0.708
1797 -   0.06800 0.93200 ( 2)  0.942
1798 -   0.08380 0.91620 ( 2)  0.928
1799 -   0.08391 0.91609 ( 2)  0.928
1800 -   0.07253 0.92747 ( 2)  0.938
1801 -   0.08283 0.91717 ( 2)  0.929
1802 -   0.38116 0.61884 ( 2)  0.674
1803 -   0.01220 0.98780 ( 2)  0.990
1804 -   0.35969 0.64031 ( 2)  0.693
1805 -   0.41486 0.58514 ( 2)  0.645
1806 -   0.01085 0.98915 ( 2)  0.991
1807 -   0.39944 0.60056 ( 2)  0.659
1808 S   0.00325 0.99675 ( 2)  0.997
1809 N   0.00049 0.99951 ( 2)  1.000
1810 -   0.27703 0.72297 ( 2)  0.763
1811 -   0.27703 0.72297 ( 2)  0.763
1812 -   0.27703 0.72297 ( 2)  0.763
1813 -   0.27703 0.72297 ( 2)  0.763
1814 -   0.27703 0.72297 ( 2)  0.763
1815 -   0.27703 0.72297 ( 2)  0.763
1816 -   0.27703 0.72297 ( 2)  0.763
1817 -   0.27703 0.72297 ( 2)  0.763
1818 -   0.27703 0.72297 ( 2)  0.763
1819 -   0.27703 0.72297 ( 2)  0.763
1820 -   0.27703 0.72297 ( 2)  0.763
1821 S   0.12086 0.87914 ( 2)  0.897
1822 F   0.11429 0.88571 ( 2)  0.902
1823 F   0.47928 0.52072 ( 2)  0.590
1824 -   0.27703 0.72297 ( 2)  0.763
1825 -   0.27703 0.72297 ( 2)  0.763
1826 -   0.27703 0.72297 ( 2)  0.763
1827 -   0.27703 0.72297 ( 2)  0.763
1828 -   0.27703 0.72297 ( 2)  0.763
1829 -   0.27703 0.72297 ( 2)  0.763
1830 -   0.27703 0.72297 ( 2)  0.763
1831 -   0.27703 0.72297 ( 2)  0.763
1832 -   0.27703 0.72297 ( 2)  0.763
1833 -   0.27703 0.72297 ( 2)  0.763
1834 -   0.27703 0.72297 ( 2)  0.763
1835 -   0.27703 0.72297 ( 2)  0.763
1836 -   0.27703 0.72297 ( 2)  0.763
1837 -   0.27703 0.72297 ( 2)  0.763
1838 -   0.27703 0.72297 ( 2)  0.763
1839 -   0.27703 0.72297 ( 2)  0.763
1840 -   0.27703 0.72297 ( 2)  0.763
1841 -   0.27703 0.72297 ( 2)  0.763
1842 -   0.27703 0.72297 ( 2)  0.763
1843 -   0.27703 0.72297 ( 2)  0.763
1844 -   0.27703 0.72297 ( 2)  0.763
1845 -   0.27703 0.72297 ( 2)  0.763
1846 -   0.27703 0.72297 ( 2)  0.763
1847 -   0.27703 0.72297 ( 2)  0.763
1848 -   0.27703 0.72297 ( 2)  0.763
1849 -   0.27703 0.72297 ( 2)  0.763
1850 -   0.27703 0.72297 ( 2)  0.763
1851 -   0.27703 0.72297 ( 2)  0.763
1852 -   0.27703 0.72297 ( 2)  0.763
1853 -   0.27703 0.72297 ( 2)  0.763
1854 -   0.27703 0.72297 ( 2)  0.763
1855 -   0.27703 0.72297 ( 2)  0.763
1856 -   0.27703 0.72297 ( 2)  0.763
1857 -   0.27703 0.72297 ( 2)  0.763
1858 -   0.27703 0.72297 ( 2)  0.763
1859 -   0.27703 0.72297 ( 2)  0.763
1860 -   0.27703 0.72297 ( 2)  0.763
1861 -   0.27703 0.72297 ( 2)  0.763
1862 -   0.27703 0.72297 ( 2)  0.763
1863 -   0.27703 0.72297 ( 2)  0.763
1864 -   0.27703 0.72297 ( 2)  0.763
1865 -   0.27703 0.72297 ( 2)  0.763
1866 -   0.27703 0.72297 ( 2)  0.763
1867 -   0.27703 0.72297 ( 2)  0.763
1868 -   0.27703 0.72297 ( 2)  0.763
1869 -   0.27703 0.72297 ( 2)  0.763
1870 -   0.27703 0.72297 ( 2)  0.763
1871 -   0.27703 0.72297 ( 2)  0.763
1872 -   0.27703 0.72297 ( 2)  0.763
1873 -   0.27703 0.72297 ( 2)  0.763
1874 -   0.27703 0.72297 ( 2)  0.763
1875 -   0.27703 0.72297 ( 2)  0.763
1876 -   0.27703 0.72297 ( 2)  0.763
1877 -   0.27703 0.72297 ( 2)  0.763
1878 -   0.27703 0.72297 ( 2)  0.763
1879 -   0.27703 0.72297 ( 2)  0.763
1880 -   0.27703 0.72297 ( 2)  0.763
1881 -   0.27703 0.72297 ( 2)  0.763
1882 -   0.27703 0.72297 ( 2)  0.763
1883 -   0.27703 0.72297 ( 2)  0.763
1884 -   0.27703 0.72297 ( 2)  0.763
1885 -   0.27703 0.72297 ( 2)  0.763
1886 -   0.27703 0.72297 ( 2)  0.763
1887 -   0.27703 0.72297 ( 2)  0.763
1888 -   0.27703 0.72297 ( 2)  0.763
1889 -   0.27703 0.72297 ( 2)  0.763
1890 -   0.27703 0.72297 ( 2)  0.763
1891 -   0.27703 0.72297 ( 2)  0.763
1892 -   0.27703 0.72297 ( 2)  0.763
1893 -   0.27703 0.72297 ( 2)  0.763
1894 -   0.27703 0.72297 ( 2)  0.763
1895 -   0.27703 0.72297 ( 2)  0.763
1896 -   0.27703 0.72297 ( 2)  0.763
1897 -   0.27703 0.72297 ( 2)  0.763
1898 -   0.27703 0.72297 ( 2)  0.763
1899 -   0.27703 0.72297 ( 2)  0.763
1900 -   0.27703 0.72297 ( 2)  0.763
1901 -   0.27703 0.72297 ( 2)  0.763
1902 -   0.27703 0.72297 ( 2)  0.763
1903 -   0.27703 0.72297 ( 2)  0.763
1904 -   0.27703 0.72297 ( 2)  0.763
1905 -   0.27703 0.72297 ( 2)  0.763
1906 -   0.27703 0.72297 ( 2)  0.763
1907 -   0.27703 0.72297 ( 2)  0.763
1908 -   0.27703 0.72297 ( 2)  0.763
1909 -   0.27703 0.72297 ( 2)  0.763
1910 -   0.27703 0.72297 ( 2)  0.763
1911 -   0.27703 0.72297 ( 2)  0.763
1912 -   0.27703 0.72297 ( 2)  0.763
1913 -   0.27703 0.72297 ( 2)  0.763
1914 -   0.27703 0.72297 ( 2)  0.763
1915 -   0.27703 0.72297 ( 2)  0.763
1916 -   0.27703 0.72297 ( 2)  0.763
1917 -   0.27703 0.72297 ( 2)  0.763
1918 -   0.27703 0.72297 ( 2)  0.763
1919 -   0.27703 0.72297 ( 2)  0.763
1920 -   0.27703 0.72297 ( 2)  0.763
1921 -   0.27703 0.72297 ( 2)  0.763
1922 -   0.27703 0.72297 ( 2)  0.763
1923 -   0.27703 0.72297 ( 2)  0.763
1924 -   0.27703 0.72297 ( 2)  0.763
1925 -   0.27703 0.72297 ( 2)  0.763
1926 -   0.27703 0.72297 ( 2)  0.763
1927 -   0.27703 0.72297 ( 2)  0.763
1928 -   0.27703 0.72297 ( 2)  0.763
1929 -   0.27703 0.72297 ( 2)  0.763
1930 -   0.27703 0.72297 ( 2)  0.763
1931 -   0.27703 0.72297 ( 2)  0.763
1932 -   0.27703 0.72297 ( 2)  0.763
1933 -   0.27703 0.72297 ( 2)  0.763
1934 -   0.27703 0.72297 ( 2)  0.763
1935 -   0.27703 0.72297 ( 2)  0.763
1936 -   0.27703 0.72297 ( 2)  0.763
1937 -   0.27703 0.72297 ( 2)  0.763
1938 -   0.27703 0.72297 ( 2)  0.763
1939 -   0.27703 0.72297 ( 2)  0.763
1940 -   0.27703 0.72297 ( 2)  0.763
1941 -   0.27703 0.72297 ( 2)  0.763
1942 -   0.27703 0.72297 ( 2)  0.763
1943 -   0.27703 0.72297 ( 2)  0.763
1944 -   0.27703 0.72297 ( 2)  0.763
1945 -   0.27703 0.72297 ( 2)  0.763
1946 -   0.27703 0.72297 ( 2)  0.763
1947 -   0.27703 0.72297 ( 2)  0.763
1948 -   0.27703 0.72297 ( 2)  0.763
1949 -   0.27703 0.72297 ( 2)  0.763
1950 -   0.27703 0.72297 ( 2)  0.763
1951 -   0.27703 0.72297 ( 2)  0.763
1952 -   0.27703 0.72297 ( 2)  0.763
1953 -   0.27703 0.72297 ( 2)  0.763
1954 -   0.27703 0.72297 ( 2)  0.763
1955 -   0.27703 0.72297 ( 2)  0.763
1956 -   0.27703 0.72297 ( 2)  0.763
1957 -   0.27703 0.72297 ( 2)  0.763
1958 -   0.27703 0.72297 ( 2)  0.763
1959 -   0.27703 0.72297 ( 2)  0.763
1960 -   0.27703 0.72297 ( 2)  0.763
1961 -   0.27703 0.72297 ( 2)  0.763
1962 -   0.27703 0.72297 ( 2)  0.763
1963 -   0.27703 0.72297 ( 2)  0.763
1964 -   0.27703 0.72297 ( 2)  0.763
1965 -   0.27703 0.72297 ( 2)  0.763
1966 -   0.27703 0.72297 ( 2)  0.763
1967 -   0.27703 0.72297 ( 2)  0.763
1968 -   0.27703 0.72297 ( 2)  0.763
1969 -   0.27703 0.72297 ( 2)  0.763
1970 -   0.27703 0.72297 ( 2)  0.763
1971 -   0.27703 0.72297 ( 2)  0.763
1972 -   0.27703 0.72297 ( 2)  0.763
1973 -   0.27703 0.72297 ( 2)  0.763
1974 -   0.42610 0.57390 ( 2)  0.636
1975 -   0.52678 0.47322 ( 1)  0.550
1976 -   0.07224 0.92776 ( 2)  0.938
1977 -   0.07369 0.92631 ( 2)  0.937
1978 -   0.39644 0.60356 ( 2)  0.661
1979 -   0.35236 0.64764 ( 2)  0.699
1980 -   0.06590 0.93410 ( 2)  0.944
1981 -   0.37092 0.62908 ( 2)  0.683
1982 -   0.34142 0.65858 ( 2)  0.708
1983 -   0.06842 0.93158 ( 2)  0.942
1984 -   0.07169 0.92831 ( 2)  0.939
1985 -   0.32788 0.67212 ( 2)  0.720
1986 -   0.00970 0.99030 ( 2)  0.992
1987 -   0.06852 0.93148 ( 2)  0.941
1988 -   0.34189 0.65811 ( 2)  0.708
1989 -   0.06576 0.93424 ( 2)  0.944
1990 -   0.43943 0.56057 ( 2)  0.624
1991 -   0.34189 0.65811 ( 2)  0.708
1992 -   0.36078 0.63922 ( 2)  0.692
1993 -   0.39089 0.60911 ( 2)  0.666
1994 -   0.34759 0.65241 ( 2)  0.703
1995 -   0.36078 0.63922 ( 2)  0.692
1996 -   0.06533 0.93467 ( 2)  0.944
1997 -   0.37146 0.62854 ( 2)  0.683
1998 -   0.37222 0.62778 ( 2)  0.682
1999 -   0.33864 0.66136 ( 2)  0.711
2000 -   0.06938 0.93062 ( 2)  0.941
2001 -   0.07084 0.92916 ( 2)  0.939
2002 -   0.38813 0.61187 ( 2)  0.668
2003 -   0.08430 0.91570 ( 2)  0.928
2004 -   0.41603 0.58397 ( 2)  0.644
2005 -   0.08458 0.91542 ( 2)  0.928
2006 -   0.34870 0.65130 ( 2)  0.702
2007 -   0.06660 0.93340 ( 2)  0.943
2008 -   0.36078 0.63922 ( 2)  0.692
2009 -   0.37690 0.62310 ( 2)  0.678
2010 -   0.39089 0.60911 ( 2)  0.666
2011 -   0.52631 0.47369 ( 1)  0.550
2012 -   0.49002 0.50998 ( 2)  0.581
2013 -   0.08295 0.91705 ( 2)  0.929
2014 -   0.33860 0.66140 ( 2)  0.711
2015 -   0.07610 0.92390 ( 2)  0.935
2016 -   0.08243 0.91757 ( 2)  0.930
2017 -   0.01027 0.98973 ( 2)  0.991
2018 -   0.41007 0.58993 ( 2)  0.650
2019 -   0.00900 0.99100 ( 2)  0.992
2020 -   0.37655 0.62345 ( 2)  0.678
2021 -   0.39814 0.60186 ( 2)  0.660
2022 -   0.07153 0.92847 ( 2)  0.939
2023 -   0.37222 0.62778 ( 2)  0.682
2024 -   0.07900 0.92100 ( 2)  0.932
2025 -   0.06429 0.93571 ( 2)  0.945
2026 -   0.06347 0.93653 ( 2)  0.946
2027 -   0.06457 0.93543 ( 2)  0.945
2028 -   0.07489 0.92511 ( 2)  0.936
2029 -   0.01045 0.98955 ( 2)  0.991
2030 -   0.34383 0.65617 ( 2)  0.706
2031 -   0.00188 0.99812 ( 2)  0.998
2032 -   0.01103 0.98897 ( 2)  0.991
2033 -   0.35147 0.64853 ( 2)  0.700
2034 -   0.07232 0.92768 ( 2)  0.938
2035 -   0.01298 0.98702 ( 2)  0.989
2036 -   0.01006 0.98994 ( 2)  0.991
2037 -   0.00997 0.99003 ( 2)  0.991
2038 -   0.06699 0.93301 ( 2)  0.943
2039 -   0.37146 0.62854 ( 2)  0.683
2040 -   0.07336 0.92664 ( 2)  0.937
2041 -   0.33864 0.66136 ( 2)  0.711
2042 -   0.33097 0.66903 ( 2)  0.717
2043 -   0.01200 0.98800 ( 2)  0.990
2044 -   0.07290 0.92710 ( 2)  0.938
2045 -   0.27874 0.72126 ( 2)  0.762
2046 -   0.27866 0.72134 ( 2)  0.762
2047 -   0.27826 0.72174 ( 2)  0.762
2048 -   0.27851 0.72149 ( 2)  0.762
2049 -   0.27806 0.72194 ( 2)  0.762
2050 -   0.27792 0.72208 ( 2)  0.762
2051 -   0.27801 0.72199 ( 2)  0.762
2052 -   0.27792 0.72208 ( 2)  0.762
2053 -   0.27874 0.72126 ( 2)  0.762
2054 -   0.27826 0.72174 ( 2)  0.762
2055 -   0.27792 0.72208 ( 2)  0.762
2056 -   0.27885 0.72115 ( 2)  0.762
2057 -   0.27812 0.72188 ( 2)  0.762
2058 -   0.27885 0.72115 ( 2)  0.762
2059 -   0.27777 0.72223 ( 2)  0.763
2060 -   0.27885 0.72115 ( 2)  0.762
2061 -   0.27779 0.72221 ( 2)  0.763
2062 -   0.27798 0.72202 ( 2)  0.762
2063 -   0.27866 0.72134 ( 2)  0.762
2064 -   0.27824 0.72176 ( 2)  0.762
2065 -   0.27861 0.72139 ( 2)  0.762
2066 -   0.27801 0.72199 ( 2)  0.762
2067 -   0.27806 0.72194 ( 2)  0.762
2068 -   0.27779 0.72221 ( 2)  0.763
2069 -   0.27814 0.72186 ( 2)  0.762
2070 -   0.27780 0.72220 ( 2)  0.763
2071 -   0.27773 0.72227 ( 2)  0.763
2072 -   0.27847 0.72153 ( 2)  0.762
2073 -   0.27792 0.72208 ( 2)  0.762
2074 -   0.27808 0.72192 ( 2)  0.762
2075 -   0.27847 0.72153 ( 2)  0.762
2076 -   0.27750 0.72250 ( 2)  0.763
2077 -   0.27798 0.72202 ( 2)  0.762
2078 -   0.27815 0.72185 ( 2)  0.762
2079 -   0.27824 0.72176 ( 2)  0.762
2080 -   0.27808 0.72192 ( 2)  0.762
2081 -   0.27885 0.72115 ( 2)  0.762
2082 -   0.27762 0.72238 ( 2)  0.763
2083 -   0.27777 0.72223 ( 2)  0.763
2084 -   0.27815 0.72185 ( 2)  0.762
2085 -   0.27762 0.72238 ( 2)  0.763
2086 -   0.27834 0.72166 ( 2)  0.762
2087 -   0.27885 0.72115 ( 2)  0.762
2088 -   0.27777 0.72223 ( 2)  0.763
2089 -   0.27798 0.72202 ( 2)  0.762
2090 -   0.27834 0.72166 ( 2)  0.762
2091 -   0.27847 0.72153 ( 2)  0.762
2092 -   0.27779 0.72221 ( 2)  0.763
2093 -   0.27759 0.72241 ( 2)  0.763
2094 -   0.27808 0.72192 ( 2)  0.762
2095 -   0.27830 0.72170 ( 2)  0.762
2096 -   0.27759 0.72241 ( 2)  0.763
2097 -   0.27752 0.72248 ( 2)  0.763
2098 -   0.27806 0.72194 ( 2)  0.762
2099 -   0.27834 0.72166 ( 2)  0.762
2100 -   0.27874 0.72126 ( 2)  0.762
2101 -   0.27779 0.72221 ( 2)  0.763
2102 -   0.27851 0.72149 ( 2)  0.762
2103 -   0.27754 0.72246 ( 2)  0.763
2104 -   0.27874 0.72126 ( 2)  0.762
2105 -   0.27777 0.72223 ( 2)  0.763
2106 -   0.27885 0.72115 ( 2)  0.762
2107 -   0.27777 0.72223 ( 2)  0.763
2108 -   0.27874 0.72126 ( 2)  0.762
2109 -   0.27866 0.72134 ( 2)  0.762
2110 -   0.27805 0.72195 ( 2)  0.762
2111 -   0.27759 0.72241 ( 2)  0.763
2112 -   0.27847 0.72153 ( 2)  0.762
2113 -   0.27866 0.72134 ( 2)  0.762
2114 -   0.27866 0.72134 ( 2)  0.762
2115 -   0.27774 0.72226 ( 2)  0.763
2116 -   0.27793 0.72207 ( 2)  0.762
2117 -   0.27777 0.72223 ( 2)  0.763
2118 -   0.27830 0.72170 ( 2)  0.762
2119 -   0.27814 0.72186 ( 2)  0.762
2120 -   0.27762 0.72238 ( 2)  0.763
2121 -   0.27765 0.72235 ( 2)  0.763
2122 -   0.27866 0.72134 ( 2)  0.762
2123 -   0.27795 0.72205 ( 2)  0.762
2124 -   0.27885 0.72115 ( 2)  0.762
2125 -   0.27795 0.72205 ( 2)  0.762
2126 -   0.27779 0.72221 ( 2)  0.763
2127 -   0.27874 0.72126 ( 2)  0.762
2128 -   0.27834 0.72166 ( 2)  0.762
2129 -   0.27847 0.72153 ( 2)  0.762
2130 -   0.27866 0.72134 ( 2)  0.762
2131 -   0.27798 0.72202 ( 2)  0.762
2132 -   0.27787 0.72213 ( 2)  0.763
2133 -   0.27836 0.72164 ( 2)  0.762
2134 -   0.27788 0.72212 ( 2)  0.763
2135 -   0.27834 0.72166 ( 2)  0.762
2136 -   0.27773 0.72227 ( 2)  0.763
2137 -   0.27874 0.72126 ( 2)  0.762
2138 -   0.27824 0.72176 ( 2)  0.762
2139 -   0.27824 0.72176 ( 2)  0.762
2140 -   0.27874 0.72126 ( 2)  0.762
2141 -   0.27834 0.72166 ( 2)  0.762
2142 -   0.27885 0.72115 ( 2)  0.762
2143 -   0.27787 0.72213 ( 2)  0.763
2144 -   0.27810 0.72190 ( 2)  0.762
2145 -   0.27784 0.72216 ( 2)  0.763
2146 -   0.27847 0.72153 ( 2)  0.762
2147 -   0.27795 0.72205 ( 2)  0.762
2148 -   0.27805 0.72195 ( 2)  0.762
2149 -   0.27803 0.72197 ( 2)  0.762
2150 -   0.27866 0.72134 ( 2)  0.762
2151 -   0.27830 0.72170 ( 2)  0.762
2152 -   0.27866 0.72134 ( 2)  0.762
2153 -   0.27773 0.72227 ( 2)  0.763
2154 -   0.27773 0.72227 ( 2)  0.763
2155 -   0.27754 0.72246 ( 2)  0.763
2156 -   0.27836 0.72164 ( 2)  0.762
2157 -   0.27874 0.72126 ( 2)  0.762
2158 -   0.27806 0.72194 ( 2)  0.762
2159 -   0.27773 0.72227 ( 2)  0.763
2160 -   0.27838 0.72162 ( 2)  0.762
2161 -   0.27806 0.72194 ( 2)  0.762
2162 -   0.27838 0.72162 ( 2)  0.762
2163 -   0.27780 0.72220 ( 2)  0.763
2164 -   0.27874 0.72126 ( 2)  0.762
2165 -   0.27824 0.72176 ( 2)  0.762
2166 -   0.27834 0.72166 ( 2)  0.762
2167 -   0.27773 0.72227 ( 2)  0.763
2168 -   0.27815 0.72185 ( 2)  0.762
2169 -   0.27798 0.72202 ( 2)  0.762
2170 -   0.27812 0.72188 ( 2)  0.762
2171 -   0.27834 0.72166 ( 2)  0.762
2172 -   0.27806 0.72194 ( 2)  0.762
2173 -   0.27828 0.72172 ( 2)  0.762
2174 -   0.27792 0.72208 ( 2)  0.762
2175 -   0.27885 0.72115 ( 2)  0.762
2176 -   0.27758 0.72242 ( 2)  0.763
2177 -   0.27849 0.72151 ( 2)  0.762
2178 -   0.27788 0.72212 ( 2)  0.763
2179 -   0.27795 0.72205 ( 2)  0.762
2180 -   0.27783 0.72217 ( 2)  0.763
2181 -   0.27755 0.72245 ( 2)  0.763
2182 -   0.27861 0.72139 ( 2)  0.762
2183 -   0.27783 0.72217 ( 2)  0.763
2184 -   0.27773 0.72227 ( 2)  0.763
2185 -   0.27757 0.72243 ( 2)  0.763
2186 -   0.27866 0.72134 ( 2)  0.762
2187 -   0.27836 0.72164 ( 2)  0.762
2188 -   0.27770 0.72230 ( 2)  0.763
2189 -   0.27777 0.72223 ( 2)  0.763
2190 -   0.27773 0.72227 ( 2)  0.763
2191 -   0.27779 0.72221 ( 2)  0.763
2192 -   0.27759 0.72241 ( 2)  0.763
2193 -   0.27795 0.72205 ( 2)  0.762
2194 -   0.27773 0.72227 ( 2)  0.763
2195 -   0.27866 0.72134 ( 2)  0.762
2196 -   0.27795 0.72205 ( 2)  0.762
2197 -   0.27792 0.72208 ( 2)  0.762
2198 -   0.27805 0.72195 ( 2)  0.762
2199 -   0.27826 0.72174 ( 2)  0.762
2200 -   0.27767 0.72233 ( 2)  0.763
2201 -   0.27834 0.72166 ( 2)  0.762
2202 -   0.27885 0.72115 ( 2)  0.762
2203 -   0.27824 0.72176 ( 2)  0.762
2204 -   0.27806 0.72194 ( 2)  0.762
2205 -   0.27779 0.72221 ( 2)  0.763
2206 -   0.27808 0.72192 ( 2)  0.762
2207 -   0.27830 0.72170 ( 2)  0.762
2208 -   0.27757 0.72243 ( 2)  0.763
2209 -   0.27828 0.72172 ( 2)  0.762
2210 -   0.27874 0.72126 ( 2)  0.762
2211 -   0.27861 0.72139 ( 2)  0.762
2212 -   0.27805 0.72195 ( 2)  0.762
2213 -   0.27861 0.72139 ( 2)  0.762
2214 -   0.27834 0.72166 ( 2)  0.762
2215 -   0.27815 0.72185 ( 2)  0.762
2216 -   0.27777 0.72223 ( 2)  0.763
2217 -   0.27834 0.72166 ( 2)  0.762
2218 -   0.27806 0.72194 ( 2)  0.762
2219 -   0.27861 0.72139 ( 2)  0.762
2220 -   0.27810 0.72190 ( 2)  0.762
2221 -   0.27763 0.72237 ( 2)  0.763
2222 -   0.27761 0.72239 ( 2)  0.763
2223 -   0.27779 0.72221 ( 2)  0.763
2224 -   0.27801 0.72199 ( 2)  0.762
2225 -   0.27815 0.72185 ( 2)  0.762
2226 -   0.27874 0.72126 ( 2)  0.762
2227 -   0.27866 0.72134 ( 2)  0.762
2228 -   0.27874 0.72126 ( 2)  0.762
2229 -   0.27787 0.72213 ( 2)  0.763
2230 -   0.27795 0.72205 ( 2)  0.762
2231 -   0.27861 0.72139 ( 2)  0.762
2232 -   0.27783 0.72217 ( 2)  0.763
2233 -   0.27795 0.72205 ( 2)  0.762
2234 -   0.27787 0.72213 ( 2)  0.763
2235 -   0.27885 0.72115 ( 2)  0.762
2236 -   0.27836 0.72164 ( 2)  0.762
2237 -   0.27793 0.72207 ( 2)  0.762
2238 -   0.27834 0.72166 ( 2)  0.762
2239 -   0.27703 0.72297 ( 2)  0.763
2240 -   0.27703 0.72297 ( 2)  0.763
2241 -   0.27703 0.72297 ( 2)  0.763
2242 -   0.27703 0.72297 ( 2)  0.763
2243 -   0.27703 0.72297 ( 2)  0.763
2244 -   0.27874 0.72126 ( 2)  0.762
2245 -   0.27861 0.72139 ( 2)  0.762
2246 -   0.27795 0.72205 ( 2)  0.762
2247 -   0.27812 0.72188 ( 2)  0.762
2248 -   0.27849 0.72151 ( 2)  0.762
2249 -   0.27874 0.72126 ( 2)  0.762
2250 -   0.27750 0.72250 ( 2)  0.763
2251 -   0.27815 0.72185 ( 2)  0.762
2252 -   0.27788 0.72212 ( 2)  0.763
2253 -   0.27770 0.72230 ( 2)  0.763
2254 -   0.27866 0.72134 ( 2)  0.762
2255 -   0.27885 0.72115 ( 2)  0.762
2256 -   0.27801 0.72199 ( 2)  0.762
2257 -   0.27849 0.72151 ( 2)  0.762
2258 -   0.27861 0.72139 ( 2)  0.762
2259 -   0.27847 0.72153 ( 2)  0.762
2260 -   0.27783 0.72217 ( 2)  0.763
2261 -   0.27812 0.72188 ( 2)  0.762
2262 -   0.27885 0.72115 ( 2)  0.762
2263 -   0.27866 0.72134 ( 2)  0.762
2264 -   0.27836 0.72164 ( 2)  0.762
2265 -   0.27795 0.72205 ( 2)  0.762
2266 -   0.27795 0.72205 ( 2)  0.762
2267 -   0.27788 0.72212 ( 2)  0.763
2268 -   0.27814 0.72186 ( 2)  0.762
2269 -   0.27767 0.72233 ( 2)  0.763
2270 -   0.27757 0.72243 ( 2)  0.763
2271 -   0.27792 0.72208 ( 2)  0.762
2272 -   0.27847 0.72153 ( 2)  0.762
2273 -   0.27785 0.72215 ( 2)  0.763
2274 -   0.27838 0.72162 ( 2)  0.762
2275 -   0.27761 0.72239 ( 2)  0.763
2276 -   0.27824 0.72176 ( 2)  0.762
2277 -   0.27866 0.72134 ( 2)  0.762
2278 -   0.27792 0.72208 ( 2)  0.762
2279 -   0.27849 0.72151 ( 2)  0.762
2280 -   0.27874 0.72126 ( 2)  0.762
2281 -   0.27778 0.72222 ( 2)  0.763
2282 -   0.27874 0.72126 ( 2)  0.762
2283 -   0.27763 0.72237 ( 2)  0.763
2284 -   0.27806 0.72194 ( 2)  0.762
2285 -   0.27750 0.72250 ( 2)  0.763
2286 -   0.27787 0.72213 ( 2)  0.763
2287 -   0.27824 0.72176 ( 2)  0.762
2288 -   0.27757 0.72243 ( 2)  0.763
2289 -   0.27834 0.72166 ( 2)  0.762
2290 -   0.27793 0.72207 ( 2)  0.762
2291 -   0.27847 0.72153 ( 2)  0.762
2292 -   0.27830 0.72170 ( 2)  0.762
2293 -   0.27824 0.72176 ( 2)  0.762
2294 -   0.27826 0.72174 ( 2)  0.762
2295 -   0.27838 0.72162 ( 2)  0.762
2296 -   0.27738 0.72262 ( 2)  0.763
2297 -   0.27777 0.72223 ( 2)  0.763
2298 -   0.27757 0.72243 ( 2)  0.763
2299 -   0.27851 0.72149 ( 2)  0.762
2300 -   0.27759 0.72241 ( 2)  0.763
2301 -   0.27836 0.72164 ( 2)  0.762
2302 -   0.27828 0.72172 ( 2)  0.762
2303 -   0.27793 0.72207 ( 2)  0.762
2304 -   0.27830 0.72170 ( 2)  0.762
2305 -   0.27770 0.72230 ( 2)  0.763
2306 -   0.27806 0.72194 ( 2)  0.762
2307 -   0.27834 0.72166 ( 2)  0.762
2308 -   0.27785 0.72215 ( 2)  0.763
2309 -   0.27806 0.72194 ( 2)  0.762
2310 -   0.27834 0.72166 ( 2)  0.762
2311 -   0.27784 0.72216 ( 2)  0.763
2312 -   0.27812 0.72188 ( 2)  0.762
2313 -   0.27874 0.72126 ( 2)  0.762
2314 -   0.27808 0.72192 ( 2)  0.762
2315 -   0.27861 0.72139 ( 2)  0.762
2316 -   0.27861 0.72139 ( 2)  0.762
2317 -   0.27801 0.72199 ( 2)  0.762
2318 -   0.27847 0.72153 ( 2)  0.762
2319 -   0.27763 0.72237 ( 2)  0.763
2320 -   0.27861 0.72139 ( 2)  0.762
2321 -   0.27773 0.72227 ( 2)  0.763
2322 -   0.27849 0.72151 ( 2)  0.762
2323 -   0.27779 0.72221 ( 2)  0.763
2324 -   0.27788 0.72212 ( 2)  0.763
2325 -   0.27885 0.72115 ( 2)  0.762
2326 -   0.27866 0.72134 ( 2)  0.762
2327 -   0.27815 0.72185 ( 2)  0.762
2328 -   0.27779 0.72221 ( 2)  0.763
2329 -   0.27780 0.72220 ( 2)  0.763
2330 -   0.27824 0.72176 ( 2)  0.762
2331 -   0.27758 0.72242 ( 2)  0.763
2332 -   0.27759 0.72241 ( 2)  0.763
2333 -   0.27773 0.72227 ( 2)  0.763
2334 -   0.27770 0.72230 ( 2)  0.763
2335 -   0.27874 0.72126 ( 2)  0.762
2336 -   0.27777 0.72223 ( 2)  0.763
2337 -   0.27814 0.72186 ( 2)  0.762
2338 -   0.27750 0.72250 ( 2)  0.763
2339 -   0.27809 0.72191 ( 2)  0.762
2340 -   0.27704 0.72296 ( 2)  0.763
2341 -   0.27703 0.72297 ( 2)  0.763
2342 -   0.27703 0.72297 ( 2)  0.763
2343 -   0.27703 0.72297 ( 2)  0.763
2344 -   0.27703 0.72297 ( 2)  0.763
2345 -   0.27703 0.72297 ( 2)  0.763
2346 -   0.27770 0.72230 ( 2)  0.763
2347 -   0.27761 0.72239 ( 2)  0.763
2348 -   0.05289 0.94711 ( 2)  0.955
2349 -   0.27883 0.72117 ( 2)  0.762
2350 -   0.27772 0.72228 ( 2)  0.763
2351 -   0.27778 0.72222 ( 2)  0.763
2352 -   0.27809 0.72191 ( 2)  0.762
2353 -   0.27884 0.72116 ( 2)  0.762
2354 -   0.27703 0.72297 ( 2)  0.763
2355 -   0.27703 0.72297 ( 2)  0.763
2356 -   0.27703 0.72297 ( 2)  0.763
2357 -   0.27703 0.72297 ( 2)  0.763
2358 -   0.27703 0.72297 ( 2)  0.763
2359 -   0.27703 0.72297 ( 2)  0.763
2360 -   0.27703 0.72297 ( 2)  0.763
2361 -   0.27703 0.72297 ( 2)  0.763
2362 -   0.27703 0.72297 ( 2)  0.763
2363 -   0.27703 0.72297 ( 2)  0.763
2364 -   0.27703 0.72297 ( 2)  0.763
2365 -   0.27703 0.72297 ( 2)  0.763
2366 -   0.27703 0.72297 ( 2)  0.763
2367 -   0.27703 0.72297 ( 2)  0.763
2368 -   0.27703 0.72297 ( 2)  0.763
2369 -   0.27703 0.72297 ( 2)  0.763


lnL = -18264.890263

