Supplemental results for CODEML (seqf: algn  treef: tree)


dN/dS (w) for site classes (K=3)

p:   0.77907  0.21140  0.00953
w:   0.06538  1.00000  5.62860

Naive Empirical Bayes (NEB) probabilities for 3 classes & postmean_w & P(w>1)
(amino acids refer to 1st sequence: aotNan_RSAD2_XM_012441946)

   1 -   0.77907 0.21140 0.00953 ( 1)  0.316  0.010
   2 -   0.77907 0.21140 0.00953 ( 1)  0.316  0.010
   3 -   0.77907 0.21140 0.00953 ( 1)  0.316  0.010
   4 -   0.77907 0.21140 0.00953 ( 1)  0.316  0.010
   5 -   0.77907 0.21140 0.00953 ( 1)  0.316  0.010
   6 -   0.77907 0.21140 0.00953 ( 1)  0.316  0.010
   7 -   0.77907 0.21140 0.00953 ( 1)  0.316  0.010
   8 -   0.77907 0.21140 0.00953 ( 1)  0.316  0.010
   9 -   0.77907 0.21140 0.00953 ( 1)  0.316  0.010
  10 -   0.77907 0.21140 0.00953 ( 1)  0.316  0.010
  11 -   0.77907 0.21140 0.00953 ( 1)  0.316  0.010
  12 -   0.77907 0.21140 0.00953 ( 1)  0.316  0.010
  13 -   0.77907 0.21140 0.00953 ( 1)  0.316  0.010
  14 -   0.77907 0.21140 0.00953 ( 1)  0.316  0.010
  15 -   0.77907 0.21140 0.00953 ( 1)  0.316  0.010
  16 -   0.77907 0.21140 0.00953 ( 1)  0.316  0.010
  17 -   0.77907 0.21140 0.00953 ( 1)  0.316  0.010
  18 -   0.77907 0.21140 0.00953 ( 1)  0.316  0.010
  19 -   0.77907 0.21140 0.00953 ( 1)  0.316  0.010
  20 -   0.77907 0.21140 0.00953 ( 1)  0.316  0.010
  21 -   0.77907 0.21140 0.00953 ( 1)  0.316  0.010
  22 -   0.77907 0.21140 0.00953 ( 1)  0.316  0.010
  23 -   0.77907 0.21140 0.00953 ( 1)  0.316  0.010
  24 -   0.77907 0.21140 0.00953 ( 1)  0.316  0.010
  25 -   0.77907 0.21140 0.00953 ( 1)  0.316  0.010
  26 -   0.77907 0.21140 0.00953 ( 1)  0.316  0.010
  27 -   0.77907 0.21140 0.00953 ( 1)  0.316  0.010
  28 -   0.77907 0.21140 0.00953 ( 1)  0.316  0.010
  29 -   0.77907 0.21140 0.00953 ( 1)  0.316  0.010
  30 -   0.77907 0.21140 0.00953 ( 1)  0.316  0.010
  31 -   0.77907 0.21140 0.00953 ( 1)  0.316  0.010
  32 -   0.77907 0.21140 0.00953 ( 1)  0.316  0.010
  33 -   0.77907 0.21140 0.00953 ( 1)  0.316  0.010
  34 -   0.77907 0.21140 0.00953 ( 1)  0.316  0.010
  35 -   0.77907 0.21140 0.00953 ( 1)  0.316  0.010
  36 -   0.77907 0.21140 0.00953 ( 1)  0.316  0.010
  37 -   0.77907 0.21140 0.00953 ( 1)  0.316  0.010
  38 -   0.77907 0.21140 0.00953 ( 1)  0.316  0.010
  39 -   0.77907 0.21140 0.00953 ( 1)  0.316  0.010
  40 -   0.77907 0.21140 0.00953 ( 1)  0.316  0.010
  41 -   0.77907 0.21140 0.00953 ( 1)  0.316  0.010
  42 -   0.77907 0.21140 0.00953 ( 1)  0.316  0.010
  43 -   0.77907 0.21140 0.00953 ( 1)  0.316  0.010
  44 -   0.77907 0.21140 0.00953 ( 1)  0.316  0.010
  45 -   0.77907 0.21140 0.00953 ( 1)  0.316  0.010
  46 -   0.77907 0.21140 0.00953 ( 1)  0.316  0.010
  47 -   0.77907 0.21140 0.00953 ( 1)  0.316  0.010
  48 -   0.77907 0.21140 0.00953 ( 1)  0.316  0.010
  49 -   0.77907 0.21140 0.00953 ( 1)  0.316  0.010
  50 -   0.77907 0.21140 0.00953 ( 1)  0.316  0.010
  51 -   0.77907 0.21140 0.00953 ( 1)  0.316  0.010
  52 -   0.77907 0.21140 0.00953 ( 1)  0.316  0.010
  53 -   0.77907 0.21140 0.00953 ( 1)  0.316  0.010
  54 -   0.77907 0.21140 0.00953 ( 1)  0.316  0.010
  55 -   0.77907 0.21140 0.00953 ( 1)  0.316  0.010
  56 -   0.77907 0.21140 0.00953 ( 1)  0.316  0.010
  57 -   0.77907 0.21140 0.00953 ( 1)  0.316  0.010
  58 -   0.77907 0.21140 0.00953 ( 1)  0.316  0.010
  59 -   0.77907 0.21140 0.00953 ( 1)  0.316  0.010
  60 -   0.77907 0.21140 0.00953 ( 1)  0.316  0.010
  61 -   0.77907 0.21140 0.00953 ( 1)  0.316  0.010
  62 -   0.77907 0.21140 0.00953 ( 1)  0.316  0.010
  63 -   0.77907 0.21140 0.00953 ( 1)  0.316  0.010
  64 -   0.77907 0.21140 0.00953 ( 1)  0.316  0.010
  65 -   0.77907 0.21140 0.00953 ( 1)  0.316  0.010
  66 -   0.77907 0.21140 0.00953 ( 1)  0.316  0.010
  67 -   0.77907 0.21140 0.00953 ( 1)  0.316  0.010
  68 -   0.77907 0.21140 0.00953 ( 1)  0.316  0.010
  69 -   0.77907 0.21140 0.00953 ( 1)  0.316  0.010
  70 -   0.77907 0.21140 0.00953 ( 1)  0.316  0.010
  71 -   0.77907 0.21140 0.00953 ( 1)  0.316  0.010
  72 -   0.77907 0.21140 0.00953 ( 1)  0.316  0.010
  73 -   0.77907 0.21140 0.00953 ( 1)  0.316  0.010
  74 -   0.77907 0.21140 0.00953 ( 1)  0.316  0.010
  75 -   0.77907 0.21140 0.00953 ( 1)  0.316  0.010
  76 -   0.77907 0.21140 0.00953 ( 1)  0.316  0.010
  77 -   0.77907 0.21140 0.00953 ( 1)  0.316  0.010
  78 -   0.77907 0.21140 0.00953 ( 1)  0.316  0.010
  79 -   0.77907 0.21140 0.00953 ( 1)  0.316  0.010
  80 -   0.77907 0.21140 0.00953 ( 1)  0.316  0.010
  81 -   0.77907 0.21140 0.00953 ( 1)  0.316  0.010
  82 -   0.77907 0.21140 0.00953 ( 1)  0.316  0.010
  83 -   0.77907 0.21140 0.00953 ( 1)  0.316  0.010
  84 -   0.77907 0.21140 0.00953 ( 1)  0.316  0.010
  85 -   0.77907 0.21140 0.00953 ( 1)  0.316  0.010
  86 -   0.77907 0.21140 0.00953 ( 1)  0.316  0.010
  87 -   0.77907 0.21140 0.00953 ( 1)  0.316  0.010
  88 -   0.77907 0.21140 0.00953 ( 1)  0.316  0.010
  89 -   0.82196 0.17506 0.00298 ( 1)  0.246  0.003
  90 -   0.81547 0.18095 0.00358 ( 1)  0.254  0.004
  91 -   0.80857 0.18729 0.00414 ( 1)  0.263  0.004
  92 M   0.99377 0.00623 0.00000 ( 1)  0.071  0.000
  93 W   0.94222 0.05778 0.00000 ( 1)  0.119  0.000
  94 V   0.08293 0.91675 0.00032 ( 2)  0.924  0.000
  95 L   0.95395 0.04605 0.00000 ( 1)  0.108  0.000
  96 T   0.00035 0.99326 0.00639 ( 2)  1.029  0.006
  97 P   0.93966 0.06033 0.00000 ( 1)  0.122  0.000
  98 A   0.00445 0.97724 0.01831 ( 2)  1.081  0.018
  99 A   0.08895 0.91054 0.00050 ( 2)  0.919  0.001
 100 F   0.96168 0.03832 0.00000 ( 1)  0.101  0.000
 101 P   0.09222 0.90745 0.00033 ( 2)  0.915  0.000
 102 G   0.80341 0.19659 0.00000 ( 1)  0.249  0.000
 103 K   0.98990 0.01010 0.00000 ( 1)  0.075  0.000
 104 L   0.00001 0.62977 0.37022 ( 2)  2.714  0.370
 105 L   0.93199 0.06800 0.00001 ( 1)  0.129  0.000
 106 S   0.98072 0.01928 0.00000 ( 1)  0.083  0.000
 107 V   0.00040 0.99347 0.00613 ( 2)  1.028  0.006
 108 L   0.10158 0.89813 0.00029 ( 2)  0.906  0.000
 109 S   0.22089 0.77909 0.00002 ( 2)  0.794  0.000
 110 L   0.06478 0.93190 0.00332 ( 2)  0.955  0.003
 111 P   0.93466 0.06534 0.00001 ( 1)  0.126  0.000
 112 L   0.93230 0.06769 0.00001 ( 1)  0.129  0.000
 113 S   0.13256 0.86740 0.00004 ( 2)  0.876  0.000
 114 S   0.47648 0.52325 0.00027 ( 2)  0.556  0.000
 115 L   0.93152 0.06846 0.00001 ( 1)  0.129  0.000
 116 W   0.94222 0.05778 0.00000 ( 1)  0.119  0.000
 117 R   0.23452 0.76547 0.00001 ( 2)  0.781  0.000
 118 S   0.76039 0.23961 0.00000 ( 1)  0.289  0.000
 119 L   0.93326 0.06674 0.00001 ( 1)  0.128  0.000
 120 V   0.97198 0.02802 0.00000 ( 1)  0.092  0.000
 121 L   0.00417 0.98201 0.01382 ( 2)  1.060  0.014
 122 L   0.93195 0.06804 0.00001 ( 1)  0.129  0.000
 123 F   0.00493 0.99149 0.00359 ( 2)  1.012  0.004
 124 C   0.62276 0.37722 0.00002 ( 1)  0.418  0.000
 125 W   0.94222 0.05778 0.00000 ( 1)  0.119  0.000
 126 L   0.93373 0.06626 0.00001 ( 1)  0.127  0.000
 127 R   0.24546 0.75453 0.00001 ( 2)  0.771  0.000
 128 A   0.55277 0.44716 0.00007 ( 1)  0.484  0.000
 129 T   0.00589 0.98931 0.00480 ( 2)  1.017  0.005
 130 F   0.58936 0.41057 0.00006 ( 1)  0.449  0.000
 131 W   0.51549 0.48437 0.00014 ( 1)  0.519  0.000
 132 L   0.47034 0.52890 0.00076 ( 2)  0.564  0.001
 133 P   0.00255 0.92295 0.07450 ( 2)  1.342  0.075
 134 G   0.70742 0.29253 0.00005 ( 1)  0.339  0.000
 135 I   0.00747 0.99125 0.00128 ( 2)  0.999  0.001
 136 K   0.01638 0.98342 0.00021 ( 2)  0.986  0.000
 137 R   0.23286 0.76712 0.00001 ( 2)  0.782  0.000
 138 T   0.00000 0.39413 0.60587 ( 3)  3.804  0.606
 139 -   0.77907 0.21140 0.00953 ( 1)  0.316  0.010
 140 -   0.77907 0.21140 0.00953 ( 1)  0.316  0.010
 141 -   0.77907 0.21140 0.00953 ( 1)  0.316  0.010
 142 -   0.77907 0.21140 0.00953 ( 1)  0.316  0.010
 143 -   0.77907 0.21140 0.00953 ( 1)  0.316  0.010
 144 -   0.77907 0.21140 0.00953 ( 1)  0.316  0.010
 145 -   0.77907 0.21140 0.00953 ( 1)  0.316  0.010
 146 -   0.77907 0.21140 0.00953 ( 1)  0.316  0.010
 147 -   0.77907 0.21140 0.00953 ( 1)  0.316  0.010
 148 K   0.74421 0.25579 0.00000 ( 1)  0.304  0.000
 149 K   0.11278 0.88707 0.00015 ( 2)  0.895  0.000
 150 Q   0.08313 0.91616 0.00071 ( 2)  0.926  0.001
 151 L   0.53026 0.46945 0.00028 ( 1)  0.506  0.000
 152 V   0.10090 0.89841 0.00069 ( 2)  0.909  0.001
 153 P   0.00000 0.04896 0.95104 ( 3)  5.402  0.951
 154 R   0.10491 0.89486 0.00023 ( 2)  0.903  0.000
 155 E   0.86220 0.13780 0.00000 ( 1)  0.194  0.000
 156 P   0.92378 0.07621 0.00001 ( 1)  0.137  0.000
 157 D   0.00046 0.99463 0.00491 ( 2)  1.022  0.005
 158 K   0.25715 0.74282 0.00003 ( 2)  0.760  0.000
 159 T   0.00617 0.98997 0.00387 ( 2)  1.012  0.004
 160 K   0.00059 0.99415 0.00526 ( 2)  1.024  0.005
 161 E   0.85316 0.14684 0.00000 ( 1)  0.203  0.000
 162 E   0.81830 0.18170 0.00000 ( 1)  0.235  0.000
 163 -   0.94582 0.05405 0.00013 ( 1)  0.117  0.000
 164 E   0.13426 0.86562 0.00012 ( 2)  0.875  0.000
 165 E   0.85630 0.14370 0.00000 ( 1)  0.200  0.000
 166 D   0.98825 0.01175 0.00000 ( 1)  0.076  0.000
 167 P   0.08089 0.91448 0.00463 ( 2)  0.946  0.005
 168 P   0.00357 0.97615 0.02027 ( 2)  1.090  0.020
 169 L   0.00415 0.97831 0.01754 ( 2)  1.077  0.018
 170 S   0.00455 0.98643 0.00902 ( 2)  1.037  0.009
 171 T   0.65306 0.34694 0.00001 ( 1)  0.390  0.000
 172 T   0.65593 0.34406 0.00001 ( 1)  0.387  0.000
 173 P   0.93791 0.06209 0.00000 ( 1)  0.123  0.000
 174 T   0.96647 0.03353 0.00000 ( 1)  0.097  0.000
 175 S   0.98334 0.01666 0.00000 ( 1)  0.081  0.000
 176 V   0.97125 0.02875 0.00000 ( 1)  0.092  0.000
 177 N   0.98792 0.01208 0.00000 ( 1)  0.077  0.000
 178 Y   0.96391 0.03609 0.00000 ( 1)  0.099  0.000
 179 H   0.97555 0.02445 0.00000 ( 1)  0.088  0.000
 180 F   0.96711 0.03289 0.00000 ( 1)  0.096  0.000
 181 T   0.95873 0.04127 0.00000 ( 1)  0.104  0.000
 182 R   0.95920 0.04080 0.00000 ( 1)  0.104  0.000
 183 Q   0.96039 0.03961 0.00000 ( 1)  0.102  0.000
 184 C   0.96331 0.03669 0.00000 ( 1)  0.100  0.000
 185 N   0.98747 0.01253 0.00000 ( 1)  0.077  0.000
 186 Y   0.96520 0.03480 0.00000 ( 1)  0.098  0.000
 187 K   0.73599 0.26400 0.00001 ( 1)  0.312  0.000
 188 C   0.96314 0.03686 0.00000 ( 1)  0.100  0.000
 189 G   0.97874 0.02126 0.00000 ( 1)  0.085  0.000
 190 F   0.96711 0.03289 0.00000 ( 1)  0.096  0.000
 191 C   0.95514 0.04486 0.00000 ( 1)  0.107  0.000
 192 F   0.96711 0.03289 0.00000 ( 1)  0.096  0.000
 193 H   0.97614 0.02386 0.00000 ( 1)  0.088  0.000
 194 T   0.97119 0.02881 0.00000 ( 1)  0.092  0.000
 195 -   0.77908 0.21140 0.00953 ( 1)  0.316  0.010
 196 -   0.77908 0.21140 0.00953 ( 1)  0.316  0.010
 197 -   0.77908 0.21140 0.00953 ( 1)  0.316  0.010
 198 -   0.77908 0.21140 0.00953 ( 1)  0.316  0.010
 199 -   0.77908 0.21140 0.00953 ( 1)  0.316  0.010
 200 -   0.77908 0.21140 0.00953 ( 1)  0.316  0.010
 201 -   0.77908 0.21140 0.00953 ( 1)  0.316  0.010
 202 -   0.77908 0.21140 0.00953 ( 1)  0.316  0.010
 203 -   0.77908 0.21140 0.00953 ( 1)  0.316  0.010
 204 -   0.77908 0.21140 0.00953 ( 1)  0.316  0.010
 205 -   0.77908 0.21140 0.00953 ( 1)  0.316  0.010
 206 -   0.77908 0.21140 0.00953 ( 1)  0.316  0.010
 207 -   0.77908 0.21140 0.00953 ( 1)  0.316  0.010
 208 -   0.77908 0.21140 0.00953 ( 1)  0.316  0.010
 209 -   0.77908 0.21140 0.00953 ( 1)  0.316  0.010
 210 -   0.77908 0.21140 0.00953 ( 1)  0.316  0.010
 211 -   0.77908 0.21140 0.00953 ( 1)  0.316  0.010
 212 -   0.77907 0.21140 0.00953 ( 1)  0.316  0.010
 213 -   0.77908 0.21140 0.00953 ( 1)  0.316  0.010
 214 -   0.77908 0.21140 0.00953 ( 1)  0.316  0.010
 215 -   0.77908 0.21140 0.00953 ( 1)  0.316  0.010
 216 -   0.77908 0.21140 0.00953 ( 1)  0.316  0.010
 217 -   0.77908 0.21140 0.00953 ( 1)  0.316  0.010
 218 -   0.77907 0.21140 0.00953 ( 1)  0.316  0.010
 219 -   0.77908 0.21140 0.00953 ( 1)  0.316  0.010
 220 -   0.77907 0.21140 0.00953 ( 1)  0.316  0.010
 221 -   0.77908 0.21140 0.00953 ( 1)  0.316  0.010
 222 -   0.77908 0.21140 0.00953 ( 1)  0.316  0.010
 223 -   0.77907 0.21140 0.00953 ( 1)  0.316  0.010
 224 A   0.96904 0.03096 0.00000 ( 1)  0.094  0.000
 225 K   0.97575 0.02425 0.00000 ( 1)  0.088  0.000
 226 T   0.97131 0.02869 0.00000 ( 1)  0.092  0.000
 227 S   0.94270 0.05729 0.00000 ( 1)  0.119  0.000
 228 F   0.96345 0.03655 0.00000 ( 1)  0.100  0.000
 229 V   0.97979 0.02021 0.00000 ( 1)  0.084  0.000
 230 L   0.93195 0.06804 0.00001 ( 1)  0.129  0.000
 231 P   0.94454 0.05546 0.00000 ( 1)  0.117  0.000
 232 L   0.94858 0.05142 0.00000 ( 1)  0.113  0.000
 233 E   0.18003 0.81993 0.00004 ( 2)  0.832  0.000
 234 E   0.98399 0.01601 0.00000 ( 1)  0.080  0.000
 235 A   0.96008 0.03992 0.00000 ( 1)  0.103  0.000
 236 K   0.98990 0.01010 0.00000 ( 1)  0.075  0.000
 237 R   0.96835 0.03165 0.00000 ( 1)  0.095  0.000
 238 G   0.95973 0.04027 0.00000 ( 1)  0.103  0.000
 239 L   0.93376 0.06623 0.00002 ( 1)  0.127  0.000
 240 L   0.06095 0.93644 0.00261 ( 2)  0.955  0.003
 241 L   0.93491 0.06509 0.00001 ( 1)  0.126  0.000
 242 L   0.94322 0.05677 0.00000 ( 1)  0.118  0.000
 243 K   0.98990 0.01010 0.00000 ( 1)  0.075  0.000
 244 E   0.76566 0.23434 0.00001 ( 1)  0.284  0.000
 245 A   0.96029 0.03971 0.00000 ( 1)  0.102  0.000
 246 G   0.97038 0.02962 0.00000 ( 1)  0.093  0.000
 247 M   0.99389 0.00611 0.00000 ( 1)  0.071  0.000
 248 E   0.99027 0.00973 0.00000 ( 1)  0.074  0.000
 249 K   0.99007 0.00993 0.00000 ( 1)  0.075  0.000
 250 I   0.97870 0.02130 0.00000 ( 1)  0.085  0.000
 251 N   0.98772 0.01228 0.00000 ( 1)  0.077  0.000
 252 F   0.96005 0.03995 0.00000 ( 1)  0.103  0.000
 253 S   0.91431 0.08566 0.00003 ( 1)  0.146  0.000
 254 G   0.97600 0.02400 0.00000 ( 1)  0.088  0.000
 255 G   0.96010 0.03990 0.00000 ( 1)  0.103  0.000
 256 E   0.99027 0.00973 0.00000 ( 1)  0.074  0.000
 257 P   0.93728 0.06271 0.00001 ( 1)  0.124  0.000
 258 F   0.96379 0.03621 0.00000 ( 1)  0.099  0.000
 259 I   0.11066 0.88873 0.00061 ( 2)  0.899  0.001
 260 H   0.00964 0.98943 0.00092 ( 2)  0.995  0.001
 261 D   0.98844 0.01156 0.00000 ( 1)  0.076  0.000
 262 R   0.96361 0.03639 0.00000 ( 1)  0.099  0.000
 263 G   0.96080 0.03920 0.00000 ( 1)  0.102  0.000
 264 E   0.97824 0.02176 0.00000 ( 1)  0.086  0.000
 265 Y   0.96550 0.03450 0.00000 ( 1)  0.098  0.000
 266 L   0.47367 0.52594 0.00039 ( 2)  0.559  0.000
 267 G   0.97849 0.02151 0.00000 ( 1)  0.085  0.000
 268 K   0.25385 0.74613 0.00002 ( 2)  0.763  0.000
 269 L   0.93268 0.06731 0.00001 ( 1)  0.128  0.000
 270 V   0.98006 0.01994 0.00000 ( 1)  0.084  0.000
 271 K   0.00125 0.99778 0.00097 ( 2)  1.003  0.001
 272 F   0.96739 0.03261 0.00000 ( 1)  0.096  0.000
 273 C   0.63148 0.36850 0.00002 ( 1)  0.410  0.000
 274 K   0.97823 0.02177 0.00000 ( 1)  0.086  0.000
 275 A   0.00002 0.74788 0.25210 ( 2)  2.167  0.252
 276 E   0.86713 0.13287 0.00000 ( 1)  0.190  0.000
 277 L   0.93933 0.06067 0.00001 ( 1)  0.122  0.000
 278 Q   0.00038 0.97342 0.02620 ( 2)  1.121  0.026
 279 L   0.93234 0.06765 0.00001 ( 1)  0.129  0.000
 280 P   0.94444 0.05556 0.00000 ( 1)  0.117  0.000
 281 S   0.98363 0.01637 0.00000 ( 1)  0.081  0.000
 282 V   0.97947 0.02053 0.00000 ( 1)  0.085  0.000
 283 S   0.98363 0.01637 0.00000 ( 1)  0.081  0.000
 284 I   0.97815 0.02185 0.00000 ( 1)  0.086  0.000
 285 V   0.59428 0.40569 0.00003 ( 1)  0.445  0.000
 286 S   0.98363 0.01637 0.00000 ( 1)  0.081  0.000
 287 N   0.98786 0.01214 0.00000 ( 1)  0.077  0.000
 288 G   0.96613 0.03387 0.00000 ( 1)  0.097  0.000
 289 S   0.98363 0.01637 0.00000 ( 1)  0.081  0.000
 290 L   0.93238 0.06761 0.00001 ( 1)  0.129  0.000
 291 I   0.97870 0.02130 0.00000 ( 1)  0.085  0.000
 292 R   0.96086 0.03914 0.00000 ( 1)  0.102  0.000
 293 E   0.99027 0.00973 0.00000 ( 1)  0.074  0.000
 294 K   0.58716 0.41275 0.00009 ( 1)  0.452  0.000
 295 W   0.94263 0.05737 0.00000 ( 1)  0.119  0.000
 296 F   0.96744 0.03256 0.00000 ( 1)  0.096  0.000
 297 Q   0.08979 0.90975 0.00046 ( 2)  0.918  0.000
 298 N   0.79405 0.20595 0.00000 ( 1)  0.258  0.000
 299 Y   0.96198 0.03802 0.00000 ( 1)  0.101  0.000
 300 G   0.97108 0.02892 0.00000 ( 1)  0.092  0.000
 301 E   0.16587 0.83406 0.00007 ( 2)  0.845  0.000
 302 Y   0.59443 0.40552 0.00005 ( 1)  0.445  0.000
 303 L   0.93437 0.06562 0.00001 ( 1)  0.127  0.000
 304 D   0.98842 0.01158 0.00000 ( 1)  0.076  0.000
 305 I   0.97234 0.02766 0.00000 ( 1)  0.091  0.000
 306 L   0.95281 0.04719 0.00000 ( 1)  0.109  0.000
 307 A   0.96545 0.03455 0.00000 ( 1)  0.098  0.000
 308 I   0.74292 0.25707 0.00001 ( 1)  0.306  0.000
 309 S   0.94311 0.05688 0.00000 ( 1)  0.119  0.000
 310 C   0.95552 0.04448 0.00000 ( 1)  0.107  0.000
 311 D   0.98844 0.01156 0.00000 ( 1)  0.076  0.000
 312 S   0.98363 0.01637 0.00000 ( 1)  0.081  0.000
 313 F   0.95990 0.04010 0.00000 ( 1)  0.103  0.000
 314 D   0.82869 0.17131 0.00000 ( 1)  0.225  0.000
 315 E   0.99024 0.00976 0.00000 ( 1)  0.075  0.000
 316 Q   0.00094 0.97135 0.02771 ( 2)  1.127  0.028
 317 V   0.68289 0.31709 0.00002 ( 1)  0.362  0.000
 318 N   0.98423 0.01577 0.00000 ( 1)  0.080  0.000
 319 V   0.97157 0.02843 0.00000 ( 1)  0.092  0.000
 320 L   0.53420 0.46567 0.00014 ( 1)  0.501  0.000
 321 I   0.97234 0.02766 0.00000 ( 1)  0.091  0.000
 322 G   0.97849 0.02151 0.00000 ( 1)  0.085  0.000
 323 R   0.94977 0.05023 0.00000 ( 1)  0.112  0.000
 324 G   0.97784 0.02216 0.00000 ( 1)  0.086  0.000
 325 Q   0.93649 0.06351 0.00001 ( 1)  0.125  0.000
 326 G   0.57664 0.42330 0.00007 ( 1)  0.461  0.000
 327 K   0.27536 0.72462 0.00001 ( 2)  0.743  0.000
 328 K   0.99001 0.00999 0.00000 ( 1)  0.075  0.000
 329 N   0.83909 0.16091 0.00000 ( 1)  0.216  0.000
 330 H   0.97152 0.02848 0.00000 ( 1)  0.092  0.000
 331 V   0.97943 0.02057 0.00000 ( 1)  0.085  0.000
 332 E   0.97824 0.02176 0.00000 ( 1)  0.086  0.000
 333 N   0.81533 0.18467 0.00000 ( 1)  0.238  0.000
 334 L   0.94191 0.05808 0.00000 ( 1)  0.120  0.000
 335 Q   0.93862 0.06138 0.00001 ( 1)  0.123  0.000
 336 K   0.98480 0.01520 0.00000 ( 1)  0.080  0.000
 337 L   0.93238 0.06761 0.00001 ( 1)  0.129  0.000
 338 R   0.98180 0.01820 0.00000 ( 1)  0.082  0.000
 339 T   0.13272 0.86708 0.00020 ( 2)  0.877  0.000
 340 W   0.94263 0.05737 0.00000 ( 1)  0.119  0.000
 341 C   0.95555 0.04445 0.00000 ( 1)  0.107  0.000
 342 G   0.22847 0.77151 0.00001 ( 2)  0.787  0.000
 343 N   0.19864 0.80129 0.00006 ( 2)  0.815  0.000
 344 Y   0.95987 0.04013 0.00000 ( 1)  0.103  0.000
 345 R   0.65492 0.34507 0.00001 ( 1)  0.388  0.000
 346 V   0.68958 0.31039 0.00003 ( 1)  0.356  0.000
 347 A   0.61293 0.38704 0.00002 ( 1)  0.427  0.000
 348 F   0.96730 0.03270 0.00000 ( 1)  0.096  0.000
 349 K   0.99007 0.00993 0.00000 ( 1)  0.075  0.000
 350 I   0.98300 0.01700 0.00000 ( 1)  0.081  0.000
 351 N   0.98394 0.01606 0.00000 ( 1)  0.080  0.000
 352 S   0.93228 0.06772 0.00001 ( 1)  0.129  0.000
 353 V   0.97157 0.02843 0.00000 ( 1)  0.092  0.000
 354 I   0.69651 0.30348 0.00001 ( 1)  0.349  0.000
 355 N   0.98502 0.01498 0.00000 ( 1)  0.079  0.000
 356 R   0.92943 0.07056 0.00001 ( 1)  0.131  0.000
 357 F   0.96744 0.03256 0.00000 ( 1)  0.096  0.000
 358 N   0.98762 0.01238 0.00000 ( 1)  0.077  0.000
 359 V   0.76602 0.23398 0.00000 ( 1)  0.284  0.000
 360 E   0.14546 0.85441 0.00012 ( 2)  0.865  0.000
 361 E   0.99027 0.00973 0.00000 ( 1)  0.074  0.000
 362 D   0.98844 0.01156 0.00000 ( 1)  0.076  0.000
 363 M   0.99389 0.00611 0.00000 ( 1)  0.071  0.000
 364 T   0.14611 0.85334 0.00056 ( 2)  0.866  0.001
 365 E   0.97893 0.02107 0.00000 ( 1)  0.085  0.000
 366 Q   0.61686 0.38311 0.00003 ( 1)  0.424  0.000
 367 I   0.97715 0.02285 0.00000 ( 1)  0.087  0.000
 368 K   0.12872 0.87100 0.00027 ( 2)  0.881  0.000
 369 A   0.97229 0.02770 0.00000 ( 1)  0.091  0.000
 370 L   0.89925 0.10066 0.00008 ( 1)  0.160  0.000
 371 N   0.82880 0.17120 0.00000 ( 1)  0.225  0.000
 372 P   0.94083 0.05916 0.00000 ( 1)  0.121  0.000
 373 V   0.69045 0.30953 0.00002 ( 1)  0.355  0.000
 374 R   0.95962 0.04038 0.00000 ( 1)  0.103  0.000
 375 W   0.94263 0.05737 0.00000 ( 1)  0.119  0.000
 376 K   0.97605 0.02395 0.00000 ( 1)  0.088  0.000
 377 V   0.98006 0.01994 0.00000 ( 1)  0.084  0.000
 378 F   0.96744 0.03256 0.00000 ( 1)  0.096  0.000
 379 Q   0.95890 0.04110 0.00000 ( 1)  0.104  0.000
 380 C   0.96355 0.03645 0.00000 ( 1)  0.099  0.000
 381 L   0.95581 0.04419 0.00000 ( 1)  0.107  0.000
 382 L   0.90176 0.09816 0.00008 ( 1)  0.158  0.000
 383 I   0.71095 0.28904 0.00001 ( 1)  0.336  0.000
 384 E   0.99008 0.00992 0.00000 ( 1)  0.075  0.000
 385 G   0.97178 0.02822 0.00000 ( 1)  0.092  0.000
 386 E   0.98629 0.01371 0.00000 ( 1)  0.078  0.000
 387 N   0.98430 0.01570 0.00000 ( 1)  0.080  0.000
 388 T   0.00433 0.97769 0.01798 ( 2)  1.079  0.018
 389 G   0.96325 0.03675 0.00000 ( 1)  0.100  0.000
 390 E   0.72897 0.27103 0.00001 ( 1)  0.319  0.000
 391 D   0.98546 0.01454 0.00000 ( 1)  0.079  0.000
 392 A   0.96111 0.03889 0.00000 ( 1)  0.102  0.000
 393 L   0.90220 0.09770 0.00010 ( 1)  0.157  0.000
 394 R   0.96695 0.03305 0.00000 ( 1)  0.096  0.000
 395 E   0.97682 0.02318 0.00000 ( 1)  0.087  0.000
 396 A   0.95411 0.04589 0.00000 ( 1)  0.108  0.000
 397 E   0.61016 0.38982 0.00002 ( 1)  0.430  0.000
 398 R   0.96655 0.03345 0.00000 ( 1)  0.097  0.000
 399 F   0.95990 0.04010 0.00000 ( 1)  0.103  0.000
 400 V   0.62798 0.37196 0.00006 ( 1)  0.413  0.000
 401 I   0.97275 0.02725 0.00000 ( 1)  0.091  0.000
 402 S   0.15684 0.84308 0.00008 ( 2)  0.854  0.000
 403 D   0.98457 0.01543 0.00000 ( 1)  0.080  0.000
 404 E   0.97682 0.02318 0.00000 ( 1)  0.087  0.000
 405 E   0.73615 0.26385 0.00001 ( 1)  0.312  0.000
 406 F   0.96031 0.03969 0.00000 ( 1)  0.102  0.000
 407 E   0.97682 0.02318 0.00000 ( 1)  0.087  0.000
 408 R   0.09249 0.90708 0.00043 ( 2)  0.916  0.000
 409 F   0.66007 0.33992 0.00001 ( 1)  0.383  0.000
 410 L   0.92523 0.07475 0.00003 ( 1)  0.135  0.000
 411 E   0.85789 0.14211 0.00000 ( 1)  0.198  0.000
 412 R   0.95886 0.04114 0.00000 ( 1)  0.104  0.000
 413 H   0.97643 0.02357 0.00000 ( 1)  0.087  0.000
 414 K   0.97737 0.02263 0.00000 ( 1)  0.087  0.000
 415 E   0.14792 0.85199 0.00009 ( 2)  0.862  0.000
 416 V   0.98006 0.01994 0.00000 ( 1)  0.084  0.000
 417 S   0.94311 0.05688 0.00000 ( 1)  0.119  0.000
 418 C   0.95596 0.04404 0.00000 ( 1)  0.107  0.000
 419 L   0.93533 0.06466 0.00001 ( 1)  0.126  0.000
 420 V   0.98006 0.01994 0.00000 ( 1)  0.084  0.000
 421 P   0.93418 0.06582 0.00001 ( 1)  0.127  0.000
 422 E   0.97682 0.02318 0.00000 ( 1)  0.087  0.000
 423 S   0.93228 0.06772 0.00001 ( 1)  0.129  0.000
 424 N   0.98811 0.01189 0.00000 ( 1)  0.076  0.000
 425 Q   0.95890 0.04110 0.00000 ( 1)  0.104  0.000
 426 K   0.99007 0.00993 0.00000 ( 1)  0.075  0.000
 427 M   0.99389 0.00611 0.00000 ( 1)  0.071  0.000
 428 K   0.97605 0.02395 0.00000 ( 1)  0.088  0.000
 429 D   0.98844 0.01156 0.00000 ( 1)  0.076  0.000
 430 S   0.94311 0.05688 0.00000 ( 1)  0.119  0.000
 431 Y   0.96611 0.03389 0.00000 ( 1)  0.097  0.000
 432 L   0.94688 0.05312 0.00000 ( 1)  0.115  0.000
 433 I   0.97277 0.02723 0.00000 ( 1)  0.091  0.000
 434 L   0.93238 0.06761 0.00001 ( 1)  0.129  0.000
 435 D   0.98445 0.01555 0.00000 ( 1)  0.080  0.000
 436 E   0.97682 0.02318 0.00000 ( 1)  0.087  0.000
 437 Y   0.95968 0.04032 0.00000 ( 1)  0.103  0.000
 438 M   0.99389 0.00611 0.00000 ( 1)  0.071  0.000
 439 R   0.95962 0.04038 0.00000 ( 1)  0.103  0.000
 440 F   0.96034 0.03966 0.00000 ( 1)  0.102  0.000
 441 L   0.93445 0.06554 0.00001 ( 1)  0.127  0.000
 442 N   0.98811 0.01189 0.00000 ( 1)  0.076  0.000
 443 C   0.95839 0.04161 0.00000 ( 1)  0.104  0.000
 444 R   0.03552 0.96258 0.00190 ( 2)  0.976  0.002
 445 K   0.23948 0.76051 0.00001 ( 2)  0.776  0.000
 446 G   0.96357 0.03643 0.00000 ( 1)  0.099  0.000
 447 R   0.96361 0.03639 0.00000 ( 1)  0.099  0.000
 448 K   0.98918 0.01082 0.00000 ( 1)  0.075  0.000
 449 D   0.22976 0.77022 0.00002 ( 2)  0.785  0.000
 450 P   0.93418 0.06582 0.00001 ( 1)  0.127  0.000
 451 S   0.94301 0.05698 0.00000 ( 1)  0.119  0.000
 452 K   0.99007 0.00993 0.00000 ( 1)  0.075  0.000
 453 S   0.94225 0.05775 0.00000 ( 1)  0.119  0.000
 454 I   0.97870 0.02130 0.00000 ( 1)  0.085  0.000
 455 L   0.93238 0.06761 0.00001 ( 1)  0.129  0.000
 456 D   0.98445 0.01555 0.00000 ( 1)  0.080  0.000
 457 V   0.96323 0.03676 0.00000 ( 1)  0.100  0.000
 458 G   0.96597 0.03403 0.00000 ( 1)  0.097  0.000
 459 V   0.95775 0.04225 0.00000 ( 1)  0.105  0.000
 460 E   0.97824 0.02176 0.00000 ( 1)  0.086  0.000
 461 E   0.97810 0.02190 0.00000 ( 1)  0.086  0.000
 462 A   0.96121 0.03878 0.00000 ( 1)  0.102  0.000
 463 I   0.98504 0.01496 0.00000 ( 1)  0.079  0.000
 464 K   0.72280 0.27719 0.00001 ( 1)  0.324  0.000
 465 F   0.96744 0.03256 0.00000 ( 1)  0.096  0.000
 466 S   0.97809 0.02191 0.00000 ( 1)  0.086  0.000
 467 G   0.96010 0.03990 0.00000 ( 1)  0.103  0.000
 468 F   0.96031 0.03969 0.00000 ( 1)  0.102  0.000
 469 D   0.98468 0.01532 0.00000 ( 1)  0.080  0.000
 470 E   0.97682 0.02318 0.00000 ( 1)  0.087  0.000
 471 K   0.99007 0.00993 0.00000 ( 1)  0.075  0.000
 472 M   0.99389 0.00611 0.00000 ( 1)  0.071  0.000
 473 F   0.95990 0.04010 0.00000 ( 1)  0.103  0.000
 474 L   0.93238 0.06761 0.00001 ( 1)  0.129  0.000
 475 K   0.99007 0.00993 0.00000 ( 1)  0.075  0.000
 476 R   0.90663 0.09332 0.00005 ( 1)  0.153  0.000
 477 G   0.96010 0.03990 0.00000 ( 1)  0.103  0.000
 478 G   0.96010 0.03990 0.00000 ( 1)  0.103  0.000
 479 K   0.97737 0.02263 0.00000 ( 1)  0.087  0.000
 480 Y   0.96406 0.03594 0.00000 ( 1)  0.099  0.000
 481 T   0.00000 0.00227 0.99773 ( 3)  5.618  0.998
 482 W   0.94263 0.05737 0.00000 ( 1)  0.119  0.000
 483 S   0.98096 0.01904 0.00000 ( 1)  0.083  0.000
 484 K   0.99007 0.00993 0.00000 ( 1)  0.075  0.000
 485 A   0.60329 0.39668 0.00003 ( 1)  0.436  0.000
 486 D   0.98468 0.01532 0.00000 ( 1)  0.080  0.000
 487 L   0.93238 0.06761 0.00001 ( 1)  0.129  0.000
 488 K   0.99007 0.00993 0.00000 ( 1)  0.075  0.000
 489 L   0.93238 0.06761 0.00001 ( 1)  0.129  0.000
 490 D   0.98568 0.01432 0.00000 ( 1)  0.079  0.000
 491 W   0.94263 0.05737 0.00000 ( 1)  0.119  0.000

Positively selected sites

	Prob(w>1)  mean w

   138 T      0.606         3.804
   153 P      0.951*        5.402
   481 T      0.998**       5.618


lnL = -4868.592433

Bayes Empirical Bayes (BEB) probabilities for 3 classes (class) & postmean_w
(amino acids refer to 1st sequence: aotNan_RSAD2_XM_012441946)

   1 -   0.73473 0.23152 0.03375 ( 1)  0.422 +-  0.915
   2 -   0.73473 0.23152 0.03375 ( 1)  0.422 +-  0.915
   3 -   0.73473 0.23152 0.03375 ( 1)  0.422 +-  0.915
   4 -   0.73473 0.23152 0.03375 ( 1)  0.422 +-  0.915
   5 -   0.73473 0.23152 0.03375 ( 1)  0.422 +-  0.915
   6 -   0.73473 0.23152 0.03375 ( 1)  0.422 +-  0.915
   7 -   0.73473 0.23152 0.03375 ( 1)  0.422 +-  0.915
   8 -   0.73473 0.23152 0.03375 ( 1)  0.422 +-  0.915
   9 -   0.73473 0.23152 0.03375 ( 1)  0.422 +-  0.915
  10 -   0.73473 0.23152 0.03375 ( 1)  0.422 +-  0.915
  11 -   0.73473 0.23152 0.03375 ( 1)  0.422 +-  0.915
  12 -   0.73473 0.23152 0.03375 ( 1)  0.422 +-  0.915
  13 -   0.73473 0.23152 0.03375 ( 1)  0.422 +-  0.915
  14 -   0.73473 0.23152 0.03375 ( 1)  0.422 +-  0.915
  15 -   0.73473 0.23152 0.03375 ( 1)  0.422 +-  0.915
  16 -   0.73473 0.23152 0.03375 ( 1)  0.422 +-  0.915
  17 -   0.73473 0.23152 0.03375 ( 1)  0.422 +-  0.915
  18 -   0.73473 0.23152 0.03375 ( 1)  0.422 +-  0.915
  19 -   0.73473 0.23152 0.03375 ( 1)  0.422 +-  0.915
  20 -   0.73473 0.23152 0.03375 ( 1)  0.422 +-  0.915
  21 -   0.73473 0.23152 0.03375 ( 1)  0.422 +-  0.915
  22 -   0.73473 0.23152 0.03375 ( 1)  0.422 +-  0.915
  23 -   0.73473 0.23152 0.03375 ( 1)  0.422 +-  0.915
  24 -   0.73473 0.23152 0.03375 ( 1)  0.422 +-  0.915
  25 -   0.73473 0.23152 0.03375 ( 1)  0.422 +-  0.915
  26 -   0.73473 0.23152 0.03375 ( 1)  0.422 +-  0.915
  27 -   0.73473 0.23152 0.03375 ( 1)  0.422 +-  0.915
  28 -   0.73473 0.23152 0.03375 ( 1)  0.422 +-  0.915
  29 -   0.73473 0.23152 0.03375 ( 1)  0.422 +-  0.915
  30 -   0.73473 0.23152 0.03375 ( 1)  0.422 +-  0.915
  31 -   0.73473 0.23152 0.03375 ( 1)  0.422 +-  0.915
  32 -   0.73473 0.23152 0.03375 ( 1)  0.422 +-  0.915
  33 -   0.73473 0.23152 0.03375 ( 1)  0.422 +-  0.915
  34 -   0.73473 0.23152 0.03375 ( 1)  0.422 +-  0.915
  35 -   0.73473 0.23152 0.03375 ( 1)  0.422 +-  0.915
  36 -   0.73473 0.23152 0.03375 ( 1)  0.422 +-  0.915
  37 -   0.73473 0.23152 0.03375 ( 1)  0.422 +-  0.915
  38 -   0.73473 0.23152 0.03375 ( 1)  0.422 +-  0.915
  39 -   0.73473 0.23152 0.03375 ( 1)  0.422 +-  0.915
  40 -   0.73473 0.23152 0.03375 ( 1)  0.422 +-  0.915
  41 -   0.73473 0.23152 0.03375 ( 1)  0.422 +-  0.915
  42 -   0.73473 0.23152 0.03375 ( 1)  0.422 +-  0.915
  43 -   0.73473 0.23152 0.03375 ( 1)  0.422 +-  0.915
  44 -   0.73473 0.23152 0.03375 ( 1)  0.422 +-  0.915
  45 -   0.73473 0.23152 0.03375 ( 1)  0.422 +-  0.915
  46 -   0.73473 0.23152 0.03375 ( 1)  0.422 +-  0.915
  47 -   0.73473 0.23152 0.03375 ( 1)  0.422 +-  0.915
  48 -   0.73473 0.23152 0.03375 ( 1)  0.422 +-  0.915
  49 -   0.73473 0.23152 0.03375 ( 1)  0.422 +-  0.915
  50 -   0.73473 0.23152 0.03375 ( 1)  0.422 +-  0.915
  51 -   0.73473 0.23152 0.03375 ( 1)  0.422 +-  0.915
  52 -   0.73473 0.23152 0.03375 ( 1)  0.422 +-  0.915
  53 -   0.73473 0.23152 0.03375 ( 1)  0.422 +-  0.915
  54 -   0.73473 0.23152 0.03375 ( 1)  0.422 +-  0.915
  55 -   0.73473 0.23152 0.03375 ( 1)  0.422 +-  0.915
  56 -   0.73473 0.23152 0.03375 ( 1)  0.422 +-  0.915
  57 -   0.73473 0.23152 0.03375 ( 1)  0.422 +-  0.915
  58 -   0.73473 0.23152 0.03375 ( 1)  0.422 +-  0.915
  59 -   0.73473 0.23152 0.03375 ( 1)  0.422 +-  0.915
  60 -   0.73473 0.23152 0.03375 ( 1)  0.422 +-  0.915
  61 -   0.73473 0.23152 0.03375 ( 1)  0.422 +-  0.915
  62 -   0.73473 0.23152 0.03375 ( 1)  0.422 +-  0.915
  63 -   0.73473 0.23152 0.03375 ( 1)  0.422 +-  0.915
  64 -   0.73473 0.23152 0.03375 ( 1)  0.422 +-  0.915
  65 -   0.73473 0.23152 0.03375 ( 1)  0.422 +-  0.915
  66 -   0.73473 0.23152 0.03375 ( 1)  0.422 +-  0.915
  67 -   0.73473 0.23152 0.03375 ( 1)  0.422 +-  0.915
  68 -   0.73473 0.23152 0.03375 ( 1)  0.422 +-  0.915
  69 -   0.73473 0.23152 0.03375 ( 1)  0.422 +-  0.915
  70 -   0.73473 0.23152 0.03375 ( 1)  0.422 +-  0.915
  71 -   0.73473 0.23152 0.03375 ( 1)  0.422 +-  0.915
  72 -   0.73473 0.23152 0.03375 ( 1)  0.422 +-  0.915
  73 -   0.73473 0.23152 0.03375 ( 1)  0.422 +-  0.915
  74 -   0.73473 0.23152 0.03375 ( 1)  0.422 +-  0.915
  75 -   0.73473 0.23152 0.03375 ( 1)  0.422 +-  0.915
  76 -   0.73473 0.23152 0.03375 ( 1)  0.422 +-  0.915
  77 -   0.73473 0.23152 0.03375 ( 1)  0.422 +-  0.915
  78 -   0.73473 0.23152 0.03375 ( 1)  0.422 +-  0.915
  79 -   0.73473 0.23152 0.03375 ( 1)  0.422 +-  0.915
  80 -   0.73473 0.23152 0.03375 ( 1)  0.422 +-  0.915
  81 -   0.73473 0.23152 0.03375 ( 1)  0.422 +-  0.915
  82 -   0.73473 0.23152 0.03375 ( 1)  0.422 +-  0.915
  83 -   0.73473 0.23152 0.03375 ( 1)  0.422 +-  0.915
  84 -   0.73473 0.23152 0.03375 ( 1)  0.422 +-  0.915
  85 -   0.73473 0.23152 0.03375 ( 1)  0.422 +-  0.915
  86 -   0.73473 0.23152 0.03375 ( 1)  0.422 +-  0.915
  87 -   0.73473 0.23152 0.03375 ( 1)  0.422 +-  0.915
  88 -   0.73473 0.23152 0.03375 ( 1)  0.422 +-  0.915
  89 -   0.79133 0.19496 0.01371 ( 1)  0.292 +-  0.615
  90 -   0.78307 0.20114 0.01580 ( 1)  0.307 +-  0.651
  91 -   0.77440 0.20779 0.01781 ( 1)  0.322 +-  0.682
  92 M   0.99321 0.00679 0.00000 ( 1)  0.057 +-  0.078
  93 W   0.93475 0.06499 0.00026 ( 1)  0.113 +-  0.238
  94 V   0.04456 0.94375 0.01169 ( 2)  0.979 +-  0.301
  95 L   0.94816 0.05168 0.00016 ( 1)  0.100 +-  0.213
  96 T   0.00011 0.91260 0.08728 ( 2)  1.212 +-  0.746
  97 P   0.93182 0.06789 0.00029 ( 1)  0.115 +-  0.243
  98 A   0.00168 0.89051 0.10780 ( 2)  1.301 +-  0.952
  99 A   0.04822 0.93683 0.01496 ( 2)  0.983 +-  0.339
 100 F   0.95698 0.04292 0.00011 ( 1)  0.091 +-  0.194
 101 P   0.05017 0.93665 0.01318 ( 2)  0.977 +-  0.321
 102 G   0.73825 0.26121 0.00053 ( 1)  0.299 +-  0.420
 103 K   0.98890 0.01109 0.00001 ( 1)  0.061 +-  0.100
 104 L   0.00000 0.34659 0.65341 ( 3)  3.289 +-  1.999
 105 L   0.92301 0.07656 0.00043 ( 1)  0.124 +-  0.259
 106 S   0.97859 0.02139 0.00003 ( 1)  0.071 +-  0.138
 107 V   0.00013 0.91547 0.08440 ( 2)  1.204 +-  0.733
 108 L   0.05568 0.93263 0.01170 ( 2)  0.969 +-  0.315
 109 S   0.13105 0.86549 0.00346 ( 2)  0.880 +-  0.334
 110 L   0.03394 0.93071 0.03535 ( 2)  1.054 +-  0.529
 111 P   0.92608 0.07356 0.00036 ( 1)  0.121 +-  0.253
 112 L   0.92336 0.07621 0.00043 ( 1)  0.124 +-  0.259
 113 S   0.07435 0.91963 0.00602 ( 2)  0.938 +-  0.284
 114 S   0.37765 0.61409 0.00825 ( 2)  0.658 +-  0.514
 115 L   0.92246 0.07707 0.00047 ( 1)  0.125 +-  0.261
 116 W   0.93475 0.06499 0.00026 ( 1)  0.113 +-  0.238
 117 R   0.14029 0.85663 0.00309 ( 2)  0.871 +-  0.341
 118 S   0.68550 0.31372 0.00078 ( 1)  0.350 +-  0.444
 119 L   0.92446 0.07513 0.00041 ( 1)  0.123 +-  0.256
 120 V   0.96869 0.03124 0.00006 ( 1)  0.080 +-  0.166
 121 L   0.00159 0.89848 0.09993 ( 2)  1.268 +-  0.885
 122 L   0.92297 0.07660 0.00043 ( 1)  0.124 +-  0.259
 123 F   0.00196 0.94574 0.05230 ( 2)  1.121 +-  0.574
 124 C   0.52812 0.46945 0.00243 ( 1)  0.502 +-  0.486
 125 W   0.93475 0.06499 0.00026 ( 1)  0.113 +-  0.238
 126 L   0.92499 0.07456 0.00045 ( 1)  0.122 +-  0.257
 127 R   0.14780 0.84938 0.00283 ( 2)  0.863 +-  0.346
 128 A   0.45415 0.54149 0.00436 ( 2)  0.576 +-  0.497
 129 T   0.00234 0.94093 0.05673 ( 2)  1.136 +-  0.618
 130 F   0.49225 0.50414 0.00360 ( 2)  0.539 +-  0.495
 131 W   0.41625 0.57776 0.00599 ( 2)  0.616 +-  0.504
 132 L   0.37098 0.61767 0.01134 ( 2)  0.673 +-  0.547
 133 P   0.00084 0.73944 0.25972 ( 2)  1.824 +-  1.530
 134 G   0.62278 0.37546 0.00176 ( 1)  0.411 +-  0.472
 135 I   0.00306 0.96691 0.03003 ( 2)  1.061 +-  0.404
 136 K   0.00692 0.98182 0.01126 ( 2)  1.013 +-  0.223
 137 R   0.13914 0.85773 0.00312 ( 2)  0.872 +-  0.340
 138 T   0.00000 0.18637 0.81363 ( 3)  3.904 +-  1.882
 139 -   0.73473 0.23152 0.03375 ( 1)  0.422 +-  0.915
 140 -   0.73473 0.23152 0.03375 ( 1)  0.422 +-  0.915
 141 -   0.73473 0.23152 0.03375 ( 1)  0.422 +-  0.915
 142 -   0.73473 0.23152 0.03375 ( 1)  0.422 +-  0.915
 143 -   0.73473 0.23152 0.03375 ( 1)  0.422 +-  0.915
 144 -   0.73473 0.23152 0.03375 ( 1)  0.422 +-  0.915
 145 -   0.73473 0.23152 0.03375 ( 1)  0.422 +-  0.915
 146 -   0.73473 0.23152 0.03375 ( 1)  0.422 +-  0.915
 147 -   0.73473 0.23152 0.03375 ( 1)  0.422 +-  0.915
 148 K   0.66611 0.33303 0.00086 ( 1)  0.368 +-  0.451
 149 K   0.06237 0.92815 0.00948 ( 2)  0.957 +-  0.301
 150 Q   0.04478 0.93754 0.01768 ( 2)  0.993 +-  0.363
 151 L   0.43071 0.56254 0.00674 ( 2)  0.604 +-  0.517
 152 V   0.05511 0.92896 0.01593 ( 2)  0.980 +-  0.364
 153 P   0.00000 0.04359 0.95641 ( 3)  4.495 +-  1.627
 154 R   0.05766 0.93133 0.01101 ( 2)  0.965 +-  0.310
 155 E   0.81323 0.18646 0.00031 ( 1)  0.228 +-  0.372
 156 P   0.91357 0.08587 0.00056 ( 1)  0.133 +-  0.274
 157 D   0.00015 0.93735 0.06250 ( 2)  1.149 +-  0.635
 158 K   0.15594 0.84040 0.00366 ( 2)  0.857 +-  0.361
 159 T   0.00247 0.94845 0.04908 ( 2)  1.115 +-  0.568
 160 K   0.00020 0.93093 0.06887 ( 2)  1.166 +-  0.667
 161 E   0.80149 0.19816 0.00035 ( 1)  0.239 +-  0.380
 162 E   0.75698 0.24253 0.00048 ( 1)  0.282 +-  0.409
 163 -   0.93857 0.06056 0.00086 ( 1)  0.111 +-  0.253
 164 E   0.07537 0.91669 0.00794 ( 2)  0.942 +-  0.305
 165 E   0.80556 0.19412 0.00031 ( 1)  0.235 +-  0.377
 166 D   0.98706 0.01293 0.00001 ( 1)  0.062 +-  0.108
 167 P   0.04281 0.91858 0.03861 ( 2)  1.058 +-  0.584
 168 P   0.00132 0.87030 0.12838 ( 2)  1.356 +-  1.014
 169 L   0.00156 0.88559 0.11285 ( 2)  1.311 +-  0.956
 170 S   0.00176 0.91723 0.08101 ( 2)  1.207 +-  0.770
 171 T   0.56136 0.43678 0.00185 ( 1)  0.469 +-  0.479
 172 T   0.56455 0.43364 0.00181 ( 1)  0.466 +-  0.479
 173 P   0.92981 0.06987 0.00032 ( 1)  0.117 +-  0.247
 174 T   0.96243 0.03750 0.00007 ( 1)  0.086 +-  0.181
 175 S   0.98153 0.01845 0.00002 ( 1)  0.068 +-  0.128
 176 V   0.96787 0.03206 0.00006 ( 1)  0.081 +-  0.168
 177 N   0.98668 0.01331 0.00001 ( 1)  0.063 +-  0.109
 178 Y   0.95952 0.04038 0.00009 ( 1)  0.089 +-  0.188
 179 H   0.97274 0.02722 0.00004 ( 1)  0.076 +-  0.155
 180 F   0.96315 0.03678 0.00007 ( 1)  0.085 +-  0.180
 181 T   0.95361 0.04627 0.00012 ( 1)  0.094 +-  0.201
 182 R   0.95415 0.04573 0.00012 ( 1)  0.094 +-  0.200
 183 Q   0.95551 0.04438 0.00011 ( 1)  0.093 +-  0.197
 184 C   0.95884 0.04107 0.00009 ( 1)  0.089 +-  0.190
 185 N   0.98619 0.01380 0.00001 ( 1)  0.063 +-  0.111
 186 Y   0.96098 0.03893 0.00009 ( 1)  0.087 +-  0.185
 187 K   0.65641 0.34247 0.00112 ( 1)  0.378 +-  0.456
 188 C   0.95864 0.04127 0.00009 ( 1)  0.090 +-  0.190
 189 G   0.97635 0.02362 0.00004 ( 1)  0.073 +-  0.145
 190 F   0.96315 0.03678 0.00007 ( 1)  0.085 +-  0.180
 191 C   0.94952 0.05033 0.00014 ( 1)  0.098 +-  0.210
 192 F   0.96315 0.03678 0.00007 ( 1)  0.085 +-  0.180
 193 H   0.97341 0.02656 0.00004 ( 1)  0.075 +-  0.153
 194 T   0.96779 0.03215 0.00006 ( 1)  0.081 +-  0.168
 195 -   0.73474 0.23152 0.03374 ( 1)  0.422 +-  0.915
 196 -   0.73474 0.23152 0.03374 ( 1)  0.422 +-  0.915
 197 -   0.73474 0.23152 0.03374 ( 1)  0.422 +-  0.915
 198 -   0.73474 0.23152 0.03374 ( 1)  0.422 +-  0.915
 199 -   0.73474 0.23152 0.03374 ( 1)  0.422 +-  0.915
 200 -   0.73474 0.23152 0.03374 ( 1)  0.422 +-  0.915
 201 -   0.73474 0.23152 0.03374 ( 1)  0.422 +-  0.915
 202 -   0.73474 0.23152 0.03374 ( 1)  0.422 +-  0.915
 203 -   0.73474 0.23152 0.03374 ( 1)  0.422 +-  0.915
 204 -   0.73474 0.23152 0.03374 ( 1)  0.422 +-  0.915
 205 -   0.73474 0.23152 0.03374 ( 1)  0.422 +-  0.915
 206 -   0.73474 0.23152 0.03374 ( 1)  0.422 +-  0.915
 207 -   0.73474 0.23152 0.03374 ( 1)  0.422 +-  0.915
 208 -   0.73474 0.23152 0.03374 ( 1)  0.422 +-  0.915
 209 -   0.73474 0.23152 0.03374 ( 1)  0.422 +-  0.915
 210 -   0.73474 0.23152 0.03374 ( 1)  0.422 +-  0.915
 211 -   0.73474 0.23152 0.03374 ( 1)  0.422 +-  0.915
 212 -   0.73474 0.23152 0.03374 ( 1)  0.422 +-  0.915
 213 -   0.73474 0.23152 0.03374 ( 1)  0.422 +-  0.915
 214 -   0.73474 0.23152 0.03374 ( 1)  0.422 +-  0.915
 215 -   0.73474 0.23152 0.03374 ( 1)  0.422 +-  0.915
 216 -   0.73474 0.23152 0.03374 ( 1)  0.422 +-  0.915
 217 -   0.73474 0.23152 0.03374 ( 1)  0.422 +-  0.915
 218 -   0.73474 0.23152 0.03374 ( 1)  0.422 +-  0.915
 219 -   0.73474 0.23152 0.03374 ( 1)  0.422 +-  0.915
 220 -   0.73474 0.23152 0.03374 ( 1)  0.422 +-  0.915
 221 -   0.73474 0.23152 0.03374 ( 1)  0.422 +-  0.915
 222 -   0.73474 0.23152 0.03374 ( 1)  0.422 +-  0.915
 223 -   0.73474 0.23152 0.03374 ( 1)  0.422 +-  0.915
 224 A   0.96535 0.03459 0.00006 ( 1)  0.083 +-  0.174
 225 K   0.97297 0.02699 0.00004 ( 1)  0.076 +-  0.155
 226 T   0.96792 0.03202 0.00005 ( 1)  0.081 +-  0.168
 227 S   0.93531 0.06444 0.00025 ( 1)  0.112 +-  0.237
 228 F   0.95899 0.04091 0.00009 ( 1)  0.089 +-  0.189
 229 V   0.97754 0.02243 0.00003 ( 1)  0.072 +-  0.141
 230 L   0.92297 0.07660 0.00043 ( 1)  0.124 +-  0.259
 231 P   0.93741 0.06236 0.00023 ( 1)  0.110 +-  0.233
 232 L   0.94202 0.05777 0.00021 ( 1)  0.106 +-  0.225
 233 E   0.10416 0.89071 0.00513 ( 2)  0.909 +-  0.317
 234 E   0.98229 0.01769 0.00002 ( 1)  0.067 +-  0.126
 235 A   0.95515 0.04474 0.00011 ( 1)  0.093 +-  0.198
 236 K   0.98890 0.01109 0.00001 ( 1)  0.061 +-  0.100
 237 R   0.96457 0.03535 0.00007 ( 1)  0.084 +-  0.176
 238 G   0.95476 0.04512 0.00012 ( 1)  0.093 +-  0.199
 239 L   0.92501 0.07452 0.00047 ( 1)  0.122 +-  0.257
 240 L   0.03187 0.93444 0.03369 ( 2)  1.049 +-  0.501
 241 L   0.92636 0.07326 0.00038 ( 1)  0.121 +-  0.253
 242 L   0.93590 0.06383 0.00027 ( 1)  0.111 +-  0.236
 243 K   0.98890 0.01109 0.00001 ( 1)  0.061 +-  0.100
 244 E   0.69199 0.30708 0.00093 ( 1)  0.344 +-  0.443
 245 A   0.95540 0.04449 0.00011 ( 1)  0.093 +-  0.197
 246 G   0.96688 0.03306 0.00007 ( 1)  0.082 +-  0.171
 247 M   0.99335 0.00665 0.00000 ( 1)  0.056 +-  0.077
 248 E   0.98933 0.01066 0.00001 ( 1)  0.060 +-  0.098
 249 K   0.98909 0.01090 0.00001 ( 1)  0.061 +-  0.099
 250 I   0.97631 0.02366 0.00003 ( 1)  0.073 +-  0.145
 251 N   0.98646 0.01353 0.00001 ( 1)  0.063 +-  0.110
 252 F   0.95512 0.04477 0.00011 ( 1)  0.093 +-  0.198
 253 S   0.90263 0.09653 0.00084 ( 1)  0.144 +-  0.294
 254 G   0.97325 0.02670 0.00004 ( 1)  0.076 +-  0.154
 255 G   0.95519 0.04470 0.00012 ( 1)  0.093 +-  0.198
 256 E   0.98933 0.01066 0.00001 ( 1)  0.060 +-  0.098
 257 P   0.92909 0.07058 0.00033 ( 1)  0.118 +-  0.248
 258 F   0.95937 0.04053 0.00009 ( 1)  0.089 +-  0.189
 259 I   0.06096 0.92595 0.01309 ( 2)  0.968 +-  0.348
 260 H   0.00400 0.97367 0.02233 ( 2)  1.042 +-  0.343
 261 D   0.98727 0.01272 0.00001 ( 1)  0.062 +-  0.107
 262 R   0.95918 0.04072 0.00009 ( 1)  0.089 +-  0.189
 263 G   0.95597 0.04392 0.00011 ( 1)  0.092 +-  0.196
 264 E   0.97579 0.02417 0.00004 ( 1)  0.073 +-  0.146
 265 Y   0.96133 0.03858 0.00008 ( 1)  0.087 +-  0.184
 266 L   0.37472 0.61611 0.00917 ( 2)  0.663 +-  0.523
 267 G   0.97606 0.02391 0.00003 ( 1)  0.073 +-  0.146
 268 K   0.15365 0.84300 0.00335 ( 2)  0.859 +-  0.356
 269 L   0.92378 0.07577 0.00046 ( 1)  0.123 +-  0.259
 270 V   0.97784 0.02212 0.00003 ( 1)  0.071 +-  0.140
 271 K   0.00044 0.97391 0.02565 ( 2)  1.052 +-  0.360
 272 F   0.96348 0.03645 0.00007 ( 1)  0.085 +-  0.179
 273 C   0.53762 0.46014 0.00224 ( 1)  0.493 +-  0.484
 274 K   0.97578 0.02419 0.00004 ( 1)  0.073 +-  0.147
 275 A   0.00000 0.46401 0.53598 ( 3)  2.845 +-  1.976
 276 E   0.81963 0.18010 0.00027 ( 1)  0.222 +-  0.366
 277 L   0.93142 0.06824 0.00034 ( 1)  0.116 +-  0.245
 278 Q   0.00011 0.83681 0.16308 ( 2)  1.457 +-  1.126
 279 L   0.92341 0.07616 0.00043 ( 1)  0.124 +-  0.258
 280 P   0.93729 0.06247 0.00024 ( 1)  0.110 +-  0.233
 281 S   0.98186 0.01813 0.00002 ( 1)  0.067 +-  0.127
 282 V   0.97718 0.02279 0.00003 ( 1)  0.072 +-  0.142
 283 S   0.98186 0.01813 0.00002 ( 1)  0.067 +-  0.127
 284 I   0.97568 0.02428 0.00004 ( 1)  0.073 +-  0.147
 285 V   0.49649 0.50100 0.00251 ( 2)  0.532 +-  0.487
 286 S   0.98186 0.01813 0.00002 ( 1)  0.067 +-  0.127
 287 N   0.98661 0.01337 0.00001 ( 1)  0.063 +-  0.109
 288 G   0.96204 0.03787 0.00010 ( 1)  0.086 +-  0.183
 289 S   0.98186 0.01813 0.00002 ( 1)  0.067 +-  0.127
 290 L   0.92346 0.07612 0.00042 ( 1)  0.124 +-  0.258
 291 I   0.97631 0.02366 0.00003 ( 1)  0.073 +-  0.145
 292 R   0.95604 0.04384 0.00011 ( 1)  0.092 +-  0.196
 293 E   0.98933 0.01066 0.00001 ( 1)  0.060 +-  0.098
 294 K   0.49302 0.50225 0.00473 ( 2)  0.540 +-  0.502
 295 W   0.93522 0.06452 0.00026 ( 1)  0.112 +-  0.237
 296 F   0.96353 0.03639 0.00007 ( 1)  0.085 +-  0.179
 297 Q   0.04870 0.93632 0.01498 ( 2)  0.983 +-  0.339
 298 N   0.72665 0.27276 0.00060 ( 1)  0.310 +-  0.426
 299 Y   0.95732 0.04258 0.00011 ( 1)  0.091 +-  0.193
 300 G   0.96767 0.03227 0.00006 ( 1)  0.081 +-  0.169
 301 E   0.09508 0.89924 0.00569 ( 2)  0.918 +-  0.312
 302 Y   0.49765 0.49898 0.00337 ( 2)  0.533 +-  0.493
 303 L   0.92573 0.07386 0.00041 ( 1)  0.121 +-  0.255
 304 D   0.98725 0.01274 0.00001 ( 1)  0.062 +-  0.107
 305 I   0.96910 0.03085 0.00005 ( 1)  0.080 +-  0.165
 306 L   0.94686 0.05297 0.00017 ( 1)  0.101 +-  0.215
 307 A   0.96127 0.03865 0.00008 ( 1)  0.087 +-  0.184
 308 I   0.66460 0.33438 0.00102 ( 1)  0.370 +-  0.453
 309 S   0.93577 0.06398 0.00025 ( 1)  0.112 +-  0.236
 310 C   0.94995 0.04990 0.00014 ( 1)  0.098 +-  0.209
 311 D   0.98727 0.01272 0.00001 ( 1)  0.062 +-  0.107
 312 S   0.98186 0.01813 0.00002 ( 1)  0.067 +-  0.127
 313 F   0.95494 0.04494 0.00011 ( 1)  0.093 +-  0.198
 314 D   0.77010 0.22946 0.00044 ( 1)  0.269 +-  0.401
 315 E   0.98929 0.01070 0.00001 ( 1)  0.060 +-  0.098
 316 Q   0.00032 0.82747 0.17221 ( 2)  1.483 +-  1.152
 317 V   0.59481 0.40339 0.00180 ( 1)  0.438 +-  0.475
 318 N   0.98254 0.01744 0.00002 ( 1)  0.067 +-  0.125
 319 V   0.96824 0.03170 0.00006 ( 1)  0.080 +-  0.167
 320 L   0.43505 0.55952 0.00543 ( 2)  0.597 +-  0.504
 321 I   0.96910 0.03085 0.00005 ( 1)  0.080 +-  0.165
 322 G   0.97606 0.02391 0.00003 ( 1)  0.073 +-  0.146
 323 R   0.94339 0.05642 0.00019 ( 1)  0.104 +-  0.222
 324 G   0.97533 0.02463 0.00003 ( 1)  0.074 +-  0.148
 325 Q   0.92817 0.07148 0.00035 ( 1)  0.119 +-  0.250
 326 G   0.47888 0.51733 0.00379 ( 2)  0.552 +-  0.495
 327 K   0.16882 0.82832 0.00286 ( 2)  0.843 +-  0.366
 328 K   0.98903 0.01096 0.00001 ( 1)  0.061 +-  0.099
 329 N   0.78333 0.21630 0.00037 ( 1)  0.256 +-  0.393
 330 H   0.96817 0.03177 0.00006 ( 1)  0.080 +-  0.167
 331 V   0.97714 0.02283 0.00003 ( 1)  0.072 +-  0.142
 332 E   0.97579 0.02417 0.00004 ( 1)  0.073 +-  0.146
 333 N   0.75319 0.24633 0.00048 ( 1)  0.285 +-  0.411
 334 L   0.93440 0.06532 0.00028 ( 1)  0.113 +-  0.239
 335 Q   0.93062 0.06905 0.00033 ( 1)  0.117 +-  0.246
 336 K   0.98318 0.01681 0.00002 ( 1)  0.066 +-  0.122
 337 L   0.92346 0.07612 0.00042 ( 1)  0.124 +-  0.258
 338 R   0.97980 0.02018 0.00002 ( 1)  0.069 +-  0.134
 339 T   0.07439 0.91742 0.00819 ( 2)  0.943 +-  0.310
 340 W   0.93522 0.06452 0.00026 ( 1)  0.112 +-  0.237
 341 C   0.94999 0.04987 0.00014 ( 1)  0.098 +-  0.209
 342 G   0.13616 0.86060 0.00324 ( 2)  0.875 +-  0.338
 343 N   0.11621 0.87880 0.00499 ( 2)  0.897 +-  0.331
 344 Y   0.95492 0.04496 0.00012 ( 1)  0.093 +-  0.199
 345 R   0.56342 0.43468 0.00190 ( 1)  0.468 +-  0.479
 346 V   0.60237 0.39581 0.00182 ( 1)  0.431 +-  0.475
 347 A   0.51752 0.47988 0.00261 ( 1)  0.512 +-  0.487
 348 F   0.96337 0.03656 0.00007 ( 1)  0.085 +-  0.179
 349 K   0.98909 0.01090 0.00001 ( 1)  0.061 +-  0.099
 350 I   0.98118 0.01879 0.00002 ( 1)  0.068 +-  0.129
 351 N   0.98222 0.01776 0.00002 ( 1)  0.067 +-  0.126
 352 S   0.92335 0.07626 0.00039 ( 1)  0.124 +-  0.258
 353 V   0.96824 0.03170 0.00006 ( 1)  0.080 +-  0.167
 354 I   0.61037 0.38816 0.00148 ( 1)  0.422 +-  0.470
 355 N   0.98344 0.01655 0.00002 ( 1)  0.066 +-  0.122
 356 R   0.92008 0.07947 0.00046 ( 1)  0.127 +-  0.264
 357 F   0.96353 0.03639 0.00007 ( 1)  0.085 +-  0.179
 358 N   0.98635 0.01364 0.00001 ( 1)  0.063 +-  0.110
 359 V   0.69238 0.30676 0.00086 ( 1)  0.343 +-  0.442
 360 E   0.08226 0.91037 0.00737 ( 2)  0.934 +-  0.311
 361 E   0.98933 0.01066 0.00001 ( 1)  0.060 +-  0.098
 362 D   0.98727 0.01272 0.00001 ( 1)  0.062 +-  0.107
 363 M   0.99335 0.00665 0.00000 ( 1)  0.056 +-  0.077
 364 T   0.08244 0.90656 0.01100 ( 2)  0.944 +-  0.359
 365 E   0.97657 0.02340 0.00003 ( 1)  0.072 +-  0.144
 366 Q   0.52171 0.47556 0.00273 ( 1)  0.509 +-  0.488
 367 I   0.97455 0.02541 0.00004 ( 1)  0.074 +-  0.150
 368 K   0.07191 0.91808 0.01001 ( 2)  0.950 +-  0.325
 369 A   0.96905 0.03090 0.00005 ( 1)  0.080 +-  0.165
 370 L   0.88516 0.11345 0.00140 ( 1)  0.162 +-  0.324
 371 N   0.77024 0.22934 0.00041 ( 1)  0.269 +-  0.401
 372 P   0.93316 0.06656 0.00028 ( 1)  0.114 +-  0.241
 373 V   0.60342 0.39486 0.00172 ( 1)  0.429 +-  0.473
 374 R   0.95463 0.04526 0.00011 ( 1)  0.093 +-  0.199
 375 W   0.93522 0.06452 0.00026 ( 1)  0.112 +-  0.237
 376 K   0.97330 0.02666 0.00004 ( 1)  0.076 +-  0.154
 377 V   0.97784 0.02212 0.00003 ( 1)  0.071 +-  0.140
 378 F   0.96353 0.03639 0.00007 ( 1)  0.085 +-  0.179
 379 Q   0.95381 0.04606 0.00012 ( 1)  0.094 +-  0.201
 380 C   0.95911 0.04080 0.00009 ( 1)  0.089 +-  0.189
 381 L   0.95028 0.04957 0.00015 ( 1)  0.098 +-  0.208
 382 L   0.88805 0.11063 0.00132 ( 1)  0.159 +-  0.320
 383 I   0.62704 0.37160 0.00136 ( 1)  0.406 +-  0.466
 384 E   0.98911 0.01089 0.00001 ( 1)  0.060 +-  0.099
 385 G   0.96847 0.03148 0.00006 ( 1)  0.080 +-  0.167
 386 E   0.98486 0.01512 0.00002 ( 1)  0.065 +-  0.116
 387 N   0.98262 0.01736 0.00002 ( 1)  0.067 +-  0.124
 388 T   0.00164 0.89294 0.10541 ( 2)  1.295 +-  0.948
 389 G   0.95877 0.04113 0.00010 ( 1)  0.089 +-  0.190
 390 E   0.64811 0.35078 0.00111 ( 1)  0.386 +-  0.458
 391 D   0.98393 0.01605 0.00002 ( 1)  0.065 +-  0.120
 392 A   0.95633 0.04356 0.00010 ( 1)  0.092 +-  0.195
 393 L   0.88851 0.11009 0.00141 ( 1)  0.159 +-  0.322
 394 R   0.96297 0.03695 0.00007 ( 1)  0.085 +-  0.180
 395 E   0.97418 0.02578 0.00004 ( 1)  0.075 +-  0.151
 396 A   0.94834 0.05150 0.00016 ( 1)  0.099 +-  0.212
 397 E   0.51439 0.48316 0.00244 ( 1)  0.515 +-  0.486
 398 R   0.96252 0.03741 0.00008 ( 1)  0.086 +-  0.181
 399 F   0.95494 0.04494 0.00011 ( 1)  0.093 +-  0.198
 400 V   0.53369 0.46330 0.00301 ( 1)  0.498 +-  0.491
 401 I   0.96957 0.03038 0.00005 ( 1)  0.079 +-  0.164
 402 S   0.08938 0.90458 0.00604 ( 2)  0.924 +-  0.307
 403 D   0.98292 0.01706 0.00002 ( 1)  0.066 +-  0.123
 404 E   0.97418 0.02578 0.00004 ( 1)  0.075 +-  0.151
 405 E   0.65656 0.34237 0.00106 ( 1)  0.378 +-  0.456
 406 F   0.95542 0.04447 0.00011 ( 1)  0.093 +-  0.197
 407 E   0.97418 0.02578 0.00004 ( 1)  0.075 +-  0.151
 408 R   0.05028 0.93507 0.01465 ( 2)  0.980 +-  0.337
 409 F   0.56914 0.42903 0.00184 ( 1)  0.462 +-  0.479
 410 L   0.91519 0.08417 0.00064 ( 1)  0.132 +-  0.274
 411 E   0.80762 0.19205 0.00032 ( 1)  0.233 +-  0.376
 412 R   0.95376 0.04612 0.00012 ( 1)  0.094 +-  0.201
 413 H   0.97373 0.02623 0.00004 ( 1)  0.075 +-  0.152
 414 K   0.97480 0.02516 0.00004 ( 1)  0.074 +-  0.149
 415 E   0.08381 0.90950 0.00668 ( 2)  0.931 +-  0.305
 416 V   0.97784 0.02212 0.00003 ( 1)  0.071 +-  0.140
 417 S   0.93577 0.06398 0.00025 ( 1)  0.112 +-  0.236
 418 C   0.95046 0.04941 0.00014 ( 1)  0.097 +-  0.208
 419 L   0.92685 0.07278 0.00037 ( 1)  0.120 +-  0.252
 420 V   0.97784 0.02212 0.00003 ( 1)  0.071 +-  0.140
 421 P   0.92553 0.07410 0.00037 ( 1)  0.121 +-  0.254
 422 E   0.97418 0.02578 0.00004 ( 1)  0.075 +-  0.151
 423 S   0.92335 0.07626 0.00039 ( 1)  0.124 +-  0.258
 424 N   0.98690 0.01309 0.00001 ( 1)  0.063 +-  0.108
 425 Q   0.95381 0.04606 0.00012 ( 1)  0.094 +-  0.201
 426 K   0.98909 0.01090 0.00001 ( 1)  0.061 +-  0.099
 427 M   0.99335 0.00665 0.00000 ( 1)  0.056 +-  0.077
 428 K   0.97330 0.02666 0.00004 ( 1)  0.076 +-  0.154
 429 D   0.98727 0.01272 0.00001 ( 1)  0.062 +-  0.107
 430 S   0.93577 0.06398 0.00025 ( 1)  0.112 +-  0.236
 431 Y   0.96202 0.03790 0.00008 ( 1)  0.086 +-  0.183
 432 L   0.94008 0.05970 0.00023 ( 1)  0.107 +-  0.228
 433 I   0.96959 0.03035 0.00005 ( 1)  0.079 +-  0.164
 434 L   0.92346 0.07612 0.00042 ( 1)  0.124 +-  0.258
 435 D   0.98279 0.01720 0.00002 ( 1)  0.067 +-  0.124
 436 E   0.97418 0.02578 0.00004 ( 1)  0.075 +-  0.151
 437 Y   0.95470 0.04518 0.00012 ( 1)  0.093 +-  0.199
 438 M   0.99335 0.00665 0.00000 ( 1)  0.056 +-  0.077
 439 R   0.95463 0.04526 0.00011 ( 1)  0.093 +-  0.199
 440 F   0.95545 0.04443 0.00011 ( 1)  0.093 +-  0.197
 441 L   0.92582 0.07378 0.00040 ( 1)  0.121 +-  0.254
 442 N   0.98690 0.01309 0.00001 ( 1)  0.063 +-  0.108
 443 C   0.95323 0.04665 0.00012 ( 1)  0.095 +-  0.202
 444 R   0.01803 0.94927 0.03270 ( 2)  1.056 +-  0.459
 445 K   0.14367 0.85326 0.00308 ( 2)  0.867 +-  0.344
 446 G   0.95913 0.04077 0.00010 ( 1)  0.089 +-  0.189
 447 R   0.95918 0.04072 0.00009 ( 1)  0.089 +-  0.189
 448 K   0.98810 0.01189 0.00001 ( 1)  0.061 +-  0.103
 449 D   0.13703 0.85944 0.00353 ( 2)  0.875 +-  0.341
 450 P   0.92553 0.07410 0.00037 ( 1)  0.121 +-  0.254
 451 S   0.93566 0.06409 0.00025 ( 1)  0.112 +-  0.236
 452 K   0.98909 0.01090 0.00001 ( 1)  0.061 +-  0.099
 453 S   0.93478 0.06496 0.00026 ( 1)  0.112 +-  0.238
 454 I   0.97631 0.02366 0.00003 ( 1)  0.073 +-  0.145
 455 L   0.92346 0.07612 0.00042 ( 1)  0.124 +-  0.258
 456 D   0.98279 0.01720 0.00002 ( 1)  0.067 +-  0.124
 457 V   0.95876 0.04114 0.00011 ( 1)  0.089 +-  0.190
 458 G   0.96186 0.03806 0.00008 ( 1)  0.086 +-  0.183
 459 V   0.95250 0.04735 0.00015 ( 1)  0.095 +-  0.204
 460 E   0.97579 0.02417 0.00004 ( 1)  0.073 +-  0.146
 461 E   0.97564 0.02433 0.00004 ( 1)  0.073 +-  0.147
 462 A   0.95645 0.04345 0.00010 ( 1)  0.092 +-  0.195
 463 I   0.98344 0.01654 0.00002 ( 1)  0.066 +-  0.121
 464 K   0.64086 0.35797 0.00117 ( 1)  0.393 +-  0.461
 465 F   0.96353 0.03639 0.00007 ( 1)  0.085 +-  0.179
 466 S   0.97561 0.02436 0.00003 ( 1)  0.073 +-  0.147
 467 G   0.95519 0.04470 0.00012 ( 1)  0.093 +-  0.198
 468 F   0.95542 0.04447 0.00011 ( 1)  0.093 +-  0.197
 469 D   0.98305 0.01693 0.00002 ( 1)  0.066 +-  0.123
 470 E   0.97418 0.02578 0.00004 ( 1)  0.075 +-  0.151
 471 K   0.98909 0.01090 0.00001 ( 1)  0.061 +-  0.099
 472 M   0.99335 0.00665 0.00000 ( 1)  0.056 +-  0.077
 473 F   0.95494 0.04494 0.00011 ( 1)  0.093 +-  0.198
 474 L   0.92346 0.07612 0.00042 ( 1)  0.124 +-  0.258
 475 K   0.98909 0.01090 0.00001 ( 1)  0.061 +-  0.099
 476 R   0.89375 0.10518 0.00107 ( 1)  0.153 +-  0.308
 477 G   0.95519 0.04470 0.00012 ( 1)  0.093 +-  0.198
 478 G   0.95519 0.04470 0.00012 ( 1)  0.093 +-  0.198
 479 K   0.97480 0.02516 0.00004 ( 1)  0.074 +-  0.149
 480 Y   0.95970 0.04021 0.00009 ( 1)  0.089 +-  0.188
 481 T   0.00000 0.00535 0.99465 ( 3)  4.592 +-  1.512
 482 W   0.93522 0.06452 0.00026 ( 1)  0.112 +-  0.237
 483 S   0.97886 0.02112 0.00003 ( 1)  0.070 +-  0.137
 484 K   0.98909 0.01090 0.00001 ( 1)  0.061 +-  0.099
 485 A   0.50715 0.48996 0.00289 ( 1)  0.523 +-  0.489
 486 D   0.98305 0.01693 0.00002 ( 1)  0.066 +-  0.123
 487 L   0.92346 0.07612 0.00042 ( 1)  0.124 +-  0.258
 488 K   0.98909 0.01090 0.00001 ( 1)  0.061 +-  0.099
 489 L   0.92346 0.07612 0.00042 ( 1)  0.124 +-  0.258
 490 D   0.98418 0.01581 0.00002 ( 1)  0.065 +-  0.119
 491 W   0.93522 0.06452 0.00026 ( 1)  0.112 +-  0.237

Positively selected sites

	Prob(w>1)  mean w

   104 L      0.653         3.289 +- 1.999
   138 T      0.814         3.904 +- 1.882
   153 P      0.956*        4.495 +- 1.627
   275 A      0.536         2.845 +- 1.976
   481 T      0.995**       4.592 +- 1.512

