Supplemental results for CODEML (seqf: algn  treef: tree)


dN/dS (w) for site classes (K=8)

p:   0.12500  0.12500  0.12500  0.12500  0.12500  0.12500  0.12500  0.12500
w:   0.00000  0.00000  0.00000  0.00000  0.00000  0.00000  0.00008  0.33747

Naive Empirical Bayes (NEB) probabilities for 8 classes & postmean_w
(amino acids refer to 1st sequence: aotNan_FOXP2_XM_012456997)

   1 M   0.12797 0.12797 0.12797 0.12797 0.12797 0.12797 0.12796 0.10423 ( 1)  0.035
   2 M   0.12799 0.12799 0.12799 0.12799 0.12799 0.12799 0.12799 0.10405 ( 1)  0.035
   3 Q   0.12725 0.12725 0.12725 0.12725 0.12725 0.12725 0.12724 0.10929 ( 2)  0.037
   4 E   0.12787 0.12787 0.12787 0.12787 0.12787 0.12787 0.12786 0.10494 ( 1)  0.035
   5 S   0.12673 0.12673 0.12673 0.12673 0.12673 0.12673 0.12673 0.11289 ( 5)  0.038
   6 A   0.00000 0.00000 0.00000 0.00000 0.00000 0.00000 0.00027 0.99973 ( 8)  0.337
   7 T   0.12726 0.12726 0.12726 0.12726 0.12726 0.12726 0.12726 0.10917 ( 5)  0.037
   8 E   0.12764 0.12764 0.12764 0.12764 0.12764 0.12764 0.12764 0.10650 ( 5)  0.036
   9 T   0.12726 0.12726 0.12726 0.12726 0.12726 0.12726 0.12726 0.10917 ( 5)  0.037
  10 I   0.12787 0.12787 0.12787 0.12787 0.12787 0.12787 0.12787 0.10489 ( 1)  0.035
  11 S   0.12672 0.12672 0.12672 0.12672 0.12672 0.12672 0.12671 0.11299 ( 1)  0.038
  12 N   0.12729 0.12729 0.12729 0.12729 0.12729 0.12729 0.12729 0.10895 ( 5)  0.037
  13 S   0.12713 0.12713 0.12713 0.12713 0.12713 0.12713 0.12713 0.11009 ( 1)  0.037
  14 S   0.12684 0.12684 0.12684 0.12684 0.12684 0.12684 0.12683 0.11215 ( 2)  0.038
  15 M   0.12801 0.12801 0.12801 0.12801 0.12801 0.12801 0.12801 0.10392 ( 1)  0.035
  16 N   0.12777 0.12777 0.12777 0.12777 0.12777 0.12777 0.12776 0.10563 ( 2)  0.036
  17 Q   0.12742 0.12742 0.12742 0.12742 0.12742 0.12742 0.12742 0.10804 ( 5)  0.036
  18 N   0.12777 0.12777 0.12777 0.12777 0.12777 0.12777 0.12776 0.10563 ( 2)  0.036
  19 G   0.12716 0.12716 0.12716 0.12716 0.12716 0.12716 0.12716 0.10985 ( 1)  0.037
  20 M   0.12801 0.12801 0.12801 0.12801 0.12801 0.12801 0.12801 0.10392 ( 1)  0.035
  21 S   0.12673 0.12673 0.12673 0.12673 0.12673 0.12673 0.12672 0.11291 ( 1)  0.038
  22 T   0.12691 0.12691 0.12691 0.12691 0.12691 0.12691 0.12691 0.11163 ( 5)  0.038
  23 L   0.12703 0.12703 0.12703 0.12703 0.12703 0.12703 0.12703 0.11079 ( 2)  0.037
  24 S   0.12673 0.12673 0.12673 0.12673 0.12673 0.12673 0.12672 0.11291 ( 1)  0.038
  25 S   0.12673 0.12673 0.12673 0.12673 0.12673 0.12673 0.12672 0.11291 ( 1)  0.038
  26 Q   0.12742 0.12742 0.12742 0.12742 0.12742 0.12742 0.12742 0.10804 ( 5)  0.036
  27 L   0.12597 0.12597 0.12597 0.12597 0.12597 0.12597 0.12597 0.11822 ( 2)  0.040
  28 D   0.12775 0.12775 0.12775 0.12775 0.12775 0.12775 0.12775 0.10575 ( 2)  0.036
  29 A   0.12689 0.12689 0.12689 0.12689 0.12689 0.12689 0.12688 0.11179 ( 5)  0.038
  30 G   0.12646 0.12646 0.12646 0.12646 0.12646 0.12646 0.12646 0.11479 ( 1)  0.039
  31 S   0.12673 0.12673 0.12673 0.12673 0.12673 0.12673 0.12672 0.11291 ( 1)  0.038
  32 R   0.12725 0.12725 0.12725 0.12725 0.12725 0.12725 0.12724 0.10926 ( 2)  0.037
  33 D   0.12775 0.12775 0.12775 0.12775 0.12775 0.12775 0.12775 0.10575 ( 2)  0.036
  34 G   0.12716 0.12716 0.12716 0.12716 0.12716 0.12716 0.12716 0.10985 ( 1)  0.037
  35 R   0.12725 0.12725 0.12725 0.12725 0.12725 0.12725 0.12724 0.10926 ( 2)  0.037
  36 S   0.12685 0.12685 0.12685 0.12685 0.12685 0.12685 0.12684 0.11207 ( 2)  0.038
  37 S   0.12714 0.12714 0.12714 0.12714 0.12714 0.12714 0.12714 0.11000 ( 1)  0.037
  38 G   0.12687 0.12687 0.12687 0.12687 0.12687 0.12687 0.12686 0.11194 ( 1)  0.038
  39 D   0.12729 0.12729 0.12729 0.12729 0.12729 0.12729 0.12728 0.10901 ( 2)  0.037
  40 T   0.12649 0.12649 0.12649 0.12649 0.12649 0.12649 0.12649 0.11455 ( 1)  0.039
  41 S   0.12673 0.12673 0.12673 0.12673 0.12673 0.12673 0.12672 0.11291 ( 1)  0.038
  42 S   0.12674 0.12674 0.12674 0.12674 0.12674 0.12674 0.12674 0.11282 ( 5)  0.038
  43 E   0.12788 0.12788 0.12788 0.12788 0.12788 0.12788 0.12788 0.10482 ( 1)  0.035
  44 V   0.12724 0.12724 0.12724 0.12724 0.12724 0.12724 0.12724 0.10932 ( 5)  0.037
  45 S   0.12673 0.12673 0.12673 0.12673 0.12673 0.12673 0.12672 0.11291 ( 1)  0.038
  46 T   0.12728 0.12728 0.12728 0.12728 0.12728 0.12728 0.12727 0.10908 ( 5)  0.037
  47 V   0.12722 0.12722 0.12722 0.12722 0.12722 0.12722 0.12721 0.10949 ( 5)  0.037
  48 E   0.12788 0.12788 0.12788 0.12788 0.12788 0.12788 0.12788 0.10482 ( 1)  0.035
  49 L   0.12684 0.12684 0.12684 0.12684 0.12684 0.12684 0.12684 0.11212 ( 5)  0.038
  50 L   0.12684 0.12684 0.12684 0.12684 0.12684 0.12684 0.12684 0.11210 ( 2)  0.038
  51 H   0.12784 0.12784 0.12784 0.12784 0.12784 0.12784 0.12783 0.10514 ( 5)  0.035
  52 L   0.12684 0.12684 0.12684 0.12684 0.12684 0.12684 0.12684 0.11212 ( 5)  0.038
  53 Q   0.12742 0.12742 0.12742 0.12742 0.12742 0.12742 0.12742 0.10804 ( 5)  0.036
  54 Q   0.12742 0.12742 0.12742 0.12742 0.12742 0.12742 0.12742 0.10804 ( 5)  0.036
  55 Q   0.12726 0.12726 0.12726 0.12726 0.12726 0.12726 0.12725 0.10919 ( 2)  0.037
  56 Q   0.12726 0.12726 0.12726 0.12726 0.12726 0.12726 0.12725 0.10919 ( 2)  0.037
  57 -   0.12500 0.12500 0.12500 0.12500 0.12500 0.12500 0.12500 0.12500 ( 1)  0.042
  58 -   0.12500 0.12500 0.12500 0.12500 0.12500 0.12500 0.12500 0.12500 ( 5)  0.042
  59 A   0.12689 0.12689 0.12689 0.12689 0.12689 0.12689 0.12688 0.11179 ( 5)  0.038
  60 L   0.12658 0.12658 0.12658 0.12658 0.12658 0.12658 0.12658 0.11392 ( 2)  0.038
  61 Q   0.12728 0.12728 0.12728 0.12728 0.12728 0.12728 0.12728 0.10902 ( 5)  0.037
  62 A   0.12724 0.12724 0.12724 0.12724 0.12724 0.12724 0.12724 0.10930 ( 5)  0.037
  63 A   0.12725 0.12725 0.12725 0.12725 0.12725 0.12725 0.12724 0.10926 ( 2)  0.037
  64 R   0.12725 0.12725 0.12725 0.12725 0.12725 0.12725 0.12724 0.10926 ( 2)  0.037
  65 Q   0.12742 0.12742 0.12742 0.12742 0.12742 0.12742 0.12742 0.10804 ( 5)  0.036
  66 L   0.12702 0.12702 0.12702 0.12702 0.12702 0.12702 0.12702 0.11083 ( 2)  0.037
  67 L   0.12702 0.12702 0.12702 0.12702 0.12702 0.12702 0.12702 0.11083 ( 2)  0.037
  68 L   0.12597 0.12597 0.12597 0.12597 0.12597 0.12597 0.12597 0.11822 ( 2)  0.040
  69 Q   0.12726 0.12726 0.12726 0.12726 0.12726 0.12726 0.12725 0.10919 ( 2)  0.037
  70 Q   0.12726 0.12726 0.12726 0.12726 0.12726 0.12726 0.12725 0.10919 ( 2)  0.037
  71 Q   0.12742 0.12742 0.12742 0.12742 0.12742 0.12742 0.12742 0.10804 ( 5)  0.036
  72 T   0.12728 0.12728 0.12728 0.12728 0.12728 0.12728 0.12727 0.10908 ( 5)  0.037
  73 S   0.12714 0.12714 0.12714 0.12714 0.12714 0.12714 0.12714 0.11000 ( 1)  0.037
  74 G   0.12716 0.12716 0.12716 0.12716 0.12716 0.12716 0.12716 0.10985 ( 1)  0.037
  75 L   0.12595 0.12595 0.12595 0.12595 0.12595 0.12595 0.12595 0.11835 ( 2)  0.040
  76 K   0.12789 0.12789 0.12789 0.12789 0.12789 0.12789 0.12788 0.10480 ( 5)  0.035
  77 S   0.12674 0.12674 0.12674 0.12674 0.12674 0.12674 0.12674 0.11282 ( 5)  0.038
  78 P   0.12702 0.12702 0.12702 0.12702 0.12702 0.12702 0.12702 0.11087 ( 2)  0.037
  79 K   0.12767 0.12767 0.12767 0.12767 0.12767 0.12767 0.12766 0.10634 ( 1)  0.036
  80 S   0.12673 0.12673 0.12673 0.12673 0.12673 0.12673 0.12672 0.11291 ( 1)  0.038
  81 S   0.12714 0.12714 0.12714 0.12714 0.12714 0.12714 0.12714 0.11000 ( 1)  0.037
  82 D   0.12775 0.12775 0.12775 0.12775 0.12775 0.12775 0.12775 0.10575 ( 2)  0.036
  83 K   0.12789 0.12789 0.12789 0.12789 0.12789 0.12789 0.12788 0.10480 ( 5)  0.035
  84 Q   0.12726 0.12726 0.12726 0.12726 0.12726 0.12726 0.12725 0.10919 ( 2)  0.037
  85 R   0.12725 0.12725 0.12725 0.12725 0.12725 0.12725 0.12724 0.10926 ( 2)  0.037
  86 P   0.12740 0.12740 0.12740 0.12740 0.12740 0.12740 0.12740 0.10817 ( 5)  0.037
  87 L   0.12684 0.12684 0.12684 0.12684 0.12684 0.12684 0.12684 0.11212 ( 5)  0.038
  88 Q   0.12726 0.12726 0.12726 0.12726 0.12726 0.12726 0.12725 0.10919 ( 2)  0.037
  89 -   0.12505 0.12505 0.12505 0.12505 0.12505 0.12505 0.12505 0.12466 ( 1)  0.042
  90 -   0.12502 0.12502 0.12502 0.12502 0.12502 0.12502 0.12502 0.12489 ( 5)  0.042
  91 -   0.12503 0.12503 0.12503 0.12503 0.12503 0.12503 0.12503 0.12476 ( 2)  0.042
  92 -   0.12504 0.12504 0.12504 0.12504 0.12504 0.12504 0.12504 0.12472 ( 5)  0.042
  93 -   0.12505 0.12505 0.12505 0.12505 0.12505 0.12505 0.12505 0.12466 ( 1)  0.042
  94 -   0.12504 0.12504 0.12504 0.12504 0.12504 0.12504 0.12504 0.12473 ( 5)  0.042
  95 -   0.12505 0.12505 0.12505 0.12505 0.12505 0.12505 0.12505 0.12466 ( 5)  0.042
  96 -   0.12502 0.12502 0.12502 0.12502 0.12502 0.12502 0.12502 0.12489 ( 2)  0.042
  97 -   0.12503 0.12503 0.12503 0.12503 0.12503 0.12503 0.12503 0.12482 ( 2)  0.042
  98 -   0.12503 0.12503 0.12503 0.12503 0.12503 0.12503 0.12503 0.12481 ( 2)  0.042
  99 -   0.12503 0.12503 0.12503 0.12503 0.12503 0.12503 0.12503 0.12482 ( 2)  0.042
 100 -   0.12502 0.12502 0.12502 0.12502 0.12502 0.12502 0.12502 0.12483 ( 1)  0.042
 101 -   0.12504 0.12504 0.12504 0.12504 0.12504 0.12504 0.12504 0.12472 ( 2)  0.042
 102 -   0.12503 0.12503 0.12503 0.12503 0.12503 0.12503 0.12503 0.12480 ( 2)  0.042
 103 -   0.12503 0.12503 0.12503 0.12503 0.12503 0.12503 0.12503 0.12480 ( 2)  0.042
 104 -   0.12503 0.12503 0.12503 0.12503 0.12503 0.12503 0.12503 0.12478 ( 1)  0.042
 105 -   0.12505 0.12505 0.12505 0.12505 0.12505 0.12505 0.12505 0.12467 ( 2)  0.042
 106 -   0.12503 0.12503 0.12503 0.12503 0.12503 0.12503 0.12503 0.12477 ( 5)  0.042
 107 -   0.12505 0.12505 0.12505 0.12505 0.12505 0.12505 0.12505 0.12466 ( 2)  0.042
 108 -   0.12503 0.12503 0.12503 0.12503 0.12503 0.12503 0.12503 0.12477 ( 2)  0.042
 109 -   0.12504 0.12504 0.12504 0.12504 0.12504 0.12504 0.12504 0.12472 ( 2)  0.042
 110 -   0.12504 0.12504 0.12504 0.12504 0.12504 0.12504 0.12504 0.12473 ( 5)  0.042
 111 -   0.12504 0.12504 0.12504 0.12504 0.12504 0.12504 0.12504 0.12473 ( 5)  0.042
 112 -   0.12503 0.12503 0.12503 0.12503 0.12503 0.12503 0.12503 0.12478 ( 2)  0.042
 113 -   0.12504 0.12504 0.12504 0.12504 0.12504 0.12504 0.12504 0.12474 ( 2)  0.042
 114 -   0.12500 0.12500 0.12500 0.12500 0.12500 0.12500 0.12500 0.12500 ( 1)  0.042
 115 -   0.12500 0.12500 0.12500 0.12500 0.12500 0.12500 0.12500 0.12500 ( 7)  0.042
 116 -   0.12500 0.12500 0.12500 0.12500 0.12500 0.12500 0.12500 0.12500 ( 2)  0.042
 117 -   0.12500 0.12500 0.12500 0.12500 0.12500 0.12500 0.12500 0.12500 ( 6)  0.042
 118 -   0.12500 0.12500 0.12500 0.12500 0.12500 0.12500 0.12500 0.12500 ( 1)  0.042
 119 -   0.12500 0.12500 0.12500 0.12500 0.12500 0.12500 0.12500 0.12500 ( 7)  0.042
 120 -   0.12500 0.12500 0.12500 0.12500 0.12500 0.12500 0.12500 0.12500 ( 5)  0.042
 121 -   0.12500 0.12500 0.12500 0.12500 0.12500 0.12500 0.12500 0.12500 ( 2)  0.042
 122 -   0.12500 0.12500 0.12500 0.12500 0.12500 0.12500 0.12500 0.12500 ( 2)  0.042
 123 -   0.12500 0.12500 0.12500 0.12500 0.12500 0.12500 0.12500 0.12500 ( 8)  0.042
 124 -   0.12500 0.12500 0.12500 0.12500 0.12500 0.12500 0.12500 0.12500 ( 2)  0.042
 125 -   0.12500 0.12500 0.12500 0.12500 0.12500 0.12500 0.12500 0.12500 ( 1)  0.042
 126 -   0.12500 0.12500 0.12500 0.12500 0.12500 0.12500 0.12500 0.12500 ( 7)  0.042
 127 -   0.12500 0.12500 0.12500 0.12500 0.12500 0.12500 0.12500 0.12500 ( 2)  0.042
 128 -   0.12500 0.12500 0.12500 0.12500 0.12500 0.12500 0.12500 0.12500 ( 2)  0.042
 129 -   0.12500 0.12500 0.12500 0.12500 0.12500 0.12500 0.12500 0.12500 ( 1)  0.042
 130 -   0.12500 0.12500 0.12500 0.12500 0.12500 0.12500 0.12500 0.12500 ( 2)  0.042
 131 -   0.12500 0.12500 0.12500 0.12500 0.12500 0.12500 0.12500 0.12500 ( 5)  0.042
 132 -   0.12500 0.12500 0.12500 0.12500 0.12500 0.12500 0.12500 0.12500 ( 2)  0.042
 133 -   0.12500 0.12500 0.12500 0.12500 0.12500 0.12500 0.12500 0.12500 ( 6)  0.042
 134 -   0.12500 0.12500 0.12500 0.12500 0.12500 0.12500 0.12500 0.12500 ( 7)  0.042
 135 -   0.12500 0.12500 0.12500 0.12500 0.12500 0.12500 0.12500 0.12500 ( 5)  0.042
 136 -   0.12500 0.12500 0.12500 0.12500 0.12500 0.12500 0.12500 0.12500 ( 7)  0.042
 137 -   0.12500 0.12500 0.12500 0.12500 0.12500 0.12500 0.12500 0.12500 ( 2)  0.042
 138 -   0.12500 0.12500 0.12500 0.12500 0.12500 0.12500 0.12500 0.12500 ( 8)  0.042
 139 -   0.12500 0.12500 0.12500 0.12500 0.12500 0.12500 0.12500 0.12500 ( 1)  0.042
 140 -   0.12500 0.12500 0.12500 0.12500 0.12500 0.12500 0.12500 0.12500 ( 7)  0.042
 141 -   0.12500 0.12500 0.12500 0.12500 0.12500 0.12500 0.12500 0.12500 ( 2)  0.042
 142 -   0.12500 0.12500 0.12500 0.12500 0.12500 0.12500 0.12500 0.12500 ( 6)  0.042
 143 -   0.12500 0.12500 0.12500 0.12500 0.12500 0.12500 0.12500 0.12500 ( 1)  0.042
 144 -   0.12500 0.12500 0.12500 0.12500 0.12500 0.12500 0.12500 0.12500 ( 7)  0.042
 145 -   0.12500 0.12500 0.12500 0.12500 0.12500 0.12500 0.12500 0.12500 ( 5)  0.042
 146 -   0.12500 0.12500 0.12500 0.12500 0.12500 0.12500 0.12500 0.12500 ( 2)  0.042
 147 -   0.12500 0.12500 0.12500 0.12500 0.12500 0.12500 0.12500 0.12500 ( 2)  0.042
 148 -   0.12500 0.12500 0.12500 0.12500 0.12500 0.12500 0.12500 0.12500 ( 8)  0.042
 149 -   0.12500 0.12500 0.12500 0.12500 0.12500 0.12500 0.12500 0.12500 ( 2)  0.042
 150 -   0.12500 0.12500 0.12500 0.12500 0.12500 0.12500 0.12500 0.12500 ( 1)  0.042
 151 -   0.12500 0.12500 0.12500 0.12500 0.12500 0.12500 0.12500 0.12500 ( 7)  0.042
 152 -   0.12500 0.12500 0.12500 0.12500 0.12500 0.12500 0.12500 0.12500 ( 2)  0.042
 153 -   0.12500 0.12500 0.12500 0.12500 0.12500 0.12500 0.12500 0.12500 ( 2)  0.042
 154 -   0.12500 0.12500 0.12500 0.12500 0.12500 0.12500 0.12500 0.12500 ( 1)  0.042
 155 -   0.12500 0.12500 0.12500 0.12500 0.12500 0.12500 0.12500 0.12500 ( 2)  0.042
 156 -   0.12500 0.12500 0.12500 0.12500 0.12500 0.12500 0.12500 0.12500 ( 5)  0.042
 157 -   0.12500 0.12500 0.12500 0.12500 0.12500 0.12500 0.12500 0.12500 ( 2)  0.042
 158 -   0.12500 0.12500 0.12500 0.12500 0.12500 0.12500 0.12500 0.12500 ( 6)  0.042
 159 -   0.12500 0.12500 0.12500 0.12500 0.12500 0.12500 0.12500 0.12500 ( 7)  0.042
 160 -   0.12500 0.12500 0.12500 0.12500 0.12500 0.12500 0.12500 0.12500 ( 5)  0.042
 161 -   0.12500 0.12500 0.12500 0.12500 0.12500 0.12500 0.12500 0.12500 ( 7)  0.042
 162 -   0.12500 0.12500 0.12500 0.12500 0.12500 0.12500 0.12500 0.12500 ( 2)  0.042
 163 -   0.12500 0.12500 0.12500 0.12500 0.12500 0.12500 0.12500 0.12500 ( 8)  0.042
 164 -   0.12506 0.12506 0.12506 0.12506 0.12506 0.12506 0.12506 0.12460 ( 1)  0.042
 165 -   0.12502 0.12502 0.12502 0.12502 0.12502 0.12502 0.12502 0.12487 ( 2)  0.042
 166 -   0.12504 0.12504 0.12504 0.12504 0.12504 0.12504 0.12504 0.12472 ( 2)  0.042
 167 -   0.12505 0.12505 0.12505 0.12505 0.12505 0.12505 0.12505 0.12467 ( 5)  0.042
 168 -   0.12506 0.12506 0.12506 0.12506 0.12506 0.12506 0.12506 0.12460 ( 1)  0.042
 169 -   0.12504 0.12504 0.12504 0.12504 0.12504 0.12504 0.12504 0.12469 ( 5)  0.042
 170 -   0.12506 0.12506 0.12506 0.12506 0.12506 0.12506 0.12506 0.12460 ( 5)  0.042
 171 -   0.12502 0.12502 0.12502 0.12502 0.12502 0.12502 0.12502 0.12487 ( 2)  0.042
 172 -   0.12503 0.12503 0.12503 0.12503 0.12503 0.12503 0.12503 0.12479 ( 2)  0.042
 173 -   0.12503 0.12503 0.12503 0.12503 0.12503 0.12503 0.12503 0.12478 ( 2)  0.042
 174 -   0.12503 0.12503 0.12503 0.12503 0.12503 0.12503 0.12503 0.12479 ( 2)  0.042
 175 -   0.12503 0.12503 0.12503 0.12503 0.12503 0.12503 0.12503 0.12480 ( 1)  0.042
 176 -   0.12505 0.12505 0.12505 0.12505 0.12505 0.12505 0.12505 0.12467 ( 2)  0.042
 177 -   0.12503 0.12503 0.12503 0.12503 0.12503 0.12503 0.12503 0.12477 ( 2)  0.042
 178 -   0.12503 0.12503 0.12503 0.12503 0.12503 0.12503 0.12503 0.12477 ( 2)  0.042
 179 -   0.12504 0.12504 0.12504 0.12504 0.12504 0.12504 0.12504 0.12475 ( 1)  0.042
 180 -   0.12505 0.12505 0.12505 0.12505 0.12505 0.12505 0.12505 0.12462 ( 2)  0.042
 181 -   0.12504 0.12504 0.12504 0.12504 0.12504 0.12504 0.12504 0.12473 ( 5)  0.042
 182 -   0.12506 0.12506 0.12506 0.12506 0.12506 0.12506 0.12506 0.12461 ( 2)  0.042
 183 -   0.12504 0.12504 0.12504 0.12504 0.12504 0.12504 0.12504 0.12473 ( 2)  0.042
 184 -   0.12505 0.12505 0.12505 0.12505 0.12505 0.12505 0.12505 0.12467 ( 2)  0.042
 185 -   0.12505 0.12505 0.12505 0.12505 0.12505 0.12505 0.12505 0.12468 ( 5)  0.042
 186 -   0.12504 0.12504 0.12504 0.12504 0.12504 0.12504 0.12504 0.12469 ( 5)  0.042
 187 -   0.12504 0.12504 0.12504 0.12504 0.12504 0.12504 0.12504 0.12474 ( 2)  0.042
 188 -   0.12504 0.12504 0.12504 0.12504 0.12504 0.12504 0.12504 0.12469 ( 2)  0.042
 189 -   0.12500 0.12500 0.12500 0.12500 0.12500 0.12500 0.12500 0.12500 ( 1)  0.042
 190 -   0.12500 0.12500 0.12500 0.12500 0.12500 0.12500 0.12500 0.12500 ( 7)  0.042
 191 -   0.12500 0.12500 0.12500 0.12500 0.12500 0.12500 0.12500 0.12500 ( 2)  0.042
 192 -   0.12500 0.12500 0.12500 0.12500 0.12500 0.12500 0.12500 0.12500 ( 6)  0.042
 193 -   0.12500 0.12500 0.12500 0.12500 0.12500 0.12500 0.12500 0.12500 ( 1)  0.042
 194 -   0.12500 0.12500 0.12500 0.12500 0.12500 0.12500 0.12500 0.12500 ( 7)  0.042
 195 -   0.12500 0.12500 0.12500 0.12500 0.12500 0.12500 0.12500 0.12500 ( 5)  0.042
 196 -   0.12500 0.12500 0.12500 0.12500 0.12500 0.12500 0.12500 0.12500 ( 2)  0.042
 197 -   0.12500 0.12500 0.12500 0.12500 0.12500 0.12500 0.12500 0.12500 ( 2)  0.042
 198 -   0.12500 0.12500 0.12500 0.12500 0.12500 0.12500 0.12500 0.12500 ( 8)  0.042
 199 -   0.12500 0.12500 0.12500 0.12500 0.12500 0.12500 0.12500 0.12500 ( 2)  0.042
 200 -   0.12500 0.12500 0.12500 0.12500 0.12500 0.12500 0.12500 0.12500 ( 1)  0.042
 201 -   0.12500 0.12500 0.12500 0.12500 0.12500 0.12500 0.12500 0.12500 ( 7)  0.042
 202 -   0.12500 0.12500 0.12500 0.12500 0.12500 0.12500 0.12500 0.12500 ( 2)  0.042
 203 -   0.12500 0.12500 0.12500 0.12500 0.12500 0.12500 0.12500 0.12500 ( 2)  0.042
 204 -   0.12500 0.12500 0.12500 0.12500 0.12500 0.12500 0.12500 0.12500 ( 1)  0.042
 205 -   0.12500 0.12500 0.12500 0.12500 0.12500 0.12500 0.12500 0.12500 ( 2)  0.042
 206 -   0.12500 0.12500 0.12500 0.12500 0.12500 0.12500 0.12500 0.12500 ( 5)  0.042
 207 -   0.12500 0.12500 0.12500 0.12500 0.12500 0.12500 0.12500 0.12500 ( 2)  0.042
 208 -   0.12500 0.12500 0.12500 0.12500 0.12500 0.12500 0.12500 0.12500 ( 6)  0.042
 209 -   0.12500 0.12500 0.12500 0.12500 0.12500 0.12500 0.12500 0.12500 ( 7)  0.042
 210 -   0.12500 0.12500 0.12500 0.12500 0.12500 0.12500 0.12500 0.12500 ( 5)  0.042
 211 -   0.12500 0.12500 0.12500 0.12500 0.12500 0.12500 0.12500 0.12500 ( 7)  0.042
 212 -   0.12500 0.12500 0.12500 0.12500 0.12500 0.12500 0.12500 0.12500 ( 2)  0.042
 213 -   0.12500 0.12500 0.12500 0.12500 0.12500 0.12500 0.12500 0.12500 ( 8)  0.042
 214 -   0.12500 0.12500 0.12500 0.12500 0.12500 0.12500 0.12500 0.12500 ( 1)  0.042
 215 -   0.12500 0.12500 0.12500 0.12500 0.12500 0.12500 0.12500 0.12500 ( 7)  0.042
 216 -   0.12500 0.12500 0.12500 0.12500 0.12500 0.12500 0.12500 0.12500 ( 2)  0.042
 217 -   0.12500 0.12500 0.12500 0.12500 0.12500 0.12500 0.12500 0.12500 ( 6)  0.042
 218 -   0.12500 0.12500 0.12500 0.12500 0.12500 0.12500 0.12500 0.12500 ( 1)  0.042
 219 -   0.12500 0.12500 0.12500 0.12500 0.12500 0.12500 0.12500 0.12500 ( 7)  0.042
 220 -   0.12500 0.12500 0.12500 0.12500 0.12500 0.12500 0.12500 0.12500 ( 5)  0.042
 221 -   0.12500 0.12500 0.12500 0.12500 0.12500 0.12500 0.12500 0.12500 ( 2)  0.042
 222 -   0.12500 0.12500 0.12500 0.12500 0.12500 0.12500 0.12500 0.12500 ( 2)  0.042
 223 -   0.12500 0.12500 0.12500 0.12500 0.12500 0.12500 0.12500 0.12500 ( 8)  0.042
 224 -   0.12500 0.12500 0.12500 0.12500 0.12500 0.12500 0.12500 0.12500 ( 2)  0.042
 225 -   0.12500 0.12500 0.12500 0.12500 0.12500 0.12500 0.12500 0.12500 ( 1)  0.042
 226 -   0.12500 0.12500 0.12500 0.12500 0.12500 0.12500 0.12500 0.12500 ( 7)  0.042
 227 -   0.12500 0.12500 0.12500 0.12500 0.12500 0.12500 0.12500 0.12500 ( 2)  0.042
 228 -   0.12500 0.12500 0.12500 0.12500 0.12500 0.12500 0.12500 0.12500 ( 2)  0.042
 229 -   0.12500 0.12500 0.12500 0.12500 0.12500 0.12500 0.12500 0.12500 ( 1)  0.042
 230 -   0.12500 0.12500 0.12500 0.12500 0.12500 0.12500 0.12500 0.12500 ( 2)  0.042
 231 -   0.12500 0.12500 0.12500 0.12500 0.12500 0.12500 0.12500 0.12500 ( 5)  0.042
 232 -   0.12500 0.12500 0.12500 0.12500 0.12500 0.12500 0.12500 0.12500 ( 2)  0.042
 233 -   0.12500 0.12500 0.12500 0.12500 0.12500 0.12500 0.12500 0.12500 ( 6)  0.042
 234 -   0.12500 0.12500 0.12500 0.12500 0.12500 0.12500 0.12500 0.12500 ( 7)  0.042
 235 -   0.12500 0.12500 0.12500 0.12500 0.12500 0.12500 0.12500 0.12500 ( 5)  0.042
 236 -   0.12500 0.12500 0.12500 0.12500 0.12500 0.12500 0.12500 0.12500 ( 7)  0.042
 237 -   0.12500 0.12500 0.12500 0.12500 0.12500 0.12500 0.12500 0.12500 ( 2)  0.042
 238 -   0.12500 0.12500 0.12500 0.12500 0.12500 0.12500 0.12500 0.12500 ( 8)  0.042
 239 -   0.12721 0.12721 0.12721 0.12721 0.12721 0.12721 0.12720 0.10955 ( 1)  0.037
 240 -   0.12572 0.12572 0.12572 0.12572 0.12572 0.12572 0.12572 0.11997 ( 2)  0.040
 241 -   0.12654 0.12654 0.12654 0.12654 0.12654 0.12654 0.12654 0.11422 ( 2)  0.039
 242 -   0.12684 0.12684 0.12684 0.12684 0.12684 0.12684 0.12683 0.11216 ( 5)  0.038
 243 -   0.12721 0.12721 0.12721 0.12721 0.12721 0.12721 0.12720 0.10955 ( 1)  0.037
 244 -   0.12674 0.12674 0.12674 0.12674 0.12674 0.12674 0.12673 0.11286 ( 5)  0.038
 245 -   0.12721 0.12721 0.12721 0.12721 0.12721 0.12721 0.12721 0.10953 ( 5)  0.037
 246 -   0.12573 0.12573 0.12573 0.12573 0.12573 0.12573 0.12573 0.11987 ( 2)  0.040
 247 -   0.12617 0.12617 0.12617 0.12617 0.12617 0.12617 0.12616 0.11684 ( 2)  0.039
 248 -   0.00000 0.00000 0.00000 0.00000 0.00000 0.00000 0.00000 1.00000 ( 8)  0.337
 249 -   0.12617 0.12617 0.12617 0.12617 0.12617 0.12617 0.12616 0.11684 ( 2)  0.039
 250 -   0.12611 0.12611 0.12611 0.12611 0.12611 0.12611 0.12610 0.11725 ( 1)  0.040
 251 -   0.12684 0.12684 0.12684 0.12684 0.12684 0.12684 0.12684 0.11212 ( 5)  0.038
 252 -   0.12632 0.12632 0.12632 0.12632 0.12632 0.12632 0.12632 0.11574 ( 2)  0.039
 253 -   0.12632 0.12632 0.12632 0.12632 0.12632 0.12632 0.12632 0.11574 ( 2)  0.039
 254 -   0.12642 0.12642 0.12642 0.12642 0.12642 0.12642 0.12642 0.11506 ( 1)  0.039
 255 -   0.12710 0.12710 0.12710 0.12710 0.12710 0.12710 0.12710 0.11027 ( 2)  0.037
 256 -   0.12654 0.12654 0.12654 0.12654 0.12654 0.12654 0.12653 0.11425 ( 5)  0.039
 257 -   0.12717 0.12717 0.12717 0.12717 0.12717 0.12717 0.12717 0.10980 ( 2)  0.037
 258 -   0.12654 0.12654 0.12654 0.12654 0.12654 0.12654 0.12653 0.11424 ( 2)  0.039
 259 -   0.12684 0.12684 0.12684 0.12684 0.12684 0.12684 0.12684 0.11212 ( 5)  0.038
 260 -   0.12676 0.12676 0.12676 0.12676 0.12676 0.12676 0.12676 0.11268 ( 5)  0.038
 261 -   0.12674 0.12674 0.12674 0.12674 0.12674 0.12674 0.12673 0.11286 ( 5)  0.038
 262 -   0.12646 0.12646 0.12646 0.12646 0.12646 0.12646 0.12645 0.11481 ( 2)  0.039
 263 -   0.12672 0.12672 0.12672 0.12672 0.12672 0.12672 0.12671 0.11300 ( 2)  0.038
 264 V   0.12703 0.12703 0.12703 0.12703 0.12703 0.12703 0.12703 0.11078 ( 5)  0.037
 265 P   0.12702 0.12702 0.12702 0.12702 0.12702 0.12702 0.12702 0.11087 ( 2)  0.037
 266 V   0.12703 0.12703 0.12703 0.12703 0.12703 0.12703 0.12703 0.11078 ( 5)  0.037
 267 S   0.12685 0.12685 0.12685 0.12685 0.12685 0.12685 0.12684 0.11207 ( 5)  0.038
 268 V   0.12703 0.12703 0.12703 0.12703 0.12703 0.12703 0.12703 0.11078 ( 5)  0.037
 269 A   0.12648 0.12648 0.12648 0.12648 0.12648 0.12648 0.12647 0.11467 ( 2)  0.039
 270 M   0.12883 0.12883 0.12883 0.12883 0.12883 0.12883 0.12882 0.09819 ( 1)  0.033
 271 M   0.12883 0.12883 0.12883 0.12883 0.12883 0.12883 0.12882 0.09819 ( 1)  0.033
 272 T   0.12745 0.12745 0.12745 0.12745 0.12745 0.12745 0.12745 0.10784 ( 5)  0.036
 273 P   0.12703 0.12703 0.12703 0.12703 0.12703 0.12703 0.12703 0.11077 ( 5)  0.037
 274 Q   0.12789 0.12789 0.12789 0.12789 0.12789 0.12789 0.12789 0.10477 ( 2)  0.035
 275 V   0.12761 0.12761 0.12761 0.12761 0.12761 0.12761 0.12760 0.10677 ( 5)  0.036
 276 I   0.12713 0.12713 0.12713 0.12713 0.12713 0.12713 0.12713 0.11007 ( 1)  0.037
 277 T   0.12692 0.12692 0.12692 0.12692 0.12692 0.12692 0.12692 0.11154 ( 1)  0.038
 278 P   0.12759 0.12759 0.12759 0.12759 0.12759 0.12759 0.12758 0.10687 ( 2)  0.036
 279 Q   0.12789 0.12789 0.12789 0.12789 0.12789 0.12789 0.12789 0.10475 ( 2)  0.035
 280 Q   0.12807 0.12807 0.12807 0.12807 0.12807 0.12807 0.12806 0.10355 ( 5)  0.035
 281 M   0.12883 0.12883 0.12883 0.12883 0.12883 0.12883 0.12882 0.09819 ( 1)  0.033
 282 Q   0.12790 0.12790 0.12790 0.12790 0.12790 0.12790 0.12789 0.10470 ( 2)  0.035
 283 Q   0.12789 0.12789 0.12789 0.12789 0.12789 0.12789 0.12789 0.10477 ( 2)  0.035
 284 I   0.12713 0.12713 0.12713 0.12713 0.12713 0.12713 0.12713 0.11007 ( 1)  0.037
 285 L   0.12760 0.12760 0.12760 0.12760 0.12760 0.12760 0.12759 0.10683 ( 2)  0.036
 286 Q   0.12789 0.12789 0.12789 0.12789 0.12789 0.12789 0.12789 0.10477 ( 2)  0.035
 287 Q   0.12807 0.12807 0.12807 0.12807 0.12807 0.12807 0.12806 0.10355 ( 5)  0.035
 288 Q   0.12810 0.12810 0.12810 0.12810 0.12810 0.12810 0.12809 0.10333 ( 5)  0.035
 289 V   0.12689 0.12689 0.12689 0.12689 0.12689 0.12689 0.12689 0.11175 ( 2)  0.038
 290 L   0.12736 0.12736 0.12736 0.12736 0.12736 0.12736 0.12736 0.10846 ( 5)  0.037
 291 S   0.12722 0.12722 0.12722 0.12722 0.12722 0.12722 0.12722 0.10946 ( 5)  0.037
 292 P   0.12759 0.12759 0.12759 0.12759 0.12759 0.12759 0.12758 0.10687 ( 2)  0.036
 293 Q   0.12789 0.12789 0.12789 0.12789 0.12789 0.12789 0.12789 0.10477 ( 2)  0.035
 294 Q   0.12789 0.12789 0.12789 0.12789 0.12789 0.12789 0.12789 0.10476 ( 2)  0.035
 295 L   0.12707 0.12707 0.12707 0.12707 0.12707 0.12707 0.12707 0.11050 ( 2)  0.037
 296 Q   0.12810 0.12810 0.12810 0.12810 0.12810 0.12810 0.12809 0.10333 ( 5)  0.035
 297 A   0.12690 0.12690 0.12690 0.12690 0.12690 0.12690 0.12690 0.11169 ( 2)  0.038
 298 L   0.12760 0.12760 0.12760 0.12760 0.12760 0.12760 0.12759 0.10683 ( 2)  0.036
 299 L   0.12705 0.12705 0.12705 0.12705 0.12705 0.12705 0.12704 0.11067 ( 2)  0.037
 300 Q   0.12802 0.12802 0.12802 0.12802 0.12802 0.12802 0.12802 0.10385 ( 5)  0.035
 301 Q   0.12794 0.12794 0.12794 0.12794 0.12794 0.12794 0.12793 0.10444 ( 5)  0.035
 302 Q   0.12789 0.12789 0.12789 0.12789 0.12789 0.12789 0.12789 0.10477 ( 2)  0.035
 303 Q   0.12789 0.12789 0.12789 0.12789 0.12789 0.12789 0.12789 0.10477 ( 2)  0.035
 304 A   0.12727 0.12727 0.12727 0.12727 0.12727 0.12727 0.12726 0.10914 ( 1)  0.037
 305 V   0.12689 0.12689 0.12689 0.12689 0.12689 0.12689 0.12689 0.11175 ( 2)  0.038
 306 M   0.12883 0.12883 0.12883 0.12883 0.12883 0.12883 0.12882 0.09819 ( 1)  0.033
 307 L   0.12736 0.12736 0.12736 0.12736 0.12736 0.12736 0.12736 0.10846 ( 5)  0.037
 308 Q   0.12789 0.12789 0.12789 0.12789 0.12789 0.12789 0.12789 0.10477 ( 2)  0.035
 309 Q   0.12789 0.12789 0.12789 0.12789 0.12789 0.12789 0.12789 0.10477 ( 2)  0.035
 310 D   0.12528 0.12528 0.12528 0.12528 0.12528 0.12528 0.12528 0.12302 ( 2)  0.042
 311 F   0.12519 0.12519 0.12519 0.12519 0.12519 0.12519 0.12519 0.12365 ( 2)  0.042
 312 L   0.12509 0.12509 0.12509 0.12509 0.12509 0.12509 0.12509 0.12434 ( 5)  0.042
 313 D   0.12528 0.12528 0.12528 0.12528 0.12528 0.12528 0.12528 0.12302 ( 2)  0.042
 314 S   0.12517 0.12517 0.12517 0.12517 0.12517 0.12517 0.12517 0.12378 ( 2)  0.042
 315 G   0.12522 0.12522 0.12522 0.12522 0.12522 0.12522 0.12522 0.12346 ( 2)  0.042
 316 L   0.12509 0.12509 0.12509 0.12509 0.12509 0.12509 0.12509 0.12434 ( 5)  0.042
 317 E   0.12530 0.12530 0.12530 0.12530 0.12530 0.12530 0.12530 0.12291 ( 1)  0.041
 318 N   0.12529 0.12529 0.12529 0.12529 0.12529 0.12529 0.12528 0.12300 ( 5)  0.042
 319 F   0.12515 0.12515 0.12515 0.12515 0.12515 0.12515 0.12515 0.12392 ( 2)  0.042
 320 R   0.12523 0.12523 0.12523 0.12523 0.12523 0.12523 0.12523 0.12340 ( 2)  0.042
 321 A   0.12519 0.12519 0.12519 0.12519 0.12519 0.12519 0.12519 0.12367 ( 5)  0.042
 322 A   0.12515 0.12515 0.12515 0.12515 0.12515 0.12515 0.12515 0.12397 ( 5)  0.042
 323 L   0.12509 0.12509 0.12509 0.12509 0.12509 0.12509 0.12509 0.12434 ( 5)  0.042
 324 E   0.12530 0.12530 0.12530 0.12530 0.12530 0.12530 0.12530 0.12291 ( 1)  0.041
 325 K   0.12530 0.12530 0.12530 0.12530 0.12530 0.12530 0.12530 0.12291 ( 5)  0.041
 326 N   0.12529 0.12529 0.12529 0.12529 0.12529 0.12529 0.12528 0.12300 ( 5)  0.042
 327 -   0.12500 0.12500 0.12500 0.12500 0.12500 0.12500 0.12500 0.12500 ( 2)  0.042
 328 -   0.12500 0.12500 0.12500 0.12500 0.12500 0.12500 0.12500 0.12500 ( 2)  0.042
 329 -   0.12500 0.12500 0.12500 0.12500 0.12500 0.12500 0.12500 0.12500 ( 7)  0.042
 330 -   0.12500 0.12500 0.12500 0.12500 0.12500 0.12500 0.12500 0.12500 ( 2)  0.042
 331 -   0.12500 0.12500 0.12500 0.12500 0.12500 0.12500 0.12500 0.12500 ( 2)  0.042
 332 -   0.12500 0.12500 0.12500 0.12500 0.12500 0.12500 0.12500 0.12500 ( 6)  0.042
 333 -   0.12500 0.12500 0.12500 0.12500 0.12500 0.12500 0.12500 0.12500 ( 7)  0.042
 334 -   0.12500 0.12500 0.12500 0.12500 0.12500 0.12500 0.12500 0.12500 ( 1)  0.042
 335 -   0.12500 0.12500 0.12500 0.12500 0.12500 0.12500 0.12500 0.12500 ( 5)  0.042
 336 -   0.12500 0.12500 0.12500 0.12500 0.12500 0.12500 0.12500 0.12500 ( 6)  0.042
 337 -   0.12500 0.12500 0.12500 0.12500 0.12500 0.12500 0.12500 0.12500 ( 2)  0.042
 338 -   0.12500 0.12500 0.12500 0.12500 0.12500 0.12500 0.12500 0.12500 ( 5)  0.042
 339 -   0.12500 0.12500 0.12500 0.12500 0.12500 0.12500 0.12500 0.12500 ( 8)  0.042
 340 -   0.12500 0.12500 0.12500 0.12500 0.12500 0.12500 0.12500 0.12500 ( 7)  0.042
 341 -   0.12500 0.12500 0.12500 0.12500 0.12500 0.12500 0.12500 0.12500 ( 1)  0.042
 342 -   0.12500 0.12500 0.12500 0.12500 0.12500 0.12500 0.12500 0.12500 ( 5)  0.042
 343 -   0.12500 0.12500 0.12500 0.12500 0.12500 0.12500 0.12500 0.12500 ( 5)  0.042
 344 -   0.12500 0.12500 0.12500 0.12500 0.12500 0.12500 0.12500 0.12500 ( 2)  0.042
 345 -   0.12500 0.12500 0.12500 0.12500 0.12500 0.12500 0.12500 0.12500 ( 5)  0.042
 346 -   0.12500 0.12500 0.12500 0.12500 0.12500 0.12500 0.12500 0.12500 ( 8)  0.042
 347 -   0.12500 0.12500 0.12500 0.12500 0.12500 0.12500 0.12500 0.12500 ( 2)  0.042
 348 -   0.12500 0.12500 0.12500 0.12500 0.12500 0.12500 0.12500 0.12500 ( 2)  0.042
 349 -   0.12500 0.12500 0.12500 0.12500 0.12500 0.12500 0.12500 0.12500 ( 8)  0.042
 350 -   0.12500 0.12500 0.12500 0.12500 0.12500 0.12500 0.12500 0.12500 ( 2)  0.042
 351 -   0.12500 0.12500 0.12500 0.12500 0.12500 0.12500 0.12500 0.12500 ( 2)  0.042
 352 -   0.12500 0.12500 0.12500 0.12500 0.12500 0.12500 0.12500 0.12500 ( 6)  0.042
 353 -   0.12500 0.12500 0.12500 0.12500 0.12500 0.12500 0.12500 0.12500 ( 2)  0.042
 354 -   0.12500 0.12500 0.12500 0.12500 0.12500 0.12500 0.12500 0.12500 ( 2)  0.042
 355 -   0.12500 0.12500 0.12500 0.12500 0.12500 0.12500 0.12500 0.12500 ( 6)  0.042
 356 -   0.12500 0.12500 0.12500 0.12500 0.12500 0.12500 0.12500 0.12500 ( 6)  0.042
 357 -   0.12500 0.12500 0.12500 0.12500 0.12500 0.12500 0.12500 0.12500 ( 1)  0.042
 358 -   0.12500 0.12500 0.12500 0.12500 0.12500 0.12500 0.12500 0.12500 ( 5)  0.042
 359 -   0.12500 0.12500 0.12500 0.12500 0.12500 0.12500 0.12500 0.12500 ( 2)  0.042
 360 -   0.12500 0.12500 0.12500 0.12500 0.12500 0.12500 0.12500 0.12500 ( 2)  0.042
 361 -   0.12500 0.12500 0.12500 0.12500 0.12500 0.12500 0.12500 0.12500 ( 5)  0.042
 362 -   0.12500 0.12500 0.12500 0.12500 0.12500 0.12500 0.12500 0.12500 ( 5)  0.042
 363 -   0.12500 0.12500 0.12500 0.12500 0.12500 0.12500 0.12500 0.12500 ( 6)  0.042
 364 -   0.12500 0.12500 0.12500 0.12500 0.12500 0.12500 0.12500 0.12500 ( 1)  0.042
 365 -   0.12500 0.12500 0.12500 0.12500 0.12500 0.12500 0.12500 0.12500 ( 5)  0.042
 366 -   0.12500 0.12500 0.12500 0.12500 0.12500 0.12500 0.12500 0.12500 ( 5)  0.042
 367 -   0.12500 0.12500 0.12500 0.12500 0.12500 0.12500 0.12500 0.12500 ( 2)  0.042
 368 -   0.12500 0.12500 0.12500 0.12500 0.12500 0.12500 0.12500 0.12500 ( 2)  0.042
 369 -   0.12500 0.12500 0.12500 0.12500 0.12500 0.12500 0.12500 0.12500 ( 7)  0.042
 370 -   0.12500 0.12500 0.12500 0.12500 0.12500 0.12500 0.12500 0.12500 ( 2)  0.042
 371 -   0.12500 0.12500 0.12500 0.12500 0.12500 0.12500 0.12500 0.12500 ( 2)  0.042
 372 -   0.12500 0.12500 0.12500 0.12500 0.12500 0.12500 0.12500 0.12500 ( 6)  0.042
 373 -   0.12500 0.12500 0.12500 0.12500 0.12500 0.12500 0.12500 0.12500 ( 7)  0.042
 374 -   0.12500 0.12500 0.12500 0.12500 0.12500 0.12500 0.12500 0.12500 ( 1)  0.042
 375 -   0.12500 0.12500 0.12500 0.12500 0.12500 0.12500 0.12500 0.12500 ( 5)  0.042
 376 -   0.12500 0.12500 0.12500 0.12500 0.12500 0.12500 0.12500 0.12500 ( 6)  0.042
 377 -   0.12500 0.12500 0.12500 0.12500 0.12500 0.12500 0.12500 0.12500 ( 2)  0.042
 378 -   0.12500 0.12500 0.12500 0.12500 0.12500 0.12500 0.12500 0.12500 ( 5)  0.042
 379 -   0.12500 0.12500 0.12500 0.12500 0.12500 0.12500 0.12500 0.12500 ( 8)  0.042
 380 -   0.12500 0.12500 0.12500 0.12500 0.12500 0.12500 0.12500 0.12500 ( 7)  0.042
 381 -   0.12500 0.12500 0.12500 0.12500 0.12500 0.12500 0.12500 0.12500 ( 1)  0.042
 382 -   0.12500 0.12500 0.12500 0.12500 0.12500 0.12500 0.12500 0.12500 ( 8)  0.042
 383 -   0.12500 0.12500 0.12500 0.12500 0.12500 0.12500 0.12500 0.12500 ( 5)  0.042
 384 -   0.12500 0.12500 0.12500 0.12500 0.12500 0.12500 0.12500 0.12500 ( 2)  0.042
 385 -   0.12500 0.12500 0.12500 0.12500 0.12500 0.12500 0.12500 0.12500 ( 2)  0.042
 386 -   0.12500 0.12500 0.12500 0.12500 0.12500 0.12500 0.12500 0.12500 ( 7)  0.042
 387 -   0.12500 0.12500 0.12500 0.12500 0.12500 0.12500 0.12500 0.12500 ( 2)  0.042
 388 -   0.12500 0.12500 0.12500 0.12500 0.12500 0.12500 0.12500 0.12500 ( 2)  0.042
 389 -   0.12500 0.12500 0.12500 0.12500 0.12500 0.12500 0.12500 0.12500 ( 6)  0.042
 390 -   0.12500 0.12500 0.12500 0.12500 0.12500 0.12500 0.12500 0.12500 ( 7)  0.042
 391 -   0.12500 0.12500 0.12500 0.12500 0.12500 0.12500 0.12500 0.12500 ( 1)  0.042
 392 -   0.12500 0.12500 0.12500 0.12500 0.12500 0.12500 0.12500 0.12500 ( 5)  0.042
 393 -   0.12500 0.12500 0.12500 0.12500 0.12500 0.12500 0.12500 0.12500 ( 6)  0.042
 394 -   0.12500 0.12500 0.12500 0.12500 0.12500 0.12500 0.12500 0.12500 ( 2)  0.042
 395 -   0.12500 0.12500 0.12500 0.12500 0.12500 0.12500 0.12500 0.12500 ( 5)  0.042
 396 -   0.12500 0.12500 0.12500 0.12500 0.12500 0.12500 0.12500 0.12500 ( 8)  0.042
 397 -   0.12500 0.12500 0.12500 0.12500 0.12500 0.12500 0.12500 0.12500 ( 7)  0.042
 398 -   0.12500 0.12500 0.12500 0.12500 0.12500 0.12500 0.12500 0.12500 ( 1)  0.042
 399 -   0.12500 0.12500 0.12500 0.12500 0.12500 0.12500 0.12500 0.12500 ( 8)  0.042
 400 -   0.12500 0.12500 0.12500 0.12500 0.12500 0.12500 0.12500 0.12500 ( 5)  0.042
 401 -   0.12500 0.12500 0.12500 0.12500 0.12500 0.12500 0.12500 0.12500 ( 2)  0.042
 402 -   0.12500 0.12500 0.12500 0.12500 0.12500 0.12500 0.12500 0.12500 ( 5)  0.042
 403 -   0.12500 0.12500 0.12500 0.12500 0.12500 0.12500 0.12500 0.12500 ( 6)  0.042
 404 -   0.12500 0.12500 0.12500 0.12500 0.12500 0.12500 0.12500 0.12500 ( 2)  0.042
 405 -   0.12500 0.12500 0.12500 0.12500 0.12500 0.12500 0.12500 0.12500 ( 2)  0.042
 406 -   0.12500 0.12500 0.12500 0.12500 0.12500 0.12500 0.12500 0.12500 ( 2)  0.042
 407 -   0.12502 0.12502 0.12502 0.12502 0.12502 0.12502 0.12502 0.12487 ( 2)  0.042
 408 -   0.12501 0.12501 0.12501 0.12501 0.12501 0.12501 0.12501 0.12491 ( 2)  0.042
 409 -   0.12501 0.12501 0.12501 0.12501 0.12501 0.12501 0.12501 0.12496 ( 2)  0.042
 410 -   0.12502 0.12502 0.12502 0.12502 0.12502 0.12502 0.12502 0.12487 ( 2)  0.042
 411 -   0.12501 0.12501 0.12501 0.12501 0.12501 0.12501 0.12501 0.12492 ( 2)  0.042
 412 -   0.12501 0.12501 0.12501 0.12501 0.12501 0.12501 0.12501 0.12490 ( 2)  0.042
 413 -   0.12501 0.12501 0.12501 0.12501 0.12501 0.12501 0.12501 0.12496 ( 2)  0.042
 414 -   0.12502 0.12502 0.12502 0.12502 0.12502 0.12502 0.12502 0.12486 ( 1)  0.042
 415 -   0.12502 0.12502 0.12502 0.12502 0.12502 0.12502 0.12502 0.12487 ( 5)  0.042
 416 -   0.12501 0.12501 0.12501 0.12501 0.12501 0.12501 0.12501 0.12493 ( 2)  0.042
 417 -   0.12502 0.12502 0.12502 0.12502 0.12502 0.12502 0.12502 0.12489 ( 2)  0.042
 418 -   0.12501 0.12501 0.12501 0.12501 0.12501 0.12501 0.12501 0.12491 ( 5)  0.042
 419 -   0.12501 0.12501 0.12501 0.12501 0.12501 0.12501 0.12501 0.12493 ( 5)  0.042
 420 -   0.12501 0.12501 0.12501 0.12501 0.12501 0.12501 0.12501 0.12496 ( 2)  0.042
 421 -   0.12502 0.12502 0.12502 0.12502 0.12502 0.12502 0.12502 0.12486 ( 1)  0.042
 422 -   0.12502 0.12502 0.12502 0.12502 0.12502 0.12502 0.12502 0.12486 ( 5)  0.042
 423 -   0.12502 0.12502 0.12502 0.12502 0.12502 0.12502 0.12502 0.12487 ( 5)  0.042
 424 -   0.12500 0.12500 0.12500 0.12500 0.12500 0.12500 0.12500 0.12500 ( 2)  0.042
 425 -   0.12500 0.12500 0.12500 0.12500 0.12500 0.12500 0.12500 0.12500 ( 2)  0.042
 426 -   0.12500 0.12500 0.12500 0.12500 0.12500 0.12500 0.12500 0.12500 ( 7)  0.042
 427 -   0.12500 0.12500 0.12500 0.12500 0.12500 0.12500 0.12500 0.12500 ( 2)  0.042
 428 -   0.12500 0.12500 0.12500 0.12500 0.12500 0.12500 0.12500 0.12500 ( 2)  0.042
 429 -   0.12500 0.12500 0.12500 0.12500 0.12500 0.12500 0.12500 0.12500 ( 6)  0.042
 430 -   0.12500 0.12500 0.12500 0.12500 0.12500 0.12500 0.12500 0.12500 ( 7)  0.042
 431 -   0.12500 0.12500 0.12500 0.12500 0.12500 0.12500 0.12500 0.12500 ( 1)  0.042
 432 -   0.12500 0.12500 0.12500 0.12500 0.12500 0.12500 0.12500 0.12500 ( 5)  0.042
 433 -   0.12500 0.12500 0.12500 0.12500 0.12500 0.12500 0.12500 0.12500 ( 6)  0.042
 434 -   0.12500 0.12500 0.12500 0.12500 0.12500 0.12500 0.12500 0.12500 ( 2)  0.042
 435 -   0.12500 0.12500 0.12500 0.12500 0.12500 0.12500 0.12500 0.12500 ( 5)  0.042
 436 -   0.12500 0.12500 0.12500 0.12500 0.12500 0.12500 0.12500 0.12500 ( 8)  0.042
 437 -   0.12500 0.12500 0.12500 0.12500 0.12500 0.12500 0.12500 0.12500 ( 7)  0.042
 438 -   0.12500 0.12500 0.12500 0.12500 0.12500 0.12500 0.12500 0.12500 ( 1)  0.042
 439 -   0.12500 0.12500 0.12500 0.12500 0.12500 0.12500 0.12500 0.12500 ( 5)  0.042
 440 -   0.12500 0.12500 0.12500 0.12500 0.12500 0.12500 0.12500 0.12500 ( 5)  0.042
 441 -   0.12500 0.12500 0.12500 0.12500 0.12500 0.12500 0.12500 0.12500 ( 2)  0.042
 442 -   0.12500 0.12500 0.12500 0.12500 0.12500 0.12500 0.12500 0.12500 ( 2)  0.042
 443 -   0.12500 0.12500 0.12500 0.12500 0.12500 0.12500 0.12500 0.12500 ( 7)  0.042
 444 -   0.12500 0.12500 0.12500 0.12500 0.12500 0.12500 0.12500 0.12500 ( 2)  0.042
 445 -   0.12500 0.12500 0.12500 0.12500 0.12500 0.12500 0.12500 0.12500 ( 2)  0.042
 446 -   0.12500 0.12500 0.12500 0.12500 0.12500 0.12500 0.12500 0.12500 ( 6)  0.042
 447 -   0.12500 0.12500 0.12500 0.12500 0.12500 0.12500 0.12500 0.12500 ( 7)  0.042
 448 -   0.12500 0.12500 0.12500 0.12500 0.12500 0.12500 0.12500 0.12500 ( 1)  0.042
 449 -   0.12500 0.12500 0.12500 0.12500 0.12500 0.12500 0.12500 0.12500 ( 5)  0.042
 450 -   0.12500 0.12500 0.12500 0.12500 0.12500 0.12500 0.12500 0.12500 ( 6)  0.042
 451 -   0.12500 0.12500 0.12500 0.12500 0.12500 0.12500 0.12500 0.12500 ( 2)  0.042
 452 -   0.12500 0.12500 0.12500 0.12500 0.12500 0.12500 0.12500 0.12500 ( 5)  0.042
 453 -   0.12500 0.12500 0.12500 0.12500 0.12500 0.12500 0.12500 0.12500 ( 8)  0.042
 454 -   0.12500 0.12500 0.12500 0.12500 0.12500 0.12500 0.12500 0.12500 ( 7)  0.042
 455 -   0.12500 0.12500 0.12500 0.12500 0.12500 0.12500 0.12500 0.12500 ( 1)  0.042
 456 -   0.12500 0.12500 0.12500 0.12500 0.12500 0.12500 0.12500 0.12500 ( 5)  0.042
 457 -   0.12500 0.12500 0.12500 0.12500 0.12500 0.12500 0.12500 0.12500 ( 5)  0.042
 458 -   0.12500 0.12500 0.12500 0.12500 0.12500 0.12500 0.12500 0.12500 ( 2)  0.042
 459 -   0.12500 0.12500 0.12500 0.12500 0.12500 0.12500 0.12500 0.12500 ( 2)  0.042
 460 -   0.12500 0.12500 0.12500 0.12500 0.12500 0.12500 0.12500 0.12500 ( 6)  0.042
 461 -   0.12500 0.12500 0.12500 0.12500 0.12500 0.12500 0.12500 0.12500 ( 2)  0.042
 462 -   0.12500 0.12500 0.12500 0.12500 0.12500 0.12500 0.12500 0.12500 ( 2)  0.042
 463 -   0.12500 0.12500 0.12500 0.12500 0.12500 0.12500 0.12500 0.12500 ( 6)  0.042
 464 -   0.12500 0.12500 0.12500 0.12500 0.12500 0.12500 0.12500 0.12500 ( 6)  0.042
 465 -   0.12500 0.12500 0.12500 0.12500 0.12500 0.12500 0.12500 0.12500 ( 1)  0.042
 466 -   0.12500 0.12500 0.12500 0.12500 0.12500 0.12500 0.12500 0.12500 ( 5)  0.042
 467 -   0.12500 0.12500 0.12500 0.12500 0.12500 0.12500 0.12500 0.12500 ( 2)  0.042
 468 -   0.12500 0.12500 0.12500 0.12500 0.12500 0.12500 0.12500 0.12500 ( 2)  0.042
 469 -   0.12500 0.12500 0.12500 0.12500 0.12500 0.12500 0.12500 0.12500 ( 5)  0.042
 470 -   0.12500 0.12500 0.12500 0.12500 0.12500 0.12500 0.12500 0.12500 ( 5)  0.042
 471 -   0.12500 0.12500 0.12500 0.12500 0.12500 0.12500 0.12500 0.12500 ( 6)  0.042
 472 -   0.12500 0.12500 0.12500 0.12500 0.12500 0.12500 0.12500 0.12500 ( 1)  0.042
 473 -   0.12500 0.12500 0.12500 0.12500 0.12500 0.12500 0.12500 0.12500 ( 5)  0.042
 474 -   0.12500 0.12500 0.12500 0.12500 0.12500 0.12500 0.12500 0.12500 ( 5)  0.042
 475 -   0.12500 0.12500 0.12500 0.12500 0.12500 0.12500 0.12500 0.12500 ( 2)  0.042
 476 -   0.12500 0.12500 0.12500 0.12500 0.12500 0.12500 0.12500 0.12500 ( 2)  0.042
 477 -   0.12500 0.12500 0.12500 0.12500 0.12500 0.12500 0.12500 0.12500 ( 7)  0.042
 478 -   0.12500 0.12500 0.12500 0.12500 0.12500 0.12500 0.12500 0.12500 ( 2)  0.042
 479 -   0.12500 0.12500 0.12500 0.12500 0.12500 0.12500 0.12500 0.12500 ( 2)  0.042
 480 -   0.12500 0.12500 0.12500 0.12500 0.12500 0.12500 0.12500 0.12500 ( 6)  0.042
 481 -   0.12500 0.12500 0.12500 0.12500 0.12500 0.12500 0.12500 0.12500 ( 7)  0.042
 482 -   0.12500 0.12500 0.12500 0.12500 0.12500 0.12500 0.12500 0.12500 ( 1)  0.042
 483 -   0.12500 0.12500 0.12500 0.12500 0.12500 0.12500 0.12500 0.12500 ( 5)  0.042
 484 -   0.12500 0.12500 0.12500 0.12500 0.12500 0.12500 0.12500 0.12500 ( 6)  0.042
 485 -   0.12500 0.12500 0.12500 0.12500 0.12500 0.12500 0.12500 0.12500 ( 2)  0.042
 486 -   0.12500 0.12500 0.12500 0.12500 0.12500 0.12500 0.12500 0.12500 ( 5)  0.042
 487 -   0.12500 0.12500 0.12500 0.12500 0.12500 0.12500 0.12500 0.12500 ( 8)  0.042
 488 -   0.12500 0.12500 0.12500 0.12500 0.12500 0.12500 0.12500 0.12500 ( 7)  0.042
 489 -   0.12500 0.12500 0.12500 0.12500 0.12500 0.12500 0.12500 0.12500 ( 1)  0.042
 490 -   0.12500 0.12500 0.12500 0.12500 0.12500 0.12500 0.12500 0.12500 ( 5)  0.042
 491 -   0.12500 0.12500 0.12500 0.12500 0.12500 0.12500 0.12500 0.12500 ( 5)  0.042
 492 -   0.12500 0.12500 0.12500 0.12500 0.12500 0.12500 0.12500 0.12500 ( 2)  0.042
 493 -   0.12500 0.12500 0.12500 0.12500 0.12500 0.12500 0.12500 0.12500 ( 2)  0.042
 494 -   0.12500 0.12500 0.12500 0.12500 0.12500 0.12500 0.12500 0.12500 ( 7)  0.042
 495 -   0.12500 0.12500 0.12500 0.12500 0.12500 0.12500 0.12500 0.12500 ( 2)  0.042
 496 -   0.12500 0.12500 0.12500 0.12500 0.12500 0.12500 0.12500 0.12500 ( 2)  0.042
 497 -   0.12500 0.12500 0.12500 0.12500 0.12500 0.12500 0.12500 0.12500 ( 6)  0.042
 498 -   0.12500 0.12500 0.12500 0.12500 0.12500 0.12500 0.12500 0.12500 ( 7)  0.042
 499 -   0.12500 0.12500 0.12500 0.12500 0.12500 0.12500 0.12500 0.12500 ( 1)  0.042
 500 -   0.12500 0.12500 0.12500 0.12500 0.12500 0.12500 0.12500 0.12500 ( 5)  0.042
 501 -   0.12500 0.12500 0.12500 0.12500 0.12500 0.12500 0.12500 0.12500 ( 6)  0.042
 502 -   0.12500 0.12500 0.12500 0.12500 0.12500 0.12500 0.12500 0.12500 ( 2)  0.042
 503 -   0.12500 0.12500 0.12500 0.12500 0.12500 0.12500 0.12500 0.12500 ( 5)  0.042
 504 -   0.12500 0.12500 0.12500 0.12500 0.12500 0.12500 0.12500 0.12500 ( 8)  0.042
 505 -   0.12500 0.12500 0.12500 0.12500 0.12500 0.12500 0.12500 0.12500 ( 7)  0.042
 506 -   0.12500 0.12500 0.12500 0.12500 0.12500 0.12500 0.12500 0.12500 ( 1)  0.042
 507 -   0.12500 0.12500 0.12500 0.12500 0.12500 0.12500 0.12500 0.12500 ( 5)  0.042
 508 -   0.12500 0.12500 0.12500 0.12500 0.12500 0.12500 0.12500 0.12500 ( 5)  0.042
 509 Q   0.12810 0.12810 0.12810 0.12810 0.12810 0.12810 0.12809 0.10333 ( 5)  0.035
 510 Q   0.12810 0.12810 0.12810 0.12810 0.12810 0.12810 0.12809 0.10333 ( 5)  0.035
 511 L   0.12760 0.12760 0.12760 0.12760 0.12760 0.12760 0.12760 0.10678 ( 2)  0.036
 512 Q   0.12810 0.12810 0.12810 0.12810 0.12810 0.12810 0.12809 0.10333 ( 5)  0.035
 513 E   0.12839 0.12839 0.12839 0.12839 0.12839 0.12839 0.12839 0.10126 ( 5)  0.034
 514 F   0.12746 0.12746 0.12746 0.12746 0.12746 0.12746 0.12745 0.10781 ( 2)  0.036
 515 Y   0.12734 0.12734 0.12734 0.12734 0.12734 0.12734 0.12733 0.10863 ( 5)  0.037
 516 K   0.12835 0.12835 0.12835 0.12835 0.12835 0.12835 0.12834 0.10156 ( 5)  0.034
 517 K   0.12857 0.12857 0.12857 0.12857 0.12857 0.12857 0.12857 0.10000 ( 5)  0.034
 518 Q   0.12781 0.12781 0.12781 0.12781 0.12781 0.12781 0.12780 0.10534 ( 2)  0.036
 519 Q   0.12801 0.12801 0.12801 0.12801 0.12801 0.12801 0.12800 0.10394 ( 5)  0.035
 520 E   0.12839 0.12839 0.12839 0.12839 0.12839 0.12839 0.12839 0.10126 ( 5)  0.034
 521 Q   0.12789 0.12789 0.12789 0.12789 0.12789 0.12789 0.12789 0.10477 ( 2)  0.035
 522 L   0.12625 0.12625 0.12625 0.12625 0.12625 0.12625 0.12625 0.11622 ( 2)  0.039
 523 H   0.12861 0.12861 0.12861 0.12861 0.12861 0.12861 0.12861 0.09971 ( 5)  0.034
 524 L   0.12760 0.12760 0.12760 0.12760 0.12760 0.12760 0.12759 0.10683 ( 2)  0.036
 525 Q   0.12789 0.12789 0.12789 0.12789 0.12789 0.12789 0.12789 0.10477 ( 2)  0.035
 526 L   0.12760 0.12760 0.12760 0.12760 0.12760 0.12760 0.12759 0.10683 ( 2)  0.036
 527 L   0.12623 0.12623 0.12623 0.12623 0.12623 0.12623 0.12623 0.11640 ( 2)  0.039
 528 Q   0.12789 0.12789 0.12789 0.12789 0.12789 0.12789 0.12789 0.10477 ( 2)  0.035
 529 Q   0.12789 0.12789 0.12789 0.12789 0.12789 0.12789 0.12789 0.10476 ( 5)  0.035
 530 Q   0.12789 0.12789 0.12789 0.12789 0.12789 0.12789 0.12789 0.10477 ( 2)  0.035
 531 -   0.12523 0.12523 0.12523 0.12523 0.12523 0.12523 0.12523 0.12336 ( 2)  0.042
 532 -   0.12500 0.12500 0.12500 0.12500 0.12500 0.12500 0.12500 0.12500 ( 2)  0.042
 533 -   0.12500 0.12500 0.12500 0.12500 0.12500 0.12500 0.12500 0.12500 ( 6)  0.042
 534 -   0.12500 0.12500 0.12500 0.12500 0.12500 0.12500 0.12500 0.12500 ( 6)  0.042
 535 -   0.12500 0.12500 0.12500 0.12500 0.12500 0.12500 0.12500 0.12500 ( 5)  0.042
 536 -   0.12500 0.12500 0.12500 0.12500 0.12500 0.12500 0.12500 0.12500 ( 5)  0.042
 537 -   0.12500 0.12500 0.12500 0.12500 0.12500 0.12500 0.12500 0.12500 ( 6)  0.042
 538 -   0.12500 0.12500 0.12500 0.12500 0.12500 0.12500 0.12500 0.12500 ( 5)  0.042
 539 -   0.12500 0.12500 0.12500 0.12500 0.12500 0.12500 0.12500 0.12500 ( 1)  0.042
 540 Q   0.12810 0.12810 0.12810 0.12810 0.12810 0.12810 0.12809 0.10333 ( 5)  0.035
 541 Q   0.12789 0.12789 0.12789 0.12789 0.12789 0.12789 0.12789 0.10476 ( 2)  0.035
 542 -   0.12500 0.12500 0.12500 0.12500 0.12500 0.12500 0.12500 0.12500 ( 2)  0.042
 543 -   0.12500 0.12500 0.12500 0.12500 0.12500 0.12500 0.12500 0.12500 ( 6)  0.042
 544 -   0.12500 0.12500 0.12500 0.12500 0.12500 0.12500 0.12500 0.12500 ( 6)  0.042
 545 -   0.12500 0.12500 0.12500 0.12500 0.12500 0.12500 0.12500 0.12500 ( 5)  0.042
 546 -   0.12500 0.12500 0.12500 0.12500 0.12500 0.12500 0.12500 0.12500 ( 2)  0.042
 547 -   0.12500 0.12500 0.12500 0.12500 0.12500 0.12500 0.12500 0.12500 ( 2)  0.042
 548 -   0.12500 0.12500 0.12500 0.12500 0.12500 0.12500 0.12500 0.12500 ( 2)  0.042
 549 -   0.12500 0.12500 0.12500 0.12500 0.12500 0.12500 0.12500 0.12500 ( 1)  0.042
 550 -   0.12500 0.12500 0.12500 0.12500 0.12500 0.12500 0.12500 0.12500 ( 2)  0.042
 551 Q   0.12789 0.12789 0.12789 0.12789 0.12789 0.12789 0.12789 0.10477 ( 2)  0.035
 552 Q   0.12789 0.12789 0.12789 0.12789 0.12789 0.12789 0.12789 0.10477 ( 2)  0.035
 553 Q   0.12789 0.12789 0.12789 0.12789 0.12789 0.12789 0.12789 0.10477 ( 2)  0.035
 554 Q   0.12808 0.12808 0.12808 0.12808 0.12808 0.12808 0.12807 0.10344 ( 5)  0.035
 555 Q   0.12800 0.12800 0.12800 0.12800 0.12800 0.12800 0.12800 0.10398 ( 5)  0.035
 556 Q   0.12788 0.12788 0.12788 0.12788 0.12788 0.12788 0.12787 0.10487 ( 2)  0.035
 557 Q   0.00000 0.00000 0.00000 0.00000 0.00000 0.00000 0.00029 0.99971 ( 8)  0.337
 558 Q   0.12800 0.12800 0.12800 0.12800 0.12800 0.12800 0.12800 0.10398 ( 5)  0.035
 559 Q   0.12805 0.12805 0.12805 0.12805 0.12805 0.12805 0.12804 0.10369 ( 5)  0.035
 560 Q   0.12788 0.12788 0.12788 0.12788 0.12788 0.12788 0.12787 0.10487 ( 2)  0.035
 561 Q   0.12788 0.12788 0.12788 0.12788 0.12788 0.12788 0.12787 0.10487 ( 2)  0.035
 562 Q   0.12788 0.12788 0.12788 0.12788 0.12788 0.12788 0.12787 0.10487 ( 2)  0.035
 563 Q   0.12792 0.12792 0.12792 0.12792 0.12792 0.12792 0.12792 0.10454 ( 5)  0.035
 564 -   0.12510 0.12510 0.12510 0.12510 0.12510 0.12510 0.12510 0.12432 ( 5)  0.042
 565 Q   0.12800 0.12800 0.12800 0.12800 0.12800 0.12800 0.12799 0.10402 ( 5)  0.035
 566 Q   0.12783 0.12783 0.12783 0.12783 0.12783 0.12783 0.12782 0.10521 ( 5)  0.036
 567 -   0.12500 0.12500 0.12500 0.12500 0.12500 0.12500 0.12500 0.12500 ( 2)  0.042
 568 -   0.12500 0.12500 0.12500 0.12500 0.12500 0.12500 0.12500 0.12500 ( 2)  0.042
 569 -   0.12500 0.12500 0.12500 0.12500 0.12500 0.12500 0.12500 0.12500 ( 2)  0.042
 570 -   0.12500 0.12500 0.12500 0.12500 0.12500 0.12500 0.12500 0.12500 ( 2)  0.042
 571 -   0.12500 0.12500 0.12500 0.12500 0.12500 0.12500 0.12500 0.12500 ( 2)  0.042
 572 Q   0.12687 0.12687 0.12687 0.12687 0.12687 0.12687 0.12686 0.11194 ( 5)  0.038
 573 Q   0.12679 0.12679 0.12679 0.12679 0.12679 0.12679 0.12679 0.11245 ( 5)  0.038
 574 Q   0.12788 0.12788 0.12788 0.12788 0.12788 0.12788 0.12788 0.10482 ( 5)  0.035
 575 Q   0.12788 0.12788 0.12788 0.12788 0.12788 0.12788 0.12787 0.10487 ( 2)  0.035
 576 -   0.12506 0.12506 0.12506 0.12506 0.12506 0.12506 0.12506 0.12458 ( 2)  0.042
 577 -   0.12776 0.12776 0.12776 0.12776 0.12776 0.12776 0.12775 0.10570 ( 5)  0.036
 578 Q   0.12800 0.12800 0.12800 0.12800 0.12800 0.12800 0.12799 0.10401 ( 5)  0.035
 579 Q   0.12788 0.12788 0.12788 0.12788 0.12788 0.12788 0.12787 0.10487 ( 2)  0.035
 580 Q   0.12500 0.12500 0.12500 0.12500 0.12500 0.12500 0.12500 0.12500 ( 5)  0.042
 581 Q   0.12500 0.12500 0.12500 0.12500 0.12500 0.12500 0.12500 0.12500 ( 8)  0.042
 582 Q   0.12500 0.12500 0.12500 0.12500 0.12500 0.12500 0.12500 0.12500 ( 8)  0.042
 583 Q   0.12788 0.12788 0.12788 0.12788 0.12788 0.12788 0.12787 0.10487 ( 2)  0.035
 584 Q   0.12788 0.12788 0.12788 0.12788 0.12788 0.12788 0.12787 0.10487 ( 2)  0.035
 585 Q   0.12789 0.12789 0.12789 0.12789 0.12789 0.12789 0.12789 0.10475 ( 2)  0.035
 586 Q   0.12788 0.12788 0.12788 0.12788 0.12788 0.12788 0.12787 0.10487 ( 2)  0.035
 587 Q   0.12805 0.12805 0.12805 0.12805 0.12805 0.12805 0.12804 0.10368 ( 5)  0.035
 588 Q   0.12788 0.12788 0.12788 0.12788 0.12788 0.12788 0.12787 0.10487 ( 2)  0.035
 589 Q   0.12788 0.12788 0.12788 0.12788 0.12788 0.12788 0.12787 0.10487 ( 2)  0.035
 590 Q   0.12788 0.12788 0.12788 0.12788 0.12788 0.12788 0.12787 0.10487 ( 2)  0.035
 591 Q   0.12788 0.12788 0.12788 0.12788 0.12788 0.12788 0.12787 0.10487 ( 2)  0.035
 592 -   0.12500 0.12500 0.12500 0.12500 0.12500 0.12500 0.12500 0.12500 ( 8)  0.042
 593 Q   0.12788 0.12788 0.12788 0.12788 0.12788 0.12788 0.12787 0.10484 ( 2)  0.035
 594 Q   0.12801 0.12801 0.12801 0.12801 0.12801 0.12801 0.12800 0.10396 ( 5)  0.035
 595 Q   0.12788 0.12788 0.12788 0.12788 0.12788 0.12788 0.12787 0.10484 ( 2)  0.035
 596 H   0.12860 0.12860 0.12860 0.12860 0.12860 0.12860 0.12859 0.09983 ( 5)  0.034
 597 P   0.12758 0.12758 0.12758 0.12758 0.12758 0.12758 0.12757 0.10697 ( 2)  0.036
 598 G   0.12775 0.12775 0.12775 0.12775 0.12775 0.12775 0.12774 0.10576 ( 1)  0.036
 599 K   0.12838 0.12838 0.12838 0.12838 0.12838 0.12838 0.12838 0.10132 ( 1)  0.034
 600 Q   0.12808 0.12808 0.12808 0.12808 0.12808 0.12808 0.12807 0.10344 ( 5)  0.035
 601 A   0.00000 0.00000 0.00000 0.00000 0.00000 0.00000 0.00000 1.00000 ( 8)  0.337
 602 K   0.00000 0.00000 0.00000 0.00000 0.00000 0.00000 0.00030 0.99970 ( 8)  0.337
 603 E   0.00000 0.00000 0.00000 0.00000 0.00000 0.00000 0.00029 0.99971 ( 8)  0.337
 604 Q   0.12786 0.12786 0.12786 0.12786 0.12786 0.12786 0.12786 0.10496 ( 2)  0.035
 605 Q   0.12788 0.12788 0.12788 0.12788 0.12788 0.12788 0.12787 0.10487 ( 2)  0.035
 606 Q   0.12788 0.12788 0.12788 0.12788 0.12788 0.12788 0.12787 0.10487 ( 2)  0.035
 607 Q   0.12789 0.12789 0.12789 0.12789 0.12789 0.12789 0.12789 0.10475 ( 2)  0.035
 608 Q   0.12788 0.12788 0.12788 0.12788 0.12788 0.12788 0.12787 0.10487 ( 2)  0.035
 609 Q   0.12791 0.12791 0.12791 0.12791 0.12791 0.12791 0.12790 0.10464 ( 2)  0.035
 610 Q   0.12789 0.12789 0.12789 0.12789 0.12789 0.12789 0.12789 0.10477 ( 5)  0.035
 611 Q   0.12738 0.12738 0.12738 0.12738 0.12738 0.12738 0.12737 0.10838 ( 5)  0.037
 612 Q   0.12788 0.12788 0.12788 0.12788 0.12788 0.12788 0.12787 0.10487 ( 2)  0.035
 613 Q   0.12790 0.12790 0.12790 0.12790 0.12790 0.12790 0.12789 0.10471 ( 2)  0.035
 614 L   0.12622 0.12622 0.12622 0.12622 0.12622 0.12622 0.12622 0.11645 ( 2)  0.039
 615 A   0.12786 0.12786 0.12786 0.12786 0.12786 0.12786 0.12786 0.10495 ( 2)  0.035
 616 A   0.12689 0.12689 0.12689 0.12689 0.12689 0.12689 0.12689 0.11177 ( 2)  0.038
 617 Q   0.12788 0.12788 0.12788 0.12788 0.12788 0.12788 0.12787 0.10487 ( 2)  0.035
 618 Q   0.12788 0.12788 0.12788 0.12788 0.12788 0.12788 0.12787 0.10487 ( 2)  0.035
 619 L   0.12758 0.12758 0.12758 0.12758 0.12758 0.12758 0.12758 0.10693 ( 2)  0.036
 620 V   0.12688 0.12688 0.12688 0.12688 0.12688 0.12688 0.12688 0.11182 ( 2)  0.038
 621 F   0.12697 0.12697 0.12697 0.12697 0.12697 0.12697 0.12697 0.11120 ( 2)  0.038
 622 Q   0.12788 0.12788 0.12788 0.12788 0.12788 0.12788 0.12787 0.10487 ( 2)  0.035
 623 Q   0.12788 0.12788 0.12788 0.12788 0.12788 0.12788 0.12787 0.10487 ( 2)  0.035
 624 Q   0.12788 0.12788 0.12788 0.12788 0.12788 0.12788 0.12787 0.10487 ( 2)  0.035
 625 L   0.12760 0.12760 0.12760 0.12760 0.12760 0.12760 0.12759 0.10683 ( 2)  0.036
 626 L   0.12704 0.12704 0.12704 0.12704 0.12704 0.12704 0.12703 0.11073 ( 2)  0.037
 627 Q   0.00000 0.00000 0.00000 0.00000 0.00000 0.00000 0.00029 0.99971 ( 8)  0.337
 628 M   0.12883 0.12883 0.12883 0.12883 0.12883 0.12883 0.12882 0.09819 ( 1)  0.033
 629 Q   0.12809 0.12809 0.12809 0.12809 0.12809 0.12809 0.12808 0.10338 ( 5)  0.035
 630 Q   0.12810 0.12810 0.12810 0.12810 0.12810 0.12810 0.12809 0.10333 ( 5)  0.035
 631 L   0.12704 0.12704 0.12704 0.12704 0.12704 0.12704 0.12703 0.11073 ( 2)  0.037
 632 Q   0.12789 0.12789 0.12789 0.12789 0.12789 0.12789 0.12789 0.10477 ( 2)  0.035
 633 Q   0.12789 0.12789 0.12789 0.12789 0.12789 0.12789 0.12789 0.10477 ( 2)  0.035
 634 Q   0.12789 0.12789 0.12789 0.12789 0.12789 0.12789 0.12789 0.10477 ( 2)  0.035
 635 Q   0.12790 0.12790 0.12790 0.12790 0.12790 0.12790 0.12789 0.10474 ( 2)  0.035
 636 H   0.12861 0.12861 0.12861 0.12861 0.12861 0.12861 0.12861 0.09971 ( 5)  0.034
 637 L   0.12736 0.12736 0.12736 0.12736 0.12736 0.12736 0.12736 0.10846 ( 5)  0.037
 638 L   0.12707 0.12707 0.12707 0.12707 0.12707 0.12707 0.12707 0.11049 ( 2)  0.037
 639 S   0.12726 0.12726 0.12726 0.12726 0.12726 0.12726 0.12726 0.10918 ( 2)  0.037
 640 L   0.12759 0.12759 0.12759 0.12759 0.12759 0.12759 0.12759 0.10685 ( 2)  0.036
 641 Q   0.12789 0.12789 0.12789 0.12789 0.12789 0.12789 0.12789 0.10477 ( 2)  0.035
 642 R   0.12790 0.12790 0.12790 0.12790 0.12790 0.12790 0.12789 0.10470 ( 2)  0.035
 643 Q   0.12789 0.12789 0.12789 0.12789 0.12789 0.12789 0.12789 0.10477 ( 2)  0.035
 644 G   0.12777 0.12777 0.12777 0.12777 0.12777 0.12777 0.12777 0.10559 ( 1)  0.036
 645 L   0.12704 0.12704 0.12704 0.12704 0.12704 0.12704 0.12703 0.11073 ( 2)  0.037
 646 I   0.12713 0.12713 0.12713 0.12713 0.12713 0.12713 0.12713 0.11007 ( 1)  0.037
 647 S   0.12675 0.12675 0.12675 0.12675 0.12675 0.12675 0.12675 0.11273 ( 5)  0.038
 648 I   0.12765 0.12765 0.12765 0.12765 0.12765 0.12765 0.12765 0.10643 ( 1)  0.036
 649 P   0.12807 0.12807 0.12807 0.12807 0.12807 0.12807 0.12807 0.10349 ( 5)  0.035
 650 P   0.12759 0.12759 0.12759 0.12759 0.12759 0.12759 0.12759 0.10687 ( 1)  0.036
 651 G   0.12688 0.12688 0.12688 0.12688 0.12688 0.12688 0.12688 0.11184 ( 1)  0.038
 652 Q   0.12792 0.12792 0.12792 0.12792 0.12792 0.12792 0.12792 0.10454 ( 2)  0.035
 653 A   0.12768 0.12768 0.12768 0.12768 0.12768 0.12768 0.12767 0.10627 ( 5)  0.036
 654 A   0.12786 0.12786 0.12786 0.12786 0.12786 0.12786 0.12786 0.10496 ( 5)  0.035
 655 L   0.12760 0.12760 0.12760 0.12760 0.12760 0.12760 0.12759 0.10683 ( 2)  0.036
 656 P   0.12759 0.12759 0.12759 0.12759 0.12759 0.12759 0.12758 0.10687 ( 2)  0.036
 657 V   0.12689 0.12689 0.12689 0.12689 0.12689 0.12689 0.12689 0.11175 ( 2)  0.038
 658 Q   0.12810 0.12810 0.12810 0.12810 0.12810 0.12810 0.12809 0.10333 ( 5)  0.035
 659 S   0.12724 0.12724 0.12724 0.12724 0.12724 0.12724 0.12724 0.10932 ( 5)  0.037
 660 L   0.12736 0.12736 0.12736 0.12736 0.12736 0.12736 0.12736 0.10846 ( 5)  0.037
 661 P   0.12759 0.12759 0.12759 0.12759 0.12759 0.12759 0.12758 0.10687 ( 2)  0.036
 662 Q   0.12810 0.12810 0.12810 0.12810 0.12810 0.12810 0.12809 0.10333 ( 5)  0.035
 663 A   0.12741 0.12741 0.12741 0.12741 0.12741 0.12741 0.12741 0.10813 ( 2)  0.036
 664 G   0.12687 0.12687 0.12687 0.12687 0.12687 0.12687 0.12687 0.11191 ( 1)  0.038
 665 L   0.12625 0.12625 0.12625 0.12625 0.12625 0.12625 0.12625 0.11627 ( 2)  0.039
 666 S   0.12773 0.12773 0.12773 0.12773 0.12773 0.12773 0.12773 0.10588 ( 1)  0.036
 667 -   0.12500 0.12500 0.12500 0.12500 0.12500 0.12500 0.12500 0.12500 ( 1)  0.042
 668 -   0.12500 0.12500 0.12500 0.12500 0.12500 0.12500 0.12500 0.12500 ( 2)  0.042
 669 -   0.12500 0.12500 0.12500 0.12500 0.12500 0.12500 0.12500 0.12500 ( 2)  0.042
 670 -   0.12500 0.12500 0.12500 0.12500 0.12500 0.12500 0.12500 0.12500 ( 5)  0.042
 671 -   0.12500 0.12500 0.12500 0.12500 0.12500 0.12500 0.12500 0.12500 ( 2)  0.042
 672 P   0.12759 0.12759 0.12759 0.12759 0.12759 0.12759 0.12758 0.10687 ( 2)  0.036
 673 A   0.12742 0.12742 0.12742 0.12742 0.12742 0.12742 0.12742 0.10804 ( 2)  0.036
 674 E   0.12839 0.12839 0.12839 0.12839 0.12839 0.12839 0.12839 0.10126 ( 5)  0.034
 675 I   0.12765 0.12765 0.12765 0.12765 0.12765 0.12765 0.12765 0.10643 ( 1)  0.036
 676 Q   0.12789 0.12789 0.12789 0.12789 0.12789 0.12789 0.12789 0.10477 ( 2)  0.035
 677 Q   0.12789 0.12789 0.12789 0.12789 0.12789 0.12789 0.12789 0.10477 ( 2)  0.035
 678 L   0.12625 0.12625 0.12625 0.12625 0.12625 0.12625 0.12625 0.11622 ( 2)  0.039
 679 W   0.12641 0.12641 0.12641 0.12641 0.12641 0.12641 0.12640 0.11515 ( 2)  0.039
 680 K   0.12867 0.12867 0.12867 0.12867 0.12867 0.12867 0.12867 0.09928 ( 5)  0.034
 681 E   0.12867 0.12867 0.12867 0.12867 0.12867 0.12867 0.12866 0.09931 ( 2)  0.034
 682 V   0.12761 0.12761 0.12761 0.12761 0.12761 0.12761 0.12760 0.10676 ( 5)  0.036
 683 T   0.12745 0.12745 0.12745 0.12745 0.12745 0.12745 0.12745 0.10784 ( 5)  0.036
 684 G   0.12777 0.12777 0.12777 0.12777 0.12777 0.12777 0.12777 0.10559 ( 1)  0.036
 685 V   0.12741 0.12741 0.12741 0.12741 0.12741 0.12741 0.12741 0.10810 ( 2)  0.036
 686 H   0.12808 0.12808 0.12808 0.12808 0.12808 0.12808 0.12808 0.10343 ( 5)  0.035
 687 S   0.12775 0.12775 0.12775 0.12775 0.12775 0.12775 0.12774 0.10578 ( 1)  0.036
 688 M   0.12883 0.12883 0.12883 0.12883 0.12883 0.12883 0.12882 0.09819 ( 1)  0.033
 689 E   0.12867 0.12867 0.12867 0.12867 0.12867 0.12867 0.12866 0.09931 ( 2)  0.034
 690 D   0.12793 0.12793 0.12793 0.12793 0.12793 0.12793 0.12792 0.10453 ( 2)  0.035
 691 N   0.12853 0.12853 0.12853 0.12853 0.12853 0.12853 0.12852 0.10032 ( 2)  0.034
 692 G   0.12688 0.12688 0.12688 0.12688 0.12688 0.12688 0.12688 0.11184 ( 1)  0.038
 693 I   0.12765 0.12765 0.12765 0.12765 0.12765 0.12765 0.12765 0.10643 ( 1)  0.036
 694 K   0.12868 0.12868 0.12868 0.12868 0.12868 0.12868 0.12867 0.09928 ( 5)  0.034
 695 H   0.12861 0.12861 0.12861 0.12861 0.12861 0.12861 0.12861 0.09971 ( 5)  0.034
 696 G   0.12777 0.12777 0.12777 0.12777 0.12777 0.12777 0.12777 0.10559 ( 1)  0.036
 697 G   0.12759 0.12759 0.12759 0.12759 0.12759 0.12759 0.12758 0.10689 ( 1)  0.036
 698 L   0.12752 0.12752 0.12752 0.12752 0.12752 0.12752 0.12751 0.10737 ( 2)  0.036
 699 D   0.12793 0.12793 0.12793 0.12793 0.12793 0.12793 0.12792 0.10453 ( 2)  0.035
 700 L   0.12704 0.12704 0.12704 0.12704 0.12704 0.12704 0.12703 0.11073 ( 2)  0.037
 701 T   0.12745 0.12745 0.12745 0.12745 0.12745 0.12745 0.12745 0.10784 ( 5)  0.036
 702 T   0.12745 0.12745 0.12745 0.12745 0.12745 0.12745 0.12745 0.10784 ( 5)  0.036
 703 N   0.12795 0.12795 0.12795 0.12795 0.12795 0.12795 0.12795 0.10434 ( 2)  0.035
 704 N   0.12853 0.12853 0.12853 0.12853 0.12853 0.12853 0.12852 0.10032 ( 2)  0.034
 705 S   0.12675 0.12675 0.12675 0.12675 0.12675 0.12675 0.12675 0.11273 ( 5)  0.038
 706 S   0.12675 0.12675 0.12675 0.12675 0.12675 0.12675 0.12675 0.11273 ( 5)  0.038
 707 S   0.12722 0.12722 0.12722 0.12722 0.12722 0.12722 0.12722 0.10944 ( 5)  0.037
 708 T   0.12745 0.12745 0.12745 0.12745 0.12745 0.12745 0.12745 0.10784 ( 5)  0.036
 709 T   0.12692 0.12692 0.12692 0.12692 0.12692 0.12692 0.12692 0.11154 ( 1)  0.038
 710 S   0.12675 0.12675 0.12675 0.12675 0.12675 0.12675 0.12675 0.11273 ( 5)  0.038
 711 S   0.12675 0.12675 0.12675 0.12675 0.12675 0.12675 0.12675 0.11273 ( 5)  0.038
 712 T   0.00000 0.00000 0.00000 0.00000 0.00000 0.00000 0.00027 0.99973 ( 8)  0.337
 713 T   0.12745 0.12745 0.12745 0.12745 0.12745 0.12745 0.12745 0.10784 ( 5)  0.036
 714 S   0.12675 0.12675 0.12675 0.12675 0.12675 0.12675 0.12675 0.11273 ( 5)  0.038
 715 K   0.12868 0.12868 0.12868 0.12868 0.12868 0.12868 0.12867 0.09928 ( 5)  0.034
 716 A   0.12787 0.12787 0.12787 0.12787 0.12787 0.12787 0.12786 0.10491 ( 5)  0.035
 717 S   0.12737 0.12737 0.12737 0.12737 0.12737 0.12737 0.12737 0.10839 ( 2)  0.037
 718 P   0.12807 0.12807 0.12807 0.12807 0.12807 0.12807 0.12807 0.10349 ( 5)  0.035
 719 P   0.12807 0.12807 0.12807 0.12807 0.12807 0.12807 0.12807 0.10349 ( 5)  0.035
 720 I   0.12848 0.12848 0.12848 0.12848 0.12848 0.12848 0.12847 0.10066 ( 1)  0.034
 721 T   0.12745 0.12745 0.12745 0.12745 0.12745 0.12745 0.12745 0.10784 ( 5)  0.036
 722 H   0.12861 0.12861 0.12861 0.12861 0.12861 0.12861 0.12861 0.09971 ( 5)  0.034
 723 H   0.12861 0.12861 0.12861 0.12861 0.12861 0.12861 0.12861 0.09971 ( 5)  0.034
 724 S   0.12675 0.12675 0.12675 0.12675 0.12675 0.12675 0.12675 0.11273 ( 5)  0.038
 725 I   0.12863 0.12863 0.12863 0.12863 0.12863 0.12863 0.12862 0.09962 ( 2)  0.034
 726 V   0.12761 0.12761 0.12761 0.12761 0.12761 0.12761 0.12760 0.10676 ( 5)  0.036
 727 N   0.12853 0.12853 0.12853 0.12853 0.12853 0.12853 0.12852 0.10032 ( 2)  0.034
 728 G   0.12777 0.12777 0.12777 0.12777 0.12777 0.12777 0.12777 0.10559 ( 1)  0.036
 729 Q   0.12789 0.12789 0.12789 0.12789 0.12789 0.12789 0.12789 0.10477 ( 2)  0.035
 730 S   0.12724 0.12724 0.12724 0.12724 0.12724 0.12724 0.12723 0.10934 ( 5)  0.037
 731 S   0.12737 0.12737 0.12737 0.12737 0.12737 0.12737 0.12737 0.10839 ( 2)  0.037
 732 V   0.12741 0.12741 0.12741 0.12741 0.12741 0.12741 0.12741 0.10810 ( 2)  0.036
 733 L   0.12681 0.12681 0.12681 0.12681 0.12681 0.12681 0.12681 0.11234 ( 2)  0.038
 734 N   0.00000 0.00000 0.00000 0.00000 0.00000 0.00000 0.00030 0.99970 ( 8)  0.337
 735 A   0.12788 0.12788 0.12788 0.12788 0.12788 0.12788 0.12787 0.10485 ( 2)  0.035
 736 R   0.12782 0.12782 0.12782 0.12782 0.12782 0.12782 0.12782 0.10526 ( 2)  0.036
 737 R   0.12801 0.12801 0.12801 0.12801 0.12801 0.12801 0.12800 0.10395 ( 2)  0.035
 738 D   0.12793 0.12793 0.12793 0.12793 0.12793 0.12793 0.12792 0.10453 ( 2)  0.035
 739 S   0.12722 0.12722 0.12722 0.12722 0.12722 0.12722 0.12722 0.10945 ( 1)  0.037
 740 S   0.12724 0.12724 0.12724 0.12724 0.12724 0.12724 0.12724 0.10932 ( 5)  0.037
 741 S   0.12737 0.12737 0.12737 0.12737 0.12737 0.12737 0.12737 0.10839 ( 2)  0.037
 742 H   0.12861 0.12861 0.12861 0.12861 0.12861 0.12861 0.12861 0.09971 ( 5)  0.034
 743 E   0.12840 0.12840 0.12840 0.12840 0.12840 0.12840 0.12839 0.10121 ( 5)  0.034
 744 E   0.12839 0.12839 0.12839 0.12839 0.12839 0.12839 0.12839 0.10126 ( 5)  0.034
 745 T   0.12739 0.12739 0.12739 0.12739 0.12739 0.12739 0.12739 0.10827 ( 5)  0.037
 746 G   0.12759 0.12759 0.12759 0.12759 0.12759 0.12759 0.12758 0.10689 ( 1)  0.036
 747 A   0.12690 0.12690 0.12690 0.12690 0.12690 0.12690 0.12690 0.11169 ( 2)  0.038
 748 S   0.12724 0.12724 0.12724 0.12724 0.12724 0.12724 0.12723 0.10934 ( 5)  0.037
 749 H   0.12808 0.12808 0.12808 0.12808 0.12808 0.12808 0.12808 0.10343 ( 5)  0.035
 750 T   0.12746 0.12746 0.12746 0.12746 0.12746 0.12746 0.12745 0.10780 ( 5)  0.036
 751 L   0.12704 0.12704 0.12704 0.12704 0.12704 0.12704 0.12703 0.11073 ( 2)  0.037
 752 Y   0.12797 0.12797 0.12797 0.12797 0.12797 0.12797 0.12797 0.10421 ( 2)  0.035
 753 G   0.12688 0.12688 0.12688 0.12688 0.12688 0.12688 0.12688 0.11184 ( 1)  0.038
 754 H   0.12861 0.12861 0.12861 0.12861 0.12861 0.12861 0.12861 0.09971 ( 5)  0.034
 755 G   0.12777 0.12777 0.12777 0.12777 0.12777 0.12777 0.12777 0.10559 ( 1)  0.036
 756 V   0.12741 0.12741 0.12741 0.12741 0.12741 0.12741 0.12741 0.10810 ( 2)  0.036
 757 C   0.12656 0.12656 0.12656 0.12656 0.12656 0.12656 0.12656 0.11405 ( 1)  0.039
 758 K   0.12868 0.12868 0.12868 0.12868 0.12868 0.12868 0.12867 0.09928 ( 5)  0.034
 759 W   0.12641 0.12641 0.12641 0.12641 0.12641 0.12641 0.12640 0.11515 ( 2)  0.039
 760 P   0.12807 0.12807 0.12807 0.12807 0.12807 0.12807 0.12807 0.10349 ( 5)  0.035
 761 G   0.12688 0.12688 0.12688 0.12688 0.12688 0.12688 0.12688 0.11184 ( 1)  0.038
 762 C   0.12698 0.12698 0.12698 0.12698 0.12698 0.12698 0.12697 0.11115 ( 1)  0.038
 763 E   0.12867 0.12867 0.12867 0.12867 0.12867 0.12867 0.12866 0.09931 ( 2)  0.034
 764 S   0.12722 0.12722 0.12722 0.12722 0.12722 0.12722 0.12722 0.10945 ( 1)  0.037
 765 I   0.12765 0.12765 0.12765 0.12765 0.12765 0.12765 0.12765 0.10643 ( 1)  0.036
 766 C   0.12698 0.12698 0.12698 0.12698 0.12698 0.12698 0.12697 0.11115 ( 1)  0.038
 767 E   0.12867 0.12867 0.12867 0.12867 0.12867 0.12867 0.12866 0.09931 ( 2)  0.034
 768 D   0.12851 0.12851 0.12851 0.12851 0.12851 0.12851 0.12850 0.10046 ( 2)  0.034
 769 F   0.12746 0.12746 0.12746 0.12746 0.12746 0.12746 0.12745 0.10781 ( 2)  0.036
 770 G   0.12777 0.12777 0.12777 0.12777 0.12777 0.12777 0.12777 0.10559 ( 1)  0.036
 771 Q   0.12791 0.12791 0.12791 0.12791 0.12791 0.12791 0.12790 0.10464 ( 2)  0.035
 772 F   0.12746 0.12746 0.12746 0.12746 0.12746 0.12746 0.12745 0.10781 ( 2)  0.036
 773 L   0.12625 0.12625 0.12625 0.12625 0.12625 0.12625 0.12625 0.11622 ( 2)  0.039
 774 K   0.12840 0.12840 0.12840 0.12840 0.12840 0.12840 0.12839 0.10120 ( 1)  0.034
 775 H   0.12808 0.12808 0.12808 0.12808 0.12808 0.12808 0.12808 0.10343 ( 5)  0.035
 776 L   0.12760 0.12760 0.12760 0.12760 0.12760 0.12760 0.12759 0.10683 ( 2)  0.036
 777 N   0.12802 0.12802 0.12802 0.12802 0.12802 0.12802 0.12802 0.10385 ( 5)  0.035
 778 N   0.12851 0.12851 0.12851 0.12851 0.12851 0.12851 0.12851 0.10041 ( 2)  0.034
 779 E   0.12863 0.12863 0.12863 0.12863 0.12863 0.12863 0.12863 0.09957 ( 2)  0.034
 780 H   0.12817 0.12817 0.12817 0.12817 0.12817 0.12817 0.12816 0.10283 ( 2)  0.035
 781 A   0.12787 0.12787 0.12787 0.12787 0.12787 0.12787 0.12787 0.10489 ( 2)  0.035
 782 L   0.12623 0.12623 0.12623 0.12623 0.12623 0.12623 0.12623 0.11640 ( 2)  0.039
 783 D   0.12843 0.12843 0.12843 0.12843 0.12843 0.12843 0.12843 0.10097 ( 2)  0.034
 784 D   0.12793 0.12793 0.12793 0.12793 0.12793 0.12793 0.12792 0.10453 ( 2)  0.035
 785 R   0.12801 0.12801 0.12801 0.12801 0.12801 0.12801 0.12800 0.10395 ( 2)  0.035
 786 S   0.12722 0.12722 0.12722 0.12722 0.12722 0.12722 0.12722 0.10945 ( 1)  0.037
 787 T   0.12712 0.12712 0.12712 0.12712 0.12712 0.12712 0.12711 0.11019 ( 2)  0.037
 788 A   0.12724 0.12724 0.12724 0.12724 0.12724 0.12724 0.12723 0.10934 ( 5)  0.037
 789 Q   0.12789 0.12789 0.12789 0.12789 0.12789 0.12789 0.12789 0.10477 ( 2)  0.035
 790 C   0.12698 0.12698 0.12698 0.12698 0.12698 0.12698 0.12697 0.11115 ( 1)  0.038
 791 R   0.12801 0.12801 0.12801 0.12801 0.12801 0.12801 0.12800 0.10395 ( 2)  0.035
 792 V   0.12761 0.12761 0.12761 0.12761 0.12761 0.12761 0.12760 0.10676 ( 5)  0.036
 793 Q   0.12808 0.12808 0.12808 0.12808 0.12808 0.12808 0.12807 0.10345 ( 5)  0.035
 794 M   0.12883 0.12883 0.12883 0.12883 0.12883 0.12883 0.12882 0.09819 ( 1)  0.033
 795 Q   0.12789 0.12789 0.12789 0.12789 0.12789 0.12789 0.12789 0.10477 ( 2)  0.035
 796 V   0.12761 0.12761 0.12761 0.12761 0.12761 0.12761 0.12760 0.10676 ( 5)  0.036
 797 V   0.12761 0.12761 0.12761 0.12761 0.12761 0.12761 0.12760 0.10676 ( 5)  0.036
 798 Q   0.12810 0.12810 0.12810 0.12810 0.12810 0.12810 0.12809 0.10333 ( 5)  0.035
 799 Q   0.12792 0.12792 0.12792 0.12792 0.12792 0.12792 0.12792 0.10454 ( 2)  0.035
 800 L   0.12625 0.12625 0.12625 0.12625 0.12625 0.12625 0.12625 0.11622 ( 2)  0.039
 801 E   0.12867 0.12867 0.12867 0.12867 0.12867 0.12867 0.12866 0.09931 ( 2)  0.034
 802 I   0.12868 0.12868 0.12868 0.12868 0.12868 0.12868 0.12867 0.09925 ( 1)  0.034
 803 Q   0.12789 0.12789 0.12789 0.12789 0.12789 0.12789 0.12789 0.10477 ( 2)  0.035
 804 L   0.12760 0.12760 0.12760 0.12760 0.12760 0.12760 0.12759 0.10683 ( 2)  0.036
 805 S   0.12724 0.12724 0.12724 0.12724 0.12724 0.12724 0.12723 0.10934 ( 5)  0.037
 806 K   0.12868 0.12868 0.12868 0.12868 0.12868 0.12868 0.12867 0.09928 ( 5)  0.034
 807 E   0.12867 0.12867 0.12867 0.12867 0.12867 0.12867 0.12866 0.09931 ( 2)  0.034
 808 R   0.12731 0.12731 0.12731 0.12731 0.12731 0.12731 0.12730 0.10886 ( 5)  0.037
 809 E   0.12863 0.12863 0.12863 0.12863 0.12863 0.12863 0.12863 0.09957 ( 2)  0.034
 810 R   0.12790 0.12790 0.12790 0.12790 0.12790 0.12790 0.12789 0.10472 ( 1)  0.035
 811 L   0.12760 0.12760 0.12760 0.12760 0.12760 0.12760 0.12759 0.10683 ( 2)  0.036
 812 Q   0.12810 0.12810 0.12810 0.12810 0.12810 0.12810 0.12809 0.10333 ( 5)  0.035
 813 A   0.12788 0.12788 0.12788 0.12788 0.12788 0.12788 0.12787 0.10485 ( 2)  0.035
 814 M   0.12883 0.12883 0.12883 0.12883 0.12883 0.12883 0.12882 0.09819 ( 1)  0.033
 815 M   0.12883 0.12883 0.12883 0.12883 0.12883 0.12883 0.12882 0.09819 ( 1)  0.033
 816 T   0.12692 0.12692 0.12692 0.12692 0.12692 0.12692 0.12692 0.11154 ( 1)  0.038
 817 H   0.12808 0.12808 0.12808 0.12808 0.12808 0.12808 0.12808 0.10343 ( 5)  0.035
 818 L   0.12623 0.12623 0.12623 0.12623 0.12623 0.12623 0.12623 0.11640 ( 2)  0.039
 819 H   0.12808 0.12808 0.12808 0.12808 0.12808 0.12808 0.12808 0.10343 ( 5)  0.035
 820 M   0.12883 0.12883 0.12883 0.12883 0.12883 0.12883 0.12882 0.09819 ( 1)  0.033
 821 R   0.12801 0.12801 0.12801 0.12801 0.12801 0.12801 0.12800 0.10395 ( 2)  0.035
 822 P   0.12703 0.12703 0.12703 0.12703 0.12703 0.12703 0.12703 0.11077 ( 5)  0.037
 823 S   0.12737 0.12737 0.12737 0.12737 0.12737 0.12737 0.12737 0.10839 ( 2)  0.037
 824 E   0.12839 0.12839 0.12839 0.12839 0.12839 0.12839 0.12839 0.10126 ( 5)  0.034
 825 P   0.12703 0.12703 0.12703 0.12703 0.12703 0.12703 0.12703 0.11077 ( 5)  0.037
 826 K   0.12868 0.12868 0.12868 0.12868 0.12868 0.12868 0.12867 0.09928 ( 5)  0.034
 827 P   0.12807 0.12807 0.12807 0.12807 0.12807 0.12807 0.12807 0.10349 ( 5)  0.035
 828 S   0.12724 0.12724 0.12724 0.12724 0.12724 0.12724 0.12723 0.10934 ( 5)  0.037
 829 P   0.12703 0.12703 0.12703 0.12703 0.12703 0.12703 0.12703 0.11077 ( 5)  0.037
 830 K   0.12868 0.12868 0.12868 0.12868 0.12868 0.12868 0.12867 0.09928 ( 5)  0.034
 831 P   0.12759 0.12759 0.12759 0.12759 0.12759 0.12759 0.12759 0.10687 ( 2)  0.036
 832 -   0.12500 0.12500 0.12500 0.12500 0.12500 0.12500 0.12500 0.12500 ( 8)  0.042
 833 -   0.12500 0.12500 0.12500 0.12500 0.12500 0.12500 0.12500 0.12500 ( 1)  0.042
 834 -   0.12500 0.12500 0.12500 0.12500 0.12500 0.12500 0.12500 0.12500 ( 8)  0.042
 835 -   0.12500 0.12500 0.12500 0.12500 0.12500 0.12500 0.12500 0.12500 ( 2)  0.042
 836 -   0.12500 0.12500 0.12500 0.12500 0.12500 0.12500 0.12500 0.12500 ( 6)  0.042
 837 -   0.12500 0.12500 0.12500 0.12500 0.12500 0.12500 0.12500 0.12500 ( 2)  0.042
 838 -   0.12500 0.12500 0.12500 0.12500 0.12500 0.12500 0.12500 0.12500 ( 8)  0.042
 839 -   0.12500 0.12500 0.12500 0.12500 0.12500 0.12500 0.12500 0.12500 ( 5)  0.042
 840 -   0.12500 0.12500 0.12500 0.12500 0.12500 0.12500 0.12500 0.12500 ( 1)  0.042
 841 -   0.12500 0.12500 0.12500 0.12500 0.12500 0.12500 0.12500 0.12500 ( 5)  0.042
 842 -   0.12500 0.12500 0.12500 0.12500 0.12500 0.12500 0.12500 0.12500 ( 8)  0.042
 843 -   0.12500 0.12500 0.12500 0.12500 0.12500 0.12500 0.12500 0.12500 ( 1)  0.042
 844 -   0.12500 0.12500 0.12500 0.12500 0.12500 0.12500 0.12500 0.12500 ( 8)  0.042
 845 -   0.12500 0.12500 0.12500 0.12500 0.12500 0.12500 0.12500 0.12500 ( 2)  0.042
 846 -   0.12500 0.12500 0.12500 0.12500 0.12500 0.12500 0.12500 0.12500 ( 6)  0.042
 847 -   0.12500 0.12500 0.12500 0.12500 0.12500 0.12500 0.12500 0.12500 ( 2)  0.042
 848 -   0.12500 0.12500 0.12500 0.12500 0.12500 0.12500 0.12500 0.12500 ( 8)  0.042
 849 -   0.12500 0.12500 0.12500 0.12500 0.12500 0.12500 0.12500 0.12500 ( 5)  0.042
 850 -   0.12500 0.12500 0.12500 0.12500 0.12500 0.12500 0.12500 0.12500 ( 1)  0.042
 851 -   0.12500 0.12500 0.12500 0.12500 0.12500 0.12500 0.12500 0.12500 ( 5)  0.042
 852 L   0.12751 0.12751 0.12751 0.12751 0.12751 0.12751 0.12751 0.10741 ( 2)  0.036
 853 N   0.12841 0.12841 0.12841 0.12841 0.12841 0.12841 0.12840 0.10115 ( 2)  0.034
 854 L   0.12728 0.12728 0.12728 0.12728 0.12728 0.12728 0.12728 0.10903 ( 5)  0.037
 855 V   0.12752 0.12752 0.12752 0.12752 0.12752 0.12752 0.12751 0.10739 ( 5)  0.036
 856 S   0.12716 0.12716 0.12716 0.12716 0.12716 0.12716 0.12716 0.10988 ( 5)  0.037
 857 S   0.12765 0.12765 0.12765 0.12765 0.12765 0.12765 0.12765 0.10644 ( 1)  0.036
 858 V   0.12683 0.12683 0.12683 0.12683 0.12683 0.12683 0.12682 0.11221 ( 2)  0.038
 859 T   0.12686 0.12686 0.12686 0.12686 0.12686 0.12686 0.12685 0.11201 ( 1)  0.038
 860 M   0.12870 0.12870 0.12870 0.12870 0.12870 0.12870 0.12870 0.09908 ( 1)  0.033
 861 S   0.12715 0.12715 0.12715 0.12715 0.12715 0.12715 0.12714 0.10998 ( 2)  0.037
 862 K   0.12829 0.12829 0.12829 0.12829 0.12829 0.12829 0.12828 0.10200 ( 1)  0.034
 863 N   0.12807 0.12807 0.12807 0.12807 0.12807 0.12807 0.12806 0.10355 ( 5)  0.035
 864 M   0.12870 0.12870 0.12870 0.12870 0.12870 0.12870 0.12870 0.09908 ( 1)  0.033
 865 L   0.12619 0.12619 0.12619 0.12619 0.12619 0.12619 0.12618 0.11671 ( 2)  0.039
 866 E   0.12828 0.12828 0.12828 0.12828 0.12828 0.12828 0.12827 0.10206 ( 5)  0.034
 867 T   0.12781 0.12781 0.12781 0.12781 0.12781 0.12781 0.12781 0.10532 ( 5)  0.036
 868 S   0.12669 0.12669 0.12669 0.12669 0.12669 0.12669 0.12669 0.11316 ( 5)  0.038
 869 P   0.12797 0.12797 0.12797 0.12797 0.12797 0.12797 0.12796 0.10422 ( 5)  0.035
 870 Q   0.12779 0.12779 0.12779 0.12779 0.12779 0.12779 0.12779 0.10546 ( 2)  0.036
 871 S   0.12714 0.12714 0.12714 0.12714 0.12714 0.12714 0.12714 0.10999 ( 1)  0.037
 872 L   0.12621 0.12621 0.12621 0.12621 0.12621 0.12621 0.12621 0.11654 ( 2)  0.039
 873 P   0.12750 0.12750 0.12750 0.12750 0.12750 0.12750 0.12750 0.10750 ( 2)  0.036
 874 Q   0.12799 0.12799 0.12799 0.12799 0.12799 0.12799 0.12799 0.10407 ( 5)  0.035
 875 T   0.12686 0.12686 0.12686 0.12686 0.12686 0.12686 0.12685 0.11201 ( 1)  0.038
 876 P   0.12750 0.12750 0.12750 0.12750 0.12750 0.12750 0.12750 0.10750 ( 2)  0.036
 877 T   0.12686 0.12686 0.12686 0.12686 0.12686 0.12686 0.12685 0.11201 ( 1)  0.038
 878 T   0.12781 0.12781 0.12781 0.12781 0.12781 0.12781 0.12781 0.10532 ( 5)  0.036
 879 P   0.12797 0.12797 0.12797 0.12797 0.12797 0.12797 0.12796 0.10422 ( 5)  0.035
 880 T   0.12755 0.12755 0.12755 0.12755 0.12755 0.12755 0.12755 0.10712 ( 2)  0.036
 881 A   0.12683 0.12683 0.12683 0.12683 0.12683 0.12683 0.12683 0.11216 ( 2)  0.038
 882 P   0.12797 0.12797 0.12797 0.12797 0.12797 0.12797 0.12796 0.10422 ( 5)  0.035
 883 V   0.12683 0.12683 0.12683 0.12683 0.12683 0.12683 0.12682 0.11221 ( 2)  0.038
 884 T   0.12686 0.12686 0.12686 0.12686 0.12686 0.12686 0.12685 0.11201 ( 1)  0.038
 885 P   0.12770 0.12770 0.12770 0.12770 0.12770 0.12770 0.12769 0.10612 ( 2)  0.036
 886 I   0.12756 0.12756 0.12756 0.12756 0.12756 0.12756 0.12756 0.10707 ( 5)  0.036
 887 T   0.12686 0.12686 0.12686 0.12686 0.12686 0.12686 0.12685 0.11201 ( 1)  0.038
 888 Q   0.12779 0.12779 0.12779 0.12779 0.12779 0.12779 0.12779 0.10546 ( 2)  0.036
 889 G   0.12768 0.12768 0.12768 0.12768 0.12768 0.12768 0.12767 0.10626 ( 1)  0.036
 890 P   0.12696 0.12696 0.12696 0.12696 0.12696 0.12696 0.12696 0.11126 ( 5)  0.038
 891 S   0.12729 0.12729 0.12729 0.12729 0.12729 0.12729 0.12729 0.10897 ( 2)  0.037
 892 V   0.12777 0.12777 0.12777 0.12777 0.12777 0.12777 0.12776 0.10561 ( 5)  0.036
 893 I   0.12706 0.12706 0.12706 0.12706 0.12706 0.12706 0.12706 0.11059 ( 1)  0.037
 894 T   0.12686 0.12686 0.12686 0.12686 0.12686 0.12686 0.12685 0.11201 ( 1)  0.038
 895 P   0.12797 0.12797 0.12797 0.12797 0.12797 0.12797 0.12796 0.10422 ( 5)  0.035
 896 A   0.12683 0.12683 0.12683 0.12683 0.12683 0.12683 0.12683 0.11216 ( 2)  0.038
 897 S   0.12765 0.12765 0.12765 0.12765 0.12765 0.12765 0.12765 0.10644 ( 1)  0.036
 898 V   0.12752 0.12752 0.12752 0.12752 0.12752 0.12752 0.12751 0.10739 ( 5)  0.036
 899 P   0.12696 0.12696 0.12696 0.12696 0.12696 0.12696 0.12696 0.11126 ( 5)  0.038
 900 N   0.00000 0.00000 0.00000 0.00000 0.00000 0.00000 0.00030 0.99970 ( 8)  0.337
 901 V   0.12752 0.12752 0.12752 0.12752 0.12752 0.12752 0.12751 0.10739 ( 5)  0.036
 902 G   0.12768 0.12768 0.12768 0.12768 0.12768 0.12768 0.12767 0.10626 ( 1)  0.036
 903 A   0.12683 0.12683 0.12683 0.12683 0.12683 0.12683 0.12683 0.11216 ( 2)  0.038
 904 I   0.12856 0.12856 0.12856 0.12856 0.12856 0.12856 0.12855 0.10011 ( 1)  0.034
 905 R   0.12791 0.12791 0.12791 0.12791 0.12791 0.12791 0.12790 0.10466 ( 2)  0.035
 906 R   0.12761 0.12761 0.12761 0.12761 0.12761 0.12761 0.12761 0.10671 ( 5)  0.036
 907 R   0.12791 0.12791 0.12791 0.12791 0.12791 0.12791 0.12790 0.10466 ( 2)  0.035
 908 H   0.12849 0.12849 0.12849 0.12849 0.12849 0.12849 0.12849 0.10055 ( 5)  0.034
 909 S   0.12729 0.12729 0.12729 0.12729 0.12729 0.12729 0.12729 0.10897 ( 2)  0.037
 910 D   0.12783 0.12783 0.12783 0.12783 0.12783 0.12783 0.12782 0.10523 ( 2)  0.036
 911 K   0.12855 0.12855 0.12855 0.12855 0.12855 0.12855 0.12854 0.10014 ( 5)  0.034
 912 Y   0.12726 0.12726 0.12726 0.12726 0.12726 0.12726 0.12725 0.10920 ( 5)  0.037
 913 N   0.12785 0.12785 0.12785 0.12785 0.12785 0.12785 0.12785 0.10504 ( 2)  0.035
 914 I   0.12756 0.12756 0.12756 0.12756 0.12756 0.12756 0.12756 0.10706 ( 1)  0.036
 915 P   0.12696 0.12696 0.12696 0.12696 0.12696 0.12696 0.12696 0.11126 ( 5)  0.038
 916 M   0.12870 0.12870 0.12870 0.12870 0.12870 0.12870 0.12870 0.09908 ( 1)  0.033
 917 S   0.12727 0.12727 0.12727 0.12727 0.12727 0.12727 0.12727 0.10908 ( 2)  0.037
 918 S   0.12729 0.12729 0.12729 0.12729 0.12729 0.12729 0.12729 0.10897 ( 2)  0.037
 919 -   0.12500 0.12500 0.12500 0.12500 0.12500 0.12500 0.12500 0.12500 ( 5)  0.042
 920 E   0.12845 0.12845 0.12845 0.12845 0.12845 0.12845 0.12844 0.10087 ( 2)  0.034
 921 I   0.12756 0.12756 0.12756 0.12756 0.12756 0.12756 0.12756 0.10706 ( 1)  0.036
 922 A   0.12683 0.12683 0.12683 0.12683 0.12683 0.12683 0.12683 0.11216 ( 2)  0.038
 923 P   0.12797 0.12797 0.12797 0.12797 0.12797 0.12797 0.12796 0.10422 ( 5)  0.035
 924 N   0.12785 0.12785 0.12785 0.12785 0.12785 0.12785 0.12785 0.10504 ( 2)  0.035
 925 Y   0.12742 0.12742 0.12742 0.12742 0.12742 0.12742 0.12741 0.10809 ( 2)  0.036
 926 E   0.12855 0.12855 0.12855 0.12855 0.12855 0.12855 0.12854 0.10017 ( 2)  0.034
 927 F   0.12737 0.12737 0.12737 0.12737 0.12737 0.12737 0.12737 0.10840 ( 2)  0.037
 928 Y   0.12787 0.12787 0.12787 0.12787 0.12787 0.12787 0.12786 0.10491 ( 2)  0.035
 929 K   0.12855 0.12855 0.12855 0.12855 0.12855 0.12855 0.12854 0.10014 ( 5)  0.034
 930 N   0.12841 0.12841 0.12841 0.12841 0.12841 0.12841 0.12840 0.10115 ( 2)  0.034
 931 A   0.12778 0.12778 0.12778 0.12778 0.12778 0.12778 0.12778 0.10554 ( 2)  0.036
 932 D   0.12832 0.12832 0.12832 0.12832 0.12832 0.12832 0.12831 0.10180 ( 2)  0.034
 933 V   0.12683 0.12683 0.12683 0.12683 0.12683 0.12683 0.12682 0.11221 ( 2)  0.038
 934 R   0.12778 0.12778 0.12778 0.12778 0.12778 0.12778 0.12778 0.10553 ( 2)  0.036
 935 P   0.12750 0.12750 0.12750 0.12750 0.12750 0.12750 0.12750 0.10750 ( 2)  0.036
 936 P   0.12797 0.12797 0.12797 0.12797 0.12797 0.12797 0.12796 0.10422 ( 5)  0.035
 937 F   0.12737 0.12737 0.12737 0.12737 0.12737 0.12737 0.12737 0.10840 ( 2)  0.037
 938 T   0.12737 0.12737 0.12737 0.12737 0.12737 0.12737 0.12736 0.10843 ( 5)  0.037
 939 Y   0.12787 0.12787 0.12787 0.12787 0.12787 0.12787 0.12786 0.10491 ( 2)  0.035
 940 A   0.12778 0.12778 0.12778 0.12778 0.12778 0.12778 0.12778 0.10554 ( 2)  0.036
 941 T   0.12737 0.12737 0.12737 0.12737 0.12737 0.12737 0.12736 0.10843 ( 5)  0.037
 942 L   0.12697 0.12697 0.12697 0.12697 0.12697 0.12697 0.12696 0.11123 ( 2)  0.038
 943 I   0.12856 0.12856 0.12856 0.12856 0.12856 0.12856 0.12855 0.10011 ( 1)  0.034
 944 R   0.12762 0.12762 0.12762 0.12762 0.12762 0.12762 0.12761 0.10670 ( 2)  0.036
 945 Q   0.12779 0.12779 0.12779 0.12779 0.12779 0.12779 0.12779 0.10546 ( 2)  0.036
 946 A   0.12734 0.12734 0.12734 0.12734 0.12734 0.12734 0.12734 0.10862 ( 2)  0.037
 947 I   0.12706 0.12706 0.12706 0.12706 0.12706 0.12706 0.12706 0.11059 ( 1)  0.037
 948 M   0.12870 0.12870 0.12870 0.12870 0.12870 0.12870 0.12870 0.09908 ( 1)  0.033
 949 E   0.12828 0.12828 0.12828 0.12828 0.12828 0.12828 0.12827 0.10206 ( 5)  0.034
 950 S   0.12729 0.12729 0.12729 0.12729 0.12729 0.12729 0.12729 0.10897 ( 2)  0.037
 951 S   0.12716 0.12716 0.12716 0.12716 0.12716 0.12716 0.12716 0.10988 ( 5)  0.037
 952 D   0.12783 0.12783 0.12783 0.12783 0.12783 0.12783 0.12782 0.10523 ( 2)  0.036
 953 R   0.12761 0.12761 0.12761 0.12761 0.12761 0.12761 0.12761 0.10671 ( 5)  0.036
 954 Q   0.12779 0.12779 0.12779 0.12779 0.12779 0.12779 0.12779 0.10546 ( 2)  0.036
 955 L   0.12621 0.12621 0.12621 0.12621 0.12621 0.12621 0.12621 0.11654 ( 2)  0.039
 956 T   0.12781 0.12781 0.12781 0.12781 0.12781 0.12781 0.12781 0.10532 ( 5)  0.036
 957 L   0.12751 0.12751 0.12751 0.12751 0.12751 0.12751 0.12750 0.10746 ( 2)  0.036
 958 N   0.12841 0.12841 0.12841 0.12841 0.12841 0.12841 0.12840 0.10115 ( 2)  0.034
 959 E   0.12855 0.12855 0.12855 0.12855 0.12855 0.12855 0.12854 0.10017 ( 2)  0.034
 960 I   0.12756 0.12756 0.12756 0.12756 0.12756 0.12756 0.12756 0.10706 ( 1)  0.036
 961 Y   0.12726 0.12726 0.12726 0.12726 0.12726 0.12726 0.12725 0.10920 ( 5)  0.037
 962 S   0.12714 0.12714 0.12714 0.12714 0.12714 0.12714 0.12714 0.10999 ( 1)  0.037
 963 W   0.12636 0.12636 0.12636 0.12636 0.12636 0.12636 0.12635 0.11550 ( 2)  0.039
 964 F   0.12737 0.12737 0.12737 0.12737 0.12737 0.12737 0.12737 0.10840 ( 2)  0.037
 965 T   0.12778 0.12778 0.12778 0.12778 0.12778 0.12778 0.12778 0.10553 ( 5)  0.036
 966 R   0.12790 0.12790 0.12790 0.12790 0.12790 0.12790 0.12789 0.10473 ( 2)  0.035
 967 T   0.12781 0.12781 0.12781 0.12781 0.12781 0.12781 0.12780 0.10535 ( 1)  0.036
 968 F   0.12731 0.12731 0.12731 0.12731 0.12731 0.12731 0.12731 0.10881 ( 2)  0.037
 969 A   0.12734 0.12734 0.12734 0.12734 0.12734 0.12734 0.12734 0.10862 ( 2)  0.037
 970 Y   0.12726 0.12726 0.12726 0.12726 0.12726 0.12726 0.12725 0.10920 ( 5)  0.037
 971 F   0.12691 0.12691 0.12691 0.12691 0.12691 0.12691 0.12691 0.11161 ( 2)  0.038
 972 R   0.12761 0.12761 0.12761 0.12761 0.12761 0.12761 0.12761 0.10671 ( 5)  0.036
 973 R   0.12780 0.12780 0.12780 0.12780 0.12780 0.12780 0.12779 0.10541 ( 2)  0.036
 974 N   0.12841 0.12841 0.12841 0.12841 0.12841 0.12841 0.12840 0.10115 ( 2)  0.034
 975 A   0.12775 0.12775 0.12775 0.12775 0.12775 0.12775 0.12774 0.10575 ( 2)  0.036
 976 A   0.12778 0.12778 0.12778 0.12778 0.12778 0.12778 0.12778 0.10554 ( 2)  0.036
 977 T   0.12737 0.12737 0.12737 0.12737 0.12737 0.12737 0.12736 0.10843 ( 5)  0.037
 978 W   0.12636 0.12636 0.12636 0.12636 0.12636 0.12636 0.12635 0.11550 ( 2)  0.039
 979 K   0.12829 0.12829 0.12829 0.12829 0.12829 0.12829 0.12828 0.10200 ( 1)  0.034
 980 N   0.12841 0.12841 0.12841 0.12841 0.12841 0.12841 0.12840 0.10115 ( 2)  0.034
 981 A   0.12778 0.12778 0.12778 0.12778 0.12778 0.12778 0.12778 0.10554 ( 2)  0.036
 982 V   0.12777 0.12777 0.12777 0.12777 0.12777 0.12777 0.12776 0.10561 ( 5)  0.036
 983 R   0.12780 0.12780 0.12780 0.12780 0.12780 0.12780 0.12779 0.10541 ( 2)  0.036
 984 H   0.12849 0.12849 0.12849 0.12849 0.12849 0.12849 0.12849 0.10055 ( 5)  0.034
 985 N   0.12841 0.12841 0.12841 0.12841 0.12841 0.12841 0.12840 0.10115 ( 2)  0.034
 986 L   0.12751 0.12751 0.12751 0.12751 0.12751 0.12751 0.12750 0.10746 ( 2)  0.036
 987 S   0.12734 0.12734 0.12734 0.12734 0.12734 0.12734 0.12733 0.10866 ( 5)  0.037
 988 L   0.12728 0.12728 0.12728 0.12728 0.12728 0.12728 0.12728 0.10903 ( 5)  0.037
 989 H   0.12798 0.12798 0.12798 0.12798 0.12798 0.12798 0.12797 0.10416 ( 5)  0.035
 990 K   0.12829 0.12829 0.12829 0.12829 0.12829 0.12829 0.12828 0.10200 ( 1)  0.034
 991 C   0.12691 0.12691 0.12691 0.12691 0.12691 0.12691 0.12691 0.11164 ( 1)  0.038
 992 F   0.12736 0.12736 0.12736 0.12736 0.12736 0.12736 0.12735 0.10850 ( 1)  0.037
 993 V   0.12733 0.12733 0.12733 0.12733 0.12733 0.12733 0.12733 0.10869 ( 2)  0.037
 994 R   0.12791 0.12791 0.12791 0.12791 0.12791 0.12791 0.12790 0.10466 ( 2)  0.035
 995 V   0.12777 0.12777 0.12777 0.12777 0.12777 0.12777 0.12776 0.10561 ( 5)  0.036
 996 E   0.12855 0.12855 0.12855 0.12855 0.12855 0.12855 0.12854 0.10017 ( 2)  0.034
 997 N   0.12841 0.12841 0.12841 0.12841 0.12841 0.12841 0.12840 0.10115 ( 2)  0.034
 998 V   0.12733 0.12733 0.12733 0.12733 0.12733 0.12733 0.12733 0.10869 ( 2)  0.037
 999 K   0.12845 0.12845 0.12845 0.12845 0.12845 0.12845 0.12845 0.10083 ( 5)  0.034
1000 G   0.12768 0.12768 0.12768 0.12768 0.12768 0.12768 0.12767 0.10626 ( 1)  0.036
1001 A   0.12778 0.12778 0.12778 0.12778 0.12778 0.12778 0.12778 0.10554 ( 2)  0.036
1002 V   0.12776 0.12776 0.12776 0.12776 0.12776 0.12776 0.12776 0.10567 ( 5)  0.036
1003 W   0.12636 0.12636 0.12636 0.12636 0.12636 0.12636 0.12635 0.11550 ( 2)  0.039
1004 T   0.12737 0.12737 0.12737 0.12737 0.12737 0.12737 0.12736 0.10843 ( 5)  0.037
1005 V   0.12752 0.12752 0.12752 0.12752 0.12752 0.12752 0.12751 0.10739 ( 5)  0.036
1006 D   0.12839 0.12839 0.12839 0.12839 0.12839 0.12839 0.12838 0.10128 ( 2)  0.034
1007 E   0.12855 0.12855 0.12855 0.12855 0.12855 0.12855 0.12854 0.10017 ( 2)  0.034
1008 V   0.12777 0.12777 0.12777 0.12777 0.12777 0.12777 0.12776 0.10564 ( 2)  0.036
1009 E   0.12855 0.12855 0.12855 0.12855 0.12855 0.12855 0.12854 0.10017 ( 2)  0.034
1010 Y   0.12726 0.12726 0.12726 0.12726 0.12726 0.12726 0.12725 0.10920 ( 5)  0.037
1011 Q   0.12779 0.12779 0.12779 0.12779 0.12779 0.12779 0.12779 0.10546 ( 2)  0.036
1012 K   0.12829 0.12829 0.12829 0.12829 0.12829 0.12829 0.12828 0.10200 ( 1)  0.034
1013 R   0.12791 0.12791 0.12791 0.12791 0.12791 0.12791 0.12790 0.10466 ( 2)  0.035
1014 R   0.12762 0.12762 0.12762 0.12762 0.12762 0.12762 0.12761 0.10670 ( 2)  0.036
1015 S   0.12729 0.12729 0.12729 0.12729 0.12729 0.12729 0.12729 0.10897 ( 2)  0.037
1016 Q   0.12799 0.12799 0.12799 0.12799 0.12799 0.12799 0.12799 0.10407 ( 5)  0.035
1017 K   0.12829 0.12829 0.12829 0.12829 0.12829 0.12829 0.12828 0.10200 ( 1)  0.034
1018 I   0.12856 0.12856 0.12856 0.12856 0.12856 0.12856 0.12855 0.10011 ( 1)  0.034
1019 T   0.12781 0.12781 0.12781 0.12781 0.12781 0.12781 0.12781 0.10532 ( 5)  0.036
1020 G   0.12768 0.12768 0.12768 0.12768 0.12768 0.12768 0.12767 0.10626 ( 1)  0.036
1021 S   0.12734 0.12734 0.12734 0.12734 0.12734 0.12734 0.12733 0.10864 ( 5)  0.037
1022 P   0.12797 0.12797 0.12797 0.12797 0.12797 0.12797 0.12796 0.10422 ( 5)  0.035
1023 T   0.12687 0.12687 0.12687 0.12687 0.12687 0.12687 0.12686 0.11193 ( 2)  0.038
1024 L   0.12621 0.12621 0.12621 0.12621 0.12621 0.12621 0.12621 0.11654 ( 2)  0.039
1025 V   0.12785 0.12785 0.12785 0.12785 0.12785 0.12785 0.12784 0.10506 ( 5)  0.035
1026 -   0.12500 0.12500 0.12500 0.12500 0.12500 0.12500 0.12500 0.12500 ( 1)  0.042
1027 -   0.12500 0.12500 0.12500 0.12500 0.12500 0.12500 0.12500 0.12500 ( 8)  0.042
1028 -   0.12500 0.12500 0.12500 0.12500 0.12500 0.12500 0.12500 0.12500 ( 2)  0.042
1029 -   0.12500 0.12500 0.12500 0.12500 0.12500 0.12500 0.12500 0.12500 ( 6)  0.042
1030 -   0.12500 0.12500 0.12500 0.12500 0.12500 0.12500 0.12500 0.12500 ( 2)  0.042
1031 -   0.12500 0.12500 0.12500 0.12500 0.12500 0.12500 0.12500 0.12500 ( 8)  0.042
1032 -   0.12500 0.12500 0.12500 0.12500 0.12500 0.12500 0.12500 0.12500 ( 5)  0.042
1033 -   0.12500 0.12500 0.12500 0.12500 0.12500 0.12500 0.12500 0.12500 ( 1)  0.042
1034 K   0.12865 0.12865 0.12865 0.12865 0.12865 0.12865 0.12864 0.09945 ( 5)  0.034
1035 N   0.12841 0.12841 0.12841 0.12841 0.12841 0.12841 0.12840 0.10115 ( 2)  0.034
1036 I   0.12856 0.12856 0.12856 0.12856 0.12856 0.12856 0.12855 0.10011 ( 1)  0.034
1037 P   0.12755 0.12755 0.12755 0.12755 0.12755 0.12755 0.12754 0.10719 ( 2)  0.036
1038 T   0.12686 0.12686 0.12686 0.12686 0.12686 0.12686 0.12685 0.11201 ( 1)  0.038
1039 S   0.12765 0.12765 0.12765 0.12765 0.12765 0.12765 0.12765 0.10644 ( 1)  0.036
1040 L   0.12621 0.12621 0.12621 0.12621 0.12621 0.12621 0.12621 0.11654 ( 2)  0.039
1041 G   0.12681 0.12681 0.12681 0.12681 0.12681 0.12681 0.12681 0.11230 ( 1)  0.038
1042 Y   0.12787 0.12787 0.12787 0.12787 0.12787 0.12787 0.12786 0.10491 ( 2)  0.035
1043 G   0.12768 0.12768 0.12768 0.12768 0.12768 0.12768 0.12767 0.10626 ( 1)  0.036
1044 A   0.12778 0.12778 0.12778 0.12778 0.12778 0.12778 0.12778 0.10554 ( 2)  0.036
1045 A   0.12739 0.12739 0.12739 0.12739 0.12739 0.12739 0.12739 0.10825 ( 5)  0.037
1046 L   0.12742 0.12742 0.12742 0.12742 0.12742 0.12742 0.12742 0.10805 ( 2)  0.036
1047 N   0.12841 0.12841 0.12841 0.12841 0.12841 0.12841 0.12840 0.10115 ( 2)  0.034
1048 A   0.12683 0.12683 0.12683 0.12683 0.12683 0.12683 0.12683 0.11216 ( 2)  0.038
1049 S   0.12765 0.12765 0.12765 0.12765 0.12765 0.12765 0.12765 0.10644 ( 1)  0.036
1050 L   0.12619 0.12619 0.12619 0.12619 0.12619 0.12619 0.12618 0.11671 ( 2)  0.039
1051 Q   0.12779 0.12779 0.12779 0.12779 0.12779 0.12779 0.12779 0.10546 ( 2)  0.036
1052 A   0.12734 0.12734 0.12734 0.12734 0.12734 0.12734 0.12734 0.10862 ( 2)  0.037
1053 A   0.12683 0.12683 0.12683 0.12683 0.12683 0.12683 0.12683 0.11216 ( 2)  0.038
1054 L   0.12619 0.12619 0.12619 0.12619 0.12619 0.12619 0.12618 0.11671 ( 2)  0.039
1055 A   0.12778 0.12778 0.12778 0.12778 0.12778 0.12778 0.12778 0.10554 ( 2)  0.036
1056 E   0.12828 0.12828 0.12828 0.12828 0.12828 0.12828 0.12827 0.10206 ( 5)  0.034
1057 S   0.12714 0.12714 0.12714 0.12714 0.12714 0.12714 0.12714 0.10999 ( 1)  0.037
1058 S   0.12765 0.12765 0.12765 0.12765 0.12765 0.12765 0.12765 0.10644 ( 1)  0.036
1059 L   0.12621 0.12621 0.12621 0.12621 0.12621 0.12621 0.12621 0.11654 ( 2)  0.039
1060 P   0.12756 0.12756 0.12756 0.12756 0.12756 0.12756 0.12755 0.10711 ( 2)  0.036
1061 L   0.12619 0.12619 0.12619 0.12619 0.12619 0.12619 0.12618 0.11671 ( 2)  0.039
1062 L   0.12751 0.12751 0.12751 0.12751 0.12751 0.12751 0.12751 0.10741 ( 2)  0.036
1063 S   0.12763 0.12763 0.12763 0.12763 0.12763 0.12763 0.12762 0.10662 ( 5)  0.036
1064 N   0.12807 0.12807 0.12807 0.12807 0.12807 0.12807 0.12806 0.10355 ( 5)  0.035
1065 P   0.12750 0.12750 0.12750 0.12750 0.12750 0.12750 0.12750 0.10750 ( 2)  0.036
1066 G   0.12766 0.12766 0.12766 0.12766 0.12766 0.12766 0.12765 0.10642 ( 1)  0.036
1067 L   0.12731 0.12731 0.12731 0.12731 0.12731 0.12731 0.12730 0.10884 ( 5)  0.037
1068 I   0.12723 0.12723 0.12723 0.12723 0.12723 0.12723 0.12723 0.10936 ( 2)  0.037
1069 N   0.12841 0.12841 0.12841 0.12841 0.12841 0.12841 0.12840 0.10115 ( 2)  0.034
1070 N   0.12841 0.12841 0.12841 0.12841 0.12841 0.12841 0.12840 0.10115 ( 2)  0.034
1071 A   0.12767 0.12767 0.12767 0.12767 0.12767 0.12767 0.12766 0.10631 ( 2)  0.036
1072 S   0.12669 0.12669 0.12669 0.12669 0.12669 0.12669 0.12669 0.11316 ( 5)  0.038
1073 S   0.00000 0.00000 0.00000 0.00000 0.00000 0.00000 0.00028 0.99972 ( 8)  0.337
1074 G   0.12681 0.12681 0.12681 0.12681 0.12681 0.12681 0.12681 0.11230 ( 1)  0.038
1075 L   0.12751 0.12751 0.12751 0.12751 0.12751 0.12751 0.12751 0.10741 ( 2)  0.036
1076 L   0.12728 0.12728 0.12728 0.12728 0.12728 0.12728 0.12728 0.10903 ( 5)  0.037
1077 Q   0.12779 0.12779 0.12779 0.12779 0.12779 0.12779 0.12779 0.10546 ( 2)  0.036
1078 A   0.12697 0.12697 0.12697 0.12697 0.12697 0.12697 0.12696 0.11123 ( 1)  0.038
1079 V   0.12683 0.12683 0.12683 0.12683 0.12683 0.12683 0.12682 0.11221 ( 2)  0.038
1080 H   0.12798 0.12798 0.12798 0.12798 0.12798 0.12798 0.12797 0.10416 ( 5)  0.035
1081 E   0.12855 0.12855 0.12855 0.12855 0.12855 0.12855 0.12854 0.10017 ( 2)  0.034
1082 D   0.12783 0.12783 0.12783 0.12783 0.12783 0.12783 0.12782 0.10523 ( 2)  0.036
1083 L   0.12697 0.12697 0.12697 0.12697 0.12697 0.12697 0.12696 0.11123 ( 2)  0.038
1084 N   0.12841 0.12841 0.12841 0.12841 0.12841 0.12841 0.12840 0.10115 ( 2)  0.034
1085 G   0.12731 0.12731 0.12731 0.12731 0.12731 0.12731 0.12731 0.10880 ( 1)  0.037
1086 S   0.12708 0.12708 0.12708 0.12708 0.12708 0.12708 0.12708 0.11042 ( 5)  0.037
1087 L   0.12688 0.12688 0.12688 0.12688 0.12688 0.12688 0.12687 0.11187 ( 5)  0.038
1088 D   0.12839 0.12839 0.12839 0.12839 0.12839 0.12839 0.12838 0.10128 ( 2)  0.034
1089 H   0.12798 0.12798 0.12798 0.12798 0.12798 0.12798 0.12797 0.10416 ( 5)  0.035
1090 I   0.00000 0.00000 0.00000 0.00000 0.00000 0.00000 0.00028 0.99972 ( 8)  0.337
1091 D   0.12783 0.12783 0.12783 0.12783 0.12783 0.12783 0.12782 0.10523 ( 2)  0.036
1092 S   0.12714 0.12714 0.12714 0.12714 0.12714 0.12714 0.12714 0.10999 ( 1)  0.037
1093 N   0.12828 0.12828 0.12828 0.12828 0.12828 0.12828 0.12828 0.10202 ( 5)  0.034
1094 G   0.12757 0.12757 0.12757 0.12757 0.12757 0.12757 0.12756 0.10705 ( 1)  0.036
1095 N   0.12785 0.12785 0.12785 0.12785 0.12785 0.12785 0.12785 0.10504 ( 2)  0.035
1096 S   0.12746 0.12746 0.12746 0.12746 0.12746 0.12746 0.12746 0.10777 ( 5)  0.036
1097 S   0.12765 0.12765 0.12765 0.12765 0.12765 0.12765 0.12765 0.10644 ( 1)  0.036
1098 P   0.12788 0.12788 0.12788 0.12788 0.12788 0.12788 0.12787 0.10486 ( 2)  0.035
1099 G   0.12681 0.12681 0.12681 0.12681 0.12681 0.12681 0.12681 0.11230 ( 1)  0.038
1100 C   0.12651 0.12651 0.12651 0.12651 0.12651 0.12651 0.12651 0.11444 ( 1)  0.039
1101 S   0.12717 0.12717 0.12717 0.12717 0.12717 0.12717 0.12717 0.10979 ( 5)  0.037
1102 P   0.12750 0.12750 0.12750 0.12750 0.12750 0.12750 0.12750 0.10750 ( 2)  0.036
1103 Q   0.12779 0.12779 0.12779 0.12779 0.12779 0.12779 0.12779 0.10546 ( 2)  0.036
1104 P   0.12770 0.12770 0.12770 0.12770 0.12770 0.12770 0.12769 0.10612 ( 2)  0.036
1105 H   0.12798 0.12798 0.12798 0.12798 0.12798 0.12798 0.12797 0.10416 ( 5)  0.035
1106 I   0.12856 0.12856 0.12856 0.12856 0.12856 0.12856 0.12855 0.10011 ( 1)  0.034
1107 H   0.12841 0.12841 0.12841 0.12841 0.12841 0.12841 0.12840 0.10116 ( 5)  0.034
1108 S   0.12729 0.12729 0.12729 0.12729 0.12729 0.12729 0.12729 0.10897 ( 2)  0.037
1109 I   0.12707 0.12707 0.12707 0.12707 0.12707 0.12707 0.12706 0.11053 ( 1)  0.037
1110 H   0.12845 0.12845 0.12845 0.12845 0.12845 0.12845 0.12845 0.10083 ( 5)  0.034
1111 V   0.12683 0.12683 0.12683 0.12683 0.12683 0.12683 0.12682 0.11221 ( 2)  0.038
1112 K   0.12829 0.12829 0.12829 0.12829 0.12829 0.12829 0.12828 0.10200 ( 1)  0.034
1113 E   0.12851 0.12851 0.12851 0.12851 0.12851 0.12851 0.12850 0.10043 ( 2)  0.034
1114 E   0.12828 0.12828 0.12828 0.12828 0.12828 0.12828 0.12827 0.10206 ( 5)  0.034
1115 P   0.12797 0.12797 0.12797 0.12797 0.12797 0.12797 0.12796 0.10422 ( 5)  0.035
1116 V   0.12752 0.12752 0.12752 0.12752 0.12752 0.12752 0.12751 0.10739 ( 5)  0.036
1117 I   0.12756 0.12756 0.12756 0.12756 0.12756 0.12756 0.12756 0.10706 ( 1)  0.036
1118 A   0.12777 0.12777 0.12777 0.12777 0.12777 0.12777 0.12776 0.10562 ( 5)  0.036
1119 E   0.12830 0.12830 0.12830 0.12830 0.12830 0.12830 0.12830 0.10188 ( 1)  0.034
1120 D   0.12839 0.12839 0.12839 0.12839 0.12839 0.12839 0.12838 0.10128 ( 2)  0.034
1121 E   0.12855 0.12855 0.12855 0.12855 0.12855 0.12855 0.12854 0.10017 ( 2)  0.034
1122 D   0.12783 0.12783 0.12783 0.12783 0.12783 0.12783 0.12782 0.10523 ( 2)  0.036
1123 C   0.12666 0.12666 0.12666 0.12666 0.12666 0.12666 0.12666 0.11338 ( 2)  0.038
1124 P   0.12785 0.12785 0.12785 0.12785 0.12785 0.12785 0.12784 0.10506 ( 5)  0.035
1125 M   0.12870 0.12870 0.12870 0.12870 0.12870 0.12870 0.12870 0.09908 ( 1)  0.033
1126 S   0.12669 0.12669 0.12669 0.12669 0.12669 0.12669 0.12669 0.11316 ( 5)  0.038
1127 L   0.12621 0.12621 0.12621 0.12621 0.12621 0.12621 0.12621 0.11654 ( 2)  0.039
1128 V   0.12751 0.12751 0.12751 0.12751 0.12751 0.12751 0.12751 0.10740 ( 1)  0.036
1129 T   0.12781 0.12781 0.12781 0.12781 0.12781 0.12781 0.12781 0.10532 ( 5)  0.036
1130 T   0.12781 0.12781 0.12781 0.12781 0.12781 0.12781 0.12781 0.10532 ( 5)  0.036
1131 A   0.12734 0.12734 0.12734 0.12734 0.12734 0.12734 0.12734 0.10862 ( 2)  0.037
1132 N   0.12841 0.12841 0.12841 0.12841 0.12841 0.12841 0.12840 0.10115 ( 2)  0.034
1133 H   0.12798 0.12798 0.12798 0.12798 0.12798 0.12798 0.12797 0.10416 ( 5)  0.035
1134 S   0.12765 0.12765 0.12765 0.12765 0.12765 0.12765 0.12765 0.10644 ( 1)  0.036
1135 P   0.12797 0.12797 0.12797 0.12797 0.12797 0.12797 0.12796 0.10422 ( 5)  0.035
1136 E   0.12851 0.12851 0.12851 0.12851 0.12851 0.12851 0.12850 0.10046 ( 1)  0.034
1137 L   0.12621 0.12621 0.12621 0.12621 0.12621 0.12621 0.12621 0.11654 ( 2)  0.039
1138 E   0.12855 0.12855 0.12855 0.12855 0.12855 0.12855 0.12854 0.10017 ( 2)  0.034
1139 D   0.00000 0.00000 0.00000 0.00000 0.00000 0.00000 0.00029 0.99971 ( 8)  0.337
1140 D   0.12783 0.12783 0.12783 0.12783 0.12783 0.12783 0.12782 0.10523 ( 2)  0.036
1141 R   0.12778 0.12778 0.12778 0.12778 0.12778 0.12778 0.12778 0.10553 ( 2)  0.036
1142 E   0.12828 0.12828 0.12828 0.12828 0.12828 0.12828 0.12827 0.10206 ( 5)  0.034
1143 I   0.12756 0.12756 0.12756 0.12756 0.12756 0.12756 0.12756 0.10706 ( 1)  0.036
1144 E   0.12855 0.12855 0.12855 0.12855 0.12855 0.12855 0.12854 0.10017 ( 2)  0.034
1145 E   0.12855 0.12855 0.12855 0.12855 0.12855 0.12855 0.12854 0.10017 ( 2)  0.034
1146 E   0.12828 0.12828 0.12828 0.12828 0.12828 0.12828 0.12827 0.10206 ( 5)  0.034
1147 P   0.12750 0.12750 0.12750 0.12750 0.12750 0.12750 0.12750 0.10750 ( 2)  0.036
1148 L   0.12621 0.12621 0.12621 0.12621 0.12621 0.12621 0.12621 0.11654 ( 2)  0.039
1149 S   0.12716 0.12716 0.12716 0.12716 0.12716 0.12716 0.12716 0.10988 ( 5)  0.037
1150 E   0.12855 0.12855 0.12855 0.12855 0.12855 0.12855 0.12854 0.10017 ( 2)  0.034
1151 D   0.12839 0.12839 0.12839 0.12839 0.12839 0.12839 0.12838 0.10128 ( 2)  0.034
1152 L   0.12728 0.12728 0.12728 0.12728 0.12728 0.12728 0.12728 0.10903 ( 5)  0.037
1153 E   0.12855 0.12855 0.12855 0.12855 0.12855 0.12855 0.12854 0.10017 ( 2)  0.034


lnL = -5861.645632

