Supplemental results for CODEML (seqf: algn  treef: tree)


dN/dS (w) for site classes (K=3)

p:   0.92774  0.02372  0.04853
w:   0.08120  1.00000  1.00000

Naive Empirical Bayes (NEB) probabilities for 3 classes & postmean_w
(amino acids refer to 1st sequence: aotNan_NT5C3A_XM_012461316)

   1 -   0.92774 0.02372 0.04853 ( 1)  0.148
   2 -   0.92774 0.02372 0.04853 ( 1)  0.148
   3 -   0.92774 0.02372 0.04853 ( 1)  0.148
   4 -   0.92774 0.02372 0.04853 ( 1)  0.148
   5 -   0.92774 0.02372 0.04853 ( 1)  0.148
   6 -   0.92774 0.02372 0.04853 ( 1)  0.148
   7 -   0.92774 0.02372 0.04853 ( 1)  0.148
   8 -   0.92774 0.02372 0.04853 ( 1)  0.148
   9 -   0.92774 0.02372 0.04853 ( 1)  0.148
  10 -   0.92774 0.02372 0.04853 ( 1)  0.148
  11 -   0.92774 0.02372 0.04853 ( 1)  0.148
  12 -   0.92774 0.02372 0.04853 ( 1)  0.148
  13 -   0.92774 0.02372 0.04853 ( 1)  0.148
  14 -   0.92774 0.02372 0.04853 ( 1)  0.148
  15 -   0.92774 0.02372 0.04853 ( 1)  0.148
  16 -   0.92774 0.02372 0.04853 ( 1)  0.148
  17 -   0.92774 0.02372 0.04853 ( 1)  0.148
  18 -   0.92774 0.02372 0.04853 ( 1)  0.148
  19 -   0.92774 0.02372 0.04853 ( 1)  0.148
  20 -   0.92774 0.02372 0.04853 ( 1)  0.148
  21 -   0.92774 0.02372 0.04853 ( 1)  0.148
  22 -   0.92774 0.02372 0.04853 ( 1)  0.148
  23 -   0.92774 0.02372 0.04853 ( 1)  0.148
  24 -   0.92774 0.02372 0.04853 ( 1)  0.148
  25 -   0.92774 0.02372 0.04853 ( 1)  0.148
  26 -   0.92774 0.02372 0.04853 ( 1)  0.148
  27 -   0.92774 0.02372 0.04853 ( 1)  0.148
  28 -   0.92774 0.02372 0.04853 ( 1)  0.148
  29 -   0.92774 0.02372 0.04853 ( 1)  0.148
  30 -   0.92774 0.02372 0.04853 ( 1)  0.148
  31 -   0.92774 0.02372 0.04853 ( 1)  0.148
  32 -   0.92774 0.02372 0.04853 ( 1)  0.148
  33 -   0.92774 0.02372 0.04853 ( 1)  0.148
  34 -   0.92774 0.02372 0.04853 ( 1)  0.148
  35 -   0.92774 0.02372 0.04853 ( 1)  0.148
  36 -   0.92774 0.02372 0.04853 ( 1)  0.148
  37 -   0.92774 0.02372 0.04853 ( 1)  0.148
  38 -   0.92774 0.02372 0.04853 ( 1)  0.148
  39 -   0.92774 0.02372 0.04853 ( 1)  0.148
  40 -   0.92774 0.02372 0.04853 ( 1)  0.148
  41 -   0.92774 0.02372 0.04853 ( 1)  0.148
  42 -   0.92774 0.02372 0.04853 ( 1)  0.148
  43 -   0.92774 0.02372 0.04853 ( 1)  0.148
  44 -   0.92774 0.02372 0.04853 ( 1)  0.148
  45 -   0.92774 0.02372 0.04853 ( 1)  0.148
  46 -   0.92774 0.02372 0.04853 ( 1)  0.148
  47 -   0.92774 0.02372 0.04853 ( 1)  0.148
  48 -   0.92774 0.02372 0.04853 ( 1)  0.148
  49 -   0.92774 0.02372 0.04853 ( 1)  0.148
  50 -   0.92774 0.02372 0.04853 ( 1)  0.148
  51 -   0.92774 0.02372 0.04853 ( 1)  0.148
  52 -   0.92774 0.02372 0.04853 ( 1)  0.148
  53 -   0.92774 0.02372 0.04853 ( 1)  0.148
  54 -   0.92774 0.02372 0.04853 ( 1)  0.148
  55 -   0.92774 0.02372 0.04853 ( 1)  0.148
  56 -   0.92774 0.02372 0.04853 ( 1)  0.148
  57 -   0.92774 0.02372 0.04853 ( 1)  0.148
  58 -   0.92774 0.02372 0.04853 ( 1)  0.148
  59 -   0.92774 0.02372 0.04853 ( 1)  0.148
  60 -   0.92774 0.02372 0.04853 ( 1)  0.148
  61 -   0.92774 0.02372 0.04853 ( 1)  0.148
  62 -   0.92775 0.02372 0.04853 ( 1)  0.148
  63 -   0.98539 0.00480 0.00981 ( 1)  0.095
  64 -   0.97909 0.00687 0.01405 ( 1)  0.100
  65 -   0.98689 0.00431 0.00881 ( 1)  0.093
  66 -   0.69353 0.10062 0.20585 ( 1)  0.363
  67 -   0.97451 0.00837 0.01712 ( 1)  0.105
  68 -   0.96521 0.01142 0.02337 ( 1)  0.113
  69 -   0.97935 0.00678 0.01387 ( 1)  0.100
  70 -   0.97976 0.00665 0.01360 ( 1)  0.100
  71 -   0.77377 0.07428 0.15195 ( 1)  0.289
  72 -   0.71686 0.09296 0.19018 ( 1)  0.341
  73 -   0.98201 0.00591 0.01208 ( 1)  0.098
  74 M   0.82113 0.05873 0.12014 ( 1)  0.246
  75 -   0.92774 0.02372 0.04853 ( 1)  0.148
  76 -   0.92774 0.02372 0.04853 ( 1)  0.148
  77 -   0.92774 0.02372 0.04853 ( 1)  0.148
  78 -   0.92774 0.02372 0.04853 ( 1)  0.148
  79 -   0.92774 0.02372 0.04853 ( 1)  0.148
  80 -   0.92774 0.02372 0.04853 ( 1)  0.148
  81 -   0.92774 0.02372 0.04853 ( 1)  0.148
  82 -   0.92774 0.02372 0.04853 ( 1)  0.148
  83 -   0.92774 0.02372 0.04853 ( 1)  0.148
  84 -   0.92774 0.02372 0.04853 ( 1)  0.148
  85 -   0.92774 0.02372 0.04853 ( 1)  0.148
  86 -   0.92774 0.02372 0.04853 ( 1)  0.148
  87 -   0.92774 0.02372 0.04853 ( 1)  0.148
  88 -   0.92774 0.02372 0.04853 ( 1)  0.148
  89 -   0.92774 0.02372 0.04853 ( 1)  0.148
  90 -   0.92774 0.02372 0.04853 ( 1)  0.148
  91 -   0.92774 0.02372 0.04853 ( 1)  0.148
  92 -   0.92774 0.02372 0.04853 ( 1)  0.148
  93 -   0.92774 0.02372 0.04853 ( 1)  0.148
  94 -   0.92774 0.02372 0.04853 ( 1)  0.148
  95 -   0.92774 0.02372 0.04853 ( 1)  0.148
  96 -   0.92774 0.02372 0.04853 ( 1)  0.148
  97 -   0.92774 0.02372 0.04853 ( 1)  0.148
  98 -   0.92774 0.02372 0.04853 ( 1)  0.148
  99 -   0.92774 0.02372 0.04853 ( 1)  0.148
 100 -   0.92774 0.02372 0.04853 ( 1)  0.148
 101 -   0.92774 0.02372 0.04853 ( 1)  0.148
 102 -   0.92774 0.02372 0.04853 ( 1)  0.148
 103 -   0.92774 0.02372 0.04853 ( 1)  0.148
 104 -   0.92774 0.02372 0.04853 ( 1)  0.148
 105 -   0.92774 0.02372 0.04853 ( 1)  0.148
 106 -   0.92774 0.02372 0.04853 ( 1)  0.148
 107 -   0.92774 0.02372 0.04853 ( 1)  0.148
 108 -   0.92774 0.02372 0.04853 ( 1)  0.148
 109 -   0.92774 0.02372 0.04853 ( 1)  0.148
 110 -   0.92774 0.02372 0.04853 ( 1)  0.148
 111 -   0.92774 0.02372 0.04853 ( 1)  0.148
 112 -   0.92774 0.02372 0.04853 ( 1)  0.148
 113 -   0.92774 0.02372 0.04853 ( 1)  0.148
 114 -   0.92774 0.02372 0.04853 ( 1)  0.148
 115 -   0.92774 0.02372 0.04853 ( 1)  0.148
 116 -   0.92774 0.02372 0.04853 ( 1)  0.148
 117 -   0.92774 0.02372 0.04853 ( 1)  0.148
 118 -   0.92774 0.02372 0.04853 ( 1)  0.148
 119 -   0.92774 0.02372 0.04853 ( 1)  0.148
 120 -   0.92774 0.02372 0.04853 ( 1)  0.148
 121 -   0.92774 0.02372 0.04853 ( 1)  0.148
 122 -   0.92774 0.02372 0.04853 ( 1)  0.148
 123 -   0.92774 0.02372 0.04853 ( 1)  0.148
 124 -   0.92774 0.02372 0.04853 ( 1)  0.148
 125 -   0.92774 0.02372 0.04853 ( 1)  0.148
 126 -   0.92774 0.02372 0.04853 ( 1)  0.148
 127 -   0.92774 0.02372 0.04853 ( 1)  0.148
 128 -   0.92774 0.02372 0.04853 ( 1)  0.148
 129 -   0.92774 0.02372 0.04853 ( 1)  0.148
 130 -   0.92774 0.02372 0.04853 ( 1)  0.148
 131 -   0.92774 0.02372 0.04853 ( 1)  0.148
 132 -   0.92774 0.02372 0.04853 ( 1)  0.148
 133 -   0.92774 0.02372 0.04853 ( 1)  0.148
 134 -   0.92774 0.02372 0.04853 ( 1)  0.148
 135 -   0.92774 0.02372 0.04853 ( 1)  0.148
 136 -   0.92774 0.02372 0.04853 ( 1)  0.148
 137 -   0.92774 0.02372 0.04853 ( 1)  0.148
 138 -   0.92774 0.02372 0.04853 ( 1)  0.148
 139 -   0.92774 0.02372 0.04853 ( 1)  0.148
 140 -   0.92774 0.02372 0.04853 ( 1)  0.148
 141 -   0.92774 0.02372 0.04853 ( 1)  0.148
 142 -   0.92774 0.02372 0.04853 ( 1)  0.148
 143 -   0.92774 0.02372 0.04853 ( 1)  0.148
 144 -   0.92774 0.02372 0.04853 ( 1)  0.148
 145 -   0.92774 0.02372 0.04853 ( 1)  0.148
 146 -   0.92774 0.02372 0.04853 ( 1)  0.148
 147 -   0.92774 0.02372 0.04853 ( 1)  0.148
 148 -   0.92774 0.02372 0.04853 ( 1)  0.148
 149 -   0.92774 0.02372 0.04853 ( 1)  0.148
 150 -   0.92774 0.02372 0.04853 ( 1)  0.148
 151 -   0.92774 0.02372 0.04853 ( 1)  0.148
 152 -   0.92774 0.02372 0.04853 ( 1)  0.148
 153 -   0.92774 0.02372 0.04853 ( 1)  0.148
 154 -   0.92774 0.02372 0.04853 ( 1)  0.148
 155 -   0.92774 0.02372 0.04853 ( 1)  0.148
 156 -   0.92774 0.02372 0.04853 ( 1)  0.148
 157 -   0.92774 0.02372 0.04853 ( 1)  0.148
 158 -   0.92774 0.02372 0.04853 ( 1)  0.148
 159 -   0.92774 0.02372 0.04853 ( 1)  0.148
 160 -   0.92774 0.02372 0.04853 ( 1)  0.148
 161 -   0.92774 0.02372 0.04853 ( 1)  0.148
 162 -   0.92774 0.02372 0.04853 ( 1)  0.148
 163 -   0.92774 0.02372 0.04853 ( 1)  0.148
 164 -   0.92774 0.02372 0.04853 ( 1)  0.148
 165 -   0.92774 0.02372 0.04853 ( 1)  0.148
 166 -   0.92774 0.02372 0.04853 ( 1)  0.148
 167 -   0.92774 0.02372 0.04853 ( 1)  0.148
 168 -   0.92774 0.02372 0.04853 ( 1)  0.148
 169 -   0.92774 0.02372 0.04853 ( 1)  0.148
 170 -   0.92774 0.02372 0.04853 ( 1)  0.148
 171 -   0.92774 0.02372 0.04853 ( 1)  0.148
 172 -   0.92774 0.02372 0.04853 ( 1)  0.148
 173 -   0.92774 0.02372 0.04853 ( 1)  0.148
 174 -   0.92774 0.02372 0.04853 ( 1)  0.148
 175 -   0.92774 0.02372 0.04853 ( 1)  0.148
 176 -   0.92774 0.02372 0.04853 ( 1)  0.148
 177 -   0.92774 0.02372 0.04853 ( 1)  0.148
 178 -   0.92774 0.02372 0.04853 ( 1)  0.148
 179 -   0.92774 0.02372 0.04853 ( 1)  0.148
 180 -   0.92774 0.02372 0.04853 ( 1)  0.148
 181 -   0.92774 0.02372 0.04853 ( 1)  0.148
 182 -   0.92774 0.02372 0.04853 ( 1)  0.148
 183 -   0.92774 0.02372 0.04853 ( 1)  0.148
 184 -   0.92774 0.02372 0.04853 ( 1)  0.148
 185 -   0.92774 0.02372 0.04853 ( 1)  0.148
 186 -   0.92774 0.02372 0.04853 ( 1)  0.148
 187 -   0.92774 0.02372 0.04853 ( 1)  0.148
 188 -   0.92774 0.02372 0.04853 ( 1)  0.148
 189 -   0.92774 0.02372 0.04853 ( 1)  0.148
 190 -   0.92774 0.02372 0.04853 ( 1)  0.148
 191 -   0.92774 0.02372 0.04853 ( 1)  0.148
 192 -   0.92774 0.02372 0.04853 ( 1)  0.148
 193 -   0.92774 0.02372 0.04853 ( 1)  0.148
 194 -   0.92774 0.02372 0.04853 ( 1)  0.148
 195 -   0.92774 0.02372 0.04853 ( 1)  0.148
 196 -   0.92774 0.02372 0.04853 ( 1)  0.148
 197 -   0.92774 0.02372 0.04853 ( 1)  0.148
 198 -   0.92774 0.02372 0.04853 ( 1)  0.148
 199 -   0.92774 0.02372 0.04853 ( 1)  0.148
 200 -   0.92774 0.02372 0.04853 ( 1)  0.148
 201 -   0.92774 0.02372 0.04853 ( 1)  0.148
 202 -   0.92774 0.02372 0.04853 ( 1)  0.148
 203 -   0.92774 0.02372 0.04853 ( 1)  0.148
 204 K   0.63644 0.11936 0.24419 ( 1)  0.415
 205 A   0.95073 0.01618 0.03309 ( 1)  0.126
 206 Q   0.09789 0.29619 0.60593 ( 3)  0.910
 207 S   0.94223 0.01897 0.03881 ( 1)  0.134
 208 M   0.98304 0.00557 0.01139 ( 1)  0.097
 209 D   0.97607 0.00786 0.01607 ( 1)  0.103
 210 R   0.95206 0.01574 0.03220 ( 1)  0.125
 211 A   0.96782 0.01056 0.02161 ( 1)  0.111
 212 A   0.96359 0.01195 0.02446 ( 1)  0.115
 213 V   0.97641 0.00775 0.01585 ( 1)  0.103
 214 A   0.96782 0.01056 0.02161 ( 1)  0.111
 215 R   0.97241 0.00906 0.01853 ( 1)  0.107
 216 V   0.96882 0.01024 0.02095 ( 1)  0.110
 217 G   0.96430 0.01172 0.02398 ( 1)  0.114
 218 A   0.96782 0.01056 0.02161 ( 1)  0.111
 219 V   0.98259 0.00571 0.01169 ( 1)  0.097
 220 A   0.70934 0.09543 0.19523 ( 1)  0.348
 221 S   0.96681 0.01090 0.02229 ( 1)  0.112
 222 A   0.96359 0.01195 0.02446 ( 1)  0.115
 223 S   0.96884 0.01023 0.02093 ( 1)  0.110
 224 V   0.96882 0.01024 0.02095 ( 1)  0.110
 225 C   0.95264 0.01555 0.03181 ( 1)  0.125
 226 A   0.96359 0.01195 0.02446 ( 1)  0.115
 227 L   0.61177 0.12747 0.26077 ( 1)  0.438
 228 V   0.96909 0.01015 0.02076 ( 1)  0.110
 229 A   0.96916 0.01013 0.02072 ( 1)  0.110
 230 G   0.96856 0.01032 0.02111 ( 1)  0.110
 231 V   0.96900 0.01018 0.02082 ( 1)  0.110
 232 V   0.96882 0.01024 0.02095 ( 1)  0.110
 233 L   0.95105 0.01607 0.03288 ( 1)  0.126
 234 A   0.98197 0.00592 0.01211 ( 1)  0.098
 235 Q   0.95923 0.01339 0.02738 ( 1)  0.119
 236 Y   0.96581 0.01123 0.02296 ( 1)  0.113
 237 I   0.98825 0.00386 0.00789 ( 1)  0.092
 238 F   0.96247 0.01232 0.02521 ( 1)  0.116
 239 T   0.96238 0.01235 0.02527 ( 1)  0.116
 240 L   0.95508 0.01475 0.03017 ( 1)  0.122
 241 K   0.97701 0.00755 0.01544 ( 1)  0.102
 242 R   0.96984 0.00990 0.02025 ( 1)  0.109
 243 K   0.97701 0.00755 0.01544 ( 1)  0.102
 244 T   0.96988 0.00989 0.02023 ( 1)  0.109
 245 G   0.71392 0.09393 0.19215 ( 1)  0.344
 246 R   0.95298 0.01544 0.03158 ( 1)  0.124
 247 K   0.97701 0.00755 0.01544 ( 1)  0.102
 248 T   0.96238 0.01235 0.02527 ( 1)  0.116
 249 K   0.97701 0.00755 0.01544 ( 1)  0.102
 250 I   0.96834 0.01040 0.02127 ( 1)  0.110
 251 I   0.96834 0.01040 0.02127 ( 1)  0.110
 252 E   0.97741 0.00742 0.01517 ( 1)  0.102
 253 -   0.92774 0.02372 0.04853 ( 1)  0.148
 254 -   0.92774 0.02372 0.04853 ( 1)  0.148
 255 -   0.92774 0.02372 0.04853 ( 1)  0.148
 256 -   0.92774 0.02372 0.04853 ( 1)  0.148
 257 -   0.92774 0.02372 0.04853 ( 1)  0.148
 258 -   0.92774 0.02372 0.04853 ( 1)  0.148
 259 -   0.92774 0.02372 0.04853 ( 1)  0.148
 260 -   0.92774 0.02372 0.04853 ( 1)  0.148
 261 -   0.92774 0.02372 0.04853 ( 1)  0.148
 262 -   0.92774 0.02372 0.04853 ( 1)  0.148
 263 -   0.92774 0.02372 0.04853 ( 1)  0.148
 264 -   0.92879 0.02338 0.04783 ( 1)  0.147
 265 -   0.92855 0.02346 0.04799 ( 1)  0.147
 266 -   0.92888 0.02335 0.04777 ( 1)  0.147
 267 -   0.92815 0.02359 0.04826 ( 1)  0.147
 268 -   0.92843 0.02350 0.04807 ( 1)  0.147
 269 -   0.92824 0.02356 0.04820 ( 1)  0.147
 270 -   0.92815 0.02359 0.04826 ( 1)  0.147
 271 -   0.92859 0.02344 0.04796 ( 1)  0.147
 272 -   0.92852 0.02347 0.04801 ( 1)  0.147
 273 -   0.92824 0.02356 0.04820 ( 1)  0.147
 274 -   0.92876 0.02339 0.04785 ( 1)  0.147
 275 -   0.92774 0.02372 0.04853 ( 1)  0.148
 276 -   0.92774 0.02372 0.04853 ( 1)  0.148
 277 -   0.92774 0.02372 0.04853 ( 1)  0.148
 278 -   0.92774 0.02372 0.04853 ( 1)  0.148
 279 -   0.92774 0.02372 0.04853 ( 1)  0.148
 280 -   0.92774 0.02372 0.04853 ( 1)  0.148
 281 -   0.92774 0.02372 0.04853 ( 1)  0.148
 282 -   0.92774 0.02372 0.04853 ( 1)  0.148
 283 -   0.92774 0.02372 0.04853 ( 1)  0.148
 284 -   0.92774 0.02372 0.04853 ( 1)  0.148
 285 -   0.92774 0.02372 0.04853 ( 1)  0.148
 286 -   0.92774 0.02372 0.04853 ( 1)  0.148
 287 -   0.92774 0.02372 0.04853 ( 1)  0.148
 288 -   0.92775 0.02372 0.04853 ( 1)  0.148
 289 -   0.92774 0.02372 0.04853 ( 1)  0.148
 290 -   0.92774 0.02372 0.04853 ( 1)  0.148
 291 -   0.92774 0.02372 0.04853 ( 1)  0.148
 292 -   0.92774 0.02372 0.04853 ( 1)  0.148
 293 -   0.92774 0.02372 0.04853 ( 1)  0.148
 294 -   0.92774 0.02372 0.04853 ( 1)  0.148
 295 -   0.92774 0.02372 0.04853 ( 1)  0.148
 296 -   0.92774 0.02372 0.04853 ( 1)  0.148
 297 M   0.86291 0.04501 0.09208 ( 1)  0.207
 298 -   0.92774 0.02372 0.04853 ( 1)  0.148
 299 -   0.92774 0.02372 0.04853 ( 1)  0.148
 300 -   0.92774 0.02372 0.04853 ( 1)  0.148
 301 -   0.92774 0.02372 0.04853 ( 1)  0.148
 302 -   0.92774 0.02372 0.04853 ( 1)  0.148
 303 -   0.92774 0.02372 0.04853 ( 1)  0.148
 304 -   0.92774 0.02372 0.04853 ( 1)  0.148
 305 -   0.92774 0.02372 0.04853 ( 1)  0.148
 306 -   0.92774 0.02372 0.04853 ( 1)  0.148
 307 -   0.92774 0.02372 0.04853 ( 1)  0.148
 308 -   0.92774 0.02372 0.04853 ( 1)  0.148
 309 -   0.92774 0.02372 0.04853 ( 1)  0.148
 310 -   0.92774 0.02372 0.04853 ( 1)  0.148
 311 -   0.92774 0.02372 0.04853 ( 1)  0.148
 312 -   0.92774 0.02372 0.04853 ( 1)  0.148
 313 -   0.92774 0.02372 0.04853 ( 1)  0.148
 314 -   0.92774 0.02372 0.04853 ( 1)  0.148
 315 -   0.92774 0.02372 0.04853 ( 1)  0.148
 316 -   0.92774 0.02372 0.04853 ( 1)  0.148
 317 -   0.92774 0.02372 0.04853 ( 1)  0.148
 318 -   0.92774 0.02372 0.04853 ( 1)  0.148
 319 -   0.92774 0.02372 0.04853 ( 1)  0.148
 320 M   0.99214 0.00258 0.00528 ( 1)  0.088
 321 P   0.97344 0.00872 0.01784 ( 1)  0.106
 322 E   0.99099 0.00296 0.00605 ( 1)  0.089
 323 F   0.96943 0.01004 0.02053 ( 1)  0.109
 324 Q   0.96452 0.01165 0.02383 ( 1)  0.114
 325 R   0.41276 0.19280 0.39443 ( 1)  0.621
 326 S   0.88269 0.03851 0.07879 ( 1)  0.189
 327 S   0.96819 0.01045 0.02137 ( 1)  0.110
 328 V   0.98869 0.00371 0.00759 ( 1)  0.092
 329 R   0.67323 0.10729 0.21948 ( 1)  0.381
 330 I   0.97410 0.00850 0.01740 ( 1)  0.105
 331 K   0.98261 0.00571 0.01168 ( 1)  0.097
 332 N   0.98136 0.00612 0.01252 ( 1)  0.098
 333 P   0.75919 0.07906 0.16174 ( 1)  0.302
 334 T   0.98388 0.00529 0.01083 ( 1)  0.096
 335 R   0.29419 0.23174 0.47408 ( 3)  0.730
 336 V   0.98704 0.00425 0.00870 ( 1)  0.093
 337 E   0.99151 0.00279 0.00570 ( 1)  0.089
 338 E   0.99151 0.00279 0.00570 ( 1)  0.089
 339 I   0.89146 0.03564 0.07291 ( 1)  0.181
 340 I   0.97410 0.00850 0.01740 ( 1)  0.105
 341 C   0.97559 0.00802 0.01640 ( 1)  0.104
 342 G   0.98863 0.00373 0.00764 ( 1)  0.092
 343 L   0.98029 0.00647 0.01324 ( 1)  0.099
 344 I   0.97588 0.00792 0.01620 ( 1)  0.103
 345 K   0.99147 0.00280 0.00573 ( 1)  0.089
 346 G   0.98747 0.00411 0.00841 ( 1)  0.093
 347 G   0.98713 0.00423 0.00865 ( 1)  0.093
 348 A   0.98724 0.00419 0.00857 ( 1)  0.093
 349 A   0.96995 0.00987 0.02019 ( 1)  0.109
 350 K   0.99147 0.00280 0.00573 ( 1)  0.089
 351 L   0.98072 0.00633 0.01295 ( 1)  0.099
 352 Q   0.96452 0.01165 0.02383 ( 1)  0.114
 353 I   0.43906 0.18417 0.37677 ( 1)  0.597
 354 -   0.92774 0.02372 0.04853 ( 1)  0.148
 355 -   0.92774 0.02372 0.04853 ( 1)  0.148
 356 -   0.92774 0.02372 0.04853 ( 1)  0.148
 357 -   0.92774 0.02372 0.04853 ( 1)  0.148
 358 -   0.92774 0.02372 0.04853 ( 1)  0.148
 359 -   0.92774 0.02372 0.04853 ( 1)  0.148
 360 -   0.92774 0.02372 0.04853 ( 1)  0.148
 361 -   0.92774 0.02372 0.04853 ( 1)  0.148
 362 -   0.92774 0.02372 0.04853 ( 1)  0.148
 363 -   0.92774 0.02372 0.04853 ( 1)  0.148
 364 -   0.92774 0.02372 0.04853 ( 1)  0.148
 365 -   0.92774 0.02372 0.04853 ( 1)  0.148
 366 -   0.92774 0.02372 0.04853 ( 1)  0.148
 367 I   0.99217 0.00257 0.00526 ( 1)  0.088
 368 T   0.98055 0.00638 0.01306 ( 1)  0.099
 369 D   0.98132 0.00613 0.01255 ( 1)  0.098
 370 F   0.98371 0.00535 0.01094 ( 1)  0.096
 371 D   0.99304 0.00229 0.00468 ( 1)  0.088
 372 M   0.99186 0.00267 0.00547 ( 1)  0.089
 373 T   0.98562 0.00472 0.00966 ( 1)  0.094
 374 L   0.96278 0.01222 0.02500 ( 1)  0.115
 375 S   0.98886 0.00366 0.00748 ( 1)  0.091
 376 R   0.98651 0.00443 0.00906 ( 1)  0.094
 377 F   0.98371 0.00535 0.01094 ( 1)  0.096
 378 S   0.96264 0.01227 0.02509 ( 1)  0.116
 379 Y   0.14882 0.27946 0.57172 ( 3)  0.863
 380 R   0.90009 0.03280 0.06711 ( 1)  0.173
 381 G   0.97321 0.00880 0.01799 ( 1)  0.106
 382 K   0.99117 0.00290 0.00593 ( 1)  0.089
 383 R   0.98669 0.00437 0.00894 ( 1)  0.093
 384 C   0.95690 0.01415 0.02895 ( 1)  0.121
 385 P   0.97302 0.00886 0.01812 ( 1)  0.106
 386 T   0.98386 0.00530 0.01084 ( 1)  0.096
 387 C   0.97517 0.00815 0.01668 ( 1)  0.104
 388 H   0.98486 0.00497 0.01017 ( 1)  0.095
 389 N   0.99301 0.00229 0.00469 ( 1)  0.088
 390 -   0.92774 0.02372 0.04853 ( 1)  0.148
 391 -   0.92774 0.02372 0.04853 ( 1)  0.148
 392 -   0.92774 0.02372 0.04853 ( 1)  0.148
 393 -   0.92774 0.02372 0.04853 ( 1)  0.148
 394 -   0.92774 0.02372 0.04853 ( 1)  0.148
 395 -   0.92774 0.02372 0.04853 ( 1)  0.148
 396 -   0.92774 0.02372 0.04853 ( 1)  0.148
 397 -   0.92774 0.02372 0.04853 ( 1)  0.148
 398 -   0.92774 0.02372 0.04853 ( 1)  0.148
 399 -   0.92774 0.02372 0.04853 ( 1)  0.148
 400 -   0.92774 0.02372 0.04853 ( 1)  0.148
 401 -   0.92774 0.02372 0.04853 ( 1)  0.148
 402 -   0.92774 0.02372 0.04853 ( 1)  0.148
 403 -   0.92774 0.02372 0.04853 ( 1)  0.148
 404 -   0.92774 0.02372 0.04853 ( 1)  0.148
 405 -   0.92774 0.02372 0.04853 ( 1)  0.148
 406 -   0.92774 0.02372 0.04853 ( 1)  0.148
 407 -   0.92774 0.02372 0.04853 ( 1)  0.148
 408 -   0.92774 0.02372 0.04853 ( 1)  0.148
 409 -   0.92774 0.02372 0.04853 ( 1)  0.148
 410 -   0.92774 0.02372 0.04853 ( 1)  0.148
 411 -   0.92774 0.02372 0.04853 ( 1)  0.148
 412 -   0.92774 0.02372 0.04853 ( 1)  0.148
 413 -   0.92774 0.02372 0.04853 ( 1)  0.148
 414 -   0.92774 0.02372 0.04853 ( 1)  0.148
 415 -   0.92774 0.02372 0.04853 ( 1)  0.148
 416 -   0.92774 0.02372 0.04853 ( 1)  0.148
 417 -   0.92774 0.02372 0.04853 ( 1)  0.148
 418 -   0.92774 0.02372 0.04853 ( 1)  0.148
 419 -   0.92774 0.02372 0.04853 ( 1)  0.148
 420 -   0.92774 0.02372 0.04853 ( 1)  0.148
 421 -   0.92774 0.02372 0.04853 ( 1)  0.148
 422 -   0.92774 0.02372 0.04853 ( 1)  0.148
 423 -   0.92774 0.02372 0.04853 ( 1)  0.148
 424 -   0.92774 0.02372 0.04853 ( 1)  0.148
 425 -   0.92774 0.02372 0.04853 ( 1)  0.148
 426 -   0.92774 0.02372 0.04853 ( 1)  0.148
 427 -   0.92774 0.02372 0.04853 ( 1)  0.148
 428 -   0.92774 0.02372 0.04853 ( 1)  0.148
 429 -   0.92774 0.02372 0.04853 ( 1)  0.148
 430 -   0.92774 0.02372 0.04853 ( 1)  0.148
 431 -   0.92774 0.02372 0.04853 ( 1)  0.148
 432 -   0.92774 0.02372 0.04853 ( 1)  0.148
 433 -   0.92774 0.02372 0.04853 ( 1)  0.148
 434 -   0.92774 0.02372 0.04853 ( 1)  0.148
 435 -   0.92774 0.02372 0.04853 ( 1)  0.148
 436 -   0.92774 0.02372 0.04853 ( 1)  0.148
 437 -   0.92774 0.02372 0.04853 ( 1)  0.148
 438 -   0.92774 0.02372 0.04853 ( 1)  0.148
 439 -   0.92774 0.02372 0.04853 ( 1)  0.148
 440 -   0.92774 0.02372 0.04853 ( 1)  0.148
 441 -   0.92774 0.02372 0.04853 ( 1)  0.148
 442 -   0.92774 0.02372 0.04853 ( 1)  0.148
 443 -   0.92774 0.02372 0.04853 ( 1)  0.148
 444 -   0.92774 0.02372 0.04853 ( 1)  0.148
 445 -   0.92774 0.02372 0.04853 ( 1)  0.148
 446 -   0.92774 0.02372 0.04853 ( 1)  0.148
 447 -   0.92774 0.02372 0.04853 ( 1)  0.148
 448 -   0.92774 0.02372 0.04853 ( 1)  0.148
 449 -   0.92774 0.02372 0.04853 ( 1)  0.148
 450 -   0.92774 0.02372 0.04853 ( 1)  0.148
 451 -   0.92774 0.02372 0.04853 ( 1)  0.148
 452 -   0.92774 0.02372 0.04853 ( 1)  0.148
 453 -   0.92774 0.02372 0.04853 ( 1)  0.148
 454 -   0.92774 0.02372 0.04853 ( 1)  0.148
 455 -   0.92774 0.02372 0.04853 ( 1)  0.148
 456 -   0.92774 0.02372 0.04853 ( 1)  0.148
 457 -   0.92774 0.02372 0.04853 ( 1)  0.148
 458 -   0.92774 0.02372 0.04853 ( 1)  0.148
 459 -   0.92774 0.02372 0.04853 ( 1)  0.148
 460 -   0.92774 0.02372 0.04853 ( 1)  0.148
 461 -   0.92774 0.02372 0.04853 ( 1)  0.148
 462 -   0.92774 0.02372 0.04853 ( 1)  0.148
 463 -   0.92774 0.02372 0.04853 ( 1)  0.148
 464 -   0.92774 0.02372 0.04853 ( 1)  0.148
 465 -   0.92774 0.02372 0.04853 ( 1)  0.148
 466 -   0.92774 0.02372 0.04853 ( 1)  0.148
 467 -   0.92774 0.02372 0.04853 ( 1)  0.148
 468 -   0.92774 0.02372 0.04853 ( 1)  0.148
 469 -   0.92774 0.02372 0.04853 ( 1)  0.148
 470 -   0.92774 0.02372 0.04853 ( 1)  0.148
 471 -   0.92774 0.02372 0.04853 ( 1)  0.148
 472 -   0.92774 0.02372 0.04853 ( 1)  0.148
 473 -   0.92774 0.02372 0.04853 ( 1)  0.148
 474 -   0.92774 0.02372 0.04853 ( 1)  0.148
 475 -   0.92774 0.02372 0.04853 ( 1)  0.148
 476 -   0.92774 0.02372 0.04853 ( 1)  0.148
 477 -   0.92774 0.02372 0.04853 ( 1)  0.148
 478 -   0.92774 0.02372 0.04853 ( 1)  0.148
 479 -   0.92774 0.02372 0.04853 ( 1)  0.148
 480 -   0.92774 0.02372 0.04853 ( 1)  0.148
 481 -   0.92774 0.02372 0.04853 ( 1)  0.148
 482 -   0.92774 0.02372 0.04853 ( 1)  0.148
 483 -   0.92774 0.02372 0.04853 ( 1)  0.148
 484 -   0.92774 0.02372 0.04853 ( 1)  0.148
 485 -   0.92774 0.02372 0.04853 ( 1)  0.148
 486 -   0.92774 0.02372 0.04853 ( 1)  0.148
 487 -   0.92774 0.02372 0.04853 ( 1)  0.148
 488 -   0.92774 0.02372 0.04853 ( 1)  0.148
 489 -   0.92774 0.02372 0.04853 ( 1)  0.148
 490 -   0.92774 0.02372 0.04853 ( 1)  0.148
 491 -   0.92774 0.02372 0.04853 ( 1)  0.148
 492 -   0.92774 0.02372 0.04853 ( 1)  0.148
 493 -   0.92774 0.02372 0.04853 ( 1)  0.148
 494 -   0.92774 0.02372 0.04853 ( 1)  0.148
 495 -   0.92774 0.02372 0.04853 ( 1)  0.148
 496 -   0.92774 0.02372 0.04853 ( 1)  0.148
 497 -   0.92774 0.02372 0.04853 ( 1)  0.148
 498 -   0.92774 0.02372 0.04853 ( 1)  0.148
 499 I   0.00148 0.32784 0.67068 ( 3)  0.999
 500 I   0.98997 0.00329 0.00674 ( 1)  0.090
 501 D   0.98132 0.00613 0.01255 ( 1)  0.098
 502 N   0.98084 0.00629 0.01287 ( 1)  0.099
 503 C   0.97517 0.00815 0.01668 ( 1)  0.104
 504 K   0.82911 0.05611 0.11478 ( 1)  0.238
 505 L   0.95511 0.01474 0.03015 ( 1)  0.122
 506 V   0.98835 0.00382 0.00782 ( 1)  0.092
 507 T   0.98560 0.00473 0.00967 ( 1)  0.094
 508 D   0.99304 0.00229 0.00468 ( 1)  0.088
 509 E   0.99121 0.00289 0.00591 ( 1)  0.089
 510 C   0.97436 0.00842 0.01722 ( 1)  0.105
 511 R   0.97657 0.00769 0.01574 ( 1)  0.103
 512 K   0.89798 0.03350 0.06852 ( 1)  0.175
 513 K   0.98222 0.00584 0.01194 ( 1)  0.098
 514 L   0.96738 0.01071 0.02191 ( 1)  0.111
 515 L   0.14320 0.28131 0.57549 ( 3)  0.868
 516 Q   0.75283 0.08115 0.16602 ( 1)  0.308
 517 L   0.96769 0.01061 0.02170 ( 1)  0.111
 518 K   0.98222 0.00584 0.01194 ( 1)  0.098
 519 E   0.90182 0.03224 0.06595 ( 1)  0.171
 520 K   0.98918 0.00355 0.00726 ( 1)  0.091
 521 Y   0.98165 0.00602 0.01232 ( 1)  0.098
 522 Y   0.96652 0.01099 0.02248 ( 1)  0.112
 523 A   0.98746 0.00412 0.00842 ( 1)  0.093
 524 I   0.98997 0.00329 0.00674 ( 1)  0.090
 525 E   0.99121 0.00289 0.00591 ( 1)  0.089
 526 V   0.87268 0.04180 0.08552 ( 1)  0.198
 527 D   0.99304 0.00229 0.00468 ( 1)  0.088
 528 P   0.97418 0.00848 0.01734 ( 1)  0.105
 529 V   0.32554 0.22144 0.45302 ( 3)  0.701
 530 L   0.98031 0.00647 0.01323 ( 1)  0.099
 531 T   0.83291 0.05486 0.11223 ( 1)  0.235
 532 V   0.98735 0.00415 0.00850 ( 1)  0.093
 533 E   0.99121 0.00289 0.00591 ( 1)  0.089
 534 E   0.80913 0.06267 0.12820 ( 1)  0.257
 535 K   0.98235 0.00580 0.01186 ( 1)  0.097
 536 Y   0.96453 0.01165 0.02382 ( 1)  0.114
 537 P   0.97421 0.00847 0.01732 ( 1)  0.105
 538 Y   0.80291 0.06471 0.13238 ( 1)  0.262
 539 M   0.99214 0.00258 0.00528 ( 1)  0.088
 540 -   0.92774 0.02372 0.04853 ( 1)  0.148
 541 -   0.92774 0.02372 0.04853 ( 1)  0.148
 542 -   0.92774 0.02372 0.04853 ( 1)  0.148
 543 -   0.92774 0.02372 0.04853 ( 1)  0.148
 544 V   0.98164 0.00603 0.01233 ( 1)  0.098
 545 E   0.08812 0.29939 0.61249 ( 3)  0.919
 546 W   0.95010 0.01638 0.03352 ( 1)  0.127
 547 -   0.92774 0.02372 0.04853 ( 1)  0.148
 548 -   0.92774 0.02372 0.04853 ( 1)  0.148
 549 -   0.92774 0.02372 0.04853 ( 1)  0.148
 550 -   0.92774 0.02372 0.04853 ( 1)  0.148
 551 -   0.92774 0.02372 0.04853 ( 1)  0.148
 552 -   0.92774 0.02372 0.04853 ( 1)  0.148
 553 -   0.92774 0.02372 0.04853 ( 1)  0.148
 554 -   0.92774 0.02372 0.04853 ( 1)  0.148
 555 Y   0.98168 0.00602 0.01231 ( 1)  0.098
 556 T   0.85481 0.04767 0.09752 ( 1)  0.215
 557 K   0.99147 0.00280 0.00573 ( 1)  0.089
 558 S   0.96819 0.01045 0.02137 ( 1)  0.110
 559 H   0.98593 0.00462 0.00945 ( 1)  0.094
 560 G   0.86836 0.04322 0.08842 ( 1)  0.202
 561 L   0.95996 0.01315 0.02689 ( 1)  0.118
 562 L   0.98072 0.00633 0.01295 ( 1)  0.099
 563 V   0.98870 0.00371 0.00759 ( 1)  0.092
 564 E   0.88123 0.03900 0.07978 ( 1)  0.190
 565 Q   0.97522 0.00814 0.01665 ( 1)  0.104
 566 A   0.86187 0.04535 0.09278 ( 1)  0.208
 567 L   0.96848 0.01035 0.02117 ( 1)  0.110
 568 P   0.97345 0.00872 0.01784 ( 1)  0.106
 569 K   0.99147 0.00280 0.00573 ( 1)  0.089
 570 A   0.30919 0.22681 0.46400 ( 3)  0.716
 571 K   0.99124 0.00287 0.00588 ( 1)  0.089
 572 L   0.98072 0.00633 0.01295 ( 1)  0.099
 573 K   0.99147 0.00280 0.00573 ( 1)  0.089
 574 E   0.99151 0.00279 0.00570 ( 1)  0.089
 575 I   0.99029 0.00319 0.00652 ( 1)  0.090
 576 V   0.97458 0.00835 0.01707 ( 1)  0.105
 577 A   0.98708 0.00424 0.00868 ( 1)  0.093
 578 E   0.99151 0.00279 0.00570 ( 1)  0.089
 579 S   0.97484 0.00826 0.01690 ( 1)  0.104
 580 D   0.98820 0.00387 0.00792 ( 1)  0.092
 581 V   0.98870 0.00371 0.00759 ( 1)  0.092
 582 M   0.99214 0.00258 0.00528 ( 1)  0.088
 583 L   0.96127 0.01272 0.02601 ( 1)  0.117
 584 K   0.84568 0.05067 0.10365 ( 1)  0.223
 585 E   0.99151 0.00279 0.00570 ( 1)  0.089
 586 G   0.84922 0.04950 0.10127 ( 1)  0.220
 587 Y   0.98245 0.00576 0.01179 ( 1)  0.097
 588 E   0.98351 0.00542 0.01108 ( 1)  0.096
 589 N   0.49101 0.16711 0.34187 ( 1)  0.549
 590 F   0.96909 0.01015 0.02076 ( 1)  0.110
 591 F   0.98008 0.00654 0.01338 ( 1)  0.100
 592 D   0.99127 0.00287 0.00586 ( 1)  0.089
 593 K   0.97961 0.00670 0.01370 ( 1)  0.100
 594 L   0.95848 0.01363 0.02789 ( 1)  0.119
 595 Q   0.97118 0.00946 0.01936 ( 1)  0.108
 596 Q   0.73787 0.08606 0.17607 ( 1)  0.322
 597 H   0.75828 0.07936 0.16236 ( 1)  0.303
 598 S   0.85650 0.04712 0.09639 ( 1)  0.213
 599 I   0.76605 0.07681 0.15714 ( 1)  0.296
 600 P   0.95699 0.01412 0.02889 ( 1)  0.121
 601 V   0.71867 0.09237 0.18896 ( 1)  0.340
 602 F   0.96494 0.01151 0.02355 ( 1)  0.113
 603 I   0.99029 0.00319 0.00652 ( 1)  0.090
 604 F   0.98008 0.00654 0.01338 ( 1)  0.100
 605 S   0.95761 0.01392 0.02847 ( 1)  0.120
 606 A   0.98545 0.00478 0.00977 ( 1)  0.095
 607 G   0.98358 0.00539 0.01103 ( 1)  0.096
 608 I   0.97398 0.00854 0.01748 ( 1)  0.105
 609 G   0.98334 0.00547 0.01119 ( 1)  0.097
 610 D   0.98851 0.00377 0.00772 ( 1)  0.092
 611 V   0.98466 0.00504 0.01030 ( 1)  0.095
 612 L   0.96529 0.01139 0.02331 ( 1)  0.113
 613 E   0.98122 0.00616 0.01261 ( 1)  0.098
 614 E   0.98050 0.00640 0.01310 ( 1)  0.099
 615 V   0.85398 0.04794 0.09808 ( 1)  0.215
 616 I   0.97603 0.00787 0.01610 ( 1)  0.103
 617 R   0.73702 0.08634 0.17664 ( 1)  0.323
 618 Q   0.97169 0.00929 0.01901 ( 1)  0.107
 619 A   0.98545 0.00478 0.00977 ( 1)  0.095
 620 G   0.98570 0.00470 0.00961 ( 1)  0.094
 621 V   0.98568 0.00470 0.00962 ( 1)  0.094
 622 Y   0.97944 0.00675 0.01381 ( 1)  0.100
 623 H   0.81983 0.05916 0.12102 ( 1)  0.247
 624 P   0.96879 0.01025 0.02097 ( 1)  0.110
 625 N   0.99124 0.00288 0.00588 ( 1)  0.089
 626 V   0.96979 0.00992 0.02029 ( 1)  0.109
 627 K   0.98917 0.00356 0.00727 ( 1)  0.091
 628 V   0.98457 0.00507 0.01036 ( 1)  0.095
 629 V   0.97218 0.00913 0.01869 ( 1)  0.107
 630 S   0.95352 0.01526 0.03122 ( 1)  0.124
 631 N   0.98596 0.00461 0.00943 ( 1)  0.094
 632 F   0.97380 0.00860 0.01760 ( 1)  0.105
 633 M   0.98992 0.00331 0.00677 ( 1)  0.090
 634 D   0.99127 0.00287 0.00586 ( 1)  0.089
 635 F   0.97947 0.00674 0.01379 ( 1)  0.100
 636 D   0.99127 0.00287 0.00586 ( 1)  0.089
 637 E   0.98922 0.00354 0.00724 ( 1)  0.091
 638 T   0.86529 0.04423 0.09048 ( 1)  0.205
 639 G   0.97272 0.00896 0.01832 ( 1)  0.106
 640 V   0.19852 0.26315 0.53834 ( 3)  0.818
 641 L   0.64791 0.11560 0.23649 ( 1)  0.405
 642 K   0.88078 0.03914 0.08008 ( 1)  0.191
 643 G   0.98438 0.00513 0.01049 ( 1)  0.096
 644 F   0.98115 0.00619 0.01266 ( 1)  0.099
 645 K   0.98917 0.00356 0.00727 ( 1)  0.091
 646 G   0.98438 0.00513 0.01049 ( 1)  0.096
 647 E   0.98922 0.00354 0.00724 ( 1)  0.091
 648 L   0.96534 0.01138 0.02328 ( 1)  0.113
 649 I   0.98785 0.00399 0.00816 ( 1)  0.092
 650 H   0.98309 0.00555 0.01136 ( 1)  0.097
 651 V   0.98502 0.00492 0.01006 ( 1)  0.095
 652 F   0.98115 0.00619 0.01266 ( 1)  0.099
 653 N   0.97818 0.00716 0.01466 ( 1)  0.101
 654 K   0.98899 0.00361 0.00740 ( 1)  0.091
 655 H   0.98309 0.00555 0.01136 ( 1)  0.097
 656 D   0.99127 0.00287 0.00586 ( 1)  0.089
 657 G   0.98613 0.00455 0.00932 ( 1)  0.094
 658 A   0.96609 0.01113 0.02278 ( 1)  0.112
 659 L   0.95723 0.01404 0.02873 ( 1)  0.120
 660 R   0.12995 0.28566 0.58439 ( 3)  0.881
 661 N   0.99124 0.00288 0.00588 ( 1)  0.089
 662 T   0.98315 0.00553 0.01132 ( 1)  0.097
 663 E   0.74322 0.08431 0.17247 ( 1)  0.317
 664 Y   0.97828 0.00713 0.01459 ( 1)  0.101
 665 F   0.97008 0.00982 0.02010 ( 1)  0.109
 666 N   0.99124 0.00288 0.00588 ( 1)  0.089
 667 Q   0.97206 0.00917 0.01877 ( 1)  0.107
 668 L   0.96474 0.01158 0.02368 ( 1)  0.114
 669 K   0.98917 0.00356 0.00727 ( 1)  0.091
 670 D   0.97997 0.00658 0.01345 ( 1)  0.100
 671 N   0.99039 0.00316 0.00646 ( 1)  0.090
 672 S   0.97923 0.00682 0.01395 ( 1)  0.100
 673 N   0.97818 0.00716 0.01466 ( 1)  0.101
 674 I   0.99029 0.00319 0.00652 ( 1)  0.090
 675 I   0.98785 0.00399 0.00816 ( 1)  0.092
 676 L   0.96678 0.01091 0.02232 ( 1)  0.112
 677 L   0.95297 0.01544 0.03159 ( 1)  0.124
 678 G   0.98438 0.00513 0.01049 ( 1)  0.096
 679 D   0.98150 0.00607 0.01242 ( 1)  0.098
 680 S   0.95759 0.01392 0.02848 ( 1)  0.120
 681 Q   0.97206 0.00917 0.01877 ( 1)  0.107
 682 G   0.98438 0.00513 0.01049 ( 1)  0.096
 683 D   0.97868 0.00700 0.01432 ( 1)  0.101
 684 L   0.96552 0.01132 0.02316 ( 1)  0.113
 685 R   0.98429 0.00516 0.01055 ( 1)  0.096
 686 M   0.98992 0.00331 0.00677 ( 1)  0.090
 687 A   0.98328 0.00549 0.01123 ( 1)  0.097
 688 D   0.99127 0.00287 0.00586 ( 1)  0.089
 689 G   0.98374 0.00534 0.01092 ( 1)  0.096
 690 V   0.98066 0.00635 0.01299 ( 1)  0.099
 691 A   0.96609 0.01113 0.02278 ( 1)  0.112
 692 N   0.99124 0.00288 0.00588 ( 1)  0.089
 693 V   0.98610 0.00456 0.00934 ( 1)  0.094
 694 E   0.98524 0.00485 0.00992 ( 1)  0.095
 695 H   0.96708 0.01081 0.02211 ( 1)  0.111
 696 I   0.98785 0.00399 0.00816 ( 1)  0.092
 697 L   0.95352 0.01526 0.03122 ( 1)  0.124
 698 K   0.98917 0.00356 0.00727 ( 1)  0.091
 699 I   0.98691 0.00430 0.00879 ( 1)  0.093
 700 G   0.98438 0.00513 0.01049 ( 1)  0.096
 701 Y   0.97925 0.00681 0.01394 ( 1)  0.100
 702 L   0.96497 0.01150 0.02353 ( 1)  0.113
 703 N   0.99124 0.00288 0.00588 ( 1)  0.089
 704 D   0.99127 0.00287 0.00586 ( 1)  0.089
 705 R   0.98347 0.00543 0.01110 ( 1)  0.096
 706 V   0.97143 0.00938 0.01919 ( 1)  0.107
 707 D   0.99052 0.00311 0.00637 ( 1)  0.090
 708 E   0.97999 0.00657 0.01344 ( 1)  0.100
 709 L   0.97764 0.00734 0.01502 ( 1)  0.102
 710 L   0.96552 0.01132 0.02316 ( 1)  0.113
 711 E   0.98922 0.00354 0.00724 ( 1)  0.091
 712 K   0.97961 0.00670 0.01370 ( 1)  0.100
 713 Y   0.96260 0.01228 0.02512 ( 1)  0.116
 714 M   0.98992 0.00331 0.00677 ( 1)  0.090
 715 D   0.78725 0.06985 0.14290 ( 1)  0.277
 716 S   0.97167 0.00930 0.01903 ( 1)  0.107
 717 Y   0.97727 0.00746 0.01526 ( 1)  0.102
 718 D   0.99127 0.00287 0.00586 ( 1)  0.089
 719 I   0.98785 0.00399 0.00816 ( 1)  0.092
 720 V   0.98610 0.00456 0.00934 ( 1)  0.094
 721 L   0.96517 0.01144 0.02339 ( 1)  0.113
 722 V   0.98436 0.00514 0.01051 ( 1)  0.096
 723 Q   0.97206 0.00917 0.01877 ( 1)  0.107
 724 D   0.99127 0.00287 0.00586 ( 1)  0.089
 725 E   0.98922 0.00354 0.00724 ( 1)  0.091
 726 S   0.96555 0.01131 0.02314 ( 1)  0.113
 727 L   0.95890 0.01349 0.02760 ( 1)  0.119
 728 E   0.98519 0.00486 0.00995 ( 1)  0.095
 729 V   0.83554 0.05399 0.11046 ( 1)  0.232
 730 A   0.70017 0.09844 0.20139 ( 1)  0.357
 731 N   0.97818 0.00716 0.01466 ( 1)  0.101
 732 S   0.97141 0.00939 0.01921 ( 1)  0.107
 733 I   0.98785 0.00399 0.00816 ( 1)  0.092
 734 L   0.96552 0.01132 0.02316 ( 1)  0.113
 735 Q   0.96158 0.01262 0.02581 ( 1)  0.117
 736 K   0.97961 0.00670 0.01370 ( 1)  0.100
 737 I   0.98785 0.00399 0.00816 ( 1)  0.092
 738 L   0.96901 0.01017 0.02081 ( 1)  0.110

Positively selected sites

	Prob(w>1)  mean w



lnL = -4483.427917

Bayes Empirical Bayes (BEB) probabilities for 3 classes (class) & postmean_w
(amino acids refer to 1st sequence: aotNan_NT5C3A_XM_012461316)

   1 -   0.90468 0.05607 0.03925 ( 1)  0.167 +-  0.374
   2 -   0.90468 0.05607 0.03925 ( 1)  0.167 +-  0.374
   3 -   0.90468 0.05607 0.03925 ( 1)  0.167 +-  0.374
   4 -   0.90467 0.05607 0.03926 ( 1)  0.167 +-  0.374
   5 -   0.90467 0.05607 0.03926 ( 1)  0.167 +-  0.374
   6 -   0.90468 0.05607 0.03925 ( 1)  0.167 +-  0.374
   7 -   0.90468 0.05607 0.03925 ( 1)  0.167 +-  0.374
   8 -   0.90467 0.05607 0.03926 ( 1)  0.167 +-  0.374
   9 -   0.90468 0.05607 0.03925 ( 1)  0.167 +-  0.374
  10 -   0.90468 0.05607 0.03925 ( 1)  0.167 +-  0.374
  11 -   0.90468 0.05607 0.03925 ( 1)  0.167 +-  0.374
  12 -   0.90468 0.05607 0.03925 ( 1)  0.167 +-  0.374
  13 -   0.90467 0.05607 0.03926 ( 1)  0.167 +-  0.374
  14 -   0.90468 0.05607 0.03925 ( 1)  0.167 +-  0.374
  15 -   0.90468 0.05607 0.03925 ( 1)  0.167 +-  0.374
  16 -   0.90468 0.05607 0.03925 ( 1)  0.167 +-  0.374
  17 -   0.90468 0.05607 0.03925 ( 1)  0.167 +-  0.374
  18 -   0.90468 0.05607 0.03925 ( 1)  0.167 +-  0.374
  19 -   0.90468 0.05607 0.03925 ( 1)  0.167 +-  0.374
  20 -   0.90468 0.05607 0.03925 ( 1)  0.167 +-  0.374
  21 -   0.90468 0.05607 0.03925 ( 1)  0.167 +-  0.374
  22 -   0.90468 0.05607 0.03925 ( 1)  0.167 +-  0.374
  23 -   0.90467 0.05607 0.03926 ( 1)  0.167 +-  0.374
  24 -   0.90468 0.05607 0.03925 ( 1)  0.167 +-  0.374
  25 -   0.90467 0.05607 0.03926 ( 1)  0.167 +-  0.374
  26 -   0.90468 0.05607 0.03925 ( 1)  0.167 +-  0.374
  27 -   0.90468 0.05607 0.03925 ( 1)  0.167 +-  0.374
  28 -   0.90468 0.05607 0.03925 ( 1)  0.167 +-  0.374
  29 -   0.90468 0.05607 0.03925 ( 1)  0.167 +-  0.374
  30 -   0.90468 0.05607 0.03925 ( 1)  0.167 +-  0.374
  31 -   0.90467 0.05607 0.03926 ( 1)  0.167 +-  0.374
  32 -   0.90468 0.05607 0.03925 ( 1)  0.167 +-  0.374
  33 -   0.90467 0.05607 0.03925 ( 1)  0.167 +-  0.374
  34 -   0.90467 0.05607 0.03926 ( 1)  0.167 +-  0.374
  35 -   0.90468 0.05607 0.03925 ( 1)  0.167 +-  0.374
  36 -   0.90468 0.05607 0.03925 ( 1)  0.167 +-  0.374
  37 -   0.90468 0.05607 0.03925 ( 1)  0.167 +-  0.374
  38 -   0.90467 0.05607 0.03926 ( 1)  0.167 +-  0.374
  39 -   0.90468 0.05607 0.03925 ( 1)  0.167 +-  0.374
  40 -   0.90468 0.05607 0.03925 ( 1)  0.167 +-  0.374
  41 -   0.90468 0.05607 0.03925 ( 1)  0.167 +-  0.374
  42 -   0.90468 0.05607 0.03925 ( 1)  0.167 +-  0.374
  43 -   0.90468 0.05607 0.03925 ( 1)  0.167 +-  0.374
  44 -   0.90467 0.05607 0.03926 ( 1)  0.167 +-  0.374
  45 -   0.90468 0.05607 0.03925 ( 1)  0.167 +-  0.374
  46 -   0.90468 0.05607 0.03925 ( 1)  0.167 +-  0.374
  47 -   0.90468 0.05607 0.03925 ( 1)  0.167 +-  0.374
  48 -   0.90468 0.05607 0.03925 ( 1)  0.167 +-  0.374
  49 -   0.90468 0.05607 0.03925 ( 1)  0.167 +-  0.374
  50 -   0.90468 0.05607 0.03925 ( 1)  0.167 +-  0.374
  51 -   0.90468 0.05607 0.03925 ( 1)  0.167 +-  0.374
  52 -   0.90468 0.05607 0.03925 ( 1)  0.167 +-  0.374
  53 -   0.90468 0.05607 0.03925 ( 1)  0.167 +-  0.374
  54 -   0.90468 0.05607 0.03925 ( 1)  0.167 +-  0.374
  55 -   0.90468 0.05607 0.03925 ( 1)  0.167 +-  0.374
  56 -   0.90468 0.05607 0.03925 ( 1)  0.167 +-  0.374
  57 -   0.90468 0.05607 0.03925 ( 1)  0.167 +-  0.374
  58 -   0.90468 0.05607 0.03925 ( 1)  0.167 +-  0.374
  59 -   0.90468 0.05607 0.03925 ( 1)  0.167 +-  0.374
  60 -   0.90468 0.05607 0.03925 ( 1)  0.167 +-  0.374
  61 -   0.90468 0.05607 0.03925 ( 1)  0.167 +-  0.374
  62 -   0.90468 0.05607 0.03925 ( 1)  0.167 +-  0.374
  63 -   0.98565 0.01131 0.00304 ( 1)  0.069 +-  0.129
  64 -   0.97835 0.01631 0.00533 ( 1)  0.077 +-  0.161
  65 -   0.98725 0.01011 0.00264 ( 1)  0.067 +-  0.122
  66 -   0.54357 0.26375 0.19267 ( 1)  0.594 +-  0.628
  67 -   0.97271 0.01995 0.00734 ( 1)  0.083 +-  0.183
  68 -   0.96073 0.02734 0.01194 ( 1)  0.097 +-  0.222
  69 -   0.97865 0.01610 0.00524 ( 1)  0.076 +-  0.160
  70 -   0.97904 0.01576 0.00519 ( 1)  0.076 +-  0.159
  71 -   0.66127 0.21605 0.12268 ( 1)  0.440 +-  0.564
  72 -   0.57693 0.25137 0.17170 ( 1)  0.549 +-  0.612
  73 -   0.98169 0.01397 0.00433 ( 1)  0.073 +-  0.148
  74 M   0.74068 0.18488 0.07444 ( 1)  0.338 +-  0.495
  75 -   0.90467 0.05607 0.03926 ( 1)  0.167 +-  0.374
  76 -   0.90467 0.05607 0.03926 ( 1)  0.167 +-  0.374
  77 -   0.90467 0.05607 0.03926 ( 1)  0.167 +-  0.374
  78 -   0.90467 0.05607 0.03926 ( 1)  0.167 +-  0.374
  79 -   0.90467 0.05607 0.03926 ( 1)  0.167 +-  0.374
  80 -   0.90467 0.05607 0.03926 ( 1)  0.167 +-  0.374
  81 -   0.90467 0.05607 0.03926 ( 1)  0.167 +-  0.374
  82 -   0.90467 0.05607 0.03926 ( 1)  0.167 +-  0.374
  83 -   0.90467 0.05607 0.03926 ( 1)  0.167 +-  0.374
  84 -   0.90467 0.05607 0.03926 ( 1)  0.167 +-  0.374
  85 -   0.90467 0.05607 0.03926 ( 1)  0.167 +-  0.374
  86 -   0.90467 0.05607 0.03926 ( 1)  0.167 +-  0.374
  87 -   0.90467 0.05607 0.03926 ( 1)  0.167 +-  0.374
  88 -   0.90467 0.05607 0.03926 ( 1)  0.167 +-  0.374
  89 -   0.90467 0.05607 0.03926 ( 1)  0.167 +-  0.374
  90 -   0.90467 0.05607 0.03926 ( 1)  0.167 +-  0.374
  91 -   0.90467 0.05607 0.03926 ( 1)  0.167 +-  0.374
  92 -   0.90467 0.05607 0.03926 ( 1)  0.167 +-  0.374
  93 -   0.90467 0.05607 0.03926 ( 1)  0.167 +-  0.374
  94 -   0.90467 0.05607 0.03926 ( 1)  0.167 +-  0.374
  95 -   0.90467 0.05607 0.03926 ( 1)  0.167 +-  0.374
  96 -   0.90467 0.05607 0.03926 ( 1)  0.167 +-  0.374
  97 -   0.90467 0.05607 0.03926 ( 1)  0.167 +-  0.374
  98 -   0.90467 0.05607 0.03926 ( 1)  0.167 +-  0.374
  99 -   0.90467 0.05607 0.03926 ( 1)  0.167 +-  0.374
 100 -   0.90467 0.05607 0.03926 ( 1)  0.167 +-  0.374
 101 -   0.90467 0.05607 0.03926 ( 1)  0.167 +-  0.374
 102 -   0.90467 0.05607 0.03926 ( 1)  0.167 +-  0.374
 103 -   0.90467 0.05607 0.03926 ( 1)  0.167 +-  0.374
 104 -   0.90467 0.05607 0.03926 ( 1)  0.167 +-  0.374
 105 -   0.90467 0.05607 0.03926 ( 1)  0.167 +-  0.374
 106 -   0.90467 0.05607 0.03926 ( 1)  0.167 +-  0.374
 107 -   0.90467 0.05607 0.03926 ( 1)  0.167 +-  0.374
 108 -   0.90467 0.05607 0.03926 ( 1)  0.167 +-  0.374
 109 -   0.90467 0.05607 0.03926 ( 1)  0.167 +-  0.374
 110 -   0.90467 0.05607 0.03926 ( 1)  0.167 +-  0.374
 111 -   0.90467 0.05607 0.03926 ( 1)  0.167 +-  0.374
 112 -   0.90467 0.05607 0.03926 ( 1)  0.167 +-  0.374
 113 -   0.90467 0.05607 0.03926 ( 1)  0.167 +-  0.374
 114 -   0.90467 0.05607 0.03926 ( 1)  0.167 +-  0.374
 115 -   0.90467 0.05607 0.03926 ( 1)  0.167 +-  0.374
 116 -   0.90467 0.05607 0.03926 ( 1)  0.167 +-  0.374
 117 -   0.90467 0.05607 0.03926 ( 1)  0.167 +-  0.374
 118 -   0.90467 0.05607 0.03926 ( 1)  0.167 +-  0.374
 119 -   0.90467 0.05607 0.03926 ( 1)  0.167 +-  0.374
 120 -   0.90467 0.05607 0.03926 ( 1)  0.167 +-  0.374
 121 -   0.90467 0.05607 0.03926 ( 1)  0.167 +-  0.374
 122 -   0.90467 0.05607 0.03926 ( 1)  0.167 +-  0.374
 123 -   0.90467 0.05607 0.03926 ( 1)  0.167 +-  0.374
 124 -   0.90467 0.05607 0.03926 ( 1)  0.167 +-  0.374
 125 -   0.90467 0.05607 0.03926 ( 1)  0.167 +-  0.374
 126 -   0.90467 0.05607 0.03926 ( 1)  0.167 +-  0.374
 127 -   0.90467 0.05607 0.03926 ( 1)  0.167 +-  0.374
 128 -   0.90467 0.05607 0.03926 ( 1)  0.167 +-  0.374
 129 -   0.90467 0.05607 0.03926 ( 1)  0.167 +-  0.374
 130 -   0.90467 0.05607 0.03926 ( 1)  0.167 +-  0.374
 131 -   0.90467 0.05607 0.03926 ( 1)  0.167 +-  0.374
 132 -   0.90467 0.05607 0.03926 ( 1)  0.167 +-  0.374
 133 -   0.90467 0.05607 0.03926 ( 1)  0.167 +-  0.374
 134 -   0.90467 0.05607 0.03926 ( 1)  0.167 +-  0.374
 135 -   0.90467 0.05607 0.03926 ( 1)  0.167 +-  0.374
 136 -   0.90467 0.05607 0.03926 ( 1)  0.167 +-  0.374
 137 -   0.90467 0.05607 0.03926 ( 1)  0.167 +-  0.374
 138 -   0.90467 0.05607 0.03926 ( 1)  0.167 +-  0.374
 139 -   0.90467 0.05607 0.03926 ( 1)  0.167 +-  0.374
 140 -   0.90467 0.05607 0.03926 ( 1)  0.167 +-  0.374
 141 -   0.90467 0.05607 0.03926 ( 1)  0.167 +-  0.374
 142 -   0.90467 0.05607 0.03926 ( 1)  0.167 +-  0.374
 143 -   0.90467 0.05607 0.03926 ( 1)  0.167 +-  0.374
 144 -   0.90467 0.05607 0.03926 ( 1)  0.167 +-  0.374
 145 -   0.90467 0.05607 0.03926 ( 1)  0.167 +-  0.374
 146 -   0.90467 0.05607 0.03926 ( 1)  0.167 +-  0.374
 147 -   0.90467 0.05607 0.03926 ( 1)  0.167 +-  0.374
 148 -   0.90467 0.05607 0.03926 ( 1)  0.167 +-  0.374
 149 -   0.90467 0.05607 0.03926 ( 1)  0.167 +-  0.374
 150 -   0.90467 0.05607 0.03926 ( 1)  0.167 +-  0.374
 151 -   0.90467 0.05607 0.03926 ( 1)  0.167 +-  0.374
 152 -   0.90467 0.05607 0.03926 ( 1)  0.167 +-  0.374
 153 -   0.90467 0.05607 0.03926 ( 1)  0.167 +-  0.374
 154 -   0.90467 0.05607 0.03926 ( 1)  0.167 +-  0.374
 155 -   0.90467 0.05607 0.03926 ( 1)  0.167 +-  0.374
 156 -   0.90467 0.05607 0.03926 ( 1)  0.167 +-  0.374
 157 -   0.90467 0.05607 0.03926 ( 1)  0.167 +-  0.374
 158 -   0.90467 0.05607 0.03926 ( 1)  0.167 +-  0.374
 159 -   0.90467 0.05607 0.03926 ( 1)  0.167 +-  0.374
 160 -   0.90467 0.05607 0.03926 ( 1)  0.167 +-  0.374
 161 -   0.90467 0.05607 0.03926 ( 1)  0.167 +-  0.374
 162 -   0.90467 0.05607 0.03926 ( 1)  0.167 +-  0.374
 163 -   0.90467 0.05607 0.03926 ( 1)  0.167 +-  0.374
 164 -   0.90467 0.05607 0.03926 ( 1)  0.167 +-  0.374
 165 -   0.90467 0.05607 0.03926 ( 1)  0.167 +-  0.374
 166 -   0.90467 0.05607 0.03926 ( 1)  0.167 +-  0.374
 167 -   0.90467 0.05607 0.03926 ( 1)  0.167 +-  0.374
 168 -   0.90467 0.05607 0.03926 ( 1)  0.167 +-  0.374
 169 -   0.90467 0.05607 0.03926 ( 1)  0.167 +-  0.374
 170 -   0.90467 0.05607 0.03926 ( 1)  0.167 +-  0.374
 171 -   0.90467 0.05607 0.03926 ( 1)  0.167 +-  0.374
 172 -   0.90467 0.05607 0.03926 ( 1)  0.167 +-  0.374
 173 -   0.90467 0.05607 0.03926 ( 1)  0.167 +-  0.374
 174 -   0.90467 0.05607 0.03926 ( 1)  0.167 +-  0.374
 175 -   0.90467 0.05607 0.03926 ( 1)  0.167 +-  0.374
 176 -   0.90467 0.05607 0.03926 ( 1)  0.167 +-  0.374
 177 -   0.90467 0.05607 0.03926 ( 1)  0.167 +-  0.374
 178 -   0.90467 0.05607 0.03926 ( 1)  0.167 +-  0.374
 179 -   0.90467 0.05607 0.03926 ( 1)  0.167 +-  0.374
 180 -   0.90467 0.05607 0.03926 ( 1)  0.167 +-  0.374
 181 -   0.90467 0.05607 0.03926 ( 1)  0.167 +-  0.374
 182 -   0.90467 0.05607 0.03926 ( 1)  0.167 +-  0.374
 183 -   0.90467 0.05607 0.03926 ( 1)  0.167 +-  0.374
 184 -   0.90467 0.05607 0.03926 ( 1)  0.167 +-  0.374
 185 -   0.90467 0.05607 0.03926 ( 1)  0.167 +-  0.374
 186 -   0.90467 0.05607 0.03926 ( 1)  0.167 +-  0.374
 187 -   0.90467 0.05607 0.03926 ( 1)  0.167 +-  0.374
 188 -   0.90467 0.05607 0.03926 ( 1)  0.167 +-  0.374
 189 -   0.90467 0.05607 0.03926 ( 1)  0.167 +-  0.374
 190 -   0.90467 0.05607 0.03926 ( 1)  0.167 +-  0.374
 191 -   0.90467 0.05607 0.03926 ( 1)  0.167 +-  0.374
 192 -   0.90467 0.05607 0.03926 ( 1)  0.167 +-  0.374
 193 -   0.90467 0.05607 0.03926 ( 1)  0.167 +-  0.374
 194 -   0.90467 0.05607 0.03926 ( 1)  0.167 +-  0.374
 195 -   0.90467 0.05607 0.03926 ( 1)  0.167 +-  0.374
 196 -   0.90467 0.05607 0.03926 ( 1)  0.167 +-  0.374
 197 -   0.90467 0.05607 0.03926 ( 1)  0.167 +-  0.374
 198 -   0.90467 0.05607 0.03926 ( 1)  0.167 +-  0.374
 199 -   0.90467 0.05607 0.03926 ( 1)  0.167 +-  0.374
 200 -   0.90467 0.05607 0.03926 ( 1)  0.167 +-  0.374
 201 -   0.90467 0.05607 0.03926 ( 1)  0.167 +-  0.374
 202 -   0.90467 0.05607 0.03926 ( 1)  0.167 +-  0.374
 203 -   0.90467 0.05607 0.03926 ( 1)  0.167 +-  0.374
 204 K   0.46497 0.28876 0.24627 ( 1)  0.703 +-  0.660
 205 A   0.94042 0.03867 0.02091 ( 1)  0.121 +-  0.281
 206 Q   0.02838 0.36860 0.60302 ( 3)  1.361 +-  0.565
 207 S   0.92768 0.04521 0.02710 ( 1)  0.137 +-  0.314
 208 M   0.98298 0.01317 0.00385 ( 1)  0.072 +-  0.142
 209 D   0.97468 0.01871 0.00660 ( 1)  0.081 +-  0.175
 210 R   0.94236 0.03764 0.02000 ( 1)  0.119 +-  0.275
 211 A   0.96420 0.02527 0.01053 ( 1)  0.093 +-  0.211
 212 A   0.95855 0.02861 0.01284 ( 1)  0.100 +-  0.229
 213 V   0.97501 0.01843 0.00656 ( 1)  0.081 +-  0.174
 214 A   0.96420 0.02527 0.01053 ( 1)  0.093 +-  0.211
 215 R   0.97013 0.02163 0.00824 ( 1)  0.086 +-  0.191
 216 V   0.96543 0.02447 0.01010 ( 1)  0.091 +-  0.208
 217 G   0.95952 0.02806 0.01243 ( 1)  0.098 +-  0.226
 218 A   0.96420 0.02527 0.01053 ( 1)  0.093 +-  0.211
 219 V   0.98241 0.01351 0.00408 ( 1)  0.072 +-  0.144
 220 A   0.56698 0.25596 0.17707 ( 1)  0.562 +-  0.616
 221 S   0.96288 0.02607 0.01104 ( 1)  0.094 +-  0.215
 222 A   0.95855 0.02861 0.01284 ( 1)  0.100 +-  0.229
 223 S   0.96551 0.02446 0.01004 ( 1)  0.091 +-  0.207
 224 V   0.96543 0.02447 0.01010 ( 1)  0.091 +-  0.208
 225 C   0.94322 0.03719 0.01959 ( 1)  0.118 +-  0.273
 226 A   0.95855 0.02861 0.01284 ( 1)  0.100 +-  0.229
 227 L   0.43177 0.29679 0.27144 ( 1)  0.752 +-  0.674
 228 V   0.96579 0.02425 0.00995 ( 1)  0.091 +-  0.206
 229 A   0.96593 0.02421 0.00986 ( 1)  0.091 +-  0.206
 230 G   0.96518 0.02468 0.01014 ( 1)  0.092 +-  0.208
 231 V   0.96567 0.02433 0.01000 ( 1)  0.091 +-  0.207
 232 V   0.96543 0.02447 0.01010 ( 1)  0.091 +-  0.208
 233 L   0.94088 0.03843 0.02070 ( 1)  0.121 +-  0.279
 234 A   0.98176 0.01402 0.00422 ( 1)  0.073 +-  0.147
 235 Q   0.95257 0.03205 0.01539 ( 1)  0.107 +-  0.247
 236 Y   0.96147 0.02685 0.01168 ( 1)  0.096 +-  0.220
 237 I   0.98876 0.00904 0.00221 ( 1)  0.065 +-  0.114
 238 F   0.95704 0.02950 0.01346 ( 1)  0.101 +-  0.234
 239 T   0.95691 0.02957 0.01352 ( 1)  0.101 +-  0.234
 240 L   0.94671 0.03529 0.01800 ( 1)  0.114 +-  0.263
 241 K   0.97583 0.01796 0.00621 ( 1)  0.080 +-  0.171
 242 R   0.96686 0.02367 0.00948 ( 1)  0.090 +-  0.203
 243 K   0.97583 0.01796 0.00621 ( 1)  0.080 +-  0.171
 244 T   0.96689 0.02363 0.00948 ( 1)  0.090 +-  0.203
 245 G   0.57369 0.25352 0.17278 ( 1)  0.553 +-  0.612
 246 R   0.94369 0.03693 0.01937 ( 1)  0.117 +-  0.272
 247 K   0.97583 0.01796 0.00621 ( 1)  0.080 +-  0.171
 248 T   0.95691 0.02957 0.01352 ( 1)  0.101 +-  0.234
 249 K   0.97583 0.01796 0.00621 ( 1)  0.080 +-  0.171
 250 I   0.96484 0.02485 0.01031 ( 1)  0.092 +-  0.209
 251 I   0.96484 0.02485 0.01031 ( 1)  0.092 +-  0.209
 252 E   0.97630 0.01765 0.00605 ( 1)  0.079 +-  0.169
 253 -   0.90467 0.05607 0.03926 ( 1)  0.167 +-  0.374
 254 -   0.90467 0.05607 0.03926 ( 1)  0.167 +-  0.374
 255 -   0.90467 0.05607 0.03926 ( 1)  0.167 +-  0.374
 256 -   0.90467 0.05607 0.03926 ( 1)  0.167 +-  0.374
 257 -   0.90467 0.05607 0.03926 ( 1)  0.167 +-  0.374
 258 -   0.90467 0.05607 0.03926 ( 1)  0.167 +-  0.374
 259 -   0.90467 0.05607 0.03926 ( 1)  0.167 +-  0.374
 260 -   0.90467 0.05607 0.03926 ( 1)  0.167 +-  0.374
 261 -   0.90467 0.05607 0.03926 ( 1)  0.167 +-  0.374
 262 -   0.90467 0.05607 0.03926 ( 1)  0.167 +-  0.374
 263 -   0.90467 0.05607 0.03926 ( 1)  0.167 +-  0.374
 264 -   0.90639 0.05530 0.03831 ( 1)  0.165 +-  0.369
 265 -   0.90601 0.05547 0.03852 ( 1)  0.166 +-  0.370
 266 -   0.90653 0.05524 0.03823 ( 1)  0.165 +-  0.369
 267 -   0.90534 0.05577 0.03889 ( 1)  0.166 +-  0.372
 268 -   0.90580 0.05556 0.03863 ( 1)  0.166 +-  0.371
 269 -   0.90550 0.05570 0.03880 ( 1)  0.166 +-  0.372
 270 -   0.90534 0.05577 0.03889 ( 1)  0.166 +-  0.372
 271 -   0.90607 0.05544 0.03849 ( 1)  0.165 +-  0.370
 272 -   0.90594 0.05550 0.03856 ( 1)  0.166 +-  0.371
 273 -   0.90550 0.05570 0.03880 ( 1)  0.166 +-  0.372
 274 -   0.90635 0.05532 0.03833 ( 1)  0.165 +-  0.370
 275 -   0.90467 0.05607 0.03926 ( 1)  0.167 +-  0.374
 276 -   0.90467 0.05607 0.03926 ( 1)  0.167 +-  0.374
 277 -   0.90467 0.05607 0.03926 ( 1)  0.167 +-  0.374
 278 -   0.90467 0.05607 0.03926 ( 1)  0.167 +-  0.374
 279 -   0.90467 0.05607 0.03926 ( 1)  0.167 +-  0.374
 280 -   0.90467 0.05607 0.03926 ( 1)  0.167 +-  0.374
 281 -   0.90467 0.05607 0.03926 ( 1)  0.167 +-  0.374
 282 -   0.90467 0.05607 0.03926 ( 1)  0.167 +-  0.374
 283 -   0.90467 0.05607 0.03926 ( 1)  0.167 +-  0.374
 284 -   0.90467 0.05607 0.03926 ( 1)  0.167 +-  0.374
 285 -   0.90467 0.05607 0.03926 ( 1)  0.167 +-  0.374
 286 -   0.90468 0.05607 0.03925 ( 1)  0.167 +-  0.374
 287 -   0.90468 0.05607 0.03925 ( 1)  0.167 +-  0.374
 288 -   0.90468 0.05607 0.03925 ( 1)  0.167 +-  0.374
 289 -   0.90468 0.05607 0.03925 ( 1)  0.167 +-  0.374
 290 -   0.90468 0.05607 0.03925 ( 1)  0.167 +-  0.374
 291 -   0.90468 0.05607 0.03925 ( 1)  0.167 +-  0.374
 292 -   0.90468 0.05607 0.03925 ( 1)  0.167 +-  0.374
 293 -   0.90468 0.05607 0.03925 ( 1)  0.167 +-  0.374
 294 -   0.90468 0.05607 0.03925 ( 1)  0.167 +-  0.374
 295 -   0.90468 0.05607 0.03925 ( 1)  0.167 +-  0.374
 296 -   0.90468 0.05607 0.03925 ( 1)  0.167 +-  0.374
 297 M   0.79796 0.14484 0.05721 ( 1)  0.275 +-  0.452
 298 -   0.90467 0.05607 0.03926 ( 1)  0.167 +-  0.374
 299 -   0.90467 0.05607 0.03926 ( 1)  0.167 +-  0.374
 300 -   0.90467 0.05607 0.03926 ( 1)  0.167 +-  0.374
 301 -   0.90467 0.05607 0.03926 ( 1)  0.167 +-  0.374
 302 -   0.90467 0.05607 0.03926 ( 1)  0.167 +-  0.374
 303 -   0.90467 0.05607 0.03926 ( 1)  0.167 +-  0.374
 304 -   0.90467 0.05607 0.03926 ( 1)  0.167 +-  0.374
 305 -   0.90467 0.05607 0.03926 ( 1)  0.167 +-  0.374
 306 -   0.90467 0.05607 0.03926 ( 1)  0.167 +-  0.374
 307 -   0.90467 0.05607 0.03926 ( 1)  0.167 +-  0.374
 308 -   0.90467 0.05607 0.03926 ( 1)  0.167 +-  0.374
 309 -   0.90467 0.05607 0.03926 ( 1)  0.167 +-  0.374
 310 -   0.90467 0.05607 0.03926 ( 1)  0.167 +-  0.374
 311 -   0.90467 0.05607 0.03926 ( 1)  0.167 +-  0.374
 312 -   0.90467 0.05607 0.03926 ( 1)  0.167 +-  0.374
 313 -   0.90467 0.05607 0.03926 ( 1)  0.167 +-  0.374
 314 -   0.90467 0.05607 0.03926 ( 1)  0.167 +-  0.374
 315 -   0.90467 0.05607 0.03926 ( 1)  0.167 +-  0.374
 316 -   0.90467 0.05607 0.03926 ( 1)  0.167 +-  0.374
 317 -   0.90467 0.05607 0.03926 ( 1)  0.167 +-  0.374
 318 -   0.90467 0.05607 0.03926 ( 1)  0.167 +-  0.374
 319 -   0.90467 0.05607 0.03926 ( 1)  0.167 +-  0.374
 320 M   0.99288 0.00598 0.00114 ( 1)  0.061 +-  0.090
 321 P   0.97146 0.02081 0.00773 ( 1)  0.084 +-  0.187
 322 E   0.99166 0.00687 0.00146 ( 1)  0.062 +-  0.098
 323 F   0.96628 0.02399 0.00973 ( 1)  0.090 +-  0.205
 324 Q   0.95982 0.02788 0.01230 ( 1)  0.098 +-  0.225
 325 R   0.23481 0.48693 0.27826 ( 2)  0.926 +-  0.537
 326 S   0.82883 0.12645 0.04472 ( 1)  0.239 +-  0.418
 327 S   0.96469 0.02498 0.01033 ( 1)  0.092 +-  0.210
 328 V   0.98924 0.00868 0.00208 ( 1)  0.065 +-  0.111
 329 R   0.51572 0.27386 0.21042 ( 1)  0.631 +-  0.639
 330 I   0.97223 0.02028 0.00748 ( 1)  0.084 +-  0.184
 331 K   0.98250 0.01351 0.00399 ( 1)  0.072 +-  0.144
 332 N   0.98106 0.01451 0.00444 ( 1)  0.074 +-  0.150
 333 P   0.64033 0.22626 0.13341 ( 1)  0.466 +-  0.576
 334 T   0.98398 0.01250 0.00352 ( 1)  0.070 +-  0.137
 335 R   0.14349 0.48890 0.36762 ( 2)  1.067 +-  0.501
 336 V   0.98745 0.00999 0.00256 ( 1)  0.067 +-  0.121
 337 E   0.99220 0.00647 0.00133 ( 1)  0.061 +-  0.094
 338 E   0.99220 0.00647 0.00133 ( 1)  0.061 +-  0.094
 339 I   0.84074 0.11750 0.04177 ( 1)  0.226 +-  0.407
 340 I   0.97223 0.02028 0.00748 ( 1)  0.084 +-  0.184
 341 C   0.97414 0.01911 0.00676 ( 1)  0.081 +-  0.177
 342 G   0.98922 0.00875 0.00204 ( 1)  0.065 +-  0.111
 343 L   0.97980 0.01536 0.00484 ( 1)  0.075 +-  0.155
 344 I   0.97428 0.01884 0.00688 ( 1)  0.081 +-  0.177
 345 K   0.99216 0.00650 0.00134 ( 1)  0.062 +-  0.094
 346 G   0.98796 0.00966 0.00238 ( 1)  0.066 +-  0.118
 347 G   0.98760 0.00993 0.00247 ( 1)  0.066 +-  0.120
 348 A   0.98772 0.00984 0.00244 ( 1)  0.066 +-  0.119
 349 A   0.96698 0.02359 0.00943 ( 1)  0.090 +-  0.202
 350 K   0.99216 0.00650 0.00134 ( 1)  0.062 +-  0.094
 351 L   0.98030 0.01502 0.00468 ( 1)  0.074 +-  0.153
 352 Q   0.95982 0.02788 0.01230 ( 1)  0.098 +-  0.225
 353 I   0.25773 0.48267 0.25960 ( 2)  0.894 +-  0.543
 354 -   0.90467 0.05607 0.03926 ( 1)  0.167 +-  0.374
 355 -   0.90467 0.05607 0.03926 ( 1)  0.167 +-  0.374
 356 -   0.90468 0.05607 0.03925 ( 1)  0.167 +-  0.374
 357 -   0.90468 0.05607 0.03925 ( 1)  0.167 +-  0.374
 358 -   0.90468 0.05607 0.03925 ( 1)  0.167 +-  0.374
 359 -   0.90467 0.05607 0.03926 ( 1)  0.167 +-  0.374
 360 -   0.90467 0.05607 0.03926 ( 1)  0.167 +-  0.374
 361 -   0.90467 0.05607 0.03926 ( 1)  0.167 +-  0.374
 362 -   0.90467 0.05607 0.03926 ( 1)  0.167 +-  0.374
 363 -   0.90468 0.05607 0.03925 ( 1)  0.167 +-  0.374
 364 -   0.90468 0.05607 0.03925 ( 1)  0.167 +-  0.374
 365 -   0.90468 0.05607 0.03925 ( 1)  0.167 +-  0.374
 366 -   0.90468 0.05607 0.03925 ( 1)  0.167 +-  0.374
 367 I   0.99288 0.00595 0.00117 ( 1)  0.061 +-  0.090
 368 T   0.98011 0.01515 0.00475 ( 1)  0.075 +-  0.154
 369 D   0.98100 0.01454 0.00446 ( 1)  0.074 +-  0.150
 370 F   0.98378 0.01264 0.00358 ( 1)  0.071 +-  0.138
 371 D   0.99375 0.00527 0.00098 ( 1)  0.060 +-  0.084
 372 M   0.99259 0.00620 0.00121 ( 1)  0.061 +-  0.092
 373 T   0.98593 0.01113 0.00294 ( 1)  0.068 +-  0.128
 374 L   0.95744 0.02925 0.01331 ( 1)  0.101 +-  0.232
 375 S   0.98947 0.00857 0.00196 ( 1)  0.064 +-  0.110
 376 R   0.98693 0.01042 0.00265 ( 1)  0.067 +-  0.123
 377 F   0.98378 0.01264 0.00358 ( 1)  0.071 +-  0.138
 378 S   0.95728 0.02936 0.01336 ( 1)  0.101 +-  0.233
 379 Y   0.05369 0.42575 0.52056 ( 3)  1.262 +-  0.494
 380 R   0.85468 0.10917 0.03615 ( 1)  0.210 +-  0.389
 381 G   0.97116 0.02099 0.00785 ( 1)  0.085 +-  0.188
 382 K   0.99185 0.00674 0.00141 ( 1)  0.062 +-  0.096
 383 R   0.98713 0.01028 0.00259 ( 1)  0.067 +-  0.122
 384 C   0.94931 0.03388 0.01682 ( 1)  0.111 +-  0.256
 385 P   0.97093 0.02114 0.00793 ( 1)  0.085 +-  0.189
 386 T   0.98394 0.01253 0.00353 ( 1)  0.070 +-  0.137
 387 C   0.97362 0.01944 0.00694 ( 1)  0.082 +-  0.179
 388 H   0.98507 0.01173 0.00320 ( 1)  0.069 +-  0.132
 389 N   0.99373 0.00529 0.00098 ( 1)  0.060 +-  0.084
 390 -   0.90467 0.05607 0.03926 ( 1)  0.167 +-  0.374
 391 -   0.90467 0.05607 0.03926 ( 1)  0.167 +-  0.374
 392 -   0.90467 0.05607 0.03926 ( 1)  0.167 +-  0.374
 393 -   0.90467 0.05607 0.03926 ( 1)  0.167 +-  0.374
 394 -   0.90467 0.05607 0.03926 ( 1)  0.167 +-  0.374
 395 -   0.90467 0.05607 0.03926 ( 1)  0.167 +-  0.374
 396 -   0.90467 0.05607 0.03926 ( 1)  0.167 +-  0.374
 397 -   0.90467 0.05607 0.03926 ( 1)  0.167 +-  0.374
 398 -   0.90467 0.05607 0.03926 ( 1)  0.167 +-  0.374
 399 -   0.90467 0.05607 0.03926 ( 1)  0.167 +-  0.374
 400 -   0.90467 0.05607 0.03926 ( 1)  0.167 +-  0.374
 401 -   0.90467 0.05607 0.03926 ( 1)  0.167 +-  0.374
 402 -   0.90467 0.05607 0.03926 ( 1)  0.167 +-  0.374
 403 -   0.90467 0.05607 0.03926 ( 1)  0.167 +-  0.374
 404 -   0.90467 0.05607 0.03926 ( 1)  0.167 +-  0.374
 405 -   0.90467 0.05607 0.03926 ( 1)  0.167 +-  0.374
 406 -   0.90467 0.05607 0.03926 ( 1)  0.167 +-  0.374
 407 -   0.90467 0.05607 0.03926 ( 1)  0.167 +-  0.374
 408 -   0.90467 0.05607 0.03926 ( 1)  0.167 +-  0.374
 409 -   0.90467 0.05607 0.03926 ( 1)  0.167 +-  0.374
 410 -   0.90467 0.05607 0.03926 ( 1)  0.167 +-  0.374
 411 -   0.90467 0.05607 0.03926 ( 1)  0.167 +-  0.374
 412 -   0.90467 0.05607 0.03926 ( 1)  0.167 +-  0.374
 413 -   0.90467 0.05607 0.03926 ( 1)  0.167 +-  0.374
 414 -   0.90467 0.05607 0.03926 ( 1)  0.167 +-  0.374
 415 -   0.90467 0.05607 0.03926 ( 1)  0.167 +-  0.374
 416 -   0.90467 0.05607 0.03926 ( 1)  0.167 +-  0.374
 417 -   0.90467 0.05607 0.03926 ( 1)  0.167 +-  0.374
 418 -   0.90467 0.05607 0.03926 ( 1)  0.167 +-  0.374
 419 -   0.90467 0.05607 0.03926 ( 1)  0.167 +-  0.374
 420 -   0.90467 0.05607 0.03926 ( 1)  0.167 +-  0.374
 421 -   0.90467 0.05607 0.03926 ( 1)  0.167 +-  0.374
 422 -   0.90467 0.05607 0.03926 ( 1)  0.167 +-  0.374
 423 -   0.90467 0.05607 0.03926 ( 1)  0.167 +-  0.374
 424 -   0.90467 0.05607 0.03926 ( 1)  0.167 +-  0.374
 425 -   0.90467 0.05607 0.03926 ( 1)  0.167 +-  0.374
 426 -   0.90467 0.05607 0.03926 ( 1)  0.167 +-  0.374
 427 -   0.90467 0.05607 0.03926 ( 1)  0.167 +-  0.374
 428 -   0.90467 0.05607 0.03926 ( 1)  0.167 +-  0.374
 429 -   0.90467 0.05607 0.03926 ( 1)  0.167 +-  0.374
 430 -   0.90467 0.05607 0.03926 ( 1)  0.167 +-  0.374
 431 -   0.90467 0.05607 0.03926 ( 1)  0.167 +-  0.374
 432 -   0.90467 0.05607 0.03926 ( 1)  0.167 +-  0.374
 433 -   0.90467 0.05607 0.03926 ( 1)  0.167 +-  0.374
 434 -   0.90467 0.05607 0.03926 ( 1)  0.167 +-  0.374
 435 -   0.90467 0.05607 0.03926 ( 1)  0.167 +-  0.374
 436 -   0.90467 0.05607 0.03926 ( 1)  0.167 +-  0.374
 437 -   0.90467 0.05607 0.03926 ( 1)  0.167 +-  0.374
 438 -   0.90467 0.05607 0.03926 ( 1)  0.167 +-  0.374
 439 -   0.90467 0.05607 0.03926 ( 1)  0.167 +-  0.374
 440 -   0.90467 0.05607 0.03926 ( 1)  0.167 +-  0.374
 441 -   0.90467 0.05607 0.03926 ( 1)  0.167 +-  0.374
 442 -   0.90467 0.05607 0.03926 ( 1)  0.167 +-  0.374
 443 -   0.90467 0.05607 0.03926 ( 1)  0.167 +-  0.374
 444 -   0.90467 0.05607 0.03926 ( 1)  0.167 +-  0.374
 445 -   0.90467 0.05607 0.03926 ( 1)  0.167 +-  0.374
 446 -   0.90467 0.05607 0.03926 ( 1)  0.167 +-  0.374
 447 -   0.90467 0.05607 0.03926 ( 1)  0.167 +-  0.374
 448 -   0.90467 0.05607 0.03926 ( 1)  0.167 +-  0.374
 449 -   0.90467 0.05607 0.03926 ( 1)  0.167 +-  0.374
 450 -   0.90467 0.05607 0.03926 ( 1)  0.167 +-  0.374
 451 -   0.90467 0.05607 0.03926 ( 1)  0.167 +-  0.374
 452 -   0.90467 0.05607 0.03926 ( 1)  0.167 +-  0.374
 453 -   0.90467 0.05607 0.03926 ( 1)  0.167 +-  0.374
 454 -   0.90467 0.05607 0.03926 ( 1)  0.167 +-  0.374
 455 -   0.90467 0.05607 0.03926 ( 1)  0.167 +-  0.374
 456 -   0.90467 0.05607 0.03926 ( 1)  0.167 +-  0.374
 457 -   0.90467 0.05607 0.03926 ( 1)  0.167 +-  0.374
 458 -   0.90467 0.05607 0.03926 ( 1)  0.167 +-  0.374
 459 -   0.90467 0.05607 0.03926 ( 1)  0.167 +-  0.374
 460 -   0.90467 0.05607 0.03926 ( 1)  0.167 +-  0.374
 461 -   0.90467 0.05607 0.03926 ( 1)  0.167 +-  0.374
 462 -   0.90467 0.05607 0.03926 ( 1)  0.167 +-  0.374
 463 -   0.90467 0.05607 0.03926 ( 1)  0.167 +-  0.374
 464 -   0.90467 0.05607 0.03926 ( 1)  0.167 +-  0.374
 465 -   0.90467 0.05607 0.03926 ( 1)  0.167 +-  0.374
 466 -   0.90467 0.05607 0.03926 ( 1)  0.167 +-  0.374
 467 -   0.90467 0.05607 0.03926 ( 1)  0.167 +-  0.374
 468 -   0.90467 0.05607 0.03926 ( 1)  0.167 +-  0.374
 469 -   0.90467 0.05607 0.03926 ( 1)  0.167 +-  0.374
 470 -   0.90467 0.05607 0.03926 ( 1)  0.167 +-  0.374
 471 -   0.90467 0.05607 0.03926 ( 1)  0.167 +-  0.374
 472 -   0.90467 0.05607 0.03926 ( 1)  0.167 +-  0.374
 473 -   0.90467 0.05607 0.03926 ( 1)  0.167 +-  0.374
 474 -   0.90467 0.05607 0.03926 ( 1)  0.167 +-  0.374
 475 -   0.90467 0.05607 0.03926 ( 1)  0.167 +-  0.374
 476 -   0.90467 0.05607 0.03926 ( 1)  0.167 +-  0.374
 477 -   0.90467 0.05607 0.03926 ( 1)  0.167 +-  0.374
 478 -   0.90467 0.05607 0.03926 ( 1)  0.167 +-  0.374
 479 -   0.90467 0.05607 0.03926 ( 1)  0.167 +-  0.374
 480 -   0.90467 0.05607 0.03926 ( 1)  0.167 +-  0.374
 481 -   0.90467 0.05607 0.03926 ( 1)  0.167 +-  0.374
 482 -   0.90467 0.05607 0.03926 ( 1)  0.167 +-  0.374
 483 -   0.90467 0.05607 0.03926 ( 1)  0.167 +-  0.374
 484 -   0.90467 0.05607 0.03926 ( 1)  0.167 +-  0.374
 485 -   0.90467 0.05607 0.03926 ( 1)  0.167 +-  0.374
 486 -   0.90467 0.05607 0.03926 ( 1)  0.167 +-  0.374
 487 -   0.90467 0.05607 0.03926 ( 1)  0.167 +-  0.374
 488 -   0.90467 0.05607 0.03926 ( 1)  0.167 +-  0.374
 489 -   0.90467 0.05607 0.03926 ( 1)  0.167 +-  0.374
 490 -   0.90467 0.05607 0.03926 ( 1)  0.167 +-  0.374
 491 -   0.90467 0.05607 0.03926 ( 1)  0.167 +-  0.374
 492 -   0.90467 0.05607 0.03926 ( 1)  0.167 +-  0.374
 493 -   0.90467 0.05607 0.03926 ( 1)  0.167 +-  0.374
 494 -   0.90467 0.05607 0.03926 ( 1)  0.167 +-  0.374
 495 -   0.90467 0.05607 0.03926 ( 1)  0.167 +-  0.374
 496 -   0.90467 0.05607 0.03926 ( 1)  0.167 +-  0.374
 497 -   0.90467 0.05607 0.03926 ( 1)  0.167 +-  0.374
 498 -   0.90467 0.05607 0.03926 ( 1)  0.167 +-  0.374
 499 I   0.00032 0.28872 0.71096 ( 3)  1.452 +-  0.516
 500 I   0.99061 0.00768 0.00172 ( 1)  0.063 +-  0.104
 501 D   0.98100 0.01454 0.00446 ( 1)  0.074 +-  0.150
 502 N   0.98044 0.01492 0.00464 ( 1)  0.074 +-  0.152
 503 C   0.97362 0.01944 0.00694 ( 1)  0.082 +-  0.179
 504 K   0.74462 0.17375 0.08163 ( 1)  0.339 +-  0.504
 505 L   0.94674 0.03527 0.01798 ( 1)  0.114 +-  0.263
 506 V   0.98887 0.00895 0.00218 ( 1)  0.065 +-  0.113
 507 T   0.98591 0.01114 0.00294 ( 1)  0.068 +-  0.128
 508 D   0.99375 0.00527 0.00098 ( 1)  0.060 +-  0.084
 509 E   0.99189 0.00670 0.00141 ( 1)  0.062 +-  0.096
 510 C   0.97261 0.02008 0.00731 ( 1)  0.083 +-  0.183
 511 R   0.97527 0.01831 0.00642 ( 1)  0.080 +-  0.173
 512 K   0.85130 0.11121 0.03749 ( 1)  0.214 +-  0.393
 513 K   0.98204 0.01382 0.00414 ( 1)  0.073 +-  0.146
 514 L   0.96348 0.02560 0.01092 ( 1)  0.094 +-  0.214
 515 L   0.05067 0.42064 0.52870 ( 3)  1.272 +-  0.499
 516 Q   0.63043 0.23019 0.13938 ( 1)  0.479 +-  0.582
 517 L   0.96395 0.02536 0.01069 ( 1)  0.093 +-  0.212
 518 K   0.98204 0.01382 0.00414 ( 1)  0.073 +-  0.146
 519 E   0.85737 0.10745 0.03519 ( 1)  0.207 +-  0.385
 520 K   0.98977 0.00830 0.00193 ( 1)  0.064 +-  0.108
 521 Y   0.98139 0.01427 0.00433 ( 1)  0.073 +-  0.148
 522 Y   0.96248 0.02629 0.01123 ( 1)  0.095 +-  0.217
 523 A   0.98796 0.00967 0.00237 ( 1)  0.066 +-  0.118
 524 I   0.99061 0.00768 0.00172 ( 1)  0.063 +-  0.104
 525 E   0.99189 0.00670 0.00141 ( 1)  0.062 +-  0.096
 526 V   0.81203 0.13551 0.05246 ( 1)  0.259 +-  0.439
 527 D   0.99375 0.00527 0.00098 ( 1)  0.060 +-  0.084
 528 P   0.97238 0.02022 0.00740 ( 1)  0.083 +-  0.183
 529 V   0.16449 0.48741 0.34810 ( 2)  1.035 +-  0.514
 530 L   0.97982 0.01534 0.00484 ( 1)  0.075 +-  0.155
 531 T   0.75205 0.17114 0.07681 ( 1)  0.329 +-  0.495
 532 V   0.98778 0.00975 0.00247 ( 1)  0.066 +-  0.119
 533 E   0.99189 0.00670 0.00141 ( 1)  0.062 +-  0.096
 534 E   0.71479 0.19005 0.09516 ( 1)  0.374 +-  0.526
 535 K   0.98219 0.01372 0.00409 ( 1)  0.072 +-  0.145
 536 Y   0.95980 0.02787 0.01233 ( 1)  0.098 +-  0.225
 537 P   0.97242 0.02020 0.00738 ( 1)  0.083 +-  0.183
 538 Y   0.70568 0.19496 0.09936 ( 1)  0.385 +-  0.533
 539 M   0.99288 0.00598 0.00114 ( 1)  0.061 +-  0.090
 540 -   0.90467 0.05607 0.03926 ( 1)  0.167 +-  0.374
 541 -   0.90467 0.05607 0.03926 ( 1)  0.167 +-  0.374
 542 -   0.90467 0.05607 0.03926 ( 1)  0.167 +-  0.374
 543 -   0.90467 0.05607 0.03926 ( 1)  0.167 +-  0.374
 544 V   0.98129 0.01427 0.00444 ( 1)  0.073 +-  0.149
 545 E   0.03584 0.52862 0.43554 ( 2)  1.206 +-  0.379
 546 W   0.93951 0.03916 0.02133 ( 1)  0.122 +-  0.283
 547 -   0.90467 0.05607 0.03926 ( 1)  0.167 +-  0.374
 548 -   0.90467 0.05607 0.03926 ( 1)  0.167 +-  0.374
 549 -   0.90467 0.05607 0.03926 ( 1)  0.167 +-  0.374
 550 -   0.90467 0.05607 0.03926 ( 1)  0.167 +-  0.374
 551 -   0.90467 0.05607 0.03926 ( 1)  0.167 +-  0.374
 552 -   0.90467 0.05607 0.03926 ( 1)  0.167 +-  0.374
 553 -   0.90467 0.05607 0.03926 ( 1)  0.167 +-  0.374
 554 -   0.90467 0.05607 0.03926 ( 1)  0.167 +-  0.374
 555 Y   0.98143 0.01425 0.00432 ( 1)  0.073 +-  0.148
 556 T   0.78551 0.15214 0.06235 ( 1)  0.289 +-  0.465
 557 K   0.99216 0.00650 0.00134 ( 1)  0.062 +-  0.094
 558 S   0.96469 0.02498 0.01033 ( 1)  0.092 +-  0.210
 559 H   0.98627 0.01088 0.00285 ( 1)  0.068 +-  0.126
 560 G   0.80657 0.13990 0.05353 ( 1)  0.265 +-  0.443
 561 L   0.95359 0.03147 0.01494 ( 1)  0.105 +-  0.244
 562 L   0.98030 0.01502 0.00468 ( 1)  0.074 +-  0.153
 563 V   0.98924 0.00868 0.00208 ( 1)  0.065 +-  0.111
 564 E   0.82524 0.12748 0.04728 ( 1)  0.244 +-  0.425
 565 Q   0.97366 0.01940 0.00694 ( 1)  0.082 +-  0.179
 566 A   0.79640 0.14579 0.05781 ( 1)  0.276 +-  0.454
 567 L   0.96504 0.02474 0.01022 ( 1)  0.092 +-  0.209
 568 P   0.97146 0.02081 0.00773 ( 1)  0.084 +-  0.187
 569 K   0.99216 0.00650 0.00134 ( 1)  0.062 +-  0.094
 570 A   0.15586 0.49631 0.34782 ( 2)  1.041 +-  0.501
 571 K   0.99193 0.00668 0.00139 ( 1)  0.062 +-  0.096
 572 L   0.98030 0.01502 0.00468 ( 1)  0.074 +-  0.153
 573 K   0.99216 0.00650 0.00134 ( 1)  0.062 +-  0.094
 574 E   0.99220 0.00647 0.00133 ( 1)  0.061 +-  0.094
 575 I   0.99094 0.00743 0.00163 ( 1)  0.063 +-  0.102
 576 V   0.97281 0.01990 0.00729 ( 1)  0.083 +-  0.182
 577 A   0.98754 0.00997 0.00249 ( 1)  0.066 +-  0.120
 578 E   0.99220 0.00647 0.00133 ( 1)  0.061 +-  0.094
 579 S   0.97320 0.01970 0.00709 ( 1)  0.082 +-  0.180
 580 D   0.98869 0.00907 0.00224 ( 1)  0.065 +-  0.114
 581 V   0.98924 0.00868 0.00208 ( 1)  0.065 +-  0.111
 582 M   0.99288 0.00598 0.00114 ( 1)  0.061 +-  0.090
 583 L   0.95539 0.03044 0.01417 ( 1)  0.103 +-  0.239
 584 K   0.77056 0.15987 0.06957 ( 1)  0.307 +-  0.480
 585 E   0.99220 0.00647 0.00133 ( 1)  0.061 +-  0.094
 586 G   0.77682 0.15707 0.06612 ( 1)  0.299 +-  0.473
 587 Y   0.98232 0.01364 0.00404 ( 1)  0.072 +-  0.144
 588 E   0.98350 0.01280 0.00370 ( 1)  0.071 +-  0.139
 589 N   0.30580 0.46985 0.22434 ( 2)  0.829 +-  0.554
 590 F   0.96585 0.02426 0.00989 ( 1)  0.091 +-  0.206
 591 F   0.97954 0.01553 0.00493 ( 1)  0.075 +-  0.156
 592 D   0.99195 0.00666 0.00139 ( 1)  0.062 +-  0.096
 593 K   0.97897 0.01590 0.00513 ( 1)  0.076 +-  0.159
 594 L   0.95151 0.03264 0.01586 ( 1)  0.108 +-  0.250
 595 Q   0.96854 0.02260 0.00886 ( 1)  0.088 +-  0.197
 596 Q   0.60819 0.23947 0.15234 ( 1)  0.508 +-  0.595
 597 H   0.63869 0.22673 0.13458 ( 1)  0.468 +-  0.577
 598 S   0.78825 0.15067 0.06108 ( 1)  0.286 +-  0.462
 599 I   0.64937 0.22117 0.12946 ( 1)  0.456 +-  0.572
 600 P   0.94942 0.03380 0.01678 ( 1)  0.110 +-  0.256
 601 V   0.58003 0.25062 0.16935 ( 1)  0.545 +-  0.610
 602 F   0.96038 0.02755 0.01207 ( 1)  0.097 +-  0.223
 603 I   0.99094 0.00743 0.00163 ( 1)  0.063 +-  0.102
 604 F   0.97954 0.01553 0.00493 ( 1)  0.075 +-  0.156
 605 S   0.95028 0.03332 0.01640 ( 1)  0.109 +-  0.253
 606 A   0.98574 0.01126 0.00300 ( 1)  0.068 +-  0.129
 607 G   0.98361 0.01274 0.00364 ( 1)  0.071 +-  0.139
 608 I   0.97205 0.02037 0.00758 ( 1)  0.084 +-  0.185
 609 G   0.98336 0.01293 0.00371 ( 1)  0.071 +-  0.140
 610 D   0.98905 0.00883 0.00212 ( 1)  0.065 +-  0.112
 611 V   0.98479 0.01187 0.00334 ( 1)  0.070 +-  0.134
 612 L   0.96082 0.02726 0.01191 ( 1)  0.097 +-  0.222
 613 E   0.98083 0.01461 0.00457 ( 1)  0.074 +-  0.151
 614 E   0.98002 0.01519 0.00479 ( 1)  0.075 +-  0.154
 615 V   0.78250 0.15232 0.06518 ( 1)  0.294 +-  0.470
 616 I   0.97465 0.01875 0.00661 ( 1)  0.081 +-  0.175
 617 R   0.60715 0.24010 0.15275 ( 1)  0.509 +-  0.595
 618 Q   0.96921 0.02220 0.00859 ( 1)  0.087 +-  0.195
 619 A   0.98574 0.01126 0.00300 ( 1)  0.068 +-  0.129
 620 G   0.98602 0.01106 0.00291 ( 1)  0.068 +-  0.127
 621 V   0.98593 0.01107 0.00301 ( 1)  0.068 +-  0.128
 622 Y   0.97877 0.01604 0.00519 ( 1)  0.076 +-  0.159
 623 H   0.73164 0.18176 0.08660 ( 1)  0.353 +-  0.512
 624 P   0.96548 0.02450 0.01002 ( 1)  0.091 +-  0.207
 625 N   0.99193 0.00668 0.00139 ( 1)  0.062 +-  0.096
 626 V   0.96669 0.02369 0.00961 ( 1)  0.090 +-  0.203
 627 K   0.98976 0.00831 0.00193 ( 1)  0.064 +-  0.109
 628 V   0.98469 0.01195 0.00336 ( 1)  0.070 +-  0.134
 629 V   0.96974 0.02180 0.00846 ( 1)  0.087 +-  0.193
 630 S   0.94448 0.03651 0.01901 ( 1)  0.116 +-  0.269
 631 N   0.98629 0.01085 0.00285 ( 1)  0.068 +-  0.126
 632 F   0.97189 0.02053 0.00758 ( 1)  0.084 +-  0.185
 633 M   0.99059 0.00772 0.00169 ( 1)  0.063 +-  0.104
 634 D   0.99195 0.00666 0.00139 ( 1)  0.062 +-  0.096
 635 F   0.97881 0.01601 0.00518 ( 1)  0.076 +-  0.159
 636 D   0.99195 0.00666 0.00139 ( 1)  0.062 +-  0.096
 637 E   0.98980 0.00827 0.00193 ( 1)  0.064 +-  0.108
 638 T   0.80018 0.14224 0.05758 ( 1)  0.273 +-  0.452
 639 G   0.97052 0.02138 0.00810 ( 1)  0.086 +-  0.190
 640 V   0.08082 0.45467 0.46451 ( 3)  1.194 +-  0.490
 641 L   0.48049 0.28440 0.23511 ( 1)  0.681 +-  0.654
 642 K   0.82481 0.12797 0.04722 ( 1)  0.244 +-  0.425
 643 G   0.98454 0.01211 0.00335 ( 1)  0.070 +-  0.134
 644 F   0.98082 0.01467 0.00451 ( 1)  0.074 +-  0.151
 645 K   0.98976 0.00831 0.00193 ( 1)  0.064 +-  0.109
 646 G   0.98454 0.01211 0.00335 ( 1)  0.070 +-  0.134
 647 E   0.98980 0.00827 0.00193 ( 1)  0.064 +-  0.108
 648 L   0.96089 0.02723 0.01187 ( 1)  0.097 +-  0.222
 649 I   0.98834 0.00935 0.00231 ( 1)  0.066 +-  0.116
 650 H   0.98306 0.01313 0.00380 ( 1)  0.071 +-  0.141
 651 V   0.98519 0.01159 0.00322 ( 1)  0.069 +-  0.132
 652 F   0.98082 0.01467 0.00451 ( 1)  0.074 +-  0.151
 653 N   0.97727 0.01704 0.00569 ( 1)  0.078 +-  0.165
 654 K   0.98956 0.00845 0.00199 ( 1)  0.064 +-  0.110
 655 H   0.98306 0.01313 0.00380 ( 1)  0.071 +-  0.141
 656 D   0.99195 0.00666 0.00139 ( 1)  0.062 +-  0.096
 657 G   0.98650 0.01072 0.00277 ( 1)  0.068 +-  0.125
 658 A   0.96191 0.02664 0.01145 ( 1)  0.096 +-  0.219
 659 L   0.94977 0.03361 0.01662 ( 1)  0.110 +-  0.255
 660 R   0.04572 0.42277 0.53151 ( 3)  1.276 +-  0.482
 661 N   0.99193 0.00668 0.00139 ( 1)  0.062 +-  0.096
 662 T   0.98314 0.01308 0.00377 ( 1)  0.071 +-  0.141
 663 E   0.62616 0.24301 0.13083 ( 1)  0.477 +-  0.572
 664 Y   0.97738 0.01696 0.00566 ( 1)  0.078 +-  0.165
 665 F   0.96709 0.02347 0.00943 ( 1)  0.090 +-  0.202
 666 N   0.99193 0.00668 0.00139 ( 1)  0.062 +-  0.096
 667 Q   0.96969 0.02191 0.00841 ( 1)  0.087 +-  0.193
 668 L   0.96009 0.02770 0.01220 ( 1)  0.098 +-  0.224
 669 K   0.98976 0.00831 0.00193 ( 1)  0.064 +-  0.109
 670 D   0.97936 0.01560 0.00504 ( 1)  0.076 +-  0.157
 671 N   0.99104 0.00735 0.00161 ( 1)  0.063 +-  0.101
 672 S   0.97856 0.01621 0.00523 ( 1)  0.076 +-  0.160
 673 N   0.97727 0.01704 0.00569 ( 1)  0.078 +-  0.165
 674 I   0.99094 0.00743 0.00163 ( 1)  0.063 +-  0.102
 675 I   0.98834 0.00935 0.00231 ( 1)  0.066 +-  0.116
 676 L   0.96275 0.02609 0.01116 ( 1)  0.095 +-  0.216
 677 L   0.94368 0.03693 0.01939 ( 1)  0.117 +-  0.272
 678 G   0.98454 0.01211 0.00335 ( 1)  0.070 +-  0.134
 679 D   0.98117 0.01438 0.00444 ( 1)  0.074 +-  0.150
 680 S   0.95029 0.03333 0.01638 ( 1)  0.109 +-  0.253
 681 Q   0.96969 0.02191 0.00841 ( 1)  0.087 +-  0.193
 682 G   0.98454 0.01211 0.00335 ( 1)  0.070 +-  0.134
 683 D   0.97787 0.01664 0.00549 ( 1)  0.077 +-  0.163
 684 L   0.96114 0.02709 0.01177 ( 1)  0.096 +-  0.221
 685 R   0.98445 0.01218 0.00337 ( 1)  0.070 +-  0.135
 686 M   0.99059 0.00772 0.00169 ( 1)  0.063 +-  0.104
 687 A   0.98329 0.01298 0.00373 ( 1)  0.071 +-  0.140
 688 D   0.99195 0.00666 0.00139 ( 1)  0.062 +-  0.096
 689 G   0.98381 0.01262 0.00357 ( 1)  0.071 +-  0.138
 690 V   0.98014 0.01505 0.00482 ( 1)  0.075 +-  0.154
 691 A   0.96191 0.02664 0.01145 ( 1)  0.096 +-  0.219
 692 N   0.99193 0.00668 0.00139 ( 1)  0.062 +-  0.096
 693 V   0.98640 0.01073 0.00287 ( 1)  0.068 +-  0.126
 694 E   0.98541 0.01141 0.00318 ( 1)  0.069 +-  0.131
 695 H   0.96324 0.02586 0.01091 ( 1)  0.094 +-  0.214
 696 I   0.98834 0.00935 0.00231 ( 1)  0.066 +-  0.116
 697 L   0.94446 0.03651 0.01903 ( 1)  0.116 +-  0.270
 698 K   0.98976 0.00831 0.00193 ( 1)  0.064 +-  0.109
 699 I   0.98732 0.01009 0.00259 ( 1)  0.067 +-  0.121
 700 G   0.98454 0.01211 0.00335 ( 1)  0.070 +-  0.134
 701 Y   0.97855 0.01619 0.00526 ( 1)  0.076 +-  0.160
 702 L   0.96040 0.02752 0.01208 ( 1)  0.097 +-  0.223
 703 N   0.99193 0.00668 0.00139 ( 1)  0.062 +-  0.096
 704 D   0.99195 0.00666 0.00139 ( 1)  0.062 +-  0.096
 705 R   0.98351 0.01283 0.00366 ( 1)  0.071 +-  0.139
 706 V   0.96883 0.02240 0.00877 ( 1)  0.088 +-  0.196
 707 D   0.99118 0.00724 0.00158 ( 1)  0.063 +-  0.100
 708 E   0.97942 0.01559 0.00499 ( 1)  0.075 +-  0.157
 709 L   0.97661 0.01747 0.00592 ( 1)  0.079 +-  0.168
 710 L   0.96114 0.02709 0.01177 ( 1)  0.096 +-  0.221
 711 E   0.98980 0.00827 0.00193 ( 1)  0.064 +-  0.108
 712 K   0.97897 0.01590 0.00513 ( 1)  0.076 +-  0.159
 713 Y   0.95719 0.02939 0.01342 ( 1)  0.101 +-  0.233
 714 M   0.99059 0.00772 0.00169 ( 1)  0.063 +-  0.104
 715 D   0.68192 0.20662 0.11146 ( 1)  0.414 +-  0.550
 716 S   0.96921 0.02221 0.00857 ( 1)  0.087 +-  0.195
 717 Y   0.97616 0.01776 0.00608 ( 1)  0.079 +-  0.170
 718 D   0.99195 0.00666 0.00139 ( 1)  0.062 +-  0.096
 719 I   0.98834 0.00935 0.00231 ( 1)  0.066 +-  0.116
 720 V   0.98640 0.01073 0.00287 ( 1)  0.068 +-  0.126
 721 L   0.96059 0.02735 0.01206 ( 1)  0.097 +-  0.223
 722 V   0.98444 0.01212 0.00344 ( 1)  0.070 +-  0.135
 723 Q   0.96969 0.02191 0.00841 ( 1)  0.087 +-  0.193
 724 D   0.99195 0.00666 0.00139 ( 1)  0.062 +-  0.096
 725 E   0.98980 0.00827 0.00193 ( 1)  0.064 +-  0.108
 726 S   0.96118 0.02707 0.01175 ( 1)  0.096 +-  0.221
 727 L   0.95208 0.03230 0.01562 ( 1)  0.107 +-  0.248
 728 E   0.98542 0.01146 0.00312 ( 1)  0.069 +-  0.131
 729 V   0.75453 0.16839 0.07708 ( 1)  0.327 +-  0.495
 730 A   0.55384 0.26081 0.18535 ( 1)  0.579 +-  0.622
 731 N   0.97727 0.01704 0.00569 ( 1)  0.078 +-  0.165
 732 S   0.96887 0.02243 0.00870 ( 1)  0.087 +-  0.196
 733 I   0.98834 0.00935 0.00231 ( 1)  0.066 +-  0.116
 734 L   0.96114 0.02709 0.01177 ( 1)  0.096 +-  0.221
 735 Q   0.95582 0.03020 0.01398 ( 1)  0.103 +-  0.237
 736 K   0.97897 0.01590 0.00513 ( 1)  0.076 +-  0.159
 737 I   0.98834 0.00935 0.00231 ( 1)  0.066 +-  0.116
 738 L   0.96574 0.02432 0.00993 ( 1)  0.091 +-  0.206

Positively selected sites

	Prob(w>1)  mean w

   206 Q      0.603         1.361 +- 0.565
   379 Y      0.521         1.262 +- 0.494
   499 I      0.711         1.452 +- 0.516
   515 L      0.529         1.272 +- 0.499
   660 R      0.532         1.276 +- 0.482

