Supplemental results for CODEML (seqf: algn  treef: tree)


dN/dS (w) for site classes (K=8)

p:   0.12500  0.12500  0.12500  0.12500  0.12500  0.12500  0.12500  0.12500
w:   0.00000  0.00000  0.00006  0.00371  0.07584  0.53532  0.96286  0.99994

Naive Empirical Bayes (NEB) probabilities for 8 classes & postmean_w
(amino acids refer to 1st sequence: allNig_SAMHD1_JN936900)

   1 -   0.12500 0.12500 0.12500 0.12500 0.12500 0.12500 0.12500 0.12500 ( 7)  0.322
   2 -   0.12500 0.12500 0.12500 0.12500 0.12500 0.12500 0.12500 0.12500 ( 6)  0.322
   3 -   0.12500 0.12500 0.12500 0.12500 0.12500 0.12500 0.12500 0.12500 ( 7)  0.322
   4 -   0.12500 0.12500 0.12500 0.12500 0.12500 0.12500 0.12500 0.12500 ( 7)  0.322
   5 -   0.12500 0.12500 0.12500 0.12500 0.12500 0.12500 0.12500 0.12500 ( 7)  0.322
   6 -   0.12500 0.12500 0.12500 0.12500 0.12500 0.12500 0.12500 0.12500 ( 6)  0.322
   7 -   0.12500 0.12500 0.12500 0.12500 0.12500 0.12500 0.12500 0.12500 ( 7)  0.322
   8 -   0.12500 0.12500 0.12500 0.12500 0.12500 0.12500 0.12500 0.12500 ( 7)  0.322
   9 -   0.12500 0.12500 0.12500 0.12500 0.12500 0.12500 0.12500 0.12500 ( 7)  0.322
  10 -   0.12500 0.12500 0.12500 0.12500 0.12500 0.12500 0.12500 0.12500 ( 7)  0.322
  11 -   0.12500 0.12500 0.12500 0.12500 0.12500 0.12500 0.12500 0.12500 ( 7)  0.322
  12 -   0.12500 0.12500 0.12500 0.12500 0.12500 0.12500 0.12500 0.12500 ( 7)  0.322
  13 -   0.12500 0.12500 0.12500 0.12500 0.12500 0.12500 0.12500 0.12500 ( 1)  0.322
  14 -   0.12500 0.12500 0.12500 0.12500 0.12500 0.12500 0.12500 0.12500 ( 7)  0.322
  15 -   0.12500 0.12500 0.12500 0.12500 0.12500 0.12500 0.12500 0.12500 ( 7)  0.322
  16 -   0.12500 0.12500 0.12500 0.12500 0.12500 0.12500 0.12500 0.12500 ( 7)  0.322
  17 -   0.12500 0.12500 0.12500 0.12500 0.12500 0.12500 0.12500 0.12500 ( 2)  0.322
  18 -   0.12500 0.12500 0.12500 0.12500 0.12500 0.12500 0.12500 0.12500 ( 7)  0.322
  19 -   0.12500 0.12500 0.12500 0.12500 0.12500 0.12500 0.12500 0.12500 ( 7)  0.322
  20 -   0.12500 0.12500 0.12500 0.12500 0.12500 0.12500 0.12500 0.12500 ( 7)  0.322
  21 -   0.12500 0.12500 0.12500 0.12500 0.12500 0.12500 0.12500 0.12500 ( 7)  0.322
  22 -   0.12500 0.12500 0.12500 0.12500 0.12500 0.12500 0.12500 0.12500 ( 7)  0.322
  23 -   0.12500 0.12500 0.12500 0.12500 0.12500 0.12500 0.12500 0.12500 ( 7)  0.322
  24 -   0.12500 0.12500 0.12500 0.12500 0.12500 0.12500 0.12500 0.12500 ( 8)  0.322
  25 -   0.12500 0.12500 0.12500 0.12500 0.12500 0.12500 0.12500 0.12500 ( 7)  0.322
  26 -   0.12500 0.12500 0.12500 0.12500 0.12500 0.12500 0.12500 0.12500 ( 1)  0.322
  27 -   0.12500 0.12500 0.12500 0.12500 0.12500 0.12500 0.12500 0.12500 ( 1)  0.322
  28 -   0.12500 0.12500 0.12500 0.12500 0.12500 0.12500 0.12500 0.12500 ( 1)  0.322
  29 -   0.15758 0.15758 0.15757 0.15702 0.14656 0.09546 0.06515 0.06308 ( 1)  0.189
  30 -   0.14071 0.14071 0.14071 0.14049 0.13628 0.11266 0.09491 0.09353 ( 1)  0.256
  31 -   0.00000 0.00000 0.00000 0.00001 0.00317 0.14206 0.41327 0.44150 ( 8)  0.916
  32 -   0.14963 0.14963 0.14962 0.14925 0.14199 0.10410 0.07881 0.07697 ( 1)  0.220
  33 -   0.00000 0.00000 0.00003 0.00207 0.04098 0.23683 0.35599 0.36409 ( 8)  0.837
  34 -   0.00000 0.00000 0.00003 0.00213 0.04210 0.23906 0.35449 0.36218 ( 8)  0.835
  35 -   0.14462 0.14462 0.14461 0.14433 0.13888 0.10911 0.08773 0.08611 ( 1)  0.240
  36 -   0.11503 0.11503 0.11503 0.11479 0.11112 0.11832 0.15347 0.15721 ( 8)  0.377
  37 -   0.00000 0.00000 0.00004 0.00221 0.04340 0.24227 0.35254 0.35955 ( 8)  0.832
  38 -   0.00000 0.00000 0.00001 0.00068 0.01561 0.17341 0.39432 0.41597 ( 8)  0.890
  39 -   0.13761 0.13761 0.13761 0.13744 0.13418 0.11540 0.10066 0.09949 ( 1)  0.269
  40 -   0.13964 0.13964 0.13963 0.13944 0.13559 0.11371 0.09684 0.09552 ( 1)  0.260
  41 -   0.00000 0.00000 0.00004 0.00222 0.04355 0.24209 0.35251 0.35960 ( 8)  0.832
  42 -   0.14306 0.14306 0.14306 0.14281 0.13789 0.11061 0.09052 0.08898 ( 1)  0.246
  43 -   0.13761 0.13761 0.13761 0.13744 0.13418 0.11540 0.10066 0.09949 ( 1)  0.269
  44 -   0.14306 0.14306 0.14306 0.14281 0.13789 0.11061 0.09052 0.08898 ( 1)  0.246
  45 -   0.00000 0.00000 0.00004 0.00221 0.04353 0.24258 0.35235 0.35929 ( 8)  0.832
  46 -   0.14646 0.14646 0.14645 0.14614 0.14006 0.10735 0.08441 0.08269 ( 1)  0.233
  47 -   0.13654 0.13654 0.13653 0.13638 0.13347 0.11640 0.10262 0.10151 ( 1)  0.273
  48 -   0.14437 0.14437 0.14436 0.14408 0.13872 0.10935 0.08818 0.08658 ( 1)  0.241
  49 -   0.14127 0.14127 0.14127 0.14104 0.13669 0.11224 0.09382 0.09239 ( 1)  0.254
  50 -   0.14154 0.14154 0.14154 0.14131 0.13686 0.11198 0.09334 0.09189 ( 1)  0.253
  51 -   0.14438 0.14438 0.14438 0.14410 0.13876 0.10940 0.08811 0.08649 ( 1)  0.241
  52 -   0.13664 0.13664 0.13664 0.13649 0.13353 0.11628 0.10244 0.10133 ( 1)  0.273
  53 -   0.15387 0.15387 0.15387 0.15340 0.14447 0.09955 0.07147 0.06950 ( 1)  0.203
  54 -   0.00000 0.00000 0.00000 0.00001 0.00342 0.14637 0.41162 0.43858 ( 8)  0.914
  55 -   0.13761 0.13761 0.13761 0.13744 0.13418 0.11540 0.10066 0.09949 ( 1)  0.269
  56 -   0.14140 0.14140 0.14140 0.14117 0.13681 0.11219 0.09354 0.09208 ( 1)  0.253
  57 -   0.14154 0.14154 0.14154 0.14131 0.13686 0.11198 0.09334 0.09189 ( 1)  0.253
  58 -   0.13063 0.13063 0.13063 0.13056 0.12923 0.12105 0.11394 0.11334 ( 1)  0.298
  59 -   0.14149 0.14149 0.14149 0.14126 0.13683 0.11201 0.09343 0.09199 ( 1)  0.253
  60 -   0.00000 0.00000 0.00005 0.00300 0.05729 0.26797 0.33467 0.33702 ( 8)  0.807
  61 -   0.00000 0.00000 0.00004 0.00245 0.04783 0.25137 0.34652 0.35179 ( 8)  0.824
  62 -   0.00000 0.00000 0.00004 0.00236 0.04612 0.24744 0.34899 0.35505 ( 8)  0.827
  63 M   0.19013 0.19013 0.19010 0.18837 0.15734 0.05029 0.01759 0.01606 ( 1)  0.073
  64 Q   0.16989 0.16989 0.16988 0.16902 0.15288 0.08087 0.04490 0.04267 ( 1)  0.141
  65 Q   0.00000 0.00000 0.00000 0.00002 0.00757 0.20787 0.38684 0.39770 ( 8)  0.882
  66 A   0.16992 0.16992 0.16991 0.16905 0.15289 0.08083 0.04485 0.04262 ( 1)  0.141
  67 D   0.00000 0.00000 0.00013 0.00774 0.13517 0.35431 0.25643 0.24622 ( 6)  0.693
  68 -   0.00000 0.00000 0.00000 0.00000 0.00000 0.01900 0.44297 0.53802 ( 8)  0.975
  69 -   0.00000 0.00000 0.00010 0.00597 0.10700 0.33206 0.28118 0.27369 ( 6)  0.730
  70 S   0.13282 0.13282 0.13282 0.13273 0.13084 0.11941 0.10968 0.10888 ( 1)  0.289
  71 D   0.14122 0.14122 0.14121 0.14099 0.13673 0.11247 0.09381 0.09234 ( 1)  0.254
  72 Q   0.16989 0.16989 0.16988 0.16902 0.15288 0.08087 0.04490 0.04267 ( 1)  0.141
  73 P   0.16378 0.16378 0.16377 0.16308 0.15012 0.08870 0.05450 0.05226 ( 1)  0.164
  74 S   0.16185 0.16185 0.16184 0.16121 0.14915 0.09103 0.05765 0.05542 ( 1)  0.172
  75 K   0.18356 0.18356 0.18354 0.18216 0.15688 0.06097 0.02558 0.02374 ( 1)  0.094
  76 R   0.16496 0.16496 0.16495 0.16422 0.15061 0.08714 0.05270 0.05046 ( 1)  0.160
  77 P   0.00000 0.00000 0.00006 0.00368 0.06929 0.28910 0.31962 0.31825 ( 7)  0.786
  78 R   0.17996 0.17996 0.17994 0.17871 0.15621 0.06656 0.03033 0.02834 ( 1)  0.106
  79 F   0.00000 0.00000 0.00000 0.00000 0.00053 0.11501 0.42584 0.45863 ( 8)  0.930
  80 D   0.19743 0.19742 0.19739 0.19514 0.15563 0.03751 0.01028 0.00920 ( 1)  0.052
  81 D   0.00000 0.00000 0.00011 0.00689 0.12181 0.34505 0.26764 0.25850 ( 6)  0.710
  82 S   0.17702 0.17702 0.17700 0.17590 0.15546 0.07096 0.03436 0.03227 ( 1)  0.116
  83 P   0.16548 0.16548 0.16547 0.16474 0.15093 0.08658 0.05178 0.04953 ( 1)  0.158
  84 R   0.00000 0.00000 0.00011 0.00649 0.11547 0.34020 0.27315 0.26458 ( 6)  0.718
  85 T   0.16981 0.16981 0.16980 0.16894 0.15285 0.08099 0.04502 0.04279 ( 1)  0.142
  86 P   0.16500 0.16500 0.16499 0.16427 0.15070 0.08717 0.05255 0.05030 ( 1)  0.160
  87 S   0.00000 0.00000 0.00000 0.00002 0.00688 0.19917 0.39055 0.40339 ( 8)  0.887
  88 S   0.00000 0.00000 0.00000 0.00000 0.00094 0.14879 0.41460 0.43568 ( 8)  0.915
  89 T   0.17268 0.17268 0.17266 0.17171 0.15394 0.07705 0.04073 0.03855 ( 1)  0.131
  90 P   0.00000 0.00000 0.00010 0.00611 0.10945 0.33493 0.27865 0.27075 ( 6)  0.727
  91 S   0.15993 0.15993 0.15992 0.15933 0.14816 0.09333 0.06080 0.05859 ( 1)  0.179
  92 A   0.17664 0.17664 0.17662 0.17553 0.15531 0.07149 0.03494 0.03285 ( 1)  0.117
  93 E   0.00000 0.00000 0.00010 0.00630 0.11237 0.33724 0.27609 0.26791 ( 6)  0.723
  94 A   0.00000 0.00000 0.00009 0.00556 0.10043 0.32648 0.28712 0.28032 ( 6)  0.739
  95 D   0.00000 0.00000 0.00011 0.00689 0.12181 0.34505 0.26764 0.25850 ( 6)  0.710
  96 W   0.00000 0.00000 0.00000 0.00000 0.00000 0.01692 0.44170 0.54138 ( 8)  0.976
  97 S   0.00000 0.00000 0.00005 0.00330 0.06267 0.27902 0.32735 0.32761 ( 8)  0.797
  98 P   0.00000 0.00000 0.00000 0.00001 0.00394 0.15778 0.40756 0.43071 ( 8)  0.908
  99 G   0.17341 0.17341 0.17339 0.17242 0.15425 0.07609 0.03960 0.03743 ( 1)  0.129
 100 L   0.00000 0.00000 0.00000 0.00000 0.00042 0.10343 0.42928 0.46687 ( 8)  0.936
 101 E   0.00000 0.00000 0.00000 0.00000 0.00154 0.18417 0.40122 0.41307 ( 8)  0.898
 102 L   0.16513 0.16513 0.16512 0.16439 0.15074 0.08700 0.05237 0.05012 ( 1)  0.159
 103 H   0.00000 0.00000 0.00015 0.00909 0.15602 0.36591 0.24013 0.22869 ( 6)  0.668
 104 P   0.00000 0.00000 0.00006 0.00378 0.07095 0.29150 0.31773 0.31598 ( 7)  0.783
 105 D   0.18484 0.18484 0.18482 0.18337 0.15704 0.05894 0.02397 0.02218 ( 1)  0.089
 106 Y   0.00000 0.00000 0.00000 0.00002 0.00917 0.22502 0.37919 0.38659 ( 8)  0.873
 107 K   0.18356 0.18356 0.18354 0.18216 0.15688 0.06097 0.02558 0.02374 ( 1)  0.094
 108 T   0.17234 0.17234 0.17233 0.17139 0.15386 0.07756 0.04119 0.03899 ( 1)  0.132
 109 W   0.15316 0.15316 0.15315 0.15271 0.14435 0.10087 0.07233 0.07028 ( 1)  0.205
 110 G   0.00000 0.00000 0.00000 0.00000 0.00009 0.09386 0.43475 0.47130 ( 8)  0.940
 111 P   0.16345 0.16345 0.16344 0.16276 0.14996 0.08911 0.05504 0.05279 ( 1)  0.165
 112 E   0.18389 0.18389 0.18387 0.18247 0.15692 0.06045 0.02517 0.02334 ( 1)  0.093
 113 Q   0.16989 0.16989 0.16988 0.16902 0.15288 0.08087 0.04490 0.04267 ( 1)  0.141
 114 V   0.17095 0.17095 0.17093 0.17004 0.15326 0.07940 0.04333 0.04113 ( 1)  0.138
 115 C   0.16347 0.16347 0.16346 0.16278 0.14998 0.08911 0.05499 0.05274 ( 1)  0.165
 116 F   0.00000 0.00000 0.00000 0.00000 0.00052 0.11340 0.42633 0.45976 ( 8)  0.931
 117 F   0.17217 0.17217 0.17215 0.17122 0.15374 0.07774 0.04149 0.03931 ( 1)  0.133
 118 L   0.16506 0.16506 0.16505 0.16433 0.15071 0.08708 0.05247 0.05023 ( 1)  0.159
 119 R   0.00000 0.00000 0.00000 0.00000 0.00029 0.09760 0.43208 0.47003 ( 8)  0.938
 120 R   0.00000 0.00000 0.00007 0.00404 0.07534 0.29761 0.31282 0.31012 ( 7)  0.776
 121 G   0.00000 0.00000 0.00015 0.00929 0.15914 0.36830 0.23742 0.22569 ( 6)  0.664
 122 G   0.17323 0.17323 0.17321 0.17224 0.15418 0.07634 0.03988 0.03770 ( 1)  0.129
 123 F   0.17599 0.17599 0.17597 0.17490 0.15513 0.07245 0.03585 0.03373 ( 1)  0.119
 124 G   0.00000 0.00000 0.00000 0.00000 0.00129 0.17073 0.40645 0.42153 ( 8)  0.904
 125 E   0.18389 0.18389 0.18387 0.18247 0.15692 0.06045 0.02517 0.02334 ( 1)  0.093
 126 P   0.00000 0.00000 0.00006 0.00372 0.06997 0.29006 0.31885 0.31733 ( 7)  0.785
 127 A   0.00000 0.00000 0.00000 0.00000 0.00000 0.04250 0.44567 0.51182 ( 8)  0.964
 128 L   0.15580 0.15580 0.15580 0.15530 0.14586 0.09797 0.06780 0.06567 ( 1)  0.195
 129 L   0.00000 0.00000 0.00000 0.00002 0.00657 0.19559 0.39211 0.40571 ( 8)  0.888
 130 K   0.00000 0.00000 0.00012 0.00720 0.12665 0.34840 0.26358 0.25405 ( 6)  0.704
 131 N   0.00000 0.00000 0.00012 0.00750 0.13140 0.35173 0.25958 0.24967 ( 6)  0.698
 132 I   0.00000 0.00000 0.00008 0.00469 0.08620 0.31116 0.30129 0.29659 ( 6)  0.760
 133 R   0.00000 0.00000 0.00000 0.00000 0.00000 0.03875 0.44553 0.51571 ( 8)  0.965
 134 E   0.18936 0.18936 0.18933 0.18764 0.15723 0.05152 0.01856 0.01700 ( 1)  0.075
 135 N   0.19295 0.19295 0.19292 0.19100 0.15677 0.04534 0.01471 0.01336 ( 1)  0.064
 136 K   0.00000 0.00000 0.00015 0.00906 0.15550 0.36574 0.24049 0.22906 ( 6)  0.668
 137 I   0.17463 0.17463 0.17462 0.17360 0.15464 0.07433 0.03784 0.03570 ( 1)  0.124
 138 T   0.17598 0.17598 0.17597 0.17490 0.15511 0.07244 0.03587 0.03375 ( 1)  0.119
 139 G   0.17328 0.17328 0.17326 0.17229 0.15420 0.07627 0.03980 0.03762 ( 1)  0.129
 140 A   0.00000 0.00000 0.00000 0.00000 0.00060 0.12154 0.42378 0.45408 ( 8)  0.927
 141 L   0.15547 0.15547 0.15546 0.15497 0.14568 0.09836 0.06836 0.06624 ( 1)  0.196
 142 L   0.15580 0.15580 0.15580 0.15530 0.14586 0.09797 0.06780 0.06567 ( 1)  0.195
 143 P   0.00000 0.00000 0.00006 0.00360 0.06781 0.28696 0.32130 0.32027 ( 7)  0.788
 144 C   0.00000 0.00000 0.00010 0.00617 0.11037 0.33583 0.27777 0.26975 ( 6)  0.725
 145 L   0.18075 0.18075 0.18073 0.17947 0.15634 0.06532 0.02930 0.02734 ( 1)  0.103
 146 D   0.19743 0.19742 0.19739 0.19514 0.15563 0.03751 0.01028 0.00920 ( 1)  0.052
 147 E   0.18411 0.18411 0.18409 0.18268 0.15690 0.06006 0.02493 0.02311 ( 1)  0.092
 148 S   0.17467 0.17467 0.17465 0.17364 0.15471 0.07434 0.03773 0.03558 ( 1)  0.124
 149 H   0.00000 0.00000 0.00000 0.00005 0.01887 0.30059 0.34263 0.33786 ( 7)  0.830
 150 F   0.00000 0.00000 0.00011 0.00690 0.12198 0.34547 0.26737 0.25816 ( 6)  0.710
 151 E   0.18936 0.18936 0.18933 0.18764 0.15723 0.05152 0.01856 0.01700 ( 1)  0.075
 152 N   0.00000 0.00000 0.00000 0.00008 0.02613 0.33876 0.32217 0.31286 ( 6)  0.806
 153 L   0.18075 0.18075 0.18073 0.17947 0.15634 0.06532 0.02930 0.02734 ( 1)  0.103
 154 G   0.17875 0.17875 0.17873 0.17756 0.15591 0.06838 0.03198 0.02994 ( 1)  0.110
 155 V   0.00000 0.00000 0.00000 0.00003 0.01045 0.23771 0.37341 0.37840 ( 8)  0.866
 156 S   0.00000 0.00000 0.00017 0.01022 0.17325 0.37487 0.22693 0.21455 ( 6)  0.647
 157 S   0.00000 0.00000 0.00005 0.00323 0.06145 0.27704 0.32882 0.32941 ( 8)  0.799
 158 L   0.00000 0.00000 0.00000 0.00001 0.00491 0.17198 0.40179 0.42131 ( 8)  0.901
 159 G   0.00000 0.00000 0.00006 0.00338 0.06410 0.28135 0.32562 0.32549 ( 7)  0.794
 160 E   0.18310 0.18310 0.18308 0.18172 0.15675 0.06165 0.02623 0.02437 ( 1)  0.095
 161 R   0.17471 0.17471 0.17470 0.17368 0.15471 0.07427 0.03768 0.03553 ( 1)  0.124
 162 K   0.18259 0.18259 0.18256 0.18122 0.15671 0.06250 0.02686 0.02497 ( 1)  0.097
 163 K   0.00000 0.00000 0.00009 0.00554 0.10023 0.32620 0.28735 0.28059 ( 6)  0.739
 164 L   0.15508 0.15508 0.15507 0.15460 0.14545 0.09875 0.06903 0.06693 ( 1)  0.198
 165 L   0.17977 0.17977 0.17975 0.17853 0.15611 0.06680 0.03063 0.02864 ( 1)  0.106
 166 S   0.19059 0.19059 0.19056 0.18881 0.15730 0.04950 0.01707 0.01558 ( 1)  0.071
 167 Y   0.00000 0.00000 0.00013 0.00794 0.13839 0.35666 0.25368 0.24319 ( 6)  0.689
 168 I   0.17368 0.17368 0.17366 0.17268 0.15431 0.07567 0.03924 0.03708 ( 1)  0.128
 169 Q   0.16911 0.16911 0.16909 0.16826 0.15254 0.08190 0.04611 0.04388 ( 1)  0.144
 170 R   0.00000 0.00000 0.00006 0.00372 0.06982 0.28971 0.31907 0.31762 ( 7)  0.785
 171 L   0.00000 0.00000 0.00000 0.00000 0.00044 0.10712 0.42839 0.46405 ( 8)  0.934
 172 G   0.00000 0.00000 0.00000 0.00000 0.00157 0.18629 0.40046 0.41168 ( 8)  0.897
 173 Q   0.17280 0.17280 0.17279 0.17183 0.15393 0.07683 0.04059 0.03842 ( 1)  0.131
 174 I   0.00000 0.00000 0.00000 0.00003 0.00983 0.23162 0.37619 0.38233 ( 8)  0.869
 175 H   0.00000 0.00000 0.00000 0.00002 0.00924 0.22578 0.37885 0.38610 ( 8)  0.872
 176 I   0.00000 0.00000 0.00000 0.00000 0.00001 0.06156 0.44423 0.49420 ( 8)  0.955
 177 D   0.19587 0.19587 0.19583 0.19370 0.15612 0.04025 0.01176 0.01059 ( 1)  0.056
 178 T   0.17495 0.17495 0.17493 0.17390 0.15477 0.07391 0.03737 0.03523 ( 1)  0.123
 179 M   0.00000 0.00000 0.00019 0.01172 0.19550 0.38281 0.21144 0.19834 ( 6)  0.622
 180 K   0.00000 0.00000 0.00014 0.00870 0.15004 0.36323 0.24454 0.23335 ( 6)  0.675
 181 V   0.18457 0.18457 0.18454 0.18311 0.15701 0.05937 0.02431 0.02251 ( 1)  0.090
 182 I   0.19374 0.19374 0.19371 0.19174 0.15679 0.04403 0.01378 0.01247 ( 1)  0.062
 183 N   0.20114 0.20114 0.20110 0.19851 0.15377 0.03085 0.00717 0.00633 ( 1)  0.042
 184 D   0.20123 0.20123 0.20118 0.19859 0.15369 0.03069 0.00711 0.00628 ( 1)  0.042
 185 P   0.18366 0.18366 0.18363 0.18225 0.15695 0.06087 0.02541 0.02357 ( 1)  0.093
 186 I   0.17898 0.17898 0.17896 0.17778 0.15595 0.06802 0.03168 0.02966 ( 1)  0.109
 187 H   0.19530 0.19530 0.19526 0.19318 0.15642 0.04130 0.01223 0.01101 ( 1)  0.057
 188 G   0.17754 0.17754 0.17752 0.17640 0.15559 0.07018 0.03364 0.03157 ( 1)  0.114
 189 H   0.18247 0.18247 0.18245 0.18112 0.15673 0.06270 0.02697 0.02508 ( 1)  0.097
 190 I   0.19374 0.19374 0.19371 0.19174 0.15679 0.04403 0.01378 0.01247 ( 1)  0.062
 191 E   0.18842 0.18842 0.18840 0.18676 0.15728 0.05310 0.01961 0.01800 ( 1)  0.078
 192 L   0.16914 0.16914 0.16913 0.16829 0.15255 0.08184 0.04607 0.04384 ( 1)  0.144
 193 H   0.18252 0.18252 0.18250 0.18117 0.15674 0.06263 0.02691 0.02502 ( 1)  0.097
 194 P   0.18366 0.18366 0.18363 0.18225 0.15695 0.06087 0.02541 0.02357 ( 1)  0.093
 195 L   0.17171 0.17171 0.17170 0.17078 0.15357 0.07838 0.04217 0.03998 ( 1)  0.135
 196 L   0.16965 0.16965 0.16964 0.16878 0.15276 0.08117 0.04529 0.04306 ( 1)  0.142
 197 V   0.00000 0.00000 0.00000 0.00002 0.00928 0.22635 0.37862 0.38573 ( 8)  0.872
 198 R   0.16850 0.16850 0.16849 0.16767 0.15228 0.08270 0.04705 0.04481 ( 1)  0.147
 199 I   0.17898 0.17898 0.17896 0.17778 0.15595 0.06802 0.03168 0.02966 ( 1)  0.109
 200 I   0.19196 0.19196 0.19192 0.19008 0.15706 0.04712 0.01566 0.01425 ( 1)  0.067
 201 D   0.19933 0.19933 0.19929 0.19687 0.15473 0.03409 0.00866 0.00770 ( 1)  0.047
 202 T   0.17867 0.17867 0.17865 0.17748 0.15589 0.06850 0.03209 0.03006 ( 1)  0.110
 203 P   0.18366 0.18366 0.18363 0.18225 0.15695 0.06087 0.02541 0.02357 ( 1)  0.093
 204 Q   0.17911 0.17911 0.17909 0.17790 0.15599 0.06783 0.03149 0.02947 ( 1)  0.109
 205 F   0.18782 0.18782 0.18779 0.18620 0.15736 0.05416 0.02025 0.01860 ( 1)  0.080
 206 Q   0.17749 0.17749 0.17747 0.17634 0.15552 0.07021 0.03377 0.03171 ( 1)  0.114
 207 R   0.18165 0.18165 0.18163 0.18033 0.15662 0.06402 0.02801 0.02608 ( 1)  0.100
 208 L   0.18506 0.18506 0.18504 0.18358 0.15707 0.05859 0.02369 0.02192 ( 1)  0.089
 209 R   0.16859 0.16859 0.16858 0.16776 0.15232 0.08258 0.04691 0.04467 ( 1)  0.146
 210 Y   0.18462 0.18462 0.18460 0.18316 0.15697 0.05926 0.02428 0.02249 ( 1)  0.090
 211 I   0.18443 0.18443 0.18441 0.18298 0.15690 0.05952 0.02456 0.02276 ( 1)  0.091
 212 K   0.19333 0.19333 0.19330 0.19136 0.15686 0.04474 0.01420 0.01287 ( 1)  0.063
 213 Q   0.17411 0.17411 0.17410 0.17310 0.15449 0.07510 0.03857 0.03641 ( 1)  0.126
 214 L   0.15831 0.15831 0.15830 0.15775 0.14725 0.09513 0.06356 0.06139 ( 1)  0.185
 215 G   0.18316 0.18316 0.18314 0.18178 0.15686 0.06164 0.02606 0.02419 ( 1)  0.095
 216 G   0.19153 0.19153 0.19150 0.18969 0.15718 0.04788 0.01606 0.01462 ( 1)  0.068
 217 G   0.19359 0.19359 0.19356 0.19161 0.15690 0.04432 0.01387 0.01255 ( 1)  0.062
 218 Y   0.17846 0.17846 0.17844 0.17728 0.15584 0.06882 0.03236 0.03032 ( 1)  0.111
 219 Y   0.19093 0.19093 0.19090 0.18912 0.15723 0.04890 0.01673 0.01525 ( 1)  0.070
 220 V   0.19175 0.19175 0.19172 0.18988 0.15705 0.04746 0.01591 0.01448 ( 1)  0.068
 221 F   0.18741 0.18741 0.18739 0.18581 0.15733 0.05482 0.02074 0.01908 ( 1)  0.081
 222 P   0.17419 0.17419 0.17418 0.17318 0.15453 0.07499 0.03845 0.03629 ( 1)  0.126
 223 G   0.18316 0.18316 0.18314 0.18178 0.15686 0.06164 0.02606 0.02419 ( 1)  0.095
 224 A   0.18971 0.18971 0.18968 0.18797 0.15732 0.05099 0.01809 0.01654 ( 1)  0.074
 225 S   0.16368 0.16368 0.16367 0.16299 0.15007 0.08882 0.05466 0.05241 ( 1)  0.165
 226 H   0.18247 0.18247 0.18245 0.18112 0.15673 0.06270 0.02697 0.02508 ( 1)  0.097
 227 N   0.20114 0.20114 0.20110 0.19851 0.15377 0.03085 0.00717 0.00633 ( 1)  0.042
 228 R   0.16859 0.16859 0.16858 0.16776 0.15232 0.08258 0.04691 0.04467 ( 1)  0.146
 229 F   0.18782 0.18782 0.18779 0.18620 0.15736 0.05416 0.02025 0.01860 ( 1)  0.080
 230 E   0.18899 0.18899 0.18896 0.18729 0.15722 0.05213 0.01900 0.01743 ( 1)  0.076
 231 H   0.19530 0.19530 0.19526 0.19318 0.15642 0.04130 0.01223 0.01101 ( 1)  0.057
 232 S   0.19565 0.19565 0.19562 0.19352 0.15645 0.04072 0.01180 0.01060 ( 1)  0.056
 233 L   0.16551 0.16551 0.16550 0.16476 0.15092 0.08651 0.05177 0.04952 ( 1)  0.158
 234 G   0.17707 0.17707 0.17705 0.17594 0.15545 0.07087 0.03431 0.03222 ( 1)  0.116
 235 V   0.17830 0.17830 0.17828 0.17712 0.15569 0.06895 0.03269 0.03066 ( 1)  0.112
 236 G   0.17707 0.17707 0.17705 0.17594 0.15545 0.07087 0.03431 0.03222 ( 1)  0.116
 237 Y   0.19093 0.19093 0.19090 0.18912 0.15723 0.04890 0.01673 0.01525 ( 1)  0.070
 238 L   0.16797 0.16797 0.16796 0.16715 0.15202 0.08334 0.04791 0.04567 ( 1)  0.149
 239 A   0.18059 0.18059 0.18057 0.17932 0.15636 0.06561 0.02945 0.02749 ( 1)  0.104
 240 G   0.18314 0.18314 0.18312 0.18175 0.15686 0.06168 0.02609 0.02422 ( 1)  0.095
 241 C   0.18269 0.18269 0.18266 0.18133 0.15683 0.06243 0.02663 0.02474 ( 1)  0.096
 242 L   0.16551 0.16551 0.16550 0.16476 0.15092 0.08651 0.05177 0.04952 ( 1)  0.158
 243 V   0.19084 0.19084 0.19081 0.18903 0.15717 0.04903 0.01688 0.01540 ( 1)  0.071
 244 R   0.00000 0.00000 0.00000 0.00003 0.01072 0.24008 0.37230 0.37688 ( 8)  0.865
 245 A   0.17978 0.17978 0.17976 0.17854 0.15617 0.06684 0.03056 0.02857 ( 1)  0.106
 246 L   0.16115 0.16115 0.16114 0.16052 0.14878 0.09185 0.05881 0.05659 ( 1)  0.174
 247 G   0.00000 0.00000 0.00014 0.00819 0.14233 0.35963 0.25028 0.23944 ( 6)  0.684
 248 E   0.00000 0.00000 0.00018 0.01118 0.18734 0.37924 0.21741 0.20465 ( 6)  0.631
 249 K   0.19290 0.19290 0.19287 0.19096 0.15688 0.04547 0.01469 0.01333 ( 1)  0.064
 250 Q   0.17915 0.17915 0.17913 0.17794 0.15601 0.06779 0.03144 0.02942 ( 1)  0.108
 251 P   0.17433 0.17433 0.17432 0.17331 0.15458 0.07480 0.03824 0.03609 ( 1)  0.125
 252 E   0.18825 0.18825 0.18823 0.18660 0.15728 0.05339 0.01981 0.01819 ( 1)  0.078
 253 L   0.15925 0.15925 0.15924 0.15867 0.14777 0.09408 0.06197 0.05977 ( 1)  0.182
 254 Q   0.00000 0.00000 0.00009 0.00541 0.09796 0.32393 0.28954 0.28308 ( 6)  0.743
 255 I   0.19155 0.19155 0.19152 0.18970 0.15711 0.04782 0.01610 0.01466 ( 1)  0.068
 256 S   0.19565 0.19565 0.19562 0.19352 0.15645 0.04072 0.01180 0.01060 ( 1)  0.056
 257 E   0.19357 0.19357 0.19354 0.19158 0.15680 0.04433 0.01397 0.01265 ( 1)  0.062
 258 R   0.16859 0.16859 0.16858 0.16776 0.15232 0.08258 0.04691 0.04467 ( 1)  0.146
 259 D   0.20050 0.20050 0.20046 0.19793 0.15413 0.03200 0.00768 0.00680 ( 1)  0.044
 260 I   0.00000 0.00000 0.00000 0.00007 0.02371 0.32886 0.32787 0.31949 ( 6)  0.813
 261 L   0.16858 0.16858 0.16857 0.16775 0.15231 0.08258 0.04693 0.04470 ( 1)  0.146
 262 C   0.18256 0.18256 0.18253 0.18120 0.15681 0.06263 0.02680 0.02491 ( 1)  0.097
 263 V   0.19175 0.19175 0.19172 0.18988 0.15705 0.04746 0.01591 0.01448 ( 1)  0.068
 264 Q   0.17411 0.17411 0.17410 0.17310 0.15449 0.07510 0.03857 0.03641 ( 1)  0.126
 265 I   0.19374 0.19374 0.19371 0.19174 0.15679 0.04403 0.01378 0.01247 ( 1)  0.062
 266 A   0.19029 0.19029 0.19026 0.18852 0.15729 0.05000 0.01743 0.01591 ( 1)  0.072
 267 G   0.17952 0.17952 0.17950 0.17829 0.15612 0.06725 0.03090 0.02889 ( 1)  0.107
 268 L   0.18514 0.18514 0.18511 0.18365 0.15708 0.05847 0.02360 0.02183 ( 1)  0.088
 269 C   0.18352 0.18352 0.18350 0.18213 0.15698 0.06112 0.02554 0.02369 ( 1)  0.094
 270 H   0.19607 0.19607 0.19603 0.19390 0.15621 0.03994 0.01148 0.01031 ( 1)  0.055
 271 D   0.20050 0.20050 0.20046 0.19793 0.15413 0.03200 0.00768 0.00680 ( 1)  0.044
 272 L   0.17658 0.17658 0.17657 0.17547 0.15520 0.07147 0.03510 0.03302 ( 1)  0.118
 273 G   0.19359 0.19359 0.19356 0.19161 0.15690 0.04432 0.01387 0.01255 ( 1)  0.062
 274 H   0.19530 0.19530 0.19526 0.19318 0.15642 0.04130 0.01223 0.01101 ( 1)  0.057
 275 G   0.17790 0.17790 0.17789 0.17675 0.15570 0.06966 0.03313 0.03107 ( 1)  0.113
 276 P   0.17516 0.17516 0.17514 0.17410 0.15486 0.07364 0.03704 0.03491 ( 1)  0.122
 277 F   0.18864 0.18864 0.18862 0.18698 0.15738 0.05279 0.01927 0.01767 ( 1)  0.077
 278 S   0.17986 0.17986 0.17984 0.17862 0.15624 0.06677 0.03041 0.02841 ( 1)  0.106
 279 H   0.18806 0.18806 0.18803 0.18641 0.15718 0.05364 0.02012 0.01850 ( 1)  0.079
 280 M   0.19509 0.19509 0.19505 0.19300 0.15662 0.04172 0.01234 0.01111 ( 1)  0.058
 281 F   0.18864 0.18864 0.18862 0.18698 0.15738 0.05279 0.01927 0.01767 ( 1)  0.077
 282 D   0.20193 0.20193 0.20189 0.19922 0.15324 0.02943 0.00658 0.00579 ( 1)  0.040
 283 G   0.18400 0.18400 0.18398 0.18258 0.15700 0.06032 0.02497 0.02314 ( 1)  0.092
 284 R   0.17531 0.17531 0.17530 0.17424 0.15471 0.07318 0.03702 0.03493 ( 1)  0.122
 285 F   0.18864 0.18864 0.18862 0.18698 0.15738 0.05279 0.01927 0.01767 ( 1)  0.077
 286 I   0.19453 0.19453 0.19450 0.19247 0.15663 0.04265 0.01297 0.01171 ( 1)  0.060
 287 P   0.17512 0.17512 0.17511 0.17407 0.15485 0.07368 0.03709 0.03496 ( 1)  0.123
 288 L   0.18597 0.18597 0.18595 0.18445 0.15716 0.05712 0.02255 0.02082 ( 1)  0.086
 289 A   0.19111 0.19111 0.19108 0.18929 0.15724 0.04862 0.01652 0.01505 ( 1)  0.070
 290 R   0.17176 0.17176 0.17175 0.17083 0.15364 0.07838 0.04205 0.03984 ( 1)  0.135
 291 P   0.17068 0.17068 0.17066 0.16978 0.15320 0.07982 0.04370 0.04148 ( 1)  0.139
 292 E   0.18913 0.18913 0.18910 0.18742 0.15728 0.05193 0.01879 0.01722 ( 1)  0.076
 293 V   0.00000 0.00000 0.00008 0.00487 0.08920 0.31417 0.29838 0.29329 ( 6)  0.756
 294 K   0.19413 0.19413 0.19409 0.19210 0.15671 0.04336 0.01338 0.01210 ( 1)  0.061
 295 W   0.15698 0.15698 0.15698 0.15646 0.14656 0.09671 0.06575 0.06359 ( 1)  0.190
 296 T   0.00000 0.00000 0.00009 0.00537 0.09734 0.32351 0.29005 0.28364 ( 6)  0.743
 297 H   0.19603 0.19603 0.19599 0.19386 0.15622 0.04001 0.01152 0.01035 ( 1)  0.055
 298 E   0.19436 0.19436 0.19432 0.19231 0.15665 0.04295 0.01316 0.01189 ( 1)  0.060
 299 Q   0.00000 0.00000 0.00010 0.00613 0.10968 0.33477 0.27859 0.27073 ( 6)  0.727
 300 G   0.17838 0.17838 0.17836 0.17720 0.15583 0.06896 0.03247 0.03043 ( 1)  0.111
 301 S   0.16405 0.16405 0.16403 0.16334 0.15025 0.08838 0.05408 0.05183 ( 1)  0.163
 302 V   0.19255 0.19255 0.19252 0.19063 0.15696 0.04608 0.01504 0.01366 ( 1)  0.065
 303 M   0.00000 0.00000 0.00016 0.00988 0.16810 0.37228 0.23085 0.21873 ( 6)  0.653
 304 M   0.19509 0.19509 0.19505 0.19300 0.15662 0.04172 0.01234 0.01111 ( 1)  0.058
 305 F   0.18864 0.18864 0.18862 0.18698 0.15738 0.05279 0.01927 0.01767 ( 1)  0.077
 306 E   0.18908 0.18908 0.18905 0.18738 0.15729 0.05202 0.01884 0.01726 ( 1)  0.076
 307 H   0.18392 0.18392 0.18389 0.18249 0.15694 0.06042 0.02512 0.02329 ( 1)  0.092
 308 L   0.17469 0.17469 0.17467 0.17365 0.15468 0.07428 0.03774 0.03560 ( 1)  0.124
 309 I   0.00000 0.00000 0.00000 0.00007 0.02347 0.32686 0.32884 0.32076 ( 7)  0.814
 310 N   0.20184 0.20184 0.20180 0.19914 0.15332 0.02959 0.00663 0.00583 ( 1)  0.040
 311 S   0.17986 0.17986 0.17984 0.17862 0.15624 0.06677 0.03041 0.02841 ( 1)  0.106
 312 N   0.20181 0.20181 0.20176 0.19911 0.15334 0.02966 0.00666 0.00586 ( 1)  0.041
 313 G   0.18400 0.18400 0.18398 0.18258 0.15700 0.06032 0.02497 0.02314 ( 1)  0.092
 314 I   0.00000 0.00000 0.00008 0.00513 0.09346 0.31915 0.29399 0.28818 ( 6)  0.749
 315 K   0.00000 0.00000 0.00015 0.00918 0.15737 0.36659 0.23911 0.22760 ( 6)  0.666
 316 P   0.00000 0.00000 0.00014 0.00875 0.15083 0.36370 0.24391 0.23267 ( 6)  0.674
 317 V   0.00000 0.00000 0.00000 0.00003 0.01016 0.23484 0.37472 0.38025 ( 8)  0.868
 318 M   0.19509 0.19509 0.19505 0.19300 0.15662 0.04172 0.01234 0.01111 ( 1)  0.058
 319 E   0.19436 0.19436 0.19432 0.19231 0.15665 0.04295 0.01316 0.01189 ( 1)  0.060
 320 H   0.00000 0.00000 0.00000 0.00000 0.00000 0.01422 0.44217 0.54360 ( 8)  0.977
 321 Y   0.19174 0.19174 0.19171 0.18988 0.15716 0.04752 0.01584 0.01441 ( 1)  0.068
 322 G   0.19438 0.19438 0.19435 0.19234 0.15675 0.04295 0.01306 0.01179 ( 1)  0.060
 323 L   0.17056 0.17056 0.17054 0.16966 0.15313 0.07996 0.04391 0.04169 ( 1)  0.139
 324 I   0.00000 0.00000 0.00010 0.00625 0.11157 0.33643 0.27686 0.26879 ( 6)  0.724
 325 P   0.18442 0.18442 0.18440 0.18298 0.15706 0.05966 0.02444 0.02262 ( 1)  0.091
 326 E   0.19436 0.19436 0.19432 0.19231 0.15665 0.04295 0.01316 0.01189 ( 1)  0.060
 327 E   0.19436 0.19436 0.19432 0.19231 0.15665 0.04295 0.01316 0.01189 ( 1)  0.060
 328 D   0.20187 0.20187 0.20183 0.19916 0.15328 0.02954 0.00662 0.00583 ( 1)  0.040
 329 I   0.19453 0.19453 0.19450 0.19247 0.15663 0.04265 0.01297 0.01171 ( 1)  0.060
 330 C   0.16832 0.16832 0.16830 0.16749 0.15224 0.08299 0.04729 0.04505 ( 1)  0.147
 331 F   0.18864 0.18864 0.18862 0.18698 0.15738 0.05279 0.01927 0.01767 ( 1)  0.077
 332 I   0.00000 0.00000 0.00011 0.00640 0.11399 0.33851 0.27466 0.26633 ( 6)  0.721
 333 K   0.18875 0.18875 0.18872 0.18707 0.15730 0.05257 0.01921 0.01761 ( 1)  0.077
 334 E   0.19436 0.19436 0.19432 0.19231 0.15665 0.04295 0.01316 0.01189 ( 1)  0.060
 335 Q   0.00000 0.00000 0.00010 0.00626 0.11178 0.33693 0.27654 0.26839 ( 6)  0.724
 336 I   0.19453 0.19453 0.19450 0.19247 0.15663 0.04265 0.01297 0.01171 ( 1)  0.060
 337 V   0.00000 0.00000 0.00000 0.00003 0.01211 0.25264 0.36644 0.36878 ( 8)  0.858
 338 G   0.18397 0.18397 0.18395 0.18255 0.15699 0.06037 0.02501 0.02318 ( 1)  0.092
 339 P   0.17516 0.17516 0.17514 0.17410 0.15486 0.07364 0.03704 0.03491 ( 1)  0.122
 340 L   0.00000 0.00000 0.00013 0.00767 0.13411 0.35370 0.25727 0.24712 ( 6)  0.694
 341 E   0.19394 0.19394 0.19391 0.19193 0.15669 0.04366 0.01361 0.01232 ( 1)  0.061
 342 S   0.00000 0.00000 0.00006 0.00377 0.07066 0.29111 0.31805 0.31635 ( 7)  0.784
 343 P   0.00000 0.00000 0.00012 0.00707 0.12465 0.34739 0.26510 0.25567 ( 6)  0.706
 344 V   0.00000 0.00000 0.00000 0.00000 0.00092 0.14689 0.41520 0.43700 ( 8)  0.915
 345 -   0.17529 0.17529 0.17528 0.17422 0.15461 0.07312 0.03714 0.03505 ( 1)  0.122
 346 K   0.00000 0.00000 0.00000 0.00000 0.00019 0.12970 0.42393 0.44619 ( 8)  0.924
 347 G   0.00000 0.00000 0.00000 0.00011 0.03719 0.38302 0.29659 0.28308 ( 6)  0.777
 348 V   0.00000 0.00000 0.00000 0.00000 0.00041 0.11375 0.42734 0.45850 ( 8)  0.931
 349 L   0.00000 0.00000 0.00005 0.00321 0.06121 0.27660 0.32912 0.32980 ( 8)  0.799
 350 W   0.15698 0.15698 0.15698 0.15646 0.14656 0.09671 0.06575 0.06359 ( 1)  0.190
 351 P   0.17497 0.17497 0.17495 0.17393 0.15480 0.07390 0.03731 0.03517 ( 1)  0.123
 352 Y   0.19164 0.19164 0.19160 0.18978 0.15717 0.04770 0.01595 0.01452 ( 1)  0.068
 353 K   0.19371 0.19371 0.19367 0.19171 0.15675 0.04408 0.01385 0.01254 ( 1)  0.062
 354 G   0.17790 0.17790 0.17789 0.17675 0.15570 0.06966 0.03313 0.03107 ( 1)  0.113
 355 R   0.18794 0.18794 0.18791 0.18631 0.15735 0.05396 0.02012 0.01847 ( 1)  0.079
 356 P   0.18450 0.18450 0.18447 0.18305 0.15707 0.05954 0.02434 0.02253 ( 1)  0.090
 357 E   0.00000 0.00000 0.00000 0.00007 0.02289 0.32342 0.33063 0.32299 ( 7)  0.816
 358 R   0.00000 0.00000 0.00000 0.00000 0.00012 0.10570 0.43141 0.46277 ( 8)  0.935
 359 K   0.19413 0.19413 0.19409 0.19210 0.15671 0.04336 0.01338 0.01210 ( 1)  0.061
 360 S   0.18224 0.18224 0.18222 0.18090 0.15675 0.06312 0.02722 0.02531 ( 1)  0.098
 361 F   0.17433 0.17433 0.17431 0.17331 0.15460 0.07483 0.03822 0.03607 ( 1)  0.125
 362 L   0.18506 0.18506 0.18503 0.18358 0.15709 0.05861 0.02367 0.02189 ( 1)  0.089
 363 Y   0.19174 0.19174 0.19171 0.18988 0.15716 0.04752 0.01584 0.01441 ( 1)  0.068
 364 E   0.18908 0.18908 0.18905 0.18738 0.15729 0.05202 0.01884 0.01726 ( 1)  0.076
 365 I   0.00000 0.00000 0.00018 0.01079 0.18164 0.37755 0.22123 0.20861 ( 6)  0.638
 366 V   0.17672 0.17672 0.17670 0.17560 0.15529 0.07132 0.03488 0.03279 ( 1)  0.117
 367 S   0.00000 0.00000 0.00013 0.00779 0.13604 0.35493 0.25570 0.24541 ( 6)  0.692
 368 N   0.20179 0.20179 0.20175 0.19909 0.15335 0.02969 0.00667 0.00587 ( 1)  0.041
 369 K   0.19413 0.19413 0.19409 0.19210 0.15671 0.04336 0.01338 0.01210 ( 1)  0.061
 370 R   0.18599 0.18599 0.18597 0.18447 0.15725 0.05715 0.02246 0.02072 ( 1)  0.086
 371 N   0.20184 0.20184 0.20180 0.19914 0.15332 0.02959 0.00663 0.00583 ( 1)  0.040
 372 G   0.17838 0.17838 0.17836 0.17720 0.15583 0.06896 0.03247 0.03043 ( 1)  0.111
 373 I   0.00000 0.00000 0.00019 0.01136 0.19000 0.38022 0.21554 0.20269 ( 6)  0.628
 374 D   0.20193 0.20193 0.20189 0.19922 0.15324 0.02943 0.00658 0.00579 ( 1)  0.040
 375 V   0.17603 0.17603 0.17601 0.17494 0.15508 0.07233 0.03584 0.03374 ( 1)  0.119
 376 D   0.19000 0.19000 0.18997 0.18825 0.15727 0.05047 0.01779 0.01626 ( 1)  0.073
 377 K   0.19200 0.19200 0.19197 0.19011 0.15699 0.04702 0.01566 0.01425 ( 1)  0.067
 378 W   0.15698 0.15698 0.15698 0.15646 0.14656 0.09671 0.06575 0.06359 ( 1)  0.190
 379 D   0.20193 0.20193 0.20189 0.19922 0.15324 0.02943 0.00658 0.00579 ( 1)  0.040
 380 Y   0.19174 0.19174 0.19171 0.18988 0.15716 0.04752 0.01584 0.01441 ( 1)  0.068
 381 F   0.18864 0.18864 0.18862 0.18698 0.15738 0.05279 0.01927 0.01767 ( 1)  0.077
 382 A   0.17496 0.17496 0.17494 0.17391 0.15479 0.07391 0.03734 0.03520 ( 1)  0.123
 383 R   0.18086 0.18086 0.18084 0.17959 0.15646 0.06523 0.02905 0.02709 ( 1)  0.103
 384 D   0.19017 0.19017 0.19014 0.18841 0.15725 0.05018 0.01760 0.01609 ( 1)  0.073
 385 C   0.16817 0.16817 0.16815 0.16735 0.15218 0.08319 0.04752 0.04527 ( 1)  0.148
 386 H   0.19607 0.19607 0.19603 0.19390 0.15621 0.03994 0.01148 0.01031 ( 1)  0.055
 387 H   0.19607 0.19607 0.19603 0.19390 0.15621 0.03994 0.01148 0.01031 ( 1)  0.055
 388 L   0.18597 0.18597 0.18595 0.18445 0.15716 0.05712 0.02255 0.02082 ( 1)  0.086
 389 G   0.18398 0.18398 0.18396 0.18256 0.15699 0.06035 0.02500 0.02317 ( 1)  0.092
 390 I   0.17982 0.17982 0.17980 0.17858 0.15616 0.06677 0.03052 0.02853 ( 1)  0.106
 391 Q   0.17995 0.17995 0.17993 0.17870 0.15620 0.06658 0.03034 0.02835 ( 1)  0.106
 392 N   0.20184 0.20184 0.20180 0.19914 0.15332 0.02959 0.00663 0.00583 ( 1)  0.040
 393 N   0.20184 0.20184 0.20180 0.19914 0.15332 0.02959 0.00663 0.00583 ( 1)  0.040
 394 F   0.18837 0.18837 0.18834 0.18672 0.15737 0.05324 0.01961 0.01799 ( 1)  0.078
 395 D   0.20193 0.20193 0.20189 0.19922 0.15324 0.02943 0.00658 0.00579 ( 1)  0.040
 396 Y   0.17581 0.17581 0.17579 0.17473 0.15506 0.07269 0.03612 0.03400 ( 1)  0.120
 397 K   0.00000 0.00000 0.00000 0.00000 0.00148 0.18188 0.40219 0.41445 ( 8)  0.899
 398 R   0.17570 0.17570 0.17569 0.17463 0.15505 0.07287 0.03624 0.03412 ( 1)  0.120
 399 F   0.18644 0.18644 0.18642 0.18489 0.15727 0.05641 0.02192 0.02021 ( 1)  0.084
 400 I   0.19453 0.19453 0.19450 0.19247 0.15663 0.04266 0.01297 0.01171 ( 1)  0.060
 401 K   0.18891 0.18891 0.18888 0.18722 0.15727 0.05229 0.01905 0.01747 ( 1)  0.076
 402 F   0.18864 0.18864 0.18862 0.18698 0.15738 0.05279 0.01927 0.01767 ( 1)  0.077
 403 A   0.17559 0.17559 0.17557 0.17452 0.15499 0.07301 0.03643 0.03430 ( 1)  0.121
 404 R   0.18794 0.18794 0.18791 0.18631 0.15735 0.05396 0.02012 0.01847 ( 1)  0.079
 405 V   0.17650 0.17650 0.17648 0.17540 0.15523 0.07164 0.03517 0.03308 ( 1)  0.118
 406 C   0.18352 0.18352 0.18350 0.18213 0.15698 0.06112 0.02554 0.02369 ( 1)  0.094
 407 E   0.00000 0.00000 0.00019 0.01175 0.19566 0.38161 0.21187 0.19891 ( 6)  0.622
 408 V   0.18302 0.18302 0.18300 0.18164 0.15679 0.06182 0.02629 0.02442 ( 1)  0.095
 409 G   0.00000 0.00000 0.00000 0.00000 0.00001 0.06762 0.44323 0.48913 ( 8)  0.952
 410 N   0.00000 0.00000 0.00000 0.00000 0.00257 0.22735 0.38350 0.38658 ( 8)  0.878
 411 E   0.00000 0.00000 0.00000 0.00005 0.01677 0.28746 0.34937 0.34635 ( 7)  0.838
 412 L   0.00000 0.00000 0.00000 0.00002 0.00903 0.22273 0.38012 0.38810 ( 8)  0.874
 413 H   0.00000 0.00000 0.00000 0.00000 0.00016 0.12079 0.42670 0.45234 ( 8)  0.928
 414 I   0.19453 0.19453 0.19450 0.19247 0.15663 0.04266 0.01297 0.01171 ( 1)  0.060
 415 C   0.18352 0.18352 0.18350 0.18213 0.15698 0.06112 0.02554 0.02369 ( 1)  0.094
 416 A   0.00000 0.00000 0.00016 0.00966 0.16475 0.37090 0.23326 0.22127 ( 6)  0.657
 417 R   0.00000 0.00000 0.00013 0.00800 0.13926 0.35750 0.25285 0.24226 ( 6)  0.688
 418 D   0.20123 0.20123 0.20119 0.19859 0.15370 0.03069 0.00710 0.00627 ( 1)  0.042
 419 K   0.18875 0.18875 0.18872 0.18707 0.15730 0.05257 0.01921 0.01761 ( 1)  0.077
 420 E   0.19271 0.19271 0.19267 0.19078 0.15695 0.04582 0.01486 0.01349 ( 1)  0.065
 421 V   0.19255 0.19255 0.19252 0.19063 0.15696 0.04608 0.01504 0.01366 ( 1)  0.065
 422 G   0.18399 0.18399 0.18397 0.18257 0.15699 0.06034 0.02499 0.02316 ( 1)  0.092
 423 N   0.20145 0.20145 0.20141 0.19879 0.15357 0.03030 0.00693 0.00611 ( 1)  0.041
 424 L   0.15989 0.15989 0.15988 0.15929 0.14811 0.09334 0.06091 0.05870 ( 1)  0.179
 425 Y   0.19174 0.19174 0.19171 0.18988 0.15716 0.04752 0.01584 0.01441 ( 1)  0.068
 426 D   0.19000 0.19000 0.18997 0.18825 0.15727 0.05047 0.01779 0.01626 ( 1)  0.073
 427 M   0.19509 0.19509 0.19505 0.19300 0.15662 0.04172 0.01234 0.01111 ( 1)  0.058
 428 F   0.17433 0.17433 0.17431 0.17331 0.15460 0.07483 0.03822 0.03607 ( 1)  0.125
 429 H   0.18331 0.18331 0.18329 0.18192 0.15688 0.06139 0.02587 0.02401 ( 1)  0.094
 430 T   0.19047 0.19047 0.19044 0.18869 0.15730 0.04970 0.01721 0.01571 ( 1)  0.072
 431 R   0.17301 0.17301 0.17300 0.17204 0.15412 0.07666 0.04017 0.03799 ( 1)  0.130
 432 N   0.18976 0.18976 0.18973 0.18802 0.15729 0.05089 0.01805 0.01651 ( 1)  0.074
 433 S   0.00000 0.00000 0.00000 0.00003 0.01219 0.25365 0.36600 0.36812 ( 8)  0.857
 434 L   0.14841 0.14841 0.14840 0.14785 0.13775 0.09994 0.08508 0.08416 ( 1)  0.231
 435 H   0.18331 0.18331 0.18329 0.18192 0.15688 0.06139 0.02587 0.02401 ( 1)  0.094
 436 R   0.18794 0.18794 0.18791 0.18631 0.15735 0.05396 0.02012 0.01847 ( 1)  0.079
 437 R   0.18601 0.18601 0.18598 0.18448 0.15725 0.05713 0.02244 0.02070 ( 1)  0.086
 438 A   0.19086 0.19086 0.19083 0.18906 0.15726 0.04904 0.01679 0.01531 ( 1)  0.070
 439 Y   0.19174 0.19174 0.19171 0.18988 0.15716 0.04752 0.01584 0.01441 ( 1)  0.068
 440 Q   0.17992 0.17992 0.17990 0.17867 0.15619 0.06662 0.03039 0.02840 ( 1)  0.106
 441 H   0.18528 0.18528 0.18526 0.18378 0.15699 0.05817 0.02350 0.02174 ( 1)  0.088
 442 K   0.19413 0.19413 0.19409 0.19210 0.15671 0.04336 0.01338 0.01210 ( 1)  0.061
 443 V   0.19255 0.19255 0.19252 0.19063 0.15696 0.04608 0.01504 0.01366 ( 1)  0.065
 444 G   0.17838 0.17838 0.17836 0.17720 0.15583 0.06896 0.03247 0.03043 ( 1)  0.111
 445 N   0.18976 0.18976 0.18973 0.18802 0.15729 0.05089 0.01805 0.01651 ( 1)  0.074
 446 I   0.18618 0.18618 0.18616 0.18465 0.15722 0.05681 0.02226 0.02053 ( 1)  0.085
 447 I   0.19453 0.19453 0.19450 0.19247 0.15663 0.04266 0.01297 0.01171 ( 1)  0.060
 448 D   0.20193 0.20193 0.20189 0.19922 0.15324 0.02943 0.00658 0.00579 ( 1)  0.040
 449 T   0.00000 0.00000 0.00011 0.00675 0.11954 0.34310 0.26970 0.26080 ( 6)  0.713
 450 M   0.19509 0.19509 0.19505 0.19300 0.15662 0.04172 0.01234 0.01111 ( 1)  0.058
 451 I   0.19422 0.19422 0.19419 0.19219 0.15669 0.04320 0.01329 0.01201 ( 1)  0.061
 452 T   0.18086 0.18086 0.18084 0.17958 0.15643 0.06521 0.02909 0.02713 ( 1)  0.103
 453 D   0.20165 0.20165 0.20161 0.19897 0.15342 0.02993 0.00679 0.00598 ( 1)  0.041
 454 A   0.18802 0.18802 0.18799 0.18638 0.15731 0.05379 0.02006 0.01843 ( 1)  0.079
 455 F   0.00000 0.00000 0.00008 0.00472 0.08676 0.31199 0.30064 0.29581 ( 6)  0.759
 456 L   0.17018 0.17018 0.17017 0.16930 0.15298 0.08046 0.04447 0.04225 ( 1)  0.140
 457 K   0.00000 0.00000 0.00018 0.01093 0.18362 0.37796 0.21998 0.20733 ( 6)  0.635
 458 A   0.18131 0.18131 0.18129 0.18001 0.15652 0.06451 0.02849 0.02655 ( 1)  0.101
 459 D   0.00000 0.00000 0.00016 0.00997 0.16930 0.37252 0.23009 0.21796 ( 6)  0.652
 460 D   0.00000 0.00000 0.00000 0.00000 0.00000 0.02548 0.44601 0.52852 ( 8)  0.972
 461 Y   0.00000 0.00000 0.00009 0.00576 0.10379 0.32987 0.28387 0.27661 ( 6)  0.734
 462 I   0.00000 0.00000 0.00017 0.01055 0.17796 0.37514 0.22426 0.21191 ( 6)  0.642
 463 E   0.18883 0.18883 0.18880 0.18715 0.15728 0.05243 0.01914 0.01755 ( 1)  0.077
 464 I   0.19416 0.19416 0.19413 0.19214 0.15670 0.04329 0.01335 0.01206 ( 1)  0.061
 465 T   0.00000 0.00000 0.00010 0.00624 0.11156 0.33694 0.27666 0.26850 ( 6)  0.724
 466 G   0.19407 0.19407 0.19404 0.19205 0.15681 0.04349 0.01338 0.01209 ( 1)  0.061
 467 A   0.00000 0.00000 0.00015 0.00935 0.15989 0.36819 0.23706 0.22536 ( 6)  0.663
 468 G   0.00000 0.00000 0.00016 0.00951 0.16227 0.36821 0.23575 0.22410 ( 6)  0.661
 469 G   0.00000 0.00000 0.00012 0.00715 0.12597 0.34825 0.26402 0.25449 ( 6)  0.705
 470 K   0.00000 0.00000 0.00018 0.01082 0.18198 0.37693 0.22131 0.20878 ( 6)  0.637
 471 K   0.18859 0.18859 0.18856 0.18691 0.15727 0.05283 0.01943 0.01783 ( 1)  0.077
 472 Y   0.19142 0.19142 0.19139 0.18958 0.15719 0.04807 0.01619 0.01474 ( 1)  0.069
 473 R   0.00000 0.00000 0.00000 0.00000 0.00000 0.00227 0.41931 0.57842 ( 8)  0.983
 474 I   0.19422 0.19422 0.19419 0.19219 0.15669 0.04320 0.01329 0.01201 ( 1)  0.061
 475 S   0.17860 0.17860 0.17858 0.17742 0.15591 0.06865 0.03214 0.03010 ( 1)  0.110
 476 T   0.18086 0.18086 0.18084 0.17958 0.15643 0.06521 0.02909 0.02713 ( 1)  0.103
 477 A   0.18152 0.18152 0.18150 0.18021 0.15656 0.06419 0.02821 0.02628 ( 1)  0.100
 478 I   0.19422 0.19422 0.19419 0.19219 0.15669 0.04320 0.01329 0.01201 ( 1)  0.061
 479 D   0.20020 0.20020 0.20016 0.19766 0.15428 0.03254 0.00794 0.00704 ( 1)  0.045
 480 D   0.18968 0.18968 0.18965 0.18794 0.15728 0.05101 0.01816 0.01661 ( 1)  0.074
 481 M   0.19478 0.19478 0.19475 0.19271 0.15669 0.04226 0.01264 0.01139 ( 1)  0.059
 482 E   0.19363 0.19363 0.19359 0.19163 0.15674 0.04421 0.01394 0.01263 ( 1)  0.062
 483 A   0.17463 0.17463 0.17461 0.17360 0.15467 0.07437 0.03781 0.03567 ( 1)  0.124
 484 Y   0.00000 0.00000 0.00011 0.00654 0.11633 0.34093 0.27237 0.26371 ( 6)  0.717
 485 T   0.19015 0.19015 0.19012 0.18839 0.15731 0.05024 0.01758 0.01606 ( 1)  0.073
 486 K   0.18865 0.18865 0.18862 0.18697 0.15729 0.05274 0.01934 0.01774 ( 1)  0.077
 487 L   0.16002 0.16002 0.16001 0.15942 0.14818 0.09318 0.06068 0.05847 ( 1)  0.179
 488 T   0.18039 0.18039 0.18037 0.17913 0.15633 0.06592 0.02972 0.02775 ( 1)  0.104
 489 D   0.20164 0.20164 0.20159 0.19895 0.15343 0.02996 0.00680 0.00599 ( 1)  0.041
 490 N   0.18943 0.18943 0.18940 0.18771 0.15729 0.05143 0.01843 0.01687 ( 1)  0.075
 491 I   0.19422 0.19422 0.19419 0.19219 0.15669 0.04320 0.01329 0.01201 ( 1)  0.061
 492 F   0.18421 0.18421 0.18419 0.18278 0.15706 0.06002 0.02468 0.02286 ( 1)  0.091
 493 L   0.15962 0.15962 0.15961 0.15903 0.14797 0.09365 0.06135 0.05915 ( 1)  0.180
 494 E   0.18875 0.18875 0.18872 0.18707 0.15729 0.05256 0.01922 0.01763 ( 1)  0.077
 495 I   0.19422 0.19422 0.19419 0.19219 0.15669 0.04320 0.01329 0.01201 ( 1)  0.061
 496 L   0.15920 0.15920 0.15919 0.15862 0.14775 0.09414 0.06204 0.05984 ( 1)  0.182
 497 H   0.00000 0.00000 0.00009 0.00523 0.09505 0.32103 0.29234 0.28627 ( 6)  0.747
 498 S   0.17953 0.17953 0.17951 0.17831 0.15615 0.06726 0.03086 0.02885 ( 1)  0.107
 499 T   0.00000 0.00000 0.00016 0.00941 0.16096 0.36919 0.23605 0.22423 ( 6)  0.661
 500 D   0.20165 0.20165 0.20161 0.19897 0.15342 0.02993 0.00679 0.00598 ( 1)  0.041
 501 P   0.00000 0.00000 0.00007 0.00411 0.07656 0.29926 0.31147 0.30852 ( 7)  0.774
 502 K   0.00000 0.00000 0.00008 0.00463 0.08878 0.33667 0.28920 0.28064 ( 6)  0.746
 503 L   0.15711 0.15711 0.15710 0.15658 0.14661 0.09654 0.06555 0.06339 ( 1)  0.190
 504 K   0.00000 0.00000 0.00000 0.00005 0.01759 0.29446 0.34601 0.34189 ( 7)  0.834
 505 D   0.00000 0.00000 0.00000 0.00000 0.00070 0.13532 0.41970 0.44427 ( 8)  0.921
 506 A   0.18152 0.18152 0.18150 0.18021 0.15656 0.06419 0.02821 0.02628 ( 1)  0.100
 507 Q   0.00000 0.00000 0.00000 0.00000 0.00000 0.04178 0.44550 0.51271 ( 8)  0.964
 508 E   0.18905 0.18905 0.18903 0.18735 0.15719 0.05201 0.01894 0.01737 ( 1)  0.076
 509 I   0.19422 0.19422 0.19419 0.19219 0.15669 0.04320 0.01329 0.01201 ( 1)  0.061
 510 L   0.15923 0.15923 0.15922 0.15865 0.14778 0.09412 0.06198 0.05978 ( 1)  0.182
 511 K   0.00000 0.00000 0.00019 0.01127 0.18855 0.37913 0.21680 0.20407 ( 6)  0.630
 512 Q   0.00000 0.00000 0.00000 0.00000 0.00165 0.18876 0.39928 0.41030 ( 8)  0.896
 513 I   0.19419 0.19419 0.19416 0.19216 0.15670 0.04324 0.01332 0.01204 ( 1)  0.061
 514 E   0.00000 0.00000 0.00019 0.01167 0.19457 0.38133 0.21259 0.19965 ( 6)  0.623
 515 Y   0.00000 0.00000 0.00008 0.00465 0.08552 0.31069 0.30186 0.29721 ( 6)  0.761
 516 R   0.18761 0.18761 0.18759 0.18600 0.15734 0.05449 0.02051 0.01885 ( 1)  0.080
 517 N   0.20157 0.20157 0.20152 0.19889 0.15350 0.03009 0.00684 0.00603 ( 1)  0.041
 518 L   0.16410 0.16410 0.16409 0.16339 0.15023 0.08823 0.05404 0.05181 ( 1)  0.163
 519 F   0.00000 0.00000 0.00009 0.00537 0.09734 0.32311 0.29022 0.28388 ( 6)  0.744
 520 K   0.18843 0.18843 0.18840 0.18677 0.15730 0.05311 0.01959 0.01798 ( 1)  0.078
 521 Y   0.19014 0.19014 0.19011 0.18838 0.15729 0.05025 0.01760 0.01608 ( 1)  0.073
 522 V   0.17570 0.17570 0.17568 0.17462 0.15498 0.07280 0.03631 0.03420 ( 1)  0.121
 523 G   0.19407 0.19407 0.19404 0.19205 0.15681 0.04349 0.01338 0.01209 ( 1)  0.061
 524 E   0.18875 0.18875 0.18872 0.18707 0.15729 0.05256 0.01922 0.01763 ( 1)  0.077
 525 T   0.17803 0.17803 0.17801 0.17686 0.15568 0.06942 0.03302 0.03097 ( 1)  0.112
 526 Q   0.17461 0.17461 0.17459 0.17358 0.15467 0.07440 0.03784 0.03570 ( 1)  0.124
 527 P   0.17615 0.17615 0.17614 0.17506 0.15517 0.07220 0.03562 0.03351 ( 1)  0.119
 528 T   0.00000 0.00000 0.00000 0.00002 0.00738 0.20931 0.38658 0.39671 ( 8)  0.882
 529 E   0.00000 0.00000 0.00000 0.00004 0.01480 0.27411 0.35609 0.35496 ( 7)  0.846
 530 Q   0.00000 0.00000 0.00010 0.00617 0.11024 0.33504 0.27817 0.27029 ( 6)  0.726
 531 V   0.00000 0.00000 0.00000 0.00000 0.00007 0.08190 0.43777 0.48027 ( 8)  0.946
 532 K   0.00000 0.00000 0.00014 0.00848 0.14670 0.36143 0.24712 0.23613 ( 6)  0.679
 533 I   0.19421 0.19421 0.19418 0.19218 0.15669 0.04321 0.01330 0.01202 ( 1)  0.061
 534 K   0.00000 0.00000 0.00019 0.01148 0.19174 0.38050 0.21448 0.20161 ( 6)  0.626
 535 K   0.00000 0.00000 0.00011 0.00678 0.12013 0.34417 0.26893 0.25987 ( 6)  0.712
 536 E   0.19044 0.19044 0.19041 0.18865 0.15713 0.04967 0.01738 0.01588 ( 1)  0.072
 537 D   0.00000 0.00000 0.00000 0.00000 0.00149 0.18104 0.40238 0.41509 ( 8)  0.900
 538 Y   0.19132 0.19132 0.19129 0.18948 0.15720 0.04825 0.01630 0.01485 ( 1)  0.069
 539 E   0.19363 0.19363 0.19359 0.19163 0.15675 0.04421 0.01394 0.01263 ( 1)  0.062
 540 S   0.00000 0.00000 0.00010 0.00581 0.10450 0.33052 0.28321 0.27587 ( 6)  0.733
 541 L   0.18564 0.18564 0.18562 0.18413 0.15713 0.05765 0.02296 0.02121 ( 1)  0.087
 542 P   0.17437 0.17437 0.17435 0.17334 0.15459 0.07475 0.03819 0.03604 ( 1)  0.125
 543 K   0.19381 0.19381 0.19378 0.19181 0.15677 0.04390 0.01370 0.01240 ( 1)  0.062
 544 E   0.18875 0.18875 0.18872 0.18707 0.15729 0.05256 0.01922 0.01763 ( 1)  0.077
 545 V   0.19224 0.19224 0.19220 0.19034 0.15700 0.04663 0.01538 0.01398 ( 1)  0.066
 546 A   0.18042 0.18042 0.18040 0.17916 0.15633 0.06588 0.02968 0.02771 ( 1)  0.104
 547 A   0.00000 0.00000 0.00000 0.00000 0.00018 0.12836 0.42436 0.44710 ( 8)  0.924
 548 A   0.19079 0.19079 0.19076 0.18899 0.15726 0.04916 0.01687 0.01539 ( 1)  0.071
 549 K   0.19339 0.19339 0.19336 0.19141 0.15680 0.04463 0.01418 0.01285 ( 1)  0.063
 550 P   0.17403 0.17403 0.17401 0.17301 0.15443 0.07519 0.03873 0.03658 ( 1)  0.126
 551 -   0.13339 0.13339 0.13339 0.13328 0.13121 0.11889 0.10864 0.10780 ( 1)  0.287
 552 R   0.00000 0.00000 0.00000 0.00000 0.00001 0.06888 0.44309 0.48802 ( 8)  0.951
 553 E   0.00000 0.00000 0.00000 0.00000 0.00128 0.17065 0.40649 0.42157 ( 8)  0.904
 554 L   0.00000 0.00000 0.00000 0.00001 0.00297 0.14776 0.41214 0.43712 ( 8)  0.913
 555 L   0.16310 0.16310 0.16308 0.16241 0.14969 0.08940 0.05572 0.05350 ( 1)  0.167
 556 E   0.00000 0.00000 0.00019 0.01143 0.19100 0.38017 0.21502 0.20219 ( 6)  0.627
 557 V   0.00000 0.00000 0.00000 0.00003 0.01246 0.25580 0.36495 0.36675 ( 8)  0.856
 558 K   0.00000 0.00000 0.00015 0.00903 0.15514 0.36581 0.24065 0.22920 ( 6)  0.669
 559 L   0.15962 0.15962 0.15961 0.15903 0.14797 0.09365 0.06135 0.05915 ( 1)  0.180
 560 E   0.00000 0.00000 0.00000 0.00000 0.00147 0.18094 0.40255 0.41504 ( 8)  0.900
 561 A   0.19071 0.19071 0.19068 0.18892 0.15727 0.04928 0.01695 0.01546 ( 1)  0.071
 562 E   0.19400 0.19400 0.19396 0.19198 0.15671 0.04358 0.01353 0.01224 ( 1)  0.061
 563 D   0.00000 0.00000 0.00025 0.01505 0.24254 0.38844 0.18358 0.17014 ( 6)  0.573
 564 F   0.18832 0.18832 0.18829 0.18667 0.15738 0.05333 0.01966 0.01803 ( 1)  0.078
 565 I   0.19220 0.19220 0.19217 0.19031 0.15708 0.04672 0.01536 0.01396 ( 1)  0.066
 566 V   0.17572 0.17572 0.17571 0.17465 0.15498 0.07276 0.03628 0.03417 ( 1)  0.120
 567 D   0.20165 0.20165 0.20161 0.19897 0.15342 0.02993 0.00679 0.00598 ( 1)  0.041
 568 -   0.12500 0.12500 0.12500 0.12500 0.12500 0.12500 0.12500 0.12500 ( 6)  0.322
 569 -   0.12500 0.12500 0.12500 0.12500 0.12500 0.12500 0.12500 0.12500 ( 7)  0.322
 570 -   0.12500 0.12500 0.12500 0.12500 0.12500 0.12500 0.12500 0.12500 ( 7)  0.322
 571 -   0.12500 0.12500 0.12500 0.12500 0.12500 0.12500 0.12500 0.12500 ( 8)  0.322
 572 -   0.12500 0.12500 0.12500 0.12500 0.12500 0.12500 0.12500 0.12500 ( 7)  0.322
 573 -   0.12500 0.12500 0.12500 0.12500 0.12500 0.12500 0.12500 0.12500 ( 7)  0.322
 574 -   0.12500 0.12500 0.12500 0.12500 0.12500 0.12500 0.12500 0.12500 ( 7)  0.322
 575 -   0.12500 0.12500 0.12500 0.12500 0.12500 0.12500 0.12500 0.12500 ( 7)  0.322
 576 -   0.12500 0.12500 0.12500 0.12500 0.12500 0.12500 0.12500 0.12500 ( 7)  0.322
 577 V   0.19224 0.19223 0.19220 0.19034 0.15700 0.04663 0.01538 0.01398 ( 1)  0.066
 578 I   0.17949 0.17949 0.17947 0.17826 0.15608 0.06727 0.03098 0.02897 ( 1)  0.107
 579 N   0.18943 0.18943 0.18940 0.18771 0.15729 0.05143 0.01843 0.01687 ( 1)  0.075
 580 M   0.19478 0.19478 0.19475 0.19271 0.15669 0.04226 0.01264 0.01139 ( 1)  0.059
 581 D   0.20165 0.20165 0.20161 0.19897 0.15342 0.02993 0.00679 0.00598 ( 1)  0.041
 582 Y   0.19135 0.19135 0.19132 0.18951 0.15720 0.04819 0.01627 0.01481 ( 1)  0.069
 583 G   0.18367 0.18367 0.18365 0.18226 0.15694 0.06084 0.02540 0.02356 ( 1)  0.093
 584 M   0.19478 0.19478 0.19475 0.19271 0.15669 0.04226 0.01264 0.01139 ( 1)  0.059
 585 Q   0.00000 0.00000 0.00012 0.00709 0.12478 0.34528 0.26591 0.25683 ( 6)  0.707
 586 E   0.00000 0.00000 0.00000 0.00006 0.02014 0.30867 0.33851 0.33263 ( 7)  0.825
 587 N   0.00000 0.00000 0.00000 0.00006 0.02010 0.30810 0.33876 0.33298 ( 7)  0.826
 588 N   0.20157 0.20157 0.20152 0.19889 0.15350 0.03009 0.00684 0.00603 ( 1)  0.041
 589 P   0.17437 0.17437 0.17435 0.17334 0.15459 0.07475 0.03819 0.03604 ( 1)  0.125
 590 I   0.19422 0.19422 0.19419 0.19219 0.15669 0.04320 0.01329 0.01201 ( 1)  0.061
 591 D   0.20094 0.20094 0.20090 0.19833 0.15387 0.03121 0.00733 0.00647 ( 1)  0.043
 592 H   0.00000 0.00000 0.00021 0.01250 0.20664 0.38464 0.20462 0.19140 ( 6)  0.610
 593 V   0.19168 0.19168 0.19165 0.18982 0.15710 0.04760 0.01596 0.01453 ( 1)  0.068
 594 S   0.00000 0.00000 0.00008 0.00516 0.09393 0.31998 0.29339 0.28746 ( 6)  0.748
 595 F   0.00000 0.00000 0.00008 0.00507 0.09254 0.31857 0.29474 0.28899 ( 6)  0.750
 596 Y   0.19142 0.19142 0.19139 0.18958 0.15719 0.04807 0.01619 0.01474 ( 1)  0.069
 597 C   0.18319 0.18319 0.18317 0.18181 0.15692 0.06164 0.02597 0.02410 ( 1)  0.095
 598 K   0.18874 0.18874 0.18871 0.18705 0.15721 0.05254 0.01930 0.01771 ( 1)  0.077
 599 T   0.00000 0.00000 0.00018 0.01100 0.18483 0.37916 0.21881 0.20603 ( 6)  0.634
 600 D   0.00000 0.00000 0.00015 0.00893 0.15359 0.36497 0.24186 0.23050 ( 6)  0.670
 601 P   0.00000 0.00000 0.00007 0.00416 0.07740 0.30039 0.31055 0.30743 ( 7)  0.773
 602 N   0.00000 0.00000 0.00000 0.00004 0.01408 0.26896 0.35864 0.35828 ( 7)  0.849
 603 R   0.00000 0.00000 0.00000 0.00005 0.01905 0.30122 0.34224 0.33744 ( 7)  0.830
 604 A   0.00000 0.00000 0.00000 0.00000 0.00101 0.15344 0.41288 0.43267 ( 8)  0.912
 605 I   0.18237 0.18237 0.18235 0.18101 0.15659 0.06277 0.02721 0.02532 ( 1)  0.098
 606 R   0.00000 0.00000 0.00000 0.00000 0.00055 0.12808 0.42269 0.44868 ( 8)  0.924
 607 I   0.19422 0.19422 0.19419 0.19219 0.15669 0.04320 0.01329 0.01201 ( 1)  0.061
 608 T   0.00000 0.00000 0.00000 0.00004 0.01565 0.27997 0.35315 0.35118 ( 7)  0.842
 609 K   0.19381 0.19381 0.19378 0.19181 0.15677 0.04390 0.01370 0.01240 ( 1)  0.062
 610 N   0.19146 0.19146 0.19143 0.18962 0.15708 0.04795 0.01622 0.01478 ( 1)  0.069
 611 Q   0.17461 0.17461 0.17459 0.17358 0.15467 0.07440 0.03784 0.03570 ( 1)  0.124
 612 V   0.19224 0.19224 0.19220 0.19034 0.15700 0.04663 0.01538 0.01398 ( 1)  0.066
 613 S   0.16416 0.16416 0.16415 0.16345 0.15031 0.08824 0.05389 0.05164 ( 1)  0.163
 614 R   0.00000 0.00000 0.00000 0.00000 0.00001 0.04491 0.44563 0.50946 ( 8)  0.963
 615 L   0.18472 0.18472 0.18469 0.18326 0.15705 0.05915 0.02410 0.02231 ( 1)  0.090
 616 L   0.15962 0.15962 0.15961 0.15903 0.14797 0.09365 0.06135 0.05915 ( 1)  0.180
 617 P   0.17483 0.17483 0.17481 0.17379 0.15475 0.07410 0.03752 0.03537 ( 1)  0.124
 618 E   0.18875 0.18875 0.18872 0.18707 0.15729 0.05256 0.01922 0.01763 ( 1)  0.077
 619 K   0.00000 0.00000 0.00000 0.00000 0.00001 0.06538 0.44373 0.49087 ( 8)  0.953
 620 F   0.18832 0.18832 0.18829 0.18667 0.15738 0.05333 0.01966 0.01803 ( 1)  0.078
 621 A   0.00000 0.00000 0.00011 0.00667 0.11831 0.34243 0.27066 0.26183 ( 6)  0.715
 622 E   0.18875 0.18875 0.18872 0.18707 0.15729 0.05256 0.01922 0.01763 ( 1)  0.077
 623 Q   0.17461 0.17461 0.17459 0.17358 0.15467 0.07440 0.03784 0.03570 ( 1)  0.124
 624 L   0.15977 0.15977 0.15976 0.15917 0.14805 0.09348 0.06111 0.05890 ( 1)  0.180
 625 I   0.19422 0.19422 0.19419 0.19219 0.15669 0.04320 0.01329 0.01201 ( 1)  0.061
 626 R   0.16907 0.16907 0.16905 0.16822 0.15253 0.08196 0.04617 0.04394 ( 1)  0.144
 627 V   0.18086 0.18086 0.18084 0.17958 0.15638 0.06517 0.02913 0.02718 ( 1)  0.103
 628 Y   0.18560 0.18560 0.18557 0.18409 0.15713 0.05774 0.02301 0.02126 ( 1)  0.087
 629 C   0.18319 0.18319 0.18317 0.18181 0.15692 0.06164 0.02597 0.02410 ( 1)  0.095
 630 K   0.18843 0.18843 0.18840 0.18677 0.15730 0.05311 0.01959 0.01798 ( 1)  0.078
 631 K   0.00000 0.00000 0.00014 0.00849 0.14680 0.36147 0.24705 0.23605 ( 6)  0.679
 632 M   0.00000 0.00000 0.00000 0.00002 0.00922 0.23016 0.37734 0.38325 ( 8)  0.870
 633 D   0.19616 0.19616 0.19613 0.19397 0.15599 0.03973 0.01150 0.01035 ( 1)  0.055
 634 R   0.00000 0.00000 0.00000 0.00000 0.00117 0.16354 0.40909 0.42620 ( 8)  0.908
 635 K   0.00000 0.00000 0.00000 0.00005 0.01720 0.29046 0.34788 0.34442 ( 7)  0.836
 636 S   0.19611 0.19611 0.19608 0.19395 0.15632 0.03989 0.01135 0.01018 ( 1)  0.055
 637 L   0.15709 0.15709 0.15708 0.15656 0.14661 0.09657 0.06558 0.06342 ( 1)  0.190
 638 Y   0.19142 0.19142 0.19139 0.18958 0.15719 0.04807 0.01619 0.01474 ( 1)  0.069
 639 A   0.18511 0.18511 0.18508 0.18362 0.15709 0.05853 0.02362 0.02184 ( 1)  0.089
 640 A   0.18146 0.18146 0.18144 0.18015 0.15655 0.06429 0.02830 0.02636 ( 1)  0.101
 641 K   0.00000 0.00000 0.00000 0.00000 0.00122 0.16661 0.40801 0.42416 ( 8)  0.906
 642 Q   0.17919 0.17919 0.17917 0.17797 0.15595 0.06767 0.03143 0.02942 ( 1)  0.108
 643 H   0.00000 0.00000 0.00021 0.01264 0.20871 0.38514 0.20328 0.19002 ( 6)  0.608
 644 F   0.18829 0.18829 0.18826 0.18664 0.15738 0.05338 0.01969 0.01807 ( 1)  0.078
 645 V   0.19224 0.19224 0.19220 0.19034 0.15700 0.04663 0.01538 0.01398 ( 1)  0.066
 646 Q   0.17563 0.17563 0.17562 0.17456 0.15497 0.07291 0.03640 0.03428 ( 1)  0.121
 647 W   0.15673 0.15673 0.15672 0.15621 0.14642 0.09699 0.06618 0.06402 ( 1)  0.191
 648 C   0.17303 0.17303 0.17301 0.17205 0.15414 0.07666 0.04013 0.03795 ( 1)  0.130
 649 A   0.00000 0.00000 0.00000 0.00000 0.00063 0.12471 0.42285 0.45181 ( 8)  0.926
 650 D   0.00000 0.00000 0.00000 0.00000 0.00135 0.17478 0.40495 0.41892 ( 8)  0.902
 651 R   0.00000 0.00000 0.00000 0.00000 0.00147 0.18047 0.40265 0.41541 ( 8)  0.900
 652 N   0.20015 0.20015 0.20011 0.19762 0.15434 0.03263 0.00795 0.00705 ( 1)  0.045
 653 F   0.17420 0.17420 0.17419 0.17318 0.15455 0.07500 0.03842 0.03626 ( 1)  0.126
 654 T   0.17398 0.17398 0.17397 0.17297 0.15445 0.07529 0.03875 0.03659 ( 1)  0.127
 655 K   0.18843 0.18843 0.18840 0.18677 0.15730 0.05311 0.01959 0.01798 ( 1)  0.078
 656 P   0.17349 0.17349 0.17347 0.17250 0.15428 0.07598 0.03948 0.03731 ( 1)  0.128
 657 Q   0.00000 0.00000 0.00000 0.00002 0.00919 0.22534 0.37907 0.38638 ( 8)  0.873
 658 -   0.12526 0.12526 0.12526 0.12526 0.12520 0.12483 0.12448 0.12445 ( 1)  0.321
 659 -   0.12519 0.12519 0.12519 0.12519 0.12514 0.12488 0.12463 0.12460 ( 1)  0.321
 660 -   0.12522 0.12522 0.12522 0.12522 0.12517 0.12485 0.12456 0.12453 ( 1)  0.321
 661 -   0.12531 0.12531 0.12531 0.12531 0.12524 0.12479 0.12438 0.12434 ( 1)  0.321
 662 -   0.12523 0.12523 0.12523 0.12523 0.12517 0.12485 0.12455 0.12452 ( 1)  0.321
 663 -   0.12516 0.12516 0.12516 0.12516 0.12513 0.12489 0.12467 0.12465 ( 1)  0.322
 664 -   0.00000 0.00000 0.00002 0.00145 0.02957 0.20811 0.37329 0.38757 ( 8)  0.861
 665 D   0.20079 0.20079 0.20075 0.19820 0.15396 0.03148 0.00745 0.00658 ( 1)  0.043
 666 G   0.17940 0.17940 0.17938 0.17818 0.15605 0.06739 0.03111 0.02910 ( 1)  0.108
 667 D   0.00000 0.00000 0.00030 0.01785 0.28164 0.39155 0.16114 0.14752 ( 6)  0.534
 668 V   0.19207 0.19207 0.19204 0.19018 0.15702 0.04691 0.01556 0.01415 ( 1)  0.067
 669 I   0.00000 0.00000 0.00013 0.00799 0.13902 0.35671 0.25331 0.24283 ( 6)  0.688
 670 A   0.17452 0.17452 0.17450 0.17349 0.15463 0.07453 0.03798 0.03583 ( 1)  0.125
 671 P   0.17466 0.17466 0.17465 0.17363 0.15469 0.07433 0.03776 0.03561 ( 1)  0.124
 672 L   0.17523 0.17523 0.17521 0.17417 0.15478 0.07342 0.03704 0.03492 ( 1)  0.122
 673 I   0.19202 0.19202 0.19199 0.19014 0.15708 0.04702 0.01558 0.01417 ( 1)  0.067
 674 T   0.18052 0.18052 0.18050 0.17925 0.15635 0.06573 0.02955 0.02758 ( 1)  0.104
 675 P   0.18400 0.18400 0.18397 0.18257 0.15700 0.06034 0.02498 0.02315 ( 1)  0.092
 676 Q   0.00000 0.00000 0.00008 0.00510 0.09286 0.31769 0.29491 0.28936 ( 6)  0.750
 677 K   0.19200 0.19200 0.19197 0.19012 0.15706 0.04704 0.01561 0.01420 ( 1)  0.067
 678 K   0.00000 0.00000 0.00000 0.00000 0.00000 0.02768 0.44675 0.52557 ( 8)  0.971
 679 E   0.19227 0.19227 0.19224 0.19037 0.15701 0.04658 0.01533 0.01394 ( 1)  0.066
 680 W   0.15660 0.15660 0.15659 0.15608 0.14634 0.09713 0.06640 0.06424 ( 1)  0.192
 681 N   0.19386 0.19386 0.19382 0.19184 0.15659 0.04377 0.01378 0.01249 ( 1)  0.062
 682 Y   0.00000 0.00000 0.00000 0.00000 0.00007 0.08194 0.43760 0.48039 ( 8)  0.946
 683 R   0.00000 0.00000 0.00000 0.00000 0.00000 0.04242 0.44554 0.51204 ( 8)  0.964
 684 T   0.00000 0.00000 0.00000 0.00000 0.00000 0.03287 0.44777 0.51936 ( 8)  0.968
 685 S   0.16393 0.16393 0.16392 0.16323 0.15019 0.08852 0.05426 0.05201 ( 1)  0.164
 686 V   0.00000 0.00000 0.00000 0.00000 0.00085 0.14203 0.41693 0.44019 ( 8)  0.918
 687 Q   0.00000 0.00000 0.00000 0.00003 0.01143 0.24643 0.36932 0.37279 ( 8)  0.861
 688 S   0.00000 0.00000 0.00000 0.00000 0.00016 0.12150 0.42685 0.45150 ( 8)  0.928
 689 P   0.00000 0.00000 0.00009 0.00519 0.09444 0.32045 0.29292 0.28692 ( 6)  0.748
 690 T   0.00000 0.00000 0.00000 0.00005 0.01871 0.30016 0.34293 0.33814 ( 7)  0.830
 691 R   0.00000 0.00000 0.00000 0.00000 0.00081 0.13903 0.41798 0.44219 ( 8)  0.919
 692 L   0.00000 0.00000 0.00000 0.00000 0.00005 0.07135 0.43984 0.48876 ( 8)  0.950
 693 R   0.00000 0.00000 0.00000 0.00001 0.00402 0.16794 0.40440 0.42363 ( 8)  0.903
 694 E   0.19389 0.19389 0.19385 0.19187 0.15674 0.04377 0.01364 0.01234 ( 1)  0.062
 695 A   0.18128 0.18128 0.18126 0.17998 0.15651 0.06456 0.02853 0.02659 ( 1)  0.101
 696 S   0.00000 0.00000 0.00000 0.00000 0.00057 0.11870 0.42468 0.45605 ( 8)  0.929
 697 K   0.00000 0.00000 0.00019 0.01138 0.19031 0.38007 0.21544 0.20261 ( 6)  0.628
 698 S   0.00000 0.00000 0.00000 0.00003 0.01086 0.24162 0.37162 0.37588 ( 8)  0.864
 699 R   0.00000 0.00000 0.00013 0.00761 0.13312 0.35302 0.25810 0.24803 ( 6)  0.696
 700 L   0.00000 0.00000 0.00000 0.00000 0.00001 0.04452 0.44565 0.50982 ( 8)  0.963
 701 Q   0.00000 0.00000 0.00000 0.00003 0.00935 0.22691 0.37834 0.38537 ( 8)  0.872
 702 L   0.18543 0.18543 0.18541 0.18393 0.15711 0.05799 0.02323 0.02147 ( 1)  0.087
 703 F   0.18727 0.18727 0.18725 0.18568 0.15731 0.05504 0.02092 0.01925 ( 1)  0.081
 704 K   0.00000 0.00000 0.00000 0.00005 0.01791 0.29415 0.34588 0.34201 ( 7)  0.834
 705 D   0.20117 0.20117 0.20112 0.19853 0.15371 0.03080 0.00717 0.00633 ( 1)  0.042
 706 D   0.00000 0.00000 0.00015 0.00893 0.15378 0.36617 0.24125 0.22973 ( 6)  0.670
 707 P   0.00000 0.00000 0.00000 0.00002 0.00833 0.21538 0.38342 0.39285 ( 8)  0.878
 708 R   0.00000 0.00000 0.00000 0.00000 0.00000 0.00042 0.39570 0.60387 ( 8)  0.985
 709 -   0.12500 0.12500 0.12500 0.12500 0.12500 0.12500 0.12500 0.12500 ( 7)  0.322
 710 -   0.12500 0.12500 0.12500 0.12500 0.12500 0.12500 0.12500 0.12500 ( 7)  0.322
 711 -   0.12500 0.12500 0.12500 0.12500 0.12500 0.12500 0.12500 0.12500 ( 7)  0.322
 712 -   0.12500 0.12500 0.12500 0.12500 0.12500 0.12500 0.12500 0.12500 ( 2)  0.322
 713 -   0.12500 0.12500 0.12500 0.12500 0.12500 0.12500 0.12500 0.12500 ( 7)  0.322
 714 -   0.12500 0.12500 0.12500 0.12500 0.12500 0.12500 0.12500 0.12500 ( 7)  0.322
 715 -   0.12500 0.12500 0.12500 0.12500 0.12500 0.12500 0.12500 0.12500 ( 7)  0.322
 716 -   0.12500 0.12500 0.12500 0.12500 0.12500 0.12500 0.12500 0.12500 ( 7)  0.322
 717 -   0.12500 0.12500 0.12500 0.12500 0.12500 0.12500 0.12500 0.12500 ( 7)  0.322
 718 -   0.12500 0.12500 0.12500 0.12500 0.12500 0.12500 0.12500 0.12500 ( 7)  0.322
 719 -   0.12500 0.12500 0.12500 0.12500 0.12500 0.12500 0.12500 0.12500 ( 7)  0.322
 720 -   0.12500 0.12500 0.12500 0.12500 0.12500 0.12500 0.12500 0.12500 ( 7)  0.322
 721 -   0.12500 0.12500 0.12500 0.12500 0.12500 0.12500 0.12500 0.12500 ( 7)  0.322
 722 -   0.12500 0.12500 0.12500 0.12500 0.12500 0.12500 0.12500 0.12500 ( 7)  0.322
 723 -   0.12500 0.12500 0.12500 0.12500 0.12500 0.12500 0.12500 0.12500 ( 7)  0.322
 724 -   0.12500 0.12500 0.12500 0.12500 0.12500 0.12500 0.12500 0.12500 ( 7)  0.322
 725 -   0.12500 0.12500 0.12500 0.12500 0.12500 0.12500 0.12500 0.12500 ( 7)  0.322
 726 -   0.12500 0.12500 0.12500 0.12500 0.12500 0.12500 0.12500 0.12500 ( 2)  0.322
 727 -   0.12500 0.12500 0.12500 0.12500 0.12500 0.12500 0.12500 0.12500 ( 7)  0.322
 728 -   0.12500 0.12500 0.12500 0.12500 0.12500 0.12500 0.12500 0.12500 ( 7)  0.322
 729 -   0.12500 0.12500 0.12500 0.12500 0.12500 0.12500 0.12500 0.12500 ( 2)  0.322
 730 -   0.12500 0.12500 0.12500 0.12500 0.12500 0.12500 0.12500 0.12500 ( 7)  0.322
 731 -   0.12500 0.12500 0.12500 0.12500 0.12500 0.12500 0.12500 0.12500 ( 7)  0.322
 732 -   0.12500 0.12500 0.12500 0.12500 0.12500 0.12500 0.12500 0.12500 ( 7)  0.322
 733 -   0.12500 0.12500 0.12500 0.12500 0.12500 0.12500 0.12500 0.12500 ( 7)  0.322
 734 -   0.12500 0.12500 0.12500 0.12500 0.12500 0.12500 0.12500 0.12500 ( 7)  0.322
 735 -   0.12500 0.12500 0.12500 0.12500 0.12500 0.12500 0.12500 0.12500 ( 7)  0.322
 736 -   0.12500 0.12500 0.12500 0.12500 0.12500 0.12500 0.12500 0.12500 ( 4)  0.322
 737 -   0.12500 0.12500 0.12500 0.12500 0.12500 0.12500 0.12500 0.12500 ( 7)  0.322
 738 -   0.12500 0.12500 0.12500 0.12500 0.12500 0.12500 0.12500 0.12500 ( 7)  0.322
 739 -   0.12500 0.12500 0.12500 0.12500 0.12500 0.12500 0.12500 0.12500 ( 7)  0.322
 740 -   0.12500 0.12500 0.12500 0.12500 0.12500 0.12500 0.12500 0.12500 ( 7)  0.322
 741 -   0.12500 0.12500 0.12500 0.12500 0.12500 0.12500 0.12500 0.12500 ( 7)  0.322


lnL = -8225.379643

