Supplemental results for CODEML (seqf: algn  treef: tree)


dN/dS (w) for site classes (K=2)

p:   0.95725  0.04275
w:   0.03547  1.00000

Naive Empirical Bayes (NEB) probabilities for 2 classes & postmean_w
(amino acids refer to 1st sequence: aotNan_GADD45A_XM_012442688)

   1 M   0.99520 0.00480 ( 1)  0.040
   2 T   0.97753 0.02247 ( 1)  0.057
   3 L   0.98411 0.01589 ( 1)  0.051
   4 E   0.99312 0.00688 ( 1)  0.042
   5 E   0.98320 0.01680 ( 1)  0.052
   6 F   0.99038 0.00962 ( 1)  0.045
   7 S   0.98626 0.01374 ( 1)  0.049
   8 A   0.63400 0.36600 ( 1)  0.388
   9 G   0.97211 0.02789 ( 1)  0.062
  10 E   0.99581 0.00419 ( 1)  0.040
  11 Q   0.99272 0.00728 ( 1)  0.042
  12 K   0.99353 0.00647 ( 1)  0.042
  13 T   0.98895 0.01105 ( 1)  0.046
  14 E   0.98320 0.01680 ( 1)  0.052
  15 R   0.00001 0.99999 ( 2)  1.000
  16 M   0.99807 0.00193 ( 1)  0.037
  17 D   0.99523 0.00477 ( 1)  0.040
  18 K   0.99761 0.00239 ( 1)  0.038
  19 V   0.99702 0.00298 ( 1)  0.038
  20 G   0.99724 0.00276 ( 1)  0.038
  21 D   0.99518 0.00482 ( 1)  0.040
  22 A   0.99616 0.00384 ( 1)  0.039
  23 L   0.98836 0.01164 ( 1)  0.047
  24 E   0.99507 0.00493 ( 1)  0.040
  25 E   0.98208 0.01792 ( 1)  0.053
  26 V   0.99304 0.00696 ( 1)  0.042
  27 L   0.98895 0.01105 ( 1)  0.046
  28 S   0.98922 0.01078 ( 1)  0.046
  29 K   0.97768 0.02232 ( 1)  0.057
  30 A   0.99133 0.00867 ( 1)  0.044
  31 L   0.98836 0.01164 ( 1)  0.047
  32 S   0.97884 0.02116 ( 1)  0.056
  33 Q   0.99176 0.00824 ( 1)  0.043
  34 R   0.98795 0.01205 ( 1)  0.047
  35 T   0.98854 0.01146 ( 1)  0.047
  36 I   0.99199 0.00801 ( 1)  0.043
  37 T   0.98244 0.01756 ( 1)  0.052
  38 V   0.99130 0.00870 ( 1)  0.044
  39 G   0.99297 0.00703 ( 1)  0.042
  40 V   0.99304 0.00696 ( 1)  0.042
  41 Y   0.98856 0.01144 ( 1)  0.047
  42 E   0.99206 0.00794 ( 1)  0.043
  43 A   0.99297 0.00703 ( 1)  0.042
  44 A   0.99127 0.00873 ( 1)  0.044
  45 K   0.99211 0.00789 ( 1)  0.043
  46 L   0.98696 0.01304 ( 1)  0.048
  47 L   0.98895 0.01105 ( 1)  0.046
  48 N   0.99237 0.00763 ( 1)  0.043
  49 V   0.99124 0.00876 ( 1)  0.044
  50 D   0.99513 0.00487 ( 1)  0.040
  51 P   0.98861 0.01139 ( 1)  0.046
  52 D   0.98884 0.01116 ( 1)  0.046
  53 N   0.99375 0.00625 ( 1)  0.041
  54 V   0.99394 0.00606 ( 1)  0.041
  55 V   0.99394 0.00606 ( 1)  0.041
  56 L   0.98752 0.01248 ( 1)  0.048
  57 C   0.98559 0.01441 ( 1)  0.049
  58 L   0.99461 0.00539 ( 1)  0.041
  59 -   0.95725 0.04275 ( 1)  0.077
  60 -   0.95725 0.04275 ( 1)  0.077
  61 -   0.95725 0.04275 ( 1)  0.077
  62 -   0.95725 0.04275 ( 1)  0.077
  63 -   0.95725 0.04275 ( 1)  0.077
  64 -   0.95725 0.04275 ( 1)  0.077
  65 L   0.99461 0.00539 ( 1)  0.041
  66 A   0.99758 0.00242 ( 1)  0.038
  67 A   0.99741 0.00259 ( 1)  0.038
  68 D   0.99828 0.00172 ( 1)  0.037
  69 E   0.99852 0.00148 ( 1)  0.037
  70 D   0.99828 0.00172 ( 1)  0.037
  71 D   0.99828 0.00172 ( 1)  0.037
  72 D   0.99828 0.00172 ( 1)  0.037
  73 R   0.99332 0.00668 ( 1)  0.042
  74 D   0.99559 0.00441 ( 1)  0.040
  75 V   0.99747 0.00253 ( 1)  0.038
  76 A   0.98987 0.01013 ( 1)  0.045
  77 L   0.99450 0.00550 ( 1)  0.041
  78 Q   0.99690 0.00310 ( 1)  0.038
  79 I   0.91921 0.08079 ( 1)  0.113
  80 H   0.99719 0.00281 ( 1)  0.038
  81 F   0.99550 0.00450 ( 1)  0.040
  82 T   0.99489 0.00511 ( 1)  0.040
  83 L   0.99461 0.00539 ( 1)  0.041
  84 I   0.99706 0.00294 ( 1)  0.038
  85 Q   0.99690 0.00310 ( 1)  0.038
  86 A   0.99728 0.00272 ( 1)  0.038
  87 F   0.99497 0.00503 ( 1)  0.040
  88 C   0.99180 0.00820 ( 1)  0.043
  89 C   0.99137 0.00863 ( 1)  0.044
  90 E   0.99852 0.00148 ( 1)  0.037
  91 N   0.93806 0.06194 ( 1)  0.095
  92 D   0.99828 0.00172 ( 1)  0.037
  93 I   0.99709 0.00291 ( 1)  0.038
  94 N   0.93806 0.06194 ( 1)  0.095
  95 I   0.99668 0.00332 ( 1)  0.039
  96 L   0.99461 0.00539 ( 1)  0.041
  97 R   0.99443 0.00557 ( 1)  0.041
  98 V   0.99656 0.00344 ( 1)  0.039
  99 S   0.99542 0.00458 ( 1)  0.040
 100 N   0.99761 0.00239 ( 1)  0.038
 101 P   0.88439 0.11561 ( 1)  0.147
 102 G   0.99660 0.00340 ( 1)  0.039
 103 R   0.99479 0.00521 ( 1)  0.040
 104 L   0.99450 0.00550 ( 1)  0.041
 105 A   0.99708 0.00292 ( 1)  0.038
 106 E   0.99852 0.00148 ( 1)  0.037
 107 L   0.99493 0.00507 ( 1)  0.040
 108 L   0.99444 0.00556 ( 1)  0.041
 109 L   0.99485 0.00515 ( 1)  0.040
 110 L   0.99090 0.00910 ( 1)  0.044
 111 E   0.95196 0.04804 ( 1)  0.082
 112 T   0.83091 0.16909 ( 1)  0.199
 113 D   0.99818 0.00182 ( 1)  0.037
 114 A   0.18109 0.81891 ( 2)  0.825
 115 G   0.90867 0.09133 ( 1)  0.124
 116 P   0.99505 0.00495 ( 1)  0.040
 117 A   0.33135 0.66865 ( 2)  0.680
 118 A   0.99695 0.00305 ( 1)  0.038
 119 S   0.20725 0.79275 ( 2)  0.800
 120 E   0.99852 0.00148 ( 1)  0.037
 121 G   0.99660 0.00340 ( 1)  0.039
 122 A   0.99666 0.00334 ( 1)  0.039
 123 E   0.32811 0.67189 ( 2)  0.684
 124 Q   0.99670 0.00330 ( 1)  0.039
 125 P   0.99467 0.00533 ( 1)  0.041
 126 P   0.99579 0.00421 ( 1)  0.040
 127 D   0.99828 0.00172 ( 1)  0.037
 128 L   0.99461 0.00539 ( 1)  0.041
 129 H   0.99719 0.00281 ( 1)  0.038
 130 C   0.99180 0.00820 ( 1)  0.043
 131 V   0.99747 0.00253 ( 1)  0.038
 132 L   0.99461 0.00539 ( 1)  0.041
 133 V   0.99747 0.00253 ( 1)  0.038
 134 T   0.99619 0.00381 ( 1)  0.039
 135 N   0.99120 0.00880 ( 1)  0.044
 136 P   0.97538 0.02462 ( 1)  0.059
 137 H   0.99109 0.00891 ( 1)  0.044
 138 S   0.97821 0.02179 ( 1)  0.056
 139 S   0.98308 0.01692 ( 1)  0.052
 140 Q   0.98512 0.01488 ( 1)  0.050
 141 W   0.99003 0.00997 ( 1)  0.045
 142 K   0.99793 0.00207 ( 1)  0.037
 143 D   0.99380 0.00620 ( 1)  0.041
 144 P   0.98366 0.01634 ( 1)  0.051
 145 A   0.99659 0.00341 ( 1)  0.039
 146 L   0.55355 0.44645 ( 1)  0.466
 147 S   0.98660 0.01340 ( 1)  0.048
 148 Q   0.98512 0.01488 ( 1)  0.050
 149 L   0.98693 0.01307 ( 1)  0.048
 150 I   0.99129 0.00871 ( 1)  0.044
 151 C   0.98105 0.01895 ( 1)  0.054
 152 F   0.98660 0.01340 ( 1)  0.048
 153 C   0.99180 0.00820 ( 1)  0.043
 154 R   0.99495 0.00505 ( 1)  0.040
 155 E   0.73483 0.26517 ( 1)  0.291
 156 S   0.98934 0.01066 ( 1)  0.046
 157 R   0.99443 0.00557 ( 1)  0.041
 158 Y   0.99494 0.00506 ( 1)  0.040
 159 M   0.99834 0.00166 ( 1)  0.037
 160 D   0.99380 0.00620 ( 1)  0.041
 161 Q   0.89549 0.10451 ( 1)  0.136
 162 W   0.99003 0.00997 ( 1)  0.045
 163 V   0.98694 0.01306 ( 1)  0.048
 164 P   0.98060 0.01940 ( 1)  0.054
 165 V   0.99747 0.00253 ( 1)  0.038
 166 I   0.98967 0.01033 ( 1)  0.045
 167 N   0.99164 0.00836 ( 1)  0.044
 168 L   0.99413 0.00587 ( 1)  0.041
 169 P   0.98366 0.01634 ( 1)  0.051
 170 E   0.98965 0.01035 ( 1)  0.045
 171 R   0.85987 0.14013 ( 1)  0.171


lnL = -1291.751139

