Supplemental results for CODEML (seqf: algn  treef: tree)


dN/dS (w) for site classes (K=9)

p:   0.12465  0.12465  0.12465  0.12465  0.12465  0.12465  0.12465  0.12465  0.00278
w:   0.00000  0.00000  0.00000  0.00000  0.00000  0.00022  0.00873  0.20716  1.75161

Naive Empirical Bayes (NEB) probabilities for 9 classes & postmean_w & P(w>1)
(amino acids refer to 1st sequence: aotNan_RHO_XM_012472901)

   1 M   0.13827 0.13827 0.13827 0.13827 0.13827 0.13808 0.13109 0.03948 0.00000 ( 1)  0.009  0.000
   2 N   0.13108 0.13108 0.13108 0.13108 0.13108 0.13101 0.12864 0.08485 0.00012 ( 1)  0.019  0.000
   3 G   0.13516 0.13516 0.13516 0.13516 0.13516 0.13503 0.13046 0.05872 0.00000 ( 1)  0.013  0.000
   4 T   0.13105 0.13105 0.13105 0.13105 0.13105 0.13099 0.12864 0.08501 0.00011 ( 1)  0.019  0.000
   5 E   0.13142 0.13142 0.13142 0.13142 0.13142 0.13136 0.12885 0.08261 0.00008 ( 1)  0.018  0.000
   6 G   0.13825 0.13825 0.13825 0.13825 0.13825 0.13806 0.13110 0.03958 0.00000 ( 1)  0.009  0.000
   7 P   0.13388 0.13388 0.13388 0.13388 0.13388 0.13377 0.12995 0.06687 0.00002 ( 1)  0.015  0.000
   8 N   0.13882 0.13882 0.13882 0.13882 0.13882 0.13862 0.13109 0.03619 0.00000 ( 1)  0.009  0.000
   9 F   0.13992 0.13992 0.13992 0.13992 0.13992 0.13969 0.13096 0.02974 0.00000 ( 2)  0.007  0.000
  10 Y   0.13667 0.13667 0.13667 0.13667 0.13667 0.13652 0.13087 0.04926 0.00000 ( 2)  0.011  0.000
  11 V   0.13684 0.13684 0.13684 0.13684 0.13683 0.13668 0.13088 0.04826 0.00000 ( 1)  0.011  0.000
  12 P   0.13897 0.13897 0.13897 0.13897 0.13897 0.13877 0.13110 0.03527 0.00000 ( 2)  0.008  0.000
  13 F   0.13992 0.13992 0.13992 0.13992 0.13992 0.13969 0.13096 0.02974 0.00000 ( 2)  0.007  0.000
  14 S   0.13920 0.13920 0.13920 0.13920 0.13919 0.13898 0.13108 0.03396 0.00000 ( 1)  0.008  0.000
  15 N   0.13786 0.13786 0.13786 0.13786 0.13785 0.13768 0.13104 0.04200 0.00000 ( 2)  0.010  0.000
  16 A   0.13754 0.13754 0.13754 0.13754 0.13754 0.13737 0.13099 0.04391 0.00000 ( 1)  0.010  0.000
  17 T   0.13613 0.13613 0.13613 0.13613 0.13613 0.13599 0.13074 0.05260 0.00000 ( 1)  0.012  0.000
  18 G   0.13773 0.13773 0.13773 0.13773 0.13773 0.13756 0.13105 0.04275 0.00000 ( 2)  0.010  0.000
  19 V   0.13651 0.13651 0.13651 0.13651 0.13651 0.13636 0.13082 0.05027 0.00000 ( 2)  0.012  0.000
  20 V   0.13563 0.13563 0.13563 0.13563 0.13563 0.13550 0.13058 0.05577 0.00000 ( 1)  0.013  0.000
  21 R   0.13606 0.13606 0.13606 0.13606 0.13606 0.13592 0.13074 0.05306 0.00000 ( 1)  0.012  0.000
  22 S   0.13826 0.13826 0.13826 0.13826 0.13826 0.13808 0.13111 0.03951 0.00000 ( 2)  0.009  0.000
  23 P   0.13897 0.13897 0.13897 0.13897 0.13897 0.13877 0.13110 0.03527 0.00000 ( 2)  0.008  0.000
  24 F   0.13983 0.13983 0.13983 0.13983 0.13983 0.13960 0.13097 0.03028 0.00000 ( 2)  0.007  0.000
  25 E   0.13474 0.13474 0.13474 0.13474 0.13474 0.13462 0.13032 0.06137 0.00001 ( 1)  0.014  0.000
  26 Y   0.13675 0.13675 0.13675 0.13675 0.13675 0.13660 0.13089 0.04874 0.00000 ( 2)  0.011  0.000
  27 P   0.13358 0.13358 0.13358 0.13358 0.13358 0.13348 0.12987 0.06874 0.00001 ( 2)  0.015  0.000
  28 Q   0.13079 0.13079 0.13079 0.13079 0.13079 0.13073 0.12854 0.08667 0.00010 ( 2)  0.019  0.000
  29 Y   0.13684 0.13684 0.13684 0.13684 0.13683 0.13668 0.13090 0.04824 0.00000 ( 2)  0.011  0.000
  30 Y   0.13684 0.13684 0.13684 0.13684 0.13683 0.13668 0.13090 0.04824 0.00000 ( 2)  0.011  0.000
  31 L   0.13126 0.13126 0.13126 0.13126 0.13126 0.13120 0.12878 0.08363 0.00008 ( 2)  0.019  0.000
  32 A   0.13704 0.13704 0.13704 0.13704 0.13704 0.13688 0.13087 0.04705 0.00000 ( 1)  0.011  0.000
  33 E   0.13474 0.13474 0.13474 0.13474 0.13474 0.13462 0.13032 0.06137 0.00001 ( 1)  0.014  0.000
  34 P   0.12689 0.12689 0.12689 0.12689 0.12688 0.12687 0.12620 0.11155 0.00096 ( 2)  0.026  0.001
  35 W   0.13011 0.13011 0.13011 0.13011 0.13011 0.13006 0.12817 0.09105 0.00015 ( 2)  0.020  0.000
  36 Q   0.13079 0.13079 0.13079 0.13079 0.13079 0.13073 0.12854 0.08667 0.00010 ( 2)  0.019  0.000
  37 F   0.13992 0.13992 0.13992 0.13992 0.13992 0.13969 0.13096 0.02974 0.00000 ( 2)  0.007  0.000
  38 S   0.13920 0.13920 0.13920 0.13920 0.13919 0.13898 0.13108 0.03396 0.00000 ( 1)  0.008  0.000
  39 M   0.13827 0.13827 0.13827 0.13827 0.13827 0.13808 0.13109 0.03948 0.00000 ( 1)  0.009  0.000
  40 L   0.13126 0.13126 0.13126 0.13126 0.13126 0.13120 0.12878 0.08363 0.00008 ( 2)  0.019  0.000
  41 A   0.14090 0.14090 0.14090 0.14090 0.14090 0.14063 0.13067 0.02421 0.00000 ( 2)  0.006  0.000
  42 A   0.14090 0.14090 0.14090 0.14090 0.14090 0.14063 0.13067 0.02421 0.00000 ( 2)  0.006  0.000
  43 Y   0.13684 0.13684 0.13684 0.13684 0.13683 0.13668 0.13090 0.04824 0.00000 ( 2)  0.011  0.000
  44 M   0.13827 0.13827 0.13827 0.13827 0.13827 0.13808 0.13109 0.03948 0.00000 ( 1)  0.009  0.000
  45 F   0.13969 0.13969 0.13969 0.13969 0.13968 0.13946 0.13099 0.03112 0.00000 ( 2)  0.008  0.000
  46 L   0.00000 0.00000 0.00000 0.00000 0.00002 0.00182 0.06960 0.92516 0.00340 ( 8)  0.198  0.003
  47 L   0.13391 0.13391 0.13391 0.13391 0.13391 0.13381 0.12997 0.06665 0.00002 ( 2)  0.015  0.000
  48 I   0.14068 0.14068 0.14068 0.14068 0.14068 0.14042 0.13069 0.02549 0.00000 ( 1)  0.006  0.000
  49 V   0.13651 0.13651 0.13651 0.13651 0.13651 0.13636 0.13082 0.05027 0.00000 ( 2)  0.012  0.000
  50 L   0.13346 0.13346 0.13346 0.13346 0.13346 0.13337 0.12978 0.06951 0.00003 ( 1)  0.016  0.000
  51 G   0.13825 0.13825 0.13825 0.13825 0.13825 0.13806 0.13110 0.03958 0.00000 ( 1)  0.009  0.000
  52 F   0.13992 0.13992 0.13992 0.13992 0.13992 0.13969 0.13096 0.02974 0.00000 ( 2)  0.007  0.000
  53 P   0.13883 0.13883 0.13883 0.13883 0.13883 0.13863 0.13110 0.03612 0.00000 ( 2)  0.009  0.000
  54 I   0.14142 0.14142 0.14142 0.14142 0.14141 0.14112 0.13039 0.02141 0.00000 ( 1)  0.006  0.000
  55 N   0.13882 0.13882 0.13882 0.13882 0.13882 0.13862 0.13109 0.03619 0.00000 ( 1)  0.009  0.000
  56 F   0.13992 0.13992 0.13992 0.13992 0.13992 0.13969 0.13096 0.02974 0.00000 ( 2)  0.007  0.000
  57 L   0.13960 0.13960 0.13960 0.13960 0.13960 0.13938 0.13102 0.03159 0.00000 ( 2)  0.008  0.000
  58 T   0.13622 0.13622 0.13622 0.13622 0.13622 0.13608 0.13077 0.05204 0.00000 ( 1)  0.012  0.000
  59 L   0.13960 0.13960 0.13960 0.13960 0.13960 0.13938 0.13102 0.03159 0.00000 ( 2)  0.008  0.000
  60 Y   0.13664 0.13664 0.13664 0.13664 0.13664 0.13649 0.13086 0.04947 0.00000 ( 2)  0.011  0.000
  61 V   0.13997 0.13997 0.13997 0.13997 0.13997 0.13973 0.13091 0.02949 0.00000 ( 1)  0.007  0.000
  62 T   0.14059 0.14059 0.14059 0.14059 0.14059 0.14033 0.13078 0.02592 0.00000 ( 1)  0.007  0.000
  63 V   0.14105 0.14105 0.14105 0.14105 0.14104 0.14077 0.13055 0.02346 0.00000 ( 2)  0.006  0.000
  64 Q   0.13079 0.13079 0.13079 0.13079 0.13079 0.13073 0.12854 0.08667 0.00010 ( 2)  0.019  0.000
  65 H   0.13714 0.13714 0.13714 0.13714 0.13714 0.13698 0.13097 0.04637 0.00000 ( 2)  0.011  0.000
  66 K   0.13465 0.13465 0.13465 0.13465 0.13465 0.13454 0.13029 0.06191 0.00001 ( 1)  0.014  0.000
  67 K   0.13465 0.13465 0.13465 0.13465 0.13465 0.13454 0.13029 0.06191 0.00001 ( 1)  0.014  0.000
  68 L   0.13124 0.13124 0.13124 0.13124 0.13124 0.13118 0.12877 0.08375 0.00008 ( 1)  0.019  0.000
  69 R   0.13607 0.13607 0.13607 0.13607 0.13607 0.13593 0.13074 0.05298 0.00000 ( 1)  0.012  0.000
  70 T   0.13616 0.13616 0.13616 0.13616 0.13616 0.13602 0.13075 0.05242 0.00000 ( 1)  0.012  0.000
  71 P   0.13067 0.13067 0.13067 0.13067 0.13067 0.13061 0.12844 0.08748 0.00014 ( 1)  0.020  0.000
  72 L   0.13960 0.13960 0.13960 0.13960 0.13960 0.13938 0.13102 0.03159 0.00000 ( 2)  0.008  0.000
  73 N   0.13882 0.13882 0.13882 0.13882 0.13882 0.13862 0.13109 0.03619 0.00000 ( 1)  0.009  0.000
  74 Y   0.13633 0.13633 0.13633 0.13633 0.13632 0.13618 0.13078 0.05140 0.00000 ( 2)  0.012  0.000
  75 I   0.14142 0.14142 0.14142 0.14142 0.14141 0.14112 0.13039 0.02141 0.00000 ( 1)  0.006  0.000
  76 L   0.13126 0.13126 0.13126 0.13126 0.13126 0.13120 0.12878 0.08363 0.00008 ( 2)  0.019  0.000
  77 L   0.13960 0.13960 0.13960 0.13960 0.13960 0.13938 0.13102 0.03159 0.00000 ( 2)  0.008  0.000
  78 N   0.13882 0.13882 0.13882 0.13882 0.13882 0.13862 0.13109 0.03619 0.00000 ( 1)  0.009  0.000
  79 L   0.12854 0.12854 0.12854 0.12854 0.12854 0.12851 0.12724 0.10110 0.00044 ( 1)  0.023  0.000
  80 A   0.14054 0.14054 0.14054 0.14054 0.14054 0.14028 0.13079 0.02623 0.00000 ( 2)  0.007  0.000
  81 V   0.13651 0.13651 0.13651 0.13651 0.13651 0.13636 0.13082 0.05027 0.00000 ( 2)  0.012  0.000
  82 A   0.13903 0.13903 0.13903 0.13903 0.13903 0.13882 0.13098 0.03506 0.00000 ( 1)  0.008  0.000
  83 D   0.13886 0.13886 0.13886 0.13886 0.13885 0.13865 0.13108 0.03599 0.00000 ( 1)  0.009  0.000
  84 L   0.13960 0.13960 0.13960 0.13960 0.13960 0.13938 0.13102 0.03159 0.00000 ( 2)  0.008  0.000
  85 F   0.13992 0.13992 0.13992 0.13992 0.13992 0.13969 0.13096 0.02974 0.00000 ( 2)  0.007  0.000
  86 M   0.13827 0.13827 0.13827 0.13827 0.13827 0.13808 0.13109 0.03948 0.00000 ( 1)  0.009  0.000
  87 V   0.14105 0.14105 0.14105 0.14105 0.14104 0.14077 0.13055 0.02346 0.00000 ( 2)  0.006  0.000
  88 F   0.00000 0.00000 0.00000 0.00000 0.00004 0.00354 0.13121 0.86514 0.00007 ( 8)  0.180  0.000
  89 G   0.12797 0.12797 0.12797 0.12797 0.12797 0.12794 0.12689 0.10477 0.00054 ( 1)  0.024  0.001
  90 G   0.13825 0.13825 0.13825 0.13825 0.13825 0.13806 0.13110 0.03958 0.00000 ( 1)  0.009  0.000
  91 F   0.13992 0.13992 0.13992 0.13992 0.13992 0.13969 0.13096 0.02974 0.00000 ( 2)  0.007  0.000
  92 T   0.00000 0.00000 0.00000 0.00000 0.00005 0.00415 0.15282 0.84296 0.00001 ( 8)  0.176  0.000
  93 T   0.00000 0.00000 0.00000 0.00000 0.00000 0.00000 0.00028 0.99758 0.00214 ( 8)  0.210  0.002
  94 T   0.14059 0.14059 0.14059 0.14059 0.14058 0.14033 0.13079 0.02596 0.00000 ( 1)  0.007  0.000
  95 L   0.13927 0.13927 0.13927 0.13927 0.13927 0.13906 0.13105 0.03353 0.00000 ( 2)  0.008  0.000
  96 Y   0.13684 0.13684 0.13684 0.13684 0.13683 0.13668 0.13090 0.04824 0.00000 ( 2)  0.011  0.000
  97 T   0.14075 0.14075 0.14075 0.14075 0.14074 0.14048 0.13073 0.02506 0.00000 ( 2)  0.006  0.000
  98 S   0.12836 0.12836 0.12836 0.12836 0.12836 0.12833 0.12714 0.10230 0.00043 ( 1)  0.023  0.000
  99 L   0.13126 0.13126 0.13126 0.13126 0.13126 0.13120 0.12878 0.08363 0.00008 ( 2)  0.019  0.000
 100 H   0.12989 0.12989 0.12989 0.12989 0.12989 0.12984 0.12801 0.09250 0.00022 ( 1)  0.021  0.000
 101 G   0.12663 0.12663 0.12663 0.12663 0.12663 0.12661 0.12603 0.11311 0.00109 ( 1)  0.026  0.001
 102 Y   0.13684 0.13684 0.13684 0.13684 0.13683 0.13668 0.13090 0.04824 0.00000 ( 2)  0.011  0.000
 103 F   0.13992 0.13992 0.13992 0.13992 0.13992 0.13969 0.13096 0.02974 0.00000 ( 2)  0.007  0.000
 104 V   0.00000 0.00000 0.00000 0.00000 0.00006 0.00517 0.18797 0.80679 0.00001 ( 8)  0.169  0.000
 105 F   0.13992 0.13992 0.13992 0.13992 0.13992 0.13969 0.13096 0.02974 0.00000 ( 2)  0.007  0.000
 106 G   0.13378 0.13378 0.13378 0.13378 0.13378 0.13368 0.12996 0.06746 0.00001 ( 1)  0.015  0.000
 107 P   0.13889 0.13889 0.13889 0.13889 0.13889 0.13869 0.13110 0.03575 0.00000 ( 2)  0.009  0.000
 108 T   0.12810 0.12810 0.12810 0.12810 0.12810 0.12808 0.12697 0.10390 0.00052 ( 2)  0.024  0.001
 109 G   0.12745 0.12745 0.12745 0.12745 0.12745 0.12743 0.12656 0.10803 0.00073 ( 1)  0.025  0.001
 110 C   0.13663 0.13663 0.13663 0.13663 0.13663 0.13648 0.13088 0.04951 0.00000 ( 1)  0.011  0.000
 111 N   0.13011 0.13011 0.13011 0.13011 0.13011 0.13006 0.12815 0.09106 0.00017 ( 1)  0.020  0.000
 112 L   0.00000 0.00000 0.00000 0.00000 0.00000 0.00000 0.00000 0.20146 0.79854 ( 9)  1.440  0.799
 113 E   0.13439 0.13439 0.13439 0.13439 0.13438 0.13428 0.13019 0.06360 0.00001 ( 2)  0.014  0.000
 114 G   0.13825 0.13825 0.13825 0.13825 0.13825 0.13806 0.13110 0.03958 0.00000 ( 1)  0.009  0.000
 115 F   0.13992 0.13992 0.13992 0.13992 0.13992 0.13969 0.13096 0.02974 0.00000 ( 2)  0.007  0.000
 116 F   0.13060 0.13060 0.13060 0.13060 0.13060 0.13054 0.12842 0.08791 0.00013 ( 1)  0.020  0.000
 117 A   0.14090 0.14090 0.14090 0.14090 0.14090 0.14063 0.13067 0.02421 0.00000 ( 2)  0.006  0.000
 118 T   0.13989 0.13989 0.13989 0.13989 0.13988 0.13965 0.13094 0.02998 0.00000 ( 1)  0.007  0.000
 119 L   0.13126 0.13126 0.13126 0.13126 0.13126 0.13120 0.12878 0.08363 0.00008 ( 2)  0.019  0.000
 120 G   0.13805 0.13805 0.13805 0.13805 0.13805 0.13787 0.13108 0.04080 0.00000 ( 2)  0.010  0.000
 121 G   0.12797 0.12797 0.12797 0.12797 0.12797 0.12794 0.12690 0.10477 0.00053 ( 1)  0.024  0.001
 122 E   0.12845 0.12845 0.12845 0.12845 0.12845 0.12841 0.12719 0.10176 0.00040 ( 1)  0.023  0.000
 123 I   0.13397 0.13397 0.13397 0.13397 0.13397 0.13387 0.13001 0.06626 0.00001 ( 2)  0.015  0.000
 124 A   0.14090 0.14090 0.14090 0.14090 0.14090 0.14063 0.13067 0.02421 0.00000 ( 2)  0.006  0.000
 125 L   0.13126 0.13126 0.13126 0.13126 0.13126 0.13120 0.12878 0.08363 0.00008 ( 2)  0.019  0.000
 126 W   0.13011 0.13011 0.13011 0.13011 0.13011 0.13006 0.12817 0.09105 0.00015 ( 2)  0.020  0.000
 127 S   0.13920 0.13920 0.13920 0.13920 0.13919 0.13898 0.13108 0.03396 0.00000 ( 1)  0.008  0.000
 128 L   0.13266 0.13266 0.13266 0.13266 0.13266 0.13258 0.12946 0.07464 0.00003 ( 2)  0.017  0.000
 129 V   0.13651 0.13651 0.13651 0.13651 0.13651 0.13636 0.13082 0.05027 0.00000 ( 2)  0.012  0.000
 130 V   0.14062 0.14062 0.14062 0.14062 0.14061 0.14035 0.13072 0.02585 0.00000 ( 2)  0.007  0.000
 131 L   0.13126 0.13126 0.13126 0.13126 0.13126 0.13120 0.12878 0.08363 0.00008 ( 2)  0.019  0.000
 132 A   0.14090 0.14090 0.14090 0.14090 0.14090 0.14063 0.13067 0.02421 0.00000 ( 2)  0.006  0.000
 133 I   0.14140 0.14140 0.14140 0.14140 0.14140 0.14111 0.13040 0.02150 0.00000 ( 1)  0.006  0.000
 134 E   0.13397 0.13397 0.13397 0.13397 0.13397 0.13387 0.13003 0.06624 0.00001 ( 1)  0.015  0.000
 135 R   0.13169 0.13169 0.13169 0.13169 0.13169 0.13162 0.12901 0.08085 0.00005 ( 1)  0.018  0.000
 136 Y   0.13182 0.13182 0.13182 0.13182 0.13182 0.13175 0.12906 0.08006 0.00005 ( 2)  0.018  0.000
 137 V   0.13651 0.13651 0.13651 0.13651 0.13651 0.13636 0.13082 0.05027 0.00000 ( 2)  0.012  0.000
 138 V   0.13651 0.13651 0.13651 0.13651 0.13651 0.13636 0.13082 0.05027 0.00000 ( 2)  0.012  0.000
 139 V   0.13651 0.13651 0.13651 0.13651 0.13651 0.13636 0.13082 0.05027 0.00000 ( 2)  0.012  0.000
 140 C   0.12773 0.12773 0.12773 0.12773 0.12772 0.12770 0.12674 0.10632 0.00061 ( 1)  0.024  0.001
 141 K   0.13465 0.13465 0.13465 0.13465 0.13465 0.13454 0.13029 0.06191 0.00001 ( 1)  0.014  0.000
 142 P   0.13897 0.13897 0.13897 0.13897 0.13897 0.13877 0.13110 0.03527 0.00000 ( 2)  0.008  0.000
 143 M   0.13827 0.13827 0.13827 0.13827 0.13827 0.13808 0.13109 0.03948 0.00000 ( 1)  0.009  0.000
 144 S   0.13826 0.13826 0.13826 0.13826 0.13826 0.13808 0.13111 0.03951 0.00000 ( 2)  0.009  0.000
 145 N   0.13882 0.13882 0.13882 0.13882 0.13882 0.13862 0.13109 0.03619 0.00000 ( 1)  0.009  0.000
 146 F   0.13992 0.13992 0.13992 0.13992 0.13992 0.13969 0.13096 0.02974 0.00000 ( 2)  0.007  0.000
 147 R   0.13548 0.13548 0.13548 0.13548 0.13548 0.13535 0.13057 0.05669 0.00000 ( 1)  0.013  0.000
 148 F   0.13771 0.13771 0.13771 0.13771 0.13771 0.13753 0.13086 0.04304 0.00000 ( 2)  0.010  0.000
 149 G   0.13391 0.13391 0.13391 0.13391 0.13391 0.13381 0.13001 0.06663 0.00001 ( 1)  0.015  0.000
 150 E   0.13474 0.13474 0.13474 0.13474 0.13474 0.13462 0.13032 0.06137 0.00001 ( 1)  0.014  0.000
 151 N   0.13882 0.13882 0.13882 0.13882 0.13882 0.13862 0.13109 0.03619 0.00000 ( 1)  0.009  0.000
 152 H   0.12812 0.12812 0.12812 0.12812 0.12812 0.12809 0.12699 0.10381 0.00049 ( 1)  0.024  0.000
 153 A   0.14090 0.14090 0.14090 0.14090 0.14090 0.14063 0.13067 0.02421 0.00000 ( 2)  0.006  0.000
 154 I   0.14142 0.14142 0.14142 0.14142 0.14141 0.14112 0.13039 0.02141 0.00000 ( 1)  0.006  0.000
 155 M   0.13827 0.13827 0.13827 0.13827 0.13827 0.13808 0.13109 0.03948 0.00000 ( 1)  0.009  0.000
 156 G   0.13825 0.13825 0.13825 0.13825 0.13825 0.13806 0.13110 0.03958 0.00000 ( 1)  0.009  0.000
 157 V   0.00000 0.00000 0.00000 0.00000 0.00003 0.00215 0.08166 0.91254 0.00362 ( 8)  0.196  0.004
 158 A   0.00000 0.00000 0.00000 0.00000 0.00000 0.00001 0.00837 0.99157 0.00006 ( 8)  0.206  0.000
 159 F   0.13992 0.13992 0.13992 0.13992 0.13992 0.13969 0.13096 0.02974 0.00000 ( 2)  0.007  0.000
 160 T   0.14061 0.14061 0.14061 0.14061 0.14061 0.14035 0.13078 0.02581 0.00000 ( 1)  0.007  0.000
 161 W   0.13011 0.13011 0.13011 0.13011 0.13011 0.13006 0.12817 0.09105 0.00015 ( 2)  0.020  0.000
 162 V   0.00000 0.00000 0.00000 0.00000 0.00006 0.00467 0.17098 0.82428 0.00001 ( 8)  0.172  0.000
 163 M   0.13827 0.13827 0.13827 0.13827 0.13827 0.13808 0.13109 0.03948 0.00000 ( 1)  0.009  0.000
 164 A   0.13584 0.13584 0.13584 0.13584 0.13584 0.13570 0.13066 0.05445 0.00000 ( 1)  0.012  0.000
 165 L   0.13128 0.13128 0.13128 0.13128 0.13128 0.13121 0.12879 0.08353 0.00008 ( 2)  0.019  0.000
 166 A   0.14090 0.14090 0.14090 0.14090 0.14090 0.14063 0.13067 0.02421 0.00000 ( 2)  0.006  0.000
 167 C   0.13339 0.13339 0.13339 0.13339 0.13339 0.13329 0.12980 0.06996 0.00001 ( 2)  0.016  0.000
 168 A   0.14010 0.14010 0.14010 0.14010 0.14009 0.13985 0.13089 0.02878 0.00000 ( 1)  0.007  0.000
 169 A   0.12816 0.12816 0.12816 0.12816 0.12816 0.12813 0.12701 0.10353 0.00051 ( 1)  0.023  0.001
 170 P   0.13830 0.13830 0.13830 0.13830 0.13830 0.13811 0.13109 0.03930 0.00000 ( 2)  0.009  0.000
 171 P   0.13845 0.13845 0.13845 0.13845 0.13845 0.13826 0.13109 0.03838 0.00000 ( 1)  0.009  0.000
 172 L   0.13815 0.13815 0.13815 0.13815 0.13815 0.13796 0.13107 0.04023 0.00000 ( 2)  0.010  0.000
 173 A   0.00000 0.00000 0.00000 0.00000 0.00000 0.00000 0.00032 0.99841 0.00128 ( 8)  0.209  0.001
 174 G   0.13825 0.13825 0.13825 0.13825 0.13825 0.13806 0.13110 0.03958 0.00000 ( 1)  0.009  0.000
 175 W   0.13011 0.13011 0.13011 0.13011 0.13011 0.13006 0.12817 0.09105 0.00015 ( 2)  0.020  0.000
 176 S   0.13920 0.13920 0.13920 0.13920 0.13919 0.13898 0.13108 0.03396 0.00000 ( 1)  0.008  0.000
 177 R   0.13365 0.13365 0.13365 0.13365 0.13365 0.13356 0.12991 0.06826 0.00001 ( 1)  0.015  0.000
 178 Y   0.13684 0.13684 0.13684 0.13684 0.13683 0.13668 0.13090 0.04824 0.00000 ( 2)  0.011  0.000
 179 I   0.14090 0.14090 0.14090 0.14090 0.14090 0.14063 0.13062 0.02426 0.00000 ( 1)  0.006  0.000
 180 P   0.00000 0.00000 0.00000 0.00000 0.00004 0.00347 0.12870 0.86777 0.00003 ( 8)  0.181  0.000
 181 E   0.13474 0.13474 0.13474 0.13474 0.13474 0.13462 0.13032 0.06137 0.00001 ( 1)  0.014  0.000
 182 G   0.13773 0.13773 0.13773 0.13773 0.13772 0.13755 0.13104 0.04278 0.00000 ( 1)  0.010  0.000
 183 M   0.00000 0.00000 0.00000 0.00000 0.00000 0.00000 0.00381 0.98595 0.01025 ( 8)  0.222  0.010
 184 Q   0.13079 0.13079 0.13079 0.13079 0.13079 0.13073 0.12854 0.08667 0.00010 ( 2)  0.019  0.000
 185 C   0.13663 0.13663 0.13663 0.13663 0.13663 0.13648 0.13088 0.04951 0.00000 ( 1)  0.011  0.000
 186 S   0.13189 0.13189 0.13189 0.13189 0.13189 0.13181 0.12908 0.07961 0.00006 ( 2)  0.018  0.000
 187 C   0.13366 0.13366 0.13366 0.13366 0.13366 0.13356 0.12989 0.06825 0.00001 ( 2)  0.015  0.000
 188 G   0.13014 0.13014 0.13014 0.13014 0.13014 0.13009 0.12817 0.09087 0.00017 ( 1)  0.020  0.000
 189 I   0.14132 0.14132 0.14132 0.14132 0.14131 0.14103 0.13044 0.02195 0.00000 ( 1)  0.006  0.000
 190 D   0.13886 0.13886 0.13886 0.13886 0.13885 0.13865 0.13108 0.03599 0.00000 ( 1)  0.009  0.000
 191 Y   0.13684 0.13684 0.13684 0.13684 0.13683 0.13668 0.13090 0.04824 0.00000 ( 2)  0.011  0.000
 192 Y   0.13634 0.13634 0.13634 0.13634 0.13634 0.13620 0.13079 0.05129 0.00000 ( 2)  0.012  0.000
 193 T   0.13593 0.13593 0.13593 0.13593 0.13592 0.13579 0.13067 0.05390 0.00000 ( 1)  0.012  0.000
 194 L   0.13946 0.13946 0.13946 0.13946 0.13946 0.13924 0.13103 0.03242 0.00000 ( 2)  0.008  0.000
 195 K   0.13465 0.13465 0.13465 0.13465 0.13465 0.13454 0.13029 0.06191 0.00001 ( 1)  0.014  0.000
 196 P   0.12979 0.12979 0.12979 0.12979 0.12979 0.12974 0.12798 0.09313 0.00020 ( 1)  0.021  0.000
 197 E   0.13474 0.13474 0.13474 0.13474 0.13474 0.13462 0.13032 0.06137 0.00001 ( 1)  0.014  0.000
 198 V   0.14105 0.14105 0.14105 0.14105 0.14104 0.14077 0.13055 0.02346 0.00000 ( 2)  0.006  0.000
 199 N   0.13882 0.13882 0.13882 0.13882 0.13882 0.13862 0.13109 0.03619 0.00000 ( 1)  0.009  0.000
 200 N   0.13810 0.13810 0.13810 0.13810 0.13810 0.13792 0.13105 0.04051 0.00000 ( 1)  0.010  0.000
 201 E   0.13474 0.13474 0.13474 0.13474 0.13474 0.13462 0.13032 0.06137 0.00001 ( 1)  0.014  0.000
 202 S   0.13895 0.13895 0.13895 0.13895 0.13895 0.13874 0.13109 0.03543 0.00000 ( 1)  0.009  0.000
 203 F   0.13346 0.13346 0.13346 0.13346 0.13346 0.13337 0.12977 0.06952 0.00003 ( 1)  0.016  0.000
 204 V   0.14000 0.14000 0.14000 0.14000 0.13999 0.13976 0.13086 0.02940 0.00000 ( 2)  0.007  0.000
 205 I   0.14142 0.14142 0.14142 0.14142 0.14141 0.14112 0.13039 0.02141 0.00000 ( 1)  0.006  0.000
 206 Y   0.13684 0.13684 0.13684 0.13684 0.13683 0.13668 0.13090 0.04824 0.00000 ( 2)  0.011  0.000
 207 M   0.13827 0.13827 0.13827 0.13827 0.13827 0.13808 0.13109 0.03948 0.00000 ( 1)  0.009  0.000
 208 F   0.13938 0.13938 0.13938 0.13938 0.13937 0.13916 0.13102 0.03294 0.00000 ( 2)  0.008  0.000
 209 V   0.13651 0.13651 0.13651 0.13651 0.13651 0.13636 0.13082 0.05027 0.00000 ( 2)  0.012  0.000
 210 V   0.14105 0.14105 0.14105 0.14105 0.14104 0.14077 0.13055 0.02346 0.00000 ( 2)  0.006  0.000
 211 H   0.13714 0.13714 0.13714 0.13714 0.13714 0.13698 0.13097 0.04637 0.00000 ( 2)  0.011  0.000
 212 F   0.13992 0.13992 0.13992 0.13992 0.13992 0.13969 0.13096 0.02974 0.00000 ( 2)  0.007  0.000
 213 T   0.00000 0.00000 0.00000 0.00000 0.00000 0.00000 0.00702 0.99284 0.00014 ( 8)  0.206  0.000
 214 I   0.14142 0.14142 0.14142 0.14142 0.14141 0.14112 0.13039 0.02141 0.00000 ( 1)  0.006  0.000
 215 P   0.13897 0.13897 0.13897 0.13897 0.13897 0.13877 0.13110 0.03527 0.00000 ( 2)  0.008  0.000
 216 M   0.00000 0.00000 0.00000 0.00000 0.00000 0.00000 0.00472 0.99351 0.00176 ( 8)  0.209  0.002
 217 I   0.00000 0.00000 0.00000 0.00000 0.00000 0.00000 0.00247 0.91104 0.08649 ( 8)  0.340  0.086
 218 V   0.00000 0.00000 0.00000 0.00000 0.00000 0.00000 0.00002 0.99438 0.00561 ( 8)  0.216  0.006
 219 I   0.14138 0.14138 0.14138 0.14138 0.14138 0.14109 0.13040 0.02159 0.00000 ( 1)  0.006  0.000
 220 F   0.13696 0.13696 0.13696 0.13696 0.13695 0.13680 0.13082 0.04761 0.00000 ( 1)  0.011  0.000
 221 F   0.13933 0.13933 0.13933 0.13933 0.13932 0.13911 0.13102 0.03324 0.00000 ( 2)  0.008  0.000
 222 C   0.13663 0.13663 0.13663 0.13663 0.13663 0.13648 0.13088 0.04951 0.00000 ( 1)  0.011  0.000
 223 Y   0.13000 0.13000 0.13000 0.13000 0.13000 0.12996 0.12810 0.09175 0.00017 ( 2)  0.020  0.000
 224 G   0.13347 0.13347 0.13347 0.13347 0.13347 0.13337 0.12983 0.06945 0.00001 ( 2)  0.016  0.000
 225 Q   0.13079 0.13079 0.13079 0.13079 0.13079 0.13073 0.12854 0.08667 0.00010 ( 2)  0.019  0.000
 226 L   0.13636 0.13636 0.13636 0.13636 0.13636 0.13622 0.13076 0.05122 0.00000 ( 1)  0.012  0.000
 227 V   0.14105 0.14105 0.14105 0.14105 0.14104 0.14077 0.13055 0.02346 0.00000 ( 2)  0.006  0.000
 228 F   0.13992 0.13992 0.13992 0.13992 0.13992 0.13969 0.13096 0.02974 0.00000 ( 2)  0.007  0.000
 229 T   0.14030 0.14030 0.14030 0.14030 0.14029 0.14005 0.13088 0.02760 0.00000 ( 1)  0.007  0.000
 230 V   0.14052 0.14052 0.14052 0.14052 0.14052 0.14026 0.13073 0.02641 0.00000 ( 2)  0.007  0.000
 231 K   0.13465 0.13465 0.13465 0.13465 0.13465 0.13454 0.13029 0.06191 0.00001 ( 1)  0.014  0.000
 232 E   0.13474 0.13474 0.13474 0.13474 0.13474 0.13462 0.13032 0.06137 0.00001 ( 1)  0.014  0.000
 233 A   0.13942 0.13942 0.13942 0.13942 0.13942 0.13920 0.13103 0.03265 0.00000 ( 1)  0.008  0.000
 234 A   0.00000 0.00000 0.00000 0.00000 0.00000 0.00000 0.00367 0.98183 0.01450 ( 8)  0.229  0.014
 235 A   0.14090 0.14090 0.14090 0.14090 0.14090 0.14063 0.13067 0.02421 0.00000 ( 2)  0.006  0.000
 236 Q   0.13079 0.13079 0.13079 0.13079 0.13079 0.13073 0.12854 0.08667 0.00010 ( 2)  0.019  0.000
 237 Q   0.13056 0.13056 0.13056 0.13056 0.13056 0.13051 0.12841 0.08814 0.00011 ( 2)  0.020  0.000
 238 Q   0.13079 0.13079 0.13079 0.13079 0.13079 0.13073 0.12854 0.08667 0.00010 ( 2)  0.019  0.000
 239 E   0.13474 0.13474 0.13474 0.13474 0.13474 0.13462 0.13032 0.06137 0.00001 ( 1)  0.014  0.000
 240 S   0.13155 0.13155 0.13155 0.13155 0.13155 0.13148 0.12892 0.08178 0.00007 ( 2)  0.018  0.000
 241 A   0.14090 0.14090 0.14090 0.14090 0.14090 0.14063 0.13067 0.02421 0.00000 ( 2)  0.006  0.000
 242 T   0.14077 0.14077 0.14077 0.14077 0.14077 0.14051 0.13072 0.02490 0.00000 ( 1)  0.006  0.000
 243 T   0.12743 0.12743 0.12743 0.12743 0.12743 0.12741 0.12655 0.10818 0.00072 ( 2)  0.025  0.001
 244 Q   0.13079 0.13079 0.13079 0.13079 0.13079 0.13073 0.12854 0.08667 0.00010 ( 2)  0.019  0.000
 245 K   0.13465 0.13465 0.13465 0.13465 0.13465 0.13454 0.13029 0.06191 0.00001 ( 1)  0.014  0.000
 246 A   0.12776 0.12776 0.12776 0.12776 0.12776 0.12773 0.12676 0.10612 0.00061 ( 1)  0.024  0.001
 247 E   0.13474 0.13474 0.13474 0.13474 0.13474 0.13462 0.13032 0.06137 0.00001 ( 1)  0.014  0.000
 248 K   0.13282 0.13282 0.13282 0.13282 0.13282 0.13273 0.12953 0.07363 0.00003 ( 1)  0.016  0.000
 249 E   0.13474 0.13474 0.13474 0.13474 0.13474 0.13462 0.13032 0.06137 0.00001 ( 1)  0.014  0.000
 250 V   0.14105 0.14105 0.14105 0.14105 0.14104 0.14077 0.13055 0.02346 0.00000 ( 2)  0.006  0.000
 251 T   0.13940 0.13940 0.13940 0.13940 0.13939 0.13918 0.13100 0.03285 0.00000 ( 1)  0.008  0.000
 252 R   0.13491 0.13491 0.13491 0.13491 0.13491 0.13479 0.13038 0.06026 0.00000 ( 1)  0.014  0.000
 253 M   0.13827 0.13827 0.13827 0.13827 0.13827 0.13808 0.13109 0.03948 0.00000 ( 1)  0.009  0.000
 254 V   0.14105 0.14105 0.14105 0.14105 0.14104 0.14077 0.13055 0.02346 0.00000 ( 2)  0.006  0.000
 255 I   0.14142 0.14142 0.14142 0.14142 0.14141 0.14112 0.13039 0.02141 0.00000 ( 1)  0.006  0.000
 256 I   0.14142 0.14142 0.14142 0.14142 0.14141 0.14112 0.13039 0.02141 0.00000 ( 1)  0.006  0.000
 257 M   0.13827 0.13827 0.13827 0.13827 0.13827 0.13808 0.13109 0.03948 0.00000 ( 1)  0.009  0.000
 258 V   0.14105 0.14105 0.14105 0.14105 0.14104 0.14077 0.13055 0.02346 0.00000 ( 2)  0.006  0.000
 259 I   0.14142 0.14142 0.14142 0.14142 0.14141 0.14112 0.13039 0.02141 0.00000 ( 1)  0.006  0.000
 260 A   0.13457 0.13457 0.13457 0.13457 0.13457 0.13445 0.13017 0.06252 0.00002 ( 2)  0.014  0.000
 261 F   0.13992 0.13992 0.13992 0.13992 0.13992 0.13969 0.13096 0.02974 0.00000 ( 2)  0.007  0.000
 262 L   0.13126 0.13126 0.13126 0.13126 0.13126 0.13120 0.12878 0.08363 0.00008 ( 2)  0.019  0.000
 263 I   0.14142 0.14142 0.14142 0.14142 0.14141 0.14112 0.13039 0.02141 0.00000 ( 1)  0.006  0.000
 264 C   0.13421 0.13421 0.13421 0.13421 0.13421 0.13410 0.13011 0.06474 0.00001 ( 2)  0.015  0.000
 265 W   0.13011 0.13011 0.13011 0.13011 0.13011 0.13006 0.12817 0.09105 0.00015 ( 2)  0.020  0.000
 266 V   0.00000 0.00000 0.00000 0.00000 0.00000 0.00000 0.00390 0.98942 0.00668 ( 8)  0.217  0.007
 267 P   0.13897 0.13897 0.13897 0.13897 0.13897 0.13877 0.13110 0.03527 0.00000 ( 2)  0.008  0.000
 268 Y   0.13451 0.13451 0.13451 0.13451 0.13451 0.13440 0.13021 0.06285 0.00001 ( 2)  0.014  0.000
 269 A   0.13848 0.13848 0.13848 0.13848 0.13847 0.13828 0.13103 0.03831 0.00000 ( 1)  0.009  0.000
 270 S   0.00000 0.00000 0.00000 0.00000 0.00000 0.00000 0.00531 0.99409 0.00059 ( 8)  0.207  0.001
 271 V   0.13651 0.13651 0.13651 0.13651 0.13651 0.13636 0.13082 0.05027 0.00000 ( 2)  0.012  0.000
 272 A   0.12823 0.12823 0.12823 0.12823 0.12822 0.12820 0.12705 0.10314 0.00049 ( 1)  0.023  0.000
 273 F   0.13992 0.13992 0.13992 0.13992 0.13992 0.13969 0.13096 0.02974 0.00000 ( 2)  0.007  0.000
 274 Y   0.13684 0.13684 0.13684 0.13684 0.13683 0.13668 0.13090 0.04824 0.00000 ( 2)  0.011  0.000
 275 I   0.14142 0.14142 0.14142 0.14142 0.14141 0.14112 0.13039 0.02141 0.00000 ( 1)  0.006  0.000
 276 F   0.13992 0.13992 0.13992 0.13992 0.13992 0.13969 0.13096 0.02974 0.00000 ( 2)  0.007  0.000
 277 T   0.13940 0.13940 0.13940 0.13940 0.13940 0.13918 0.13103 0.03280 0.00000 ( 2)  0.008  0.000
 278 H   0.13714 0.13714 0.13714 0.13714 0.13714 0.13698 0.13097 0.04637 0.00000 ( 2)  0.011  0.000
 279 Q   0.13079 0.13079 0.13079 0.13079 0.13079 0.13073 0.12854 0.08667 0.00010 ( 2)  0.019  0.000
 280 G   0.13825 0.13825 0.13825 0.13825 0.13825 0.13806 0.13110 0.03958 0.00000 ( 1)  0.009  0.000
 281 S   0.13920 0.13920 0.13920 0.13920 0.13919 0.13898 0.13108 0.03396 0.00000 ( 1)  0.008  0.000
 282 N   0.13882 0.13882 0.13882 0.13882 0.13882 0.13862 0.13109 0.03619 0.00000 ( 1)  0.009  0.000
 283 F   0.13926 0.13926 0.13926 0.13926 0.13925 0.13904 0.13103 0.03365 0.00000 ( 2)  0.008  0.000
 284 G   0.12883 0.12883 0.12883 0.12883 0.12883 0.12879 0.12741 0.09932 0.00035 ( 1)  0.022  0.000
 285 P   0.13897 0.13897 0.13897 0.13897 0.13897 0.13877 0.13110 0.03527 0.00000 ( 2)  0.008  0.000
 286 I   0.00000 0.00000 0.00000 0.00000 0.00006 0.00492 0.17938 0.81563 0.00001 ( 8)  0.171  0.000
 287 F   0.13992 0.13992 0.13992 0.13992 0.13992 0.13969 0.13096 0.02974 0.00000 ( 2)  0.007  0.000
 288 M   0.13827 0.13827 0.13827 0.13827 0.13827 0.13808 0.13109 0.03948 0.00000 ( 1)  0.009  0.000
 289 T   0.14077 0.14077 0.14077 0.14077 0.14077 0.14051 0.13072 0.02490 0.00000 ( 1)  0.006  0.000
 290 L   0.00000 0.00000 0.00000 0.00000 0.00000 0.00001 0.00800 0.99188 0.00011 ( 8)  0.206  0.000
 291 P   0.13076 0.13076 0.13076 0.13076 0.13076 0.13071 0.12851 0.08684 0.00012 ( 1)  0.019  0.000
 292 A   0.12989 0.12989 0.12989 0.12989 0.12989 0.12984 0.12804 0.09249 0.00017 ( 1)  0.021  0.000
 293 F   0.13992 0.13992 0.13992 0.13992 0.13992 0.13969 0.13096 0.02974 0.00000 ( 2)  0.007  0.000
 294 F   0.13229 0.13229 0.13229 0.13229 0.13229 0.13221 0.12929 0.07703 0.00004 ( 1)  0.017  0.000
 295 A   0.14090 0.14090 0.14090 0.14090 0.14090 0.14063 0.13067 0.02421 0.00000 ( 2)  0.006  0.000
 296 K   0.13465 0.13465 0.13465 0.13465 0.13465 0.13454 0.13029 0.06191 0.00001 ( 1)  0.014  0.000
 297 S   0.00000 0.00000 0.00000 0.00000 0.00004 0.00302 0.11291 0.88391 0.00011 ( 8)  0.184  0.000
 298 A   0.14090 0.14090 0.14090 0.14090 0.14090 0.14063 0.13067 0.02421 0.00000 ( 2)  0.006  0.000
 299 S   0.00000 0.00000 0.00000 0.00000 0.00000 0.00000 0.00032 0.99881 0.00087 ( 8)  0.208  0.001
 300 I   0.14081 0.14081 0.14081 0.14081 0.14081 0.14054 0.13064 0.02475 0.00000 ( 1)  0.006  0.000
 301 Y   0.13684 0.13684 0.13684 0.13684 0.13683 0.13668 0.13090 0.04824 0.00000 ( 2)  0.011  0.000
 302 N   0.13879 0.13879 0.13879 0.13879 0.13879 0.13859 0.13109 0.03636 0.00000 ( 2)  0.009  0.000
 303 P   0.12919 0.12919 0.12919 0.12919 0.12919 0.12915 0.12763 0.09699 0.00029 ( 1)  0.022  0.000
 304 V   0.14105 0.14105 0.14105 0.14105 0.14104 0.14077 0.13055 0.02346 0.00000 ( 2)  0.006  0.000
 305 I   0.14142 0.14142 0.14142 0.14142 0.14141 0.14112 0.13039 0.02141 0.00000 ( 1)  0.006  0.000
 306 Y   0.12777 0.12777 0.12777 0.12777 0.12777 0.12775 0.12677 0.10602 0.00060 ( 2)  0.024  0.001
 307 I   0.14132 0.14132 0.14132 0.14132 0.14132 0.14103 0.13043 0.02192 0.00000 ( 1)  0.006  0.000
 308 M   0.13827 0.13827 0.13827 0.13827 0.13827 0.13808 0.13109 0.03948 0.00000 ( 1)  0.009  0.000
 309 M   0.13827 0.13827 0.13827 0.13827 0.13827 0.13808 0.13109 0.03948 0.00000 ( 1)  0.009  0.000
 310 N   0.13825 0.13825 0.13825 0.13825 0.13825 0.13806 0.13106 0.03962 0.00000 ( 1)  0.009  0.000
 311 K   0.13465 0.13465 0.13465 0.13465 0.13465 0.13454 0.13029 0.06191 0.00001 ( 1)  0.014  0.000
 312 Q   0.13079 0.13079 0.13079 0.13079 0.13079 0.13073 0.12854 0.08667 0.00010 ( 2)  0.019  0.000
 313 F   0.13992 0.13992 0.13992 0.13992 0.13992 0.13969 0.13096 0.02974 0.00000 ( 2)  0.007  0.000
 314 R   0.13169 0.13169 0.13169 0.13169 0.13169 0.13162 0.12901 0.08085 0.00005 ( 1)  0.018  0.000
 315 N   0.00000 0.00000 0.00000 0.00000 0.00005 0.00387 0.14295 0.85310 0.00003 ( 8)  0.178  0.000
 316 C   0.13663 0.13663 0.13663 0.13663 0.13663 0.13648 0.13088 0.04951 0.00000 ( 1)  0.011  0.000
 317 M   0.13827 0.13827 0.13827 0.13827 0.13827 0.13808 0.13109 0.03948 0.00000 ( 1)  0.009  0.000
 318 L   0.00000 0.00000 0.00000 0.00000 0.00000 0.00000 0.00691 0.99285 0.00024 ( 8)  0.206  0.000
 319 T   0.14077 0.14077 0.14077 0.14077 0.14077 0.14051 0.13072 0.02490 0.00000 ( 1)  0.006  0.000
 320 T   0.14077 0.14077 0.14077 0.14077 0.14077 0.14051 0.13072 0.02490 0.00000 ( 1)  0.006  0.000
 321 I   0.00000 0.00000 0.00000 0.00000 0.00006 0.00475 0.17363 0.82155 0.00001 ( 8)  0.172  0.000
 322 C   0.13663 0.13663 0.13663 0.13663 0.13663 0.13648 0.13088 0.04951 0.00000 ( 1)  0.011  0.000
 323 C   0.13457 0.13457 0.13457 0.13457 0.13457 0.13446 0.13026 0.06243 0.00001 ( 2)  0.014  0.000
 324 G   0.13825 0.13825 0.13825 0.13825 0.13825 0.13806 0.13110 0.03958 0.00000 ( 1)  0.009  0.000
 325 K   0.00000 0.00000 0.00000 0.00000 0.00003 0.00213 0.08089 0.91617 0.00078 ( 8)  0.192  0.001
 326 N   0.13882 0.13882 0.13882 0.13882 0.13882 0.13862 0.13109 0.03619 0.00000 ( 1)  0.009  0.000
 327 P   0.12934 0.12934 0.12934 0.12934 0.12934 0.12930 0.12772 0.09601 0.00025 ( 1)  0.021  0.000
 328 L   0.13126 0.13126 0.13126 0.13126 0.13126 0.13120 0.12878 0.08363 0.00008 ( 2)  0.019  0.000
 329 G   0.12797 0.12797 0.12797 0.12797 0.12797 0.12794 0.12690 0.10477 0.00053 ( 1)  0.024  0.001
 330 D   0.13886 0.13886 0.13886 0.13886 0.13885 0.13865 0.13108 0.03599 0.00000 ( 1)  0.009  0.000
 331 D   0.00000 0.00000 0.00000 0.00000 0.00002 0.00148 0.05718 0.92952 0.01180 ( 8)  0.214  0.012
 332 E   0.13474 0.13474 0.13474 0.13474 0.13474 0.13462 0.13032 0.06137 0.00001 ( 1)  0.014  0.000
 333 A   0.14076 0.14076 0.14076 0.14076 0.14076 0.14050 0.13072 0.02496 0.00000 ( 1)  0.006  0.000
 334 S   0.13481 0.13481 0.13481 0.13481 0.13481 0.13469 0.13026 0.06099 0.00001 ( 1)  0.014  0.000
 335 A   0.00000 0.00000 0.00000 0.00000 0.00005 0.00403 0.14855 0.84735 0.00002 ( 8)  0.177  0.000
 336 T   0.13954 0.13954 0.13954 0.13954 0.13954 0.13931 0.13097 0.03202 0.00000 ( 1)  0.008  0.000
 337 V   0.00000 0.00000 0.00000 0.00000 0.00004 0.00318 0.11858 0.87810 0.00010 ( 8)  0.183  0.000
 338 S   0.13920 0.13920 0.13920 0.13920 0.13919 0.13898 0.13108 0.03396 0.00000 ( 1)  0.008  0.000
 339 K   0.13465 0.13465 0.13465 0.13465 0.13465 0.13454 0.13029 0.06191 0.00001 ( 1)  0.014  0.000
 340 T   0.13652 0.13652 0.13652 0.13652 0.13651 0.13637 0.13083 0.05022 0.00000 ( 1)  0.012  0.000
 341 E   0.13474 0.13474 0.13474 0.13474 0.13474 0.13462 0.13032 0.06137 0.00001 ( 1)  0.014  0.000
 342 T   0.13971 0.13971 0.13971 0.13971 0.13971 0.13948 0.13098 0.03096 0.00000 ( 1)  0.008  0.000
 343 S   0.13826 0.13826 0.13826 0.13826 0.13826 0.13808 0.13111 0.03951 0.00000 ( 2)  0.009  0.000
 344 Q   0.13079 0.13079 0.13079 0.13079 0.13079 0.13073 0.12854 0.08667 0.00010 ( 2)  0.019  0.000
 345 V   0.13651 0.13651 0.13651 0.13651 0.13651 0.13636 0.13082 0.05027 0.00000 ( 2)  0.012  0.000
 346 A   0.14083 0.14083 0.14083 0.14083 0.14083 0.14056 0.13069 0.02459 0.00000 ( 2)  0.006  0.000
 347 P   0.13424 0.13424 0.13424 0.13424 0.13424 0.13414 0.13014 0.06450 0.00001 ( 1)  0.015  0.000
 348 A   0.14076 0.14076 0.14076 0.14076 0.14076 0.14050 0.13072 0.02496 0.00000 ( 1)  0.006  0.000

Positively selected sites

	Prob(w>1)  mean w

   112 L      0.799         1.440


lnL = -2953.120872

Bayes Empirical Bayes (BEB) probabilities for 11 classes (class) & postmean_w
(amino acids refer to 1st sequence: aotNan_RHO_XM_012472901)

   1 M   0.95150 0.03276 0.00995 0.00356 0.00136 0.00054 0.00021 0.00008 0.00003 0.00001 0.00001 ( 1)  0.057 +-  0.039
   2 N   0.90568 0.04630 0.02085 0.01105 0.00624 0.00360 0.00206 0.00112 0.00054 0.00015 0.00242 ( 1)  0.073 +-  0.106
   3 G   0.93411 0.03939 0.01460 0.00635 0.00294 0.00139 0.00065 0.00029 0.00011 0.00003 0.00013 ( 1)  0.062 +-  0.055
   4 T   0.90577 0.04635 0.02087 0.01105 0.00623 0.00359 0.00205 0.00111 0.00053 0.00015 0.00230 ( 1)  0.072 +-  0.104
   5 E   0.90915 0.04583 0.02028 0.01054 0.00583 0.00329 0.00183 0.00097 0.00045 0.00013 0.00170 ( 1)  0.071 +-  0.095
   6 G   0.95146 0.03281 0.00996 0.00356 0.00136 0.00053 0.00021 0.00008 0.00002 0.00000 0.00001 ( 1)  0.057 +-  0.039
   7 P   0.92569 0.04175 0.01660 0.00778 0.00389 0.00200 0.00102 0.00050 0.00021 0.00006 0.00051 ( 1)  0.064 +-  0.068
   8 N   0.95440 0.03145 0.00915 0.00315 0.00116 0.00044 0.00017 0.00006 0.00002 0.00000 0.00001 ( 1)  0.057 +-  0.037
   9 F   0.96013 0.02866 0.00759 0.00238 0.00081 0.00028 0.00010 0.00003 0.00001 0.00000 0.00000 ( 1)  0.056 +-  0.032
  10 Y   0.94273 0.03633 0.01232 0.00492 0.00210 0.00091 0.00040 0.00016 0.00006 0.00001 0.00005 ( 1)  0.059 +-  0.046
  11 V   0.94349 0.03597 0.01211 0.00481 0.00205 0.00089 0.00039 0.00016 0.00006 0.00001 0.00006 ( 1)  0.059 +-  0.046
  12 P   0.95527 0.03107 0.00892 0.00302 0.00109 0.00041 0.00015 0.00005 0.00002 0.00000 0.00001 ( 1)  0.057 +-  0.036
  13 F   0.96013 0.02866 0.00759 0.00238 0.00081 0.00028 0.00010 0.00003 0.00001 0.00000 0.00000 ( 1)  0.056 +-  0.032
  14 S   0.95641 0.03052 0.00860 0.00287 0.00102 0.00037 0.00014 0.00005 0.00001 0.00000 0.00000 ( 1)  0.056 +-  0.035
  15 N   0.94917 0.03372 0.01058 0.00392 0.00156 0.00063 0.00026 0.00010 0.00003 0.00001 0.00002 ( 1)  0.058 +-  0.041
  16 A   0.94742 0.03443 0.01105 0.00419 0.00170 0.00071 0.00030 0.00012 0.00004 0.00001 0.00003 ( 1)  0.058 +-  0.043
  17 T   0.93972 0.03745 0.01313 0.00541 0.00238 0.00107 0.00048 0.00020 0.00008 0.00002 0.00007 ( 1)  0.060 +-  0.049
  18 G   0.94862 0.03401 0.01074 0.00399 0.00158 0.00064 0.00026 0.00010 0.00003 0.00001 0.00002 ( 1)  0.058 +-  0.041
  19 V   0.94171 0.03666 0.01259 0.00510 0.00220 0.00098 0.00043 0.00018 0.00007 0.00002 0.00006 ( 1)  0.060 +-  0.048
  20 V   0.93659 0.03846 0.01392 0.00594 0.00271 0.00127 0.00059 0.00026 0.00010 0.00002 0.00014 ( 1)  0.061 +-  0.053
  21 R   0.93940 0.03761 0.01322 0.00546 0.00240 0.00108 0.00048 0.00020 0.00007 0.00002 0.00006 ( 1)  0.060 +-  0.049
  22 S   0.95154 0.03278 0.00994 0.00355 0.00135 0.00053 0.00020 0.00007 0.00002 0.00000 0.00001 ( 1)  0.057 +-  0.039
  23 P   0.95527 0.03107 0.00892 0.00302 0.00109 0.00041 0.00015 0.00005 0.00002 0.00000 0.00001 ( 1)  0.057 +-  0.036
  24 F   0.95963 0.02891 0.00772 0.00245 0.00084 0.00029 0.00010 0.00004 0.00001 0.00000 0.00000 ( 1)  0.056 +-  0.033
  25 E   0.93158 0.04019 0.01524 0.00678 0.00321 0.00155 0.00074 0.00034 0.00014 0.00003 0.00019 ( 1)  0.062 +-  0.058
  26 Y   0.94321 0.03615 0.01220 0.00485 0.00205 0.00089 0.00038 0.00016 0.00006 0.00001 0.00004 ( 1)  0.059 +-  0.046
  27 P   0.92438 0.04231 0.01700 0.00802 0.00402 0.00206 0.00104 0.00050 0.00021 0.00005 0.00041 ( 1)  0.064 +-  0.067
  28 Q   0.90476 0.04679 0.02121 0.01127 0.00636 0.00366 0.00208 0.00112 0.00053 0.00015 0.00207 ( 1)  0.072 +-  0.102
  29 Y   0.94366 0.03598 0.01208 0.00477 0.00201 0.00087 0.00037 0.00015 0.00005 0.00001 0.00004 ( 1)  0.059 +-  0.045
  30 Y   0.94366 0.03598 0.01208 0.00477 0.00201 0.00087 0.00037 0.00015 0.00005 0.00001 0.00004 ( 1)  0.059 +-  0.045
  31 L   0.90818 0.04608 0.02051 0.01072 0.00595 0.00337 0.00188 0.00100 0.00047 0.00013 0.00171 ( 1)  0.071 +-  0.096
  32 A   0.94442 0.03554 0.01185 0.00468 0.00198 0.00086 0.00037 0.00016 0.00006 0.00001 0.00005 ( 1)  0.059 +-  0.045
  33 E   0.93158 0.04019 0.01524 0.00678 0.00321 0.00155 0.00074 0.00034 0.00014 0.00003 0.00019 ( 1)  0.062 +-  0.058
  34 P   0.86370 0.05119 0.02659 0.01618 0.01045 0.00688 0.00446 0.00275 0.00148 0.00048 0.01583 ( 1)  0.106 +-  0.245
  35 W   0.89921 0.04774 0.02222 0.01212 0.00702 0.00414 0.00241 0.00133 0.00064 0.00019 0.00299 ( 1)  0.075 +-  0.115
  36 Q   0.90476 0.04679 0.02121 0.01127 0.00636 0.00366 0.00208 0.00112 0.00053 0.00015 0.00207 ( 1)  0.072 +-  0.102
  37 F   0.96013 0.02866 0.00759 0.00238 0.00081 0.00028 0.00010 0.00003 0.00001 0.00000 0.00000 ( 1)  0.056 +-  0.032
  38 S   0.95641 0.03052 0.00860 0.00287 0.00102 0.00037 0.00014 0.00005 0.00001 0.00000 0.00000 ( 1)  0.056 +-  0.035
  39 M   0.95150 0.03276 0.00995 0.00356 0.00136 0.00054 0.00021 0.00008 0.00003 0.00001 0.00001 ( 1)  0.057 +-  0.039
  40 L   0.90818 0.04608 0.02051 0.01072 0.00595 0.00337 0.00188 0.00100 0.00047 0.00013 0.00171 ( 1)  0.071 +-  0.096
  41 A   0.96521 0.02600 0.00623 0.00177 0.00054 0.00017 0.00006 0.00002 0.00000 0.00000 0.00000 ( 1)  0.055 +-  0.028
  42 A   0.96521 0.02600 0.00623 0.00177 0.00054 0.00017 0.00006 0.00002 0.00000 0.00000 0.00000 ( 1)  0.055 +-  0.028
  43 Y   0.94366 0.03598 0.01208 0.00477 0.00201 0.00087 0.00037 0.00015 0.00005 0.00001 0.00004 ( 1)  0.059 +-  0.045
  44 M   0.95150 0.03276 0.00995 0.00356 0.00136 0.00054 0.00021 0.00008 0.00003 0.00001 0.00001 ( 1)  0.057 +-  0.039
  45 F   0.95887 0.02928 0.00793 0.00255 0.00088 0.00031 0.00011 0.00004 0.00001 0.00000 0.00000 ( 1)  0.056 +-  0.033
  46 L   0.69497 0.09815 0.06775 0.04621 0.03085 0.02001 0.01244 0.00720 0.00360 0.00107 0.01775 ( 1)  0.153 +-  0.247
  47 L   0.92599 0.04170 0.01654 0.00773 0.00386 0.00197 0.00100 0.00048 0.00021 0.00005 0.00047 ( 1)  0.064 +-  0.067
  48 I   0.96389 0.02663 0.00658 0.00195 0.00063 0.00021 0.00007 0.00002 0.00001 0.00000 0.00000 ( 1)  0.055 +-  0.030
  49 V   0.94171 0.03666 0.01259 0.00510 0.00220 0.00098 0.00043 0.00018 0.00007 0.00002 0.00006 ( 1)  0.060 +-  0.048
  50 L   0.92292 0.04248 0.01724 0.00825 0.00422 0.00221 0.00115 0.00057 0.00025 0.00007 0.00066 ( 1)  0.065 +-  0.073
  51 G   0.95146 0.03281 0.00996 0.00356 0.00136 0.00053 0.00021 0.00008 0.00002 0.00000 0.00001 ( 1)  0.057 +-  0.039
  52 F   0.96013 0.02866 0.00759 0.00238 0.00081 0.00028 0.00010 0.00003 0.00001 0.00000 0.00000 ( 1)  0.056 +-  0.032
  53 P   0.95450 0.03142 0.00913 0.00313 0.00115 0.00043 0.00016 0.00006 0.00002 0.00000 0.00001 ( 1)  0.057 +-  0.036
  54 I   0.96778 0.02452 0.00555 0.00151 0.00044 0.00014 0.00004 0.00001 0.00000 0.00000 0.00000 ( 1)  0.054 +-  0.027
  55 N   0.95440 0.03145 0.00915 0.00315 0.00116 0.00044 0.00017 0.00006 0.00002 0.00000 0.00001 ( 1)  0.057 +-  0.037
  56 F   0.96013 0.02866 0.00759 0.00238 0.00081 0.00028 0.00010 0.00003 0.00001 0.00000 0.00000 ( 1)  0.056 +-  0.032
  57 L   0.95848 0.02949 0.00804 0.00260 0.00090 0.00032 0.00011 0.00004 0.00001 0.00000 0.00000 ( 1)  0.056 +-  0.033
  58 T   0.94025 0.03726 0.01299 0.00533 0.00233 0.00104 0.00046 0.00019 0.00007 0.00002 0.00006 ( 1)  0.060 +-  0.049
  59 L   0.95848 0.02949 0.00804 0.00260 0.00090 0.00032 0.00011 0.00004 0.00001 0.00000 0.00000 ( 1)  0.056 +-  0.033
  60 Y   0.94255 0.03640 0.01237 0.00495 0.00211 0.00092 0.00040 0.00017 0.00006 0.00001 0.00005 ( 1)  0.059 +-  0.047
  61 V   0.96029 0.02855 0.00755 0.00238 0.00081 0.00028 0.00010 0.00003 0.00001 0.00000 0.00000 ( 1)  0.056 +-  0.032
  62 T   0.96364 0.02686 0.00664 0.00195 0.00062 0.00020 0.00007 0.00002 0.00001 0.00000 0.00000 ( 1)  0.055 +-  0.030
  63 V   0.96580 0.02560 0.00608 0.00173 0.00054 0.00017 0.00006 0.00002 0.00001 0.00000 0.00000 ( 1)  0.055 +-  0.028
  64 Q   0.90476 0.04679 0.02121 0.01127 0.00636 0.00366 0.00208 0.00112 0.00053 0.00015 0.00207 ( 1)  0.072 +-  0.102
  65 H   0.94539 0.03532 0.01162 0.00449 0.00185 0.00078 0.00033 0.00013 0.00005 0.00001 0.00003 ( 1)  0.059 +-  0.044
  66 K   0.93108 0.04036 0.01536 0.00687 0.00327 0.00159 0.00076 0.00035 0.00014 0.00003 0.00019 ( 1)  0.062 +-  0.058
  67 K   0.93108 0.04036 0.01536 0.00687 0.00327 0.00159 0.00076 0.00035 0.00014 0.00003 0.00019 ( 1)  0.062 +-  0.058
  68 L   0.90803 0.04611 0.02054 0.01074 0.00597 0.00338 0.00189 0.00101 0.00047 0.00013 0.00173 ( 1)  0.071 +-  0.096
  69 R   0.93948 0.03758 0.01320 0.00545 0.00239 0.00107 0.00048 0.00020 0.00007 0.00002 0.00006 ( 1)  0.060 +-  0.049
  70 T   0.93989 0.03739 0.01309 0.00539 0.00236 0.00106 0.00047 0.00020 0.00007 0.00002 0.00007 ( 1)  0.060 +-  0.049
  71 P   0.90272 0.04691 0.02143 0.01150 0.00657 0.00384 0.00222 0.00122 0.00059 0.00017 0.00284 ( 1)  0.074 +-  0.113
  72 L   0.95848 0.02949 0.00804 0.00260 0.00090 0.00032 0.00011 0.00004 0.00001 0.00000 0.00000 ( 1)  0.056 +-  0.033
  73 N   0.95440 0.03145 0.00915 0.00315 0.00116 0.00044 0.00017 0.00006 0.00002 0.00000 0.00001 ( 1)  0.057 +-  0.037
  74 Y   0.94076 0.03705 0.01285 0.00525 0.00228 0.00102 0.00045 0.00019 0.00007 0.00002 0.00006 ( 1)  0.060 +-  0.048
  75 I   0.96778 0.02452 0.00555 0.00151 0.00044 0.00014 0.00004 0.00001 0.00000 0.00000 0.00000 ( 1)  0.054 +-  0.027
  76 L   0.90818 0.04608 0.02051 0.01072 0.00595 0.00337 0.00188 0.00100 0.00047 0.00013 0.00171 ( 1)  0.071 +-  0.096
  77 L   0.95848 0.02949 0.00804 0.00260 0.00090 0.00032 0.00011 0.00004 0.00001 0.00000 0.00000 ( 1)  0.056 +-  0.033
  78 N   0.95440 0.03145 0.00915 0.00315 0.00116 0.00044 0.00017 0.00006 0.00002 0.00000 0.00001 ( 1)  0.057 +-  0.037
  79 L   0.88336 0.04961 0.02445 0.01413 0.00868 0.00543 0.00336 0.00197 0.00101 0.00032 0.00769 ( 1)  0.087 +-  0.171
  80 A   0.96332 0.02701 0.00673 0.00199 0.00064 0.00021 0.00007 0.00002 0.00001 0.00000 0.00000 ( 1)  0.055 +-  0.030
  81 V   0.94171 0.03666 0.01259 0.00510 0.00220 0.00098 0.00043 0.00018 0.00007 0.00002 0.00006 ( 1)  0.060 +-  0.048
  82 A   0.95510 0.03096 0.00896 0.00310 0.00116 0.00045 0.00018 0.00007 0.00002 0.00000 0.00001 ( 1)  0.057 +-  0.037
  83 D   0.95456 0.03137 0.00911 0.00313 0.00115 0.00044 0.00016 0.00006 0.00002 0.00000 0.00001 ( 1)  0.057 +-  0.036
  84 L   0.95848 0.02949 0.00804 0.00260 0.00090 0.00032 0.00011 0.00004 0.00001 0.00000 0.00000 ( 1)  0.056 +-  0.033
  85 F   0.96013 0.02866 0.00759 0.00238 0.00081 0.00028 0.00010 0.00003 0.00001 0.00000 0.00000 ( 1)  0.056 +-  0.032
  86 M   0.95150 0.03276 0.00995 0.00356 0.00136 0.00054 0.00021 0.00008 0.00003 0.00001 0.00001 ( 1)  0.057 +-  0.039
  87 V   0.96580 0.02560 0.00608 0.00173 0.00054 0.00017 0.00006 0.00002 0.00001 0.00000 0.00000 ( 1)  0.055 +-  0.028
  88 F   0.83840 0.08309 0.04065 0.01985 0.00960 0.00457 0.00211 0.00092 0.00035 0.00008 0.00038 ( 1)  0.081 +-  0.091
  89 G   0.87778 0.05027 0.02523 0.01484 0.00927 0.00589 0.00370 0.00220 0.00115 0.00036 0.00930 ( 1)  0.091 +-  0.184
  90 G   0.95146 0.03281 0.00996 0.00356 0.00136 0.00053 0.00021 0.00008 0.00002 0.00000 0.00001 ( 1)  0.057 +-  0.039
  91 F   0.96013 0.02866 0.00759 0.00238 0.00081 0.00028 0.00010 0.00003 0.00001 0.00000 0.00000 ( 1)  0.056 +-  0.032
  92 T   0.85983 0.07789 0.03484 0.01556 0.00687 0.00298 0.00125 0.00049 0.00017 0.00004 0.00009 ( 1)  0.075 +-  0.076
  93 T   0.15604 0.13643 0.18133 0.16929 0.13143 0.09025 0.05593 0.03098 0.01437 0.00390 0.03004 ( 3)  0.363 +-  0.287
  94 T   0.96359 0.02688 0.00666 0.00196 0.00062 0.00020 0.00007 0.00002 0.00001 0.00000 0.00000 ( 1)  0.055 +-  0.030
  95 L   0.95673 0.03033 0.00852 0.00283 0.00101 0.00037 0.00014 0.00005 0.00002 0.00000 0.00001 ( 1)  0.056 +-  0.035
  96 Y   0.94366 0.03598 0.01208 0.00477 0.00201 0.00087 0.00037 0.00015 0.00005 0.00001 0.00004 ( 1)  0.059 +-  0.045
  97 T   0.96443 0.02643 0.00643 0.00186 0.00058 0.00019 0.00006 0.00002 0.00001 0.00000 0.00000 ( 1)  0.055 +-  0.029
  98 S   0.88224 0.04987 0.02471 0.01435 0.00884 0.00555 0.00344 0.00202 0.00104 0.00032 0.00761 ( 1)  0.087 +-  0.167
  99 L   0.90818 0.04608 0.02051 0.01072 0.00595 0.00337 0.00188 0.00100 0.00047 0.00013 0.00171 ( 1)  0.071 +-  0.096
 100 H   0.89605 0.04797 0.02257 0.01247 0.00734 0.00440 0.00261 0.00148 0.00073 0.00022 0.00417 ( 1)  0.078 +-  0.130
 101 G   0.85987 0.05136 0.02688 0.01649 0.01073 0.00711 0.00465 0.00289 0.00157 0.00051 0.01793 ( 1)  0.111 +-  0.265
 102 Y   0.94366 0.03598 0.01208 0.00477 0.00201 0.00087 0.00037 0.00015 0.00005 0.00001 0.00004 ( 1)  0.059 +-  0.045
 103 F   0.96013 0.02866 0.00759 0.00238 0.00081 0.00028 0.00010 0.00003 0.00001 0.00000 0.00000 ( 1)  0.056 +-  0.032
 104 V   0.88310 0.07045 0.02796 0.01118 0.00446 0.00177 0.00069 0.00025 0.00008 0.00002 0.00004 ( 1)  0.069 +-  0.064
 105 F   0.96013 0.02866 0.00759 0.00238 0.00081 0.00028 0.00010 0.00003 0.00001 0.00000 0.00000 ( 1)  0.056 +-  0.032
 106 G   0.92573 0.04196 0.01669 0.00779 0.00386 0.00195 0.00098 0.00046 0.00019 0.00005 0.00033 ( 1)  0.064 +-  0.065
 107 P   0.95483 0.03127 0.00904 0.00308 0.00112 0.00042 0.00016 0.00006 0.00002 0.00000 0.00001 ( 1)  0.057 +-  0.036
 108 T   0.87890 0.05010 0.02505 0.01468 0.00913 0.00579 0.00362 0.00216 0.00112 0.00035 0.00909 ( 1)  0.091 +-  0.183
 109 G   0.87117 0.05073 0.02590 0.01549 0.00984 0.00636 0.00406 0.00246 0.00131 0.00042 0.01225 ( 1)  0.098 +-  0.213
 110 C   0.94262 0.03642 0.01237 0.00493 0.00209 0.00091 0.00039 0.00016 0.00006 0.00001 0.00004 ( 1)  0.059 +-  0.046
 111 N   0.89864 0.04771 0.02223 0.01215 0.00706 0.00418 0.00245 0.00136 0.00066 0.00020 0.00334 ( 1)  0.076 +-  0.119
 112 L   0.00068 0.00275 0.00938 0.01863 0.02796 0.03491 0.03763 0.03503 0.02657 0.01152 0.79495 (11)  1.771 +-  1.069
 113 E   0.92942 0.04085 0.01577 0.00715 0.00345 0.00170 0.00083 0.00039 0.00016 0.00004 0.00024 ( 1)  0.063 +-  0.060
 114 G   0.95146 0.03281 0.00996 0.00356 0.00136 0.00053 0.00021 0.00008 0.00002 0.00000 0.00001 ( 1)  0.057 +-  0.039
 115 F   0.96013 0.02866 0.00759 0.00238 0.00081 0.00028 0.00010 0.00003 0.00001 0.00000 0.00000 ( 1)  0.056 +-  0.032
 116 F   0.90272 0.04703 0.02152 0.01155 0.00659 0.00384 0.00221 0.00121 0.00058 0.00017 0.00258 ( 1)  0.074 +-  0.109
 117 A   0.96521 0.02600 0.00623 0.00177 0.00054 0.00017 0.00006 0.00002 0.00000 0.00000 0.00000 ( 1)  0.055 +-  0.028
 118 T   0.95987 0.02877 0.00766 0.00243 0.00083 0.00029 0.00010 0.00003 0.00001 0.00000 0.00000 ( 1)  0.056 +-  0.032
 119 L   0.90818 0.04608 0.02051 0.01072 0.00595 0.00337 0.00188 0.00100 0.00047 0.00013 0.00171 ( 1)  0.071 +-  0.096
 120 G   0.95036 0.03328 0.01026 0.00373 0.00144 0.00057 0.00023 0.00008 0.00003 0.00001 0.00001 ( 1)  0.058 +-  0.040
 121 G   0.87789 0.05027 0.02523 0.01484 0.00926 0.00589 0.00369 0.00220 0.00115 0.00036 0.00921 ( 1)  0.091 +-  0.183
 122 E   0.88330 0.04979 0.02460 0.01424 0.00875 0.00547 0.00338 0.00198 0.00102 0.00031 0.00717 ( 1)  0.086 +-  0.162
 123 I   0.92660 0.04160 0.01644 0.00764 0.00378 0.00192 0.00096 0.00046 0.00019 0.00005 0.00036 ( 1)  0.064 +-  0.065
 124 A   0.96521 0.02600 0.00623 0.00177 0.00054 0.00017 0.00006 0.00002 0.00000 0.00000 0.00000 ( 1)  0.055 +-  0.028
 125 L   0.90818 0.04608 0.02051 0.01072 0.00595 0.00337 0.00188 0.00100 0.00047 0.00013 0.00171 ( 1)  0.071 +-  0.096
 126 W   0.89921 0.04774 0.02222 0.01212 0.00702 0.00414 0.00241 0.00133 0.00064 0.00019 0.00299 ( 1)  0.075 +-  0.115
 127 S   0.95641 0.03052 0.00860 0.00287 0.00102 0.00037 0.00014 0.00005 0.00001 0.00000 0.00000 ( 1)  0.056 +-  0.035
 128 L   0.91823 0.04387 0.01841 0.00906 0.00475 0.00254 0.00134 0.00067 0.00030 0.00008 0.00076 ( 1)  0.067 +-  0.077
 129 V   0.94171 0.03666 0.01259 0.00510 0.00220 0.00098 0.00043 0.00018 0.00007 0.00002 0.00006 ( 1)  0.060 +-  0.048
 130 V   0.96357 0.02681 0.00667 0.00198 0.00064 0.00022 0.00007 0.00002 0.00001 0.00000 0.00000 ( 1)  0.055 +-  0.030
 131 L   0.90818 0.04608 0.02051 0.01072 0.00595 0.00337 0.00188 0.00100 0.00047 0.00013 0.00171 ( 1)  0.071 +-  0.096
 132 A   0.96521 0.02600 0.00623 0.00177 0.00054 0.00017 0.00006 0.00002 0.00000 0.00000 0.00000 ( 1)  0.055 +-  0.028
 133 I   0.96770 0.02457 0.00558 0.00152 0.00045 0.00014 0.00004 0.00001 0.00000 0.00000 0.00000 ( 1)  0.054 +-  0.027
 134 E   0.92681 0.04161 0.01641 0.00760 0.00375 0.00189 0.00094 0.00045 0.00019 0.00005 0.00033 ( 1)  0.064 +-  0.064
 135 R   0.91163 0.04543 0.01986 0.01018 0.00554 0.00307 0.00168 0.00088 0.00040 0.00011 0.00123 ( 1)  0.069 +-  0.087
 136 Y   0.91231 0.04523 0.01969 0.01005 0.00546 0.00302 0.00165 0.00086 0.00039 0.00011 0.00123 ( 1)  0.069 +-  0.087
 137 V   0.94171 0.03666 0.01259 0.00510 0.00220 0.00098 0.00043 0.00018 0.00007 0.00002 0.00006 ( 1)  0.060 +-  0.048
 138 V   0.94171 0.03666 0.01259 0.00510 0.00220 0.00098 0.00043 0.00018 0.00007 0.00002 0.00006 ( 1)  0.060 +-  0.048
 139 V   0.94171 0.03666 0.01259 0.00510 0.00220 0.00098 0.00043 0.00018 0.00007 0.00002 0.00006 ( 1)  0.060 +-  0.048
 140 C   0.87498 0.05051 0.02556 0.01515 0.00953 0.00611 0.00386 0.00232 0.00122 0.00039 0.01038 ( 1)  0.094 +-  0.194
 141 K   0.93108 0.04036 0.01536 0.00687 0.00327 0.00159 0.00076 0.00035 0.00014 0.00003 0.00019 ( 1)  0.062 +-  0.058
 142 P   0.95527 0.03107 0.00892 0.00302 0.00109 0.00041 0.00015 0.00005 0.00002 0.00000 0.00001 ( 1)  0.057 +-  0.036
 143 M   0.95150 0.03276 0.00995 0.00356 0.00136 0.00054 0.00021 0.00008 0.00003 0.00001 0.00001 ( 1)  0.057 +-  0.039
 144 S   0.95154 0.03278 0.00994 0.00355 0.00135 0.00053 0.00020 0.00007 0.00002 0.00000 0.00001 ( 1)  0.057 +-  0.039
 145 N   0.95440 0.03145 0.00915 0.00315 0.00116 0.00044 0.00017 0.00006 0.00002 0.00000 0.00001 ( 1)  0.057 +-  0.037
 146 F   0.96013 0.02866 0.00759 0.00238 0.00081 0.00028 0.00010 0.00003 0.00001 0.00000 0.00000 ( 1)  0.056 +-  0.032
 147 R   0.93603 0.03877 0.01411 0.00603 0.00274 0.00127 0.00058 0.00026 0.00010 0.00002 0.00010 ( 1)  0.061 +-  0.053
 148 F   0.94752 0.03406 0.01099 0.00425 0.00178 0.00078 0.00034 0.00015 0.00005 0.00001 0.00006 ( 1)  0.058 +-  0.044
 149 G   0.92656 0.04172 0.01649 0.00765 0.00377 0.00189 0.00094 0.00044 0.00018 0.00005 0.00031 ( 1)  0.064 +-  0.063
 150 E   0.93158 0.04019 0.01524 0.00678 0.00321 0.00155 0.00074 0.00034 0.00014 0.00003 0.00019 ( 1)  0.062 +-  0.058
 151 N   0.95440 0.03145 0.00915 0.00315 0.00116 0.00044 0.00017 0.00006 0.00002 0.00000 0.00001 ( 1)  0.057 +-  0.037
 152 H   0.87966 0.05012 0.02503 0.01465 0.00910 0.00575 0.00359 0.00213 0.00110 0.00035 0.00851 ( 1)  0.089 +-  0.176
 153 A   0.96521 0.02600 0.00623 0.00177 0.00054 0.00017 0.00006 0.00002 0.00000 0.00000 0.00000 ( 1)  0.055 +-  0.028
 154 I   0.96778 0.02452 0.00555 0.00151 0.00044 0.00014 0.00004 0.00001 0.00000 0.00000 0.00000 ( 1)  0.054 +-  0.027
 155 M   0.95150 0.03276 0.00995 0.00356 0.00136 0.00054 0.00021 0.00008 0.00003 0.00001 0.00001 ( 1)  0.057 +-  0.039
 156 G   0.95146 0.03281 0.00996 0.00356 0.00136 0.00053 0.00021 0.00008 0.00002 0.00000 0.00001 ( 1)  0.057 +-  0.039
 157 V   0.73051 0.09442 0.06055 0.03893 0.02485 0.01561 0.00952 0.00546 0.00273 0.00082 0.01660 ( 1)  0.140 +-  0.244
 158 A   0.60235 0.15569 0.11010 0.06516 0.03498 0.01751 0.00821 0.00354 0.00130 0.00029 0.00087 ( 1)  0.140 +-  0.146
 159 F   0.96013 0.02866 0.00759 0.00238 0.00081 0.00028 0.00010 0.00003 0.00001 0.00000 0.00000 ( 1)  0.056 +-  0.032
 160 T   0.96373 0.02680 0.00662 0.00194 0.00061 0.00020 0.00007 0.00002 0.00001 0.00000 0.00000 ( 1)  0.055 +-  0.030
 161 W   0.89921 0.04774 0.02222 0.01212 0.00702 0.00414 0.00241 0.00133 0.00064 0.00019 0.00299 ( 1)  0.075 +-  0.115
 162 V   0.87352 0.07394 0.03087 0.01287 0.00531 0.00216 0.00085 0.00032 0.00010 0.00002 0.00004 ( 1)  0.072 +-  0.068
 163 M   0.95150 0.03276 0.00995 0.00356 0.00136 0.00054 0.00021 0.00008 0.00003 0.00001 0.00001 ( 1)  0.057 +-  0.039
 164 A   0.93796 0.03805 0.01359 0.00571 0.00256 0.00117 0.00053 0.00023 0.00009 0.00002 0.00009 ( 1)  0.061 +-  0.051
 165 L   0.90829 0.04605 0.02049 0.01070 0.00594 0.00336 0.00188 0.00100 0.00046 0.00013 0.00170 ( 1)  0.071 +-  0.095
 166 A   0.96521 0.02600 0.00623 0.00177 0.00054 0.00017 0.00006 0.00002 0.00000 0.00000 0.00000 ( 1)  0.055 +-  0.028
 167 C   0.92328 0.04265 0.01728 0.00821 0.00415 0.00213 0.00108 0.00052 0.00022 0.00006 0.00042 ( 1)  0.065 +-  0.068
 168 A   0.96095 0.02822 0.00737 0.00229 0.00077 0.00027 0.00009 0.00003 0.00001 0.00000 0.00000 ( 1)  0.056 +-  0.032
 169 A   0.87956 0.05004 0.02497 0.01461 0.00907 0.00574 0.00359 0.00213 0.00111 0.00035 0.00884 ( 1)  0.090 +-  0.181
 170 P   0.95166 0.03269 0.00991 0.00354 0.00135 0.00053 0.00021 0.00008 0.00003 0.00001 0.00001 ( 1)  0.057 +-  0.039
 171 P   0.95246 0.03233 0.00969 0.00342 0.00129 0.00050 0.00019 0.00007 0.00002 0.00000 0.00001 ( 1)  0.057 +-  0.038
 172 L   0.95077 0.03305 0.01015 0.00368 0.00143 0.00057 0.00023 0.00009 0.00003 0.00001 0.00001 ( 1)  0.058 +-  0.039
 173 A   0.18376 0.15055 0.18838 0.16634 0.12271 0.08042 0.04777 0.02546 0.01141 0.00300 0.02021 ( 3)  0.330 +-  0.261
 174 G   0.95146 0.03281 0.00996 0.00356 0.00136 0.00053 0.00021 0.00008 0.00002 0.00000 0.00001 ( 1)  0.057 +-  0.039
 175 W   0.89921 0.04774 0.02222 0.01212 0.00702 0.00414 0.00241 0.00133 0.00064 0.00019 0.00299 ( 1)  0.075 +-  0.115
 176 S   0.95641 0.03052 0.00860 0.00287 0.00102 0.00037 0.00014 0.00005 0.00001 0.00000 0.00000 ( 1)  0.056 +-  0.035
 177 R   0.92495 0.04218 0.01688 0.00792 0.00395 0.00201 0.00101 0.00048 0.00020 0.00005 0.00036 ( 1)  0.064 +-  0.066
 178 Y   0.94366 0.03598 0.01208 0.00477 0.00201 0.00087 0.00037 0.00015 0.00005 0.00001 0.00004 ( 1)  0.059 +-  0.045
 179 I   0.96507 0.02602 0.00627 0.00181 0.00056 0.00018 0.00006 0.00002 0.00001 0.00000 0.00000 ( 1)  0.055 +-  0.029
 180 P   0.83711 0.08396 0.04128 0.02011 0.00962 0.00449 0.00201 0.00084 0.00031 0.00007 0.00020 ( 1)  0.081 +-  0.088
 181 E   0.93158 0.04019 0.01524 0.00678 0.00321 0.00155 0.00074 0.00034 0.00014 0.00003 0.00019 ( 1)  0.062 +-  0.058
 182 G   0.94856 0.03402 0.01075 0.00400 0.00159 0.00065 0.00026 0.00010 0.00003 0.00001 0.00002 ( 1)  0.058 +-  0.041
 183 M   0.32102 0.12311 0.12851 0.11162 0.08740 0.06340 0.04276 0.02630 0.01375 0.00425 0.07788 ( 1)  0.368 +-  0.427
 184 Q   0.90476 0.04679 0.02121 0.01127 0.00636 0.00366 0.00208 0.00112 0.00053 0.00015 0.00207 ( 1)  0.072 +-  0.102
 185 C   0.94262 0.03642 0.01237 0.00493 0.00209 0.00091 0.00039 0.00016 0.00006 0.00001 0.00004 ( 1)  0.059 +-  0.046
 186 S   0.91259 0.04511 0.01959 0.00999 0.00542 0.00300 0.00165 0.00086 0.00039 0.00011 0.00129 ( 1)  0.069 +-  0.088
 187 C   0.92474 0.04216 0.01690 0.00796 0.00399 0.00204 0.00103 0.00050 0.00021 0.00005 0.00041 ( 1)  0.064 +-  0.067
 188 G   0.89897 0.04767 0.02218 0.01211 0.00702 0.00415 0.00243 0.00135 0.00066 0.00019 0.00327 ( 1)  0.076 +-  0.119
 189 I   0.96726 0.02481 0.00569 0.00156 0.00047 0.00014 0.00005 0.00001 0.00000 0.00000 0.00000 ( 1)  0.054 +-  0.027
 190 D   0.95456 0.03137 0.00911 0.00313 0.00115 0.00044 0.00016 0.00006 0.00002 0.00000 0.00001 ( 1)  0.057 +-  0.036
 191 Y   0.94366 0.03598 0.01208 0.00477 0.00201 0.00087 0.00037 0.00015 0.00005 0.00001 0.00004 ( 1)  0.059 +-  0.045
 192 Y   0.94087 0.03701 0.01282 0.00523 0.00227 0.00101 0.00045 0.00019 0.00007 0.00002 0.00006 ( 1)  0.060 +-  0.048
 193 T   0.93842 0.03787 0.01346 0.00564 0.00252 0.00115 0.00052 0.00023 0.00009 0.00002 0.00009 ( 1)  0.060 +-  0.051
 194 L   0.95773 0.02986 0.00824 0.00270 0.00095 0.00034 0.00012 0.00004 0.00001 0.00000 0.00000 ( 1)  0.056 +-  0.034
 195 K   0.93108 0.04036 0.01536 0.00687 0.00327 0.00159 0.00076 0.00035 0.00014 0.00003 0.00019 ( 1)  0.062 +-  0.058
 196 P   0.89597 0.04814 0.02270 0.01255 0.00737 0.00441 0.00261 0.00147 0.00072 0.00021 0.00385 ( 1)  0.078 +-  0.126
 197 E   0.93158 0.04019 0.01524 0.00678 0.00321 0.00155 0.00074 0.00034 0.00014 0.00003 0.00019 ( 1)  0.062 +-  0.058
 198 V   0.96580 0.02560 0.00608 0.00173 0.00054 0.00017 0.00006 0.00002 0.00001 0.00000 0.00000 ( 1)  0.055 +-  0.028
 199 N   0.95440 0.03145 0.00915 0.00315 0.00116 0.00044 0.00017 0.00006 0.00002 0.00000 0.00001 ( 1)  0.057 +-  0.037
 200 N   0.95049 0.03316 0.01022 0.00373 0.00145 0.00058 0.00023 0.00009 0.00003 0.00001 0.00002 ( 1)  0.058 +-  0.040
 201 E   0.93158 0.04019 0.01524 0.00678 0.00321 0.00155 0.00074 0.00034 0.00014 0.00003 0.00019 ( 1)  0.062 +-  0.058
 202 S   0.95508 0.03114 0.00897 0.00305 0.00111 0.00042 0.00015 0.00006 0.00002 0.00000 0.00001 ( 1)  0.057 +-  0.036
 203 F   0.92289 0.04248 0.01724 0.00825 0.00422 0.00221 0.00115 0.00057 0.00025 0.00007 0.00067 ( 1)  0.065 +-  0.073
 204 V   0.96023 0.02849 0.00757 0.00241 0.00083 0.00030 0.00011 0.00004 0.00001 0.00000 0.00001 ( 1)  0.056 +-  0.033
 205 I   0.96778 0.02452 0.00555 0.00151 0.00044 0.00014 0.00004 0.00001 0.00000 0.00000 0.00000 ( 1)  0.054 +-  0.027
 206 Y   0.94366 0.03598 0.01208 0.00477 0.00201 0.00087 0.00037 0.00015 0.00005 0.00001 0.00004 ( 1)  0.059 +-  0.045
 207 M   0.95150 0.03276 0.00995 0.00356 0.00136 0.00054 0.00021 0.00008 0.00003 0.00001 0.00001 ( 1)  0.057 +-  0.039
 208 F   0.95722 0.03008 0.00838 0.00277 0.00099 0.00036 0.00013 0.00005 0.00001 0.00000 0.00001 ( 1)  0.056 +-  0.034
 209 V   0.94171 0.03666 0.01259 0.00510 0.00220 0.00098 0.00043 0.00018 0.00007 0.00002 0.00006 ( 1)  0.060 +-  0.048
 210 V   0.96580 0.02560 0.00608 0.00173 0.00054 0.00017 0.00006 0.00002 0.00001 0.00000 0.00000 ( 1)  0.055 +-  0.028
 211 H   0.94539 0.03532 0.01162 0.00449 0.00185 0.00078 0.00033 0.00013 0.00005 0.00001 0.00003 ( 1)  0.059 +-  0.044
 212 F   0.96013 0.02866 0.00759 0.00238 0.00081 0.00028 0.00010 0.00003 0.00001 0.00000 0.00000 ( 1)  0.056 +-  0.032
 213 T   0.55183 0.15597 0.12056 0.07789 0.04555 0.02478 0.01257 0.00584 0.00231 0.00054 0.00215 ( 1)  0.161 +-  0.169
 214 I   0.96778 0.02452 0.00555 0.00151 0.00044 0.00014 0.00004 0.00001 0.00000 0.00000 0.00000 ( 1)  0.054 +-  0.027
 215 P   0.95527 0.03107 0.00892 0.00302 0.00109 0.00041 0.00015 0.00005 0.00002 0.00000 0.00001 ( 1)  0.057 +-  0.036
 216 M   0.41612 0.14364 0.13514 0.10587 0.07477 0.04890 0.02971 0.01644 0.00772 0.00214 0.01956 ( 1)  0.244 +-  0.267
 217 I   0.14596 0.06692 0.08340 0.08631 0.08029 0.06895 0.05484 0.03961 0.02420 0.00870 0.34082 (11)  0.848 +-  0.800
 218 V   0.03790 0.08606 0.16632 0.19122 0.16932 0.12715 0.08407 0.04892 0.02362 0.00663 0.05880 ( 4)  0.477 +-  0.324
 219 I   0.96761 0.02461 0.00560 0.00152 0.00045 0.00014 0.00004 0.00001 0.00000 0.00000 0.00000 ( 1)  0.054 +-  0.027
 220 F   0.94370 0.03572 0.01203 0.00482 0.00207 0.00092 0.00041 0.00017 0.00007 0.00002 0.00007 ( 1)  0.059 +-  0.047
 221 F   0.95693 0.03021 0.00846 0.00281 0.00101 0.00037 0.00014 0.00005 0.00002 0.00000 0.00001 ( 1)  0.056 +-  0.035
 222 C   0.94262 0.03642 0.01237 0.00493 0.00209 0.00091 0.00039 0.00016 0.00006 0.00001 0.00004 ( 1)  0.059 +-  0.046
 223 Y   0.89797 0.04787 0.02238 0.01227 0.00715 0.00424 0.00249 0.00139 0.00068 0.00020 0.00336 ( 1)  0.076 +-  0.120
 224 G   0.92373 0.04250 0.01716 0.00813 0.00410 0.00210 0.00107 0.00052 0.00022 0.00006 0.00042 ( 1)  0.065 +-  0.067
 225 Q   0.90476 0.04679 0.02121 0.01127 0.00636 0.00366 0.00208 0.00112 0.00053 0.00015 0.00207 ( 1)  0.072 +-  0.102
 226 L   0.94076 0.03697 0.01283 0.00526 0.00231 0.00104 0.00046 0.00020 0.00008 0.00002 0.00008 ( 1)  0.060 +-  0.049
 227 V   0.96580 0.02560 0.00608 0.00173 0.00054 0.00017 0.00006 0.00002 0.00001 0.00000 0.00000 ( 1)  0.055 +-  0.028
 228 F   0.96013 0.02866 0.00759 0.00238 0.00081 0.00028 0.00010 0.00003 0.00001 0.00000 0.00000 ( 1)  0.056 +-  0.032
 229 T   0.96209 0.02767 0.00706 0.00214 0.00069 0.00023 0.00008 0.00003 0.00001 0.00000 0.00000 ( 1)  0.055 +-  0.031
 230 V   0.96303 0.02708 0.00682 0.00205 0.00067 0.00023 0.00008 0.00003 0.00001 0.00000 0.00000 ( 1)  0.055 +-  0.030
 231 K   0.93108 0.04036 0.01536 0.00687 0.00327 0.00159 0.00076 0.00035 0.00014 0.00003 0.00019 ( 1)  0.062 +-  0.058
 232 E   0.93158 0.04019 0.01524 0.00678 0.00321 0.00155 0.00074 0.00034 0.00014 0.00003 0.00019 ( 1)  0.062 +-  0.058
 233 A   0.95750 0.02996 0.00831 0.00273 0.00096 0.00035 0.00013 0.00004 0.00001 0.00000 0.00000 ( 1)  0.056 +-  0.034
 234 A   0.29910 0.11660 0.12409 0.11016 0.08832 0.06570 0.04548 0.02873 0.01543 0.00490 0.10148 ( 1)  0.410 +-  0.471
 235 A   0.96521 0.02600 0.00623 0.00177 0.00054 0.00017 0.00006 0.00002 0.00000 0.00000 0.00000 ( 1)  0.055 +-  0.028
 236 Q   0.90476 0.04679 0.02121 0.01127 0.00636 0.00366 0.00208 0.00112 0.00053 0.00015 0.00207 ( 1)  0.072 +-  0.102
 237 Q   0.90288 0.04711 0.02155 0.01156 0.00658 0.00382 0.00219 0.00119 0.00057 0.00016 0.00238 ( 1)  0.073 +-  0.106
 238 Q   0.90476 0.04679 0.02121 0.01127 0.00636 0.00366 0.00208 0.00112 0.00053 0.00015 0.00207 ( 1)  0.072 +-  0.102
 239 E   0.93158 0.04019 0.01524 0.00678 0.00321 0.00155 0.00074 0.00034 0.00014 0.00003 0.00019 ( 1)  0.062 +-  0.058
 240 S   0.91017 0.04563 0.02009 0.01039 0.00571 0.00320 0.00178 0.00094 0.00043 0.00012 0.00152 ( 1)  0.070 +-  0.092
 241 A   0.96521 0.02600 0.00623 0.00177 0.00054 0.00017 0.00006 0.00002 0.00000 0.00000 0.00000 ( 1)  0.055 +-  0.028
 242 T   0.96458 0.02635 0.00639 0.00184 0.00057 0.00018 0.00006 0.00002 0.00000 0.00000 0.00000 ( 1)  0.055 +-  0.029
 243 T   0.87116 0.05077 0.02593 0.01552 0.00986 0.00638 0.00407 0.00247 0.00131 0.00042 0.01212 ( 1)  0.098 +-  0.210
 244 Q   0.90476 0.04679 0.02121 0.01127 0.00636 0.00366 0.00208 0.00112 0.00053 0.00015 0.00207 ( 1)  0.072 +-  0.102
 245 K   0.93108 0.04036 0.01536 0.00687 0.00327 0.00159 0.00076 0.00035 0.00014 0.00003 0.00019 ( 1)  0.062 +-  0.058
 246 A   0.87519 0.05047 0.02551 0.01511 0.00950 0.00608 0.00384 0.00231 0.00121 0.00038 0.01038 ( 1)  0.094 +-  0.194
 247 E   0.93158 0.04019 0.01524 0.00678 0.00321 0.00155 0.00074 0.00034 0.00014 0.00003 0.00019 ( 1)  0.062 +-  0.058
 248 K   0.91932 0.04361 0.01817 0.00888 0.00462 0.00245 0.00129 0.00064 0.00028 0.00007 0.00066 ( 1)  0.066 +-  0.074
 249 E   0.93158 0.04019 0.01524 0.00678 0.00321 0.00155 0.00074 0.00034 0.00014 0.00003 0.00019 ( 1)  0.062 +-  0.058
 250 V   0.96580 0.02560 0.00608 0.00173 0.00054 0.00017 0.00006 0.00002 0.00001 0.00000 0.00000 ( 1)  0.055 +-  0.028
 251 T   0.95722 0.03003 0.00838 0.00278 0.00100 0.00037 0.00014 0.00005 0.00002 0.00000 0.00001 ( 1)  0.056 +-  0.035
 252 R   0.93265 0.03986 0.01497 0.00660 0.00310 0.00148 0.00070 0.00032 0.00013 0.00003 0.00016 ( 1)  0.062 +-  0.056
 253 M   0.95150 0.03276 0.00995 0.00356 0.00136 0.00054 0.00021 0.00008 0.00003 0.00001 0.00001 ( 1)  0.057 +-  0.039
 254 V   0.96580 0.02560 0.00608 0.00173 0.00054 0.00017 0.00006 0.00002 0.00001 0.00000 0.00000 ( 1)  0.055 +-  0.028
 255 I   0.96778 0.02452 0.00555 0.00151 0.00044 0.00014 0.00004 0.00001 0.00000 0.00000 0.00000 ( 1)  0.054 +-  0.027
 256 I   0.96778 0.02452 0.00555 0.00151 0.00044 0.00014 0.00004 0.00001 0.00000 0.00000 0.00000 ( 1)  0.054 +-  0.027
 257 M   0.95150 0.03276 0.00995 0.00356 0.00136 0.00054 0.00021 0.00008 0.00003 0.00001 0.00001 ( 1)  0.057 +-  0.039
 258 V   0.96580 0.02560 0.00608 0.00173 0.00054 0.00017 0.00006 0.00002 0.00001 0.00000 0.00000 ( 1)  0.055 +-  0.028
 259 I   0.96778 0.02452 0.00555 0.00151 0.00044 0.00014 0.00004 0.00001 0.00000 0.00000 0.00000 ( 1)  0.054 +-  0.027
 260 A   0.92949 0.04048 0.01562 0.00714 0.00350 0.00177 0.00089 0.00043 0.00018 0.00005 0.00046 ( 1)  0.063 +-  0.065
 261 F   0.96013 0.02866 0.00759 0.00238 0.00081 0.00028 0.00010 0.00003 0.00001 0.00000 0.00000 ( 1)  0.056 +-  0.032
 262 L   0.90818 0.04608 0.02051 0.01072 0.00595 0.00337 0.00188 0.00100 0.00047 0.00013 0.00171 ( 1)  0.071 +-  0.096
 263 I   0.96778 0.02452 0.00555 0.00151 0.00044 0.00014 0.00004 0.00001 0.00000 0.00000 0.00000 ( 1)  0.054 +-  0.027
 264 C   0.92828 0.04118 0.01605 0.00735 0.00359 0.00178 0.00088 0.00041 0.00017 0.00004 0.00027 ( 1)  0.063 +-  0.062
 265 W   0.89921 0.04774 0.02222 0.01212 0.00702 0.00414 0.00241 0.00133 0.00064 0.00019 0.00299 ( 1)  0.075 +-  0.115
 266 V   0.33587 0.12741 0.13167 0.11324 0.08772 0.06288 0.04183 0.02532 0.01299 0.00393 0.05715 ( 1)  0.332 +-  0.370
 267 P   0.95527 0.03107 0.00892 0.00302 0.00109 0.00041 0.00015 0.00005 0.00002 0.00000 0.00001 ( 1)  0.057 +-  0.036
 268 Y   0.92982 0.04061 0.01563 0.00709 0.00343 0.00170 0.00084 0.00039 0.00016 0.00004 0.00030 ( 1)  0.063 +-  0.061
 269 A   0.95236 0.03229 0.00972 0.00346 0.00132 0.00052 0.00020 0.00008 0.00003 0.00001 0.00001 ( 1)  0.057 +-  0.038
 270 S   0.46420 0.15118 0.13373 0.09822 0.06486 0.03959 0.02241 0.01154 0.00504 0.00130 0.00795 ( 1)  0.205 +-  0.216
 271 V   0.94171 0.03666 0.01259 0.00510 0.00220 0.00098 0.00043 0.00018 0.00007 0.00002 0.00006 ( 1)  0.060 +-  0.048
 272 A   0.88025 0.04998 0.02489 0.01453 0.00901 0.00569 0.00355 0.00210 0.00109 0.00034 0.00858 ( 1)  0.089 +-  0.178
 273 F   0.96013 0.02866 0.00759 0.00238 0.00081 0.00028 0.00010 0.00003 0.00001 0.00000 0.00000 ( 1)  0.056 +-  0.032
 274 Y   0.94366 0.03598 0.01208 0.00477 0.00201 0.00087 0.00037 0.00015 0.00005 0.00001 0.00004 ( 1)  0.059 +-  0.045
 275 I   0.96778 0.02452 0.00555 0.00151 0.00044 0.00014 0.00004 0.00001 0.00000 0.00000 0.00000 ( 1)  0.054 +-  0.027
 276 F   0.96013 0.02866 0.00759 0.00238 0.00081 0.00028 0.00010 0.00003 0.00001 0.00000 0.00000 ( 1)  0.056 +-  0.032
 277 T   0.95735 0.03002 0.00835 0.00275 0.00098 0.00036 0.00013 0.00005 0.00001 0.00000 0.00001 ( 1)  0.056 +-  0.034
 278 H   0.94539 0.03532 0.01162 0.00449 0.00185 0.00078 0.00033 0.00013 0.00005 0.00001 0.00003 ( 1)  0.059 +-  0.044
 279 Q   0.90476 0.04679 0.02121 0.01127 0.00636 0.00366 0.00208 0.00112 0.00053 0.00015 0.00207 ( 1)  0.072 +-  0.102
 280 G   0.95146 0.03281 0.00996 0.00356 0.00136 0.00053 0.00021 0.00008 0.00002 0.00000 0.00001 ( 1)  0.057 +-  0.039
 281 S   0.95641 0.03052 0.00860 0.00287 0.00102 0.00037 0.00014 0.00005 0.00001 0.00000 0.00000 ( 1)  0.056 +-  0.035
 282 N   0.95440 0.03145 0.00915 0.00315 0.00116 0.00044 0.00017 0.00006 0.00002 0.00000 0.00001 ( 1)  0.057 +-  0.037
 283 F   0.95658 0.03038 0.00856 0.00286 0.00103 0.00038 0.00014 0.00005 0.00002 0.00000 0.00001 ( 1)  0.056 +-  0.035
 284 G   0.88671 0.04933 0.02407 0.01377 0.00837 0.00518 0.00317 0.00184 0.00094 0.00029 0.00635 ( 1)  0.084 +-  0.155
 285 P   0.95527 0.03107 0.00892 0.00302 0.00109 0.00041 0.00015 0.00005 0.00002 0.00000 0.00001 ( 1)  0.057 +-  0.036
 286 I   0.87814 0.07213 0.02945 0.01209 0.00495 0.00200 0.00079 0.00030 0.00010 0.00002 0.00004 ( 1)  0.071 +-  0.067
 287 F   0.96013 0.02866 0.00759 0.00238 0.00081 0.00028 0.00010 0.00003 0.00001 0.00000 0.00000 ( 1)  0.056 +-  0.032
 288 M   0.95150 0.03276 0.00995 0.00356 0.00136 0.00054 0.00021 0.00008 0.00003 0.00001 0.00001 ( 1)  0.057 +-  0.039
 289 T   0.96458 0.02635 0.00639 0.00184 0.00057 0.00018 0.00006 0.00002 0.00000 0.00000 0.00000 ( 1)  0.055 +-  0.029
 290 L   0.58808 0.15542 0.11277 0.06868 0.03804 0.01970 0.00957 0.00428 0.00164 0.00038 0.00146 ( 1)  0.146 +-  0.155
 291 P   0.90406 0.04680 0.02126 0.01134 0.00643 0.00372 0.00212 0.00115 0.00055 0.00016 0.00241 ( 1)  0.073 +-  0.107
 292 A   0.89721 0.04803 0.02255 0.01240 0.00725 0.00431 0.00253 0.00141 0.00069 0.00020 0.00341 ( 1)  0.077 +-  0.120
 293 F   0.96013 0.02866 0.00759 0.00238 0.00081 0.00028 0.00010 0.00003 0.00001 0.00000 0.00000 ( 1)  0.056 +-  0.032
 294 F   0.91570 0.04449 0.01897 0.00949 0.00505 0.00274 0.00147 0.00075 0.00033 0.00009 0.00092 ( 1)  0.068 +-  0.081
 295 A   0.96521 0.02600 0.00623 0.00177 0.00054 0.00017 0.00006 0.00002 0.00000 0.00000 0.00000 ( 1)  0.055 +-  0.028
 296 K   0.93108 0.04036 0.01536 0.00687 0.00327 0.00159 0.00076 0.00035 0.00014 0.00003 0.00019 ( 1)  0.062 +-  0.058
 297 S   0.81511 0.08812 0.04679 0.02467 0.01279 0.00648 0.00317 0.00145 0.00058 0.00014 0.00071 ( 1)  0.088 +-  0.105
 298 A   0.96521 0.02600 0.00623 0.00177 0.00054 0.00017 0.00006 0.00002 0.00000 0.00000 0.00000 ( 1)  0.055 +-  0.028
 299 S   0.18801 0.15419 0.19205 0.16792 0.12207 0.07850 0.04559 0.02368 0.01032 0.00263 0.01504 ( 3)  0.319 +-  0.245
 300 I   0.96459 0.02626 0.00640 0.00187 0.00059 0.00019 0.00006 0.00002 0.00001 0.00000 0.00000 ( 1)  0.055 +-  0.029
 301 Y   0.94366 0.03598 0.01208 0.00477 0.00201 0.00087 0.00037 0.00015 0.00005 0.00001 0.00004 ( 1)  0.059 +-  0.045
 302 N   0.95425 0.03152 0.00920 0.00317 0.00117 0.00044 0.00017 0.00006 0.00002 0.00000 0.00001 ( 1)  0.057 +-  0.037
 303 P   0.89023 0.04889 0.02356 0.01331 0.00799 0.00489 0.00296 0.00170 0.00085 0.00026 0.00536 ( 1)  0.082 +-  0.144
 304 V   0.96580 0.02560 0.00608 0.00173 0.00054 0.00017 0.00006 0.00002 0.00001 0.00000 0.00000 ( 1)  0.055 +-  0.028
 305 I   0.96778 0.02452 0.00555 0.00151 0.00044 0.00014 0.00004 0.00001 0.00000 0.00000 0.00000 ( 1)  0.054 +-  0.027
 306 Y   0.87537 0.05046 0.02549 0.01509 0.00949 0.00607 0.00383 0.00230 0.00121 0.00038 0.01031 ( 1)  0.094 +-  0.194
 307 I   0.96729 0.02479 0.00568 0.00156 0.00046 0.00014 0.00005 0.00001 0.00000 0.00000 0.00000 ( 1)  0.054 +-  0.027
 308 M   0.95150 0.03276 0.00995 0.00356 0.00136 0.00054 0.00021 0.00008 0.00003 0.00001 0.00001 ( 1)  0.057 +-  0.039
 309 M   0.95150 0.03276 0.00995 0.00356 0.00136 0.00054 0.00021 0.00008 0.00003 0.00001 0.00001 ( 1)  0.057 +-  0.039
 310 N   0.95129 0.03281 0.01000 0.00360 0.00139 0.00055 0.00022 0.00008 0.00003 0.00001 0.00001 ( 1)  0.057 +-  0.039
 311 K   0.93108 0.04036 0.01536 0.00687 0.00327 0.00159 0.00076 0.00035 0.00014 0.00003 0.00019 ( 1)  0.062 +-  0.058
 312 Q   0.90476 0.04679 0.02121 0.01127 0.00636 0.00366 0.00208 0.00112 0.00053 0.00015 0.00207 ( 1)  0.072 +-  0.102
 313 F   0.96013 0.02866 0.00759 0.00238 0.00081 0.00028 0.00010 0.00003 0.00001 0.00000 0.00000 ( 1)  0.056 +-  0.032
 314 R   0.91163 0.04543 0.01986 0.01018 0.00554 0.00307 0.00168 0.00088 0.00040 0.00011 0.00123 ( 1)  0.069 +-  0.087
 315 N   0.85095 0.08021 0.03731 0.01733 0.00796 0.00359 0.00157 0.00065 0.00023 0.00005 0.00017 ( 1)  0.078 +-  0.082
 316 C   0.94262 0.03642 0.01237 0.00493 0.00209 0.00091 0.00039 0.00016 0.00006 0.00001 0.00004 ( 1)  0.059 +-  0.046
 317 M   0.95150 0.03276 0.00995 0.00356 0.00136 0.00054 0.00021 0.00008 0.00003 0.00001 0.00001 ( 1)  0.057 +-  0.039
 318 L   0.54439 0.15507 0.12116 0.07938 0.04722 0.02621 0.01361 0.00649 0.00265 0.00064 0.00318 ( 1)  0.166 +-  0.177
 319 T   0.96458 0.02635 0.00639 0.00184 0.00057 0.00018 0.00006 0.00002 0.00000 0.00000 0.00000 ( 1)  0.055 +-  0.029
 320 T   0.96458 0.02635 0.00639 0.00184 0.00057 0.00018 0.00006 0.00002 0.00000 0.00000 0.00000 ( 1)  0.055 +-  0.029
 321 I   0.87449 0.07329 0.03053 0.01278 0.00532 0.00219 0.00088 0.00033 0.00011 0.00002 0.00005 ( 1)  0.071 +-  0.069
 322 C   0.94262 0.03642 0.01237 0.00493 0.00209 0.00091 0.00039 0.00016 0.00006 0.00001 0.00004 ( 1)  0.059 +-  0.046
 323 C   0.93059 0.04051 0.01549 0.00695 0.00332 0.00162 0.00078 0.00036 0.00014 0.00004 0.00020 ( 1)  0.063 +-  0.059
 324 G   0.95146 0.03281 0.00996 0.00356 0.00136 0.00053 0.00021 0.00008 0.00002 0.00000 0.00001 ( 1)  0.057 +-  0.039
 325 K   0.74506 0.09708 0.06173 0.03872 0.02373 0.01411 0.00803 0.00425 0.00193 0.00053 0.00483 ( 1)  0.117 +-  0.164
 326 N   0.95440 0.03145 0.00915 0.00315 0.00116 0.00044 0.00017 0.00006 0.00002 0.00000 0.00001 ( 1)  0.057 +-  0.037
 327 P   0.89207 0.04872 0.02334 0.01310 0.00781 0.00474 0.00285 0.00162 0.00081 0.00024 0.00468 ( 1)  0.080 +-  0.136
 328 L   0.90818 0.04608 0.02051 0.01072 0.00595 0.00337 0.00188 0.00100 0.00047 0.00013 0.00171 ( 1)  0.071 +-  0.096
 329 G   0.87789 0.05027 0.02523 0.01484 0.00926 0.00589 0.00369 0.00220 0.00115 0.00036 0.00921 ( 1)  0.091 +-  0.183
 330 D   0.95456 0.03137 0.00911 0.00313 0.00115 0.00044 0.00016 0.00006 0.00002 0.00000 0.00001 ( 1)  0.057 +-  0.036
 331 D   0.61097 0.09551 0.07287 0.05483 0.04031 0.02872 0.01957 0.01239 0.00674 0.00219 0.05590 ( 1)  0.237 +-  0.394
 332 E   0.93158 0.04019 0.01524 0.00678 0.00321 0.00155 0.00074 0.00034 0.00014 0.00003 0.00019 ( 1)  0.062 +-  0.058
 333 A   0.96450 0.02638 0.00641 0.00185 0.00058 0.00019 0.00006 0.00002 0.00001 0.00000 0.00000 ( 1)  0.055 +-  0.029
 334 S   0.93105 0.04003 0.01525 0.00688 0.00333 0.00166 0.00083 0.00039 0.00017 0.00004 0.00038 ( 1)  0.063 +-  0.062
 335 A   0.85631 0.07890 0.03585 0.01624 0.00727 0.00319 0.00136 0.00054 0.00019 0.00004 0.00011 ( 1)  0.076 +-  0.078
 336 T   0.95798 0.02967 0.00818 0.00268 0.00095 0.00035 0.00013 0.00004 0.00001 0.00000 0.00000 ( 1)  0.056 +-  0.034
 337 V   0.82320 0.08653 0.04471 0.02297 0.01163 0.00577 0.00276 0.00124 0.00049 0.00011 0.00058 ( 1)  0.086 +-  0.100
 338 S   0.95641 0.03052 0.00860 0.00287 0.00102 0.00037 0.00014 0.00005 0.00001 0.00000 0.00000 ( 1)  0.056 +-  0.035
 339 K   0.93108 0.04036 0.01536 0.00687 0.00327 0.00159 0.00076 0.00035 0.00014 0.00003 0.00019 ( 1)  0.062 +-  0.058
 340 T   0.94185 0.03665 0.01256 0.00507 0.00218 0.00096 0.00042 0.00018 0.00006 0.00001 0.00005 ( 1)  0.060 +-  0.047
 341 E   0.93158 0.04019 0.01524 0.00678 0.00321 0.00155 0.00074 0.00034 0.00014 0.00003 0.00019 ( 1)  0.062 +-  0.058
 342 T   0.95900 0.02921 0.00790 0.00253 0.00088 0.00031 0.00011 0.00004 0.00001 0.00000 0.00000 ( 1)  0.056 +-  0.033
 343 S   0.95154 0.03278 0.00994 0.00355 0.00135 0.00053 0.00020 0.00007 0.00002 0.00000 0.00001 ( 1)  0.057 +-  0.039
 344 Q   0.90476 0.04679 0.02121 0.01127 0.00636 0.00366 0.00208 0.00112 0.00053 0.00015 0.00207 ( 1)  0.072 +-  0.102
 345 V   0.94171 0.03666 0.01259 0.00510 0.00220 0.00098 0.00043 0.00018 0.00007 0.00002 0.00006 ( 1)  0.060 +-  0.048
 346 A   0.96485 0.02619 0.00632 0.00181 0.00056 0.00018 0.00006 0.00002 0.00000 0.00000 0.00000 ( 1)  0.055 +-  0.029
 347 P   0.92860 0.04111 0.01598 0.00729 0.00354 0.00175 0.00086 0.00040 0.00016 0.00004 0.00025 ( 1)  0.063 +-  0.061
 348 A   0.96450 0.02638 0.00641 0.00185 0.00058 0.00019 0.00006 0.00002 0.00001 0.00000 0.00000 ( 1)  0.055 +-  0.029

Positively selected sites

	Prob(w>1)  mean w

   112 L      0.795         1.771 +- 1.069

