Supplemental results for CODEML (seqf: algn  treef: tree)


dN/dS (w) for site classes (K=2)

p:   0.79433  0.20567
w:   0.06822  1.00000

Naive Empirical Bayes (NEB) probabilities for 2 classes & postmean_w
(amino acids refer to 1st sequence: aloSar_MxA_JX297228)

   1 -   0.79433 0.20567 ( 1)  0.260
   2 -   0.79433 0.20567 ( 1)  0.260
   3 -   0.79433 0.20567 ( 1)  0.260
   4 -   0.79433 0.20567 ( 1)  0.260
   5 -   0.79433 0.20567 ( 1)  0.260
   6 -   0.79433 0.20567 ( 1)  0.260
   7 -   0.79433 0.20567 ( 1)  0.260
   8 -   0.79433 0.20567 ( 1)  0.260
   9 -   0.79433 0.20567 ( 1)  0.260
  10 -   0.79433 0.20567 ( 1)  0.260
  11 -   0.79433 0.20567 ( 1)  0.260
  12 -   0.79433 0.20567 ( 1)  0.260
  13 -   0.79433 0.20567 ( 1)  0.260
  14 -   0.79433 0.20567 ( 1)  0.260
  15 -   0.79433 0.20567 ( 1)  0.260
  16 -   0.79433 0.20567 ( 1)  0.260
  17 -   0.79433 0.20567 ( 1)  0.260
  18 -   0.79433 0.20567 ( 1)  0.260
  19 -   0.79433 0.20567 ( 1)  0.260
  20 -   0.79433 0.20567 ( 1)  0.260
  21 -   0.79433 0.20567 ( 1)  0.260
  22 -   0.79433 0.20567 ( 1)  0.260
  23 -   0.79433 0.20567 ( 1)  0.260
  24 M   0.99006 0.00994 ( 1)  0.077
  25 V   0.92958 0.07042 ( 1)  0.134
  26 V   0.00000 1.00000 ( 2)  1.000
  27 S   0.91580 0.08420 ( 1)  0.147
  28 E   0.95897 0.04103 ( 1)  0.106
  29 V   0.97640 0.02360 ( 1)  0.090
  30 G   0.47153 0.52847 ( 2)  0.561
  31 V   0.00987 0.99013 ( 2)  0.991
  32 G   0.05603 0.94397 ( 2)  0.948
  33 K   0.95797 0.04203 ( 1)  0.107
  34 A   0.46092 0.53908 ( 2)  0.571
  35 D   0.96189 0.03811 ( 1)  0.104
  36 P   0.90187 0.09813 ( 1)  0.160
  37 A   0.92666 0.07334 ( 1)  0.137
  38 A   0.46570 0.53430 ( 2)  0.566
  39 E   0.53438 0.46562 ( 1)  0.502
  40 P   0.44592 0.55408 ( 2)  0.585
  41 H   0.00053 0.99947 ( 2)  1.000
  42 H   0.43106 0.56894 ( 2)  0.598
  43 L   0.00253 0.99747 ( 2)  0.998
  44 L   0.86934 0.13066 ( 1)  0.190
  45 L   0.51651 0.48349 ( 1)  0.519
  46 N   0.96080 0.03920 ( 1)  0.105
  47 G   0.48419 0.51581 ( 2)  0.549
  48 D   0.62329 0.37671 ( 1)  0.419
  49 A   0.46692 0.53308 ( 2)  0.565
  50 N   0.13753 0.86247 ( 2)  0.872
  51 V   0.97640 0.02360 ( 1)  0.090
  52 A   0.96704 0.03296 ( 1)  0.099
  53 K   0.71389 0.28611 ( 1)  0.335
  54 K   0.95926 0.04074 ( 1)  0.106
  55 N   0.59361 0.40639 ( 1)  0.447
  56 P   0.00565 0.99435 ( 2)  0.995
  57 A   0.00877 0.99123 ( 2)  0.992
  58 L   0.00001 0.99999 ( 2)  1.000
  59 V   0.73377 0.26623 ( 1)  0.316
  60 A   0.09735 0.90265 ( 2)  0.909
  61 E   0.99458 0.00542 ( 1)  0.073
  62 -   0.79433 0.20567 ( 1)  0.260
  63 -   0.79433 0.20567 ( 1)  0.260
  64 -   0.79433 0.20567 ( 1)  0.260
  65 -   0.79433 0.20567 ( 1)  0.260
  66 -   0.79433 0.20567 ( 1)  0.260
  67 -   0.79433 0.20567 ( 1)  0.260
  68 -   0.79433 0.20567 ( 1)  0.260
  69 -   0.79433 0.20567 ( 1)  0.260
  70 -   0.79433 0.20567 ( 1)  0.260
  71 -   0.79433 0.20567 ( 1)  0.260
  72 -   0.79433 0.20567 ( 1)  0.260
  73 -   0.79433 0.20567 ( 1)  0.260
  74 -   0.79433 0.20567 ( 1)  0.260
  75 -   0.79433 0.20567 ( 1)  0.260
  76 N   0.18001 0.81999 ( 2)  0.832
  77 N   0.88362 0.11638 ( 1)  0.177
  78 L   0.95999 0.04001 ( 1)  0.106
  79 C   0.57359 0.42641 ( 1)  0.466
  80 S   0.85438 0.14562 ( 1)  0.204
  81 Q   0.73686 0.26314 ( 1)  0.313
  82 Y   0.97329 0.02671 ( 1)  0.093
  83 E   0.99453 0.00547 ( 1)  0.073
  84 E   0.99458 0.00542 ( 1)  0.073
  85 K   0.99459 0.00541 ( 1)  0.073
  86 V   0.98868 0.01132 ( 1)  0.079
  87 R   0.96943 0.03057 ( 1)  0.097
  88 P   0.96592 0.03408 ( 1)  0.100
  89 C   0.95234 0.04766 ( 1)  0.113
  90 I   0.98911 0.01089 ( 1)  0.078
  91 D   0.99384 0.00616 ( 1)  0.074
  92 L   0.96724 0.03276 ( 1)  0.099
  93 I   0.83874 0.16126 ( 1)  0.218
  94 D   0.99384 0.00616 ( 1)  0.074
  95 S   0.94971 0.05029 ( 1)  0.115
  96 L   0.96001 0.03999 ( 1)  0.105
  97 R   0.97096 0.02904 ( 1)  0.095
  98 A   0.95960 0.04040 ( 1)  0.106
  99 L   0.95778 0.04222 ( 1)  0.108
 100 G   0.96304 0.03696 ( 1)  0.103
 101 V   0.85972 0.14028 ( 1)  0.199
 102 E   0.99455 0.00545 ( 1)  0.073
 103 Q   0.97659 0.02341 ( 1)  0.090
 104 D   0.99384 0.00616 ( 1)  0.074
 105 L   0.96005 0.03995 ( 1)  0.105
 106 A   0.98401 0.01599 ( 1)  0.083
 107 L   0.96005 0.03995 ( 1)  0.105
 108 P   0.96590 0.03410 ( 1)  0.100
 109 A   0.98395 0.01605 ( 1)  0.083
 110 I   0.98904 0.01096 ( 1)  0.078
 111 A   0.98375 0.01625 ( 1)  0.083
 112 V   0.98457 0.01543 ( 1)  0.083
 113 I   0.98905 0.01095 ( 1)  0.078
 114 G   0.99048 0.00952 ( 1)  0.077
 115 D   0.99375 0.00625 ( 1)  0.074
 116 Q   0.97639 0.02361 ( 1)  0.090
 117 S   0.98841 0.01159 ( 1)  0.079
 118 S   0.95087 0.04913 ( 1)  0.114
 119 G   0.98624 0.01376 ( 1)  0.081
 120 K   0.99451 0.00549 ( 1)  0.073
 121 S   0.98841 0.01159 ( 1)  0.079
 122 S   0.92069 0.07931 ( 1)  0.142
 123 V   0.98890 0.01110 ( 1)  0.079
 124 L   0.95062 0.04938 ( 1)  0.114
 125 E   0.99450 0.00550 ( 1)  0.073
 126 A   0.97841 0.02159 ( 1)  0.088
 127 L   0.95950 0.04050 ( 1)  0.106
 128 S   0.93016 0.06984 ( 1)  0.133
 129 G   0.95639 0.04361 ( 1)  0.109
 130 V   0.96958 0.03042 ( 1)  0.097
 131 A   0.98369 0.01631 ( 1)  0.083
 132 L   0.92795 0.07205 ( 1)  0.135
 133 P   0.96568 0.03432 ( 1)  0.100
 134 R   0.96125 0.03875 ( 1)  0.104
 135 G   0.98624 0.01376 ( 1)  0.081
 136 S   0.17881 0.82119 ( 2)  0.833
 137 G   0.98838 0.01162 ( 1)  0.079
 138 I   0.76698 0.23302 ( 1)  0.285
 139 V   0.98903 0.01097 ( 1)  0.078
 140 T   0.97571 0.02429 ( 1)  0.091
 141 R   0.96121 0.03879 ( 1)  0.104
 142 C   0.94741 0.05259 ( 1)  0.117
 143 P   0.96685 0.03315 ( 1)  0.099
 144 L   0.96094 0.03906 ( 1)  0.105
 145 V   0.98903 0.01097 ( 1)  0.078
 146 L   0.95999 0.04001 ( 1)  0.106
 147 K   0.97763 0.02237 ( 1)  0.089
 148 L   0.96005 0.03995 ( 1)  0.105
 149 K   0.99459 0.00541 ( 1)  0.073
 150 K   0.97763 0.02237 ( 1)  0.089
 151 L   0.95455 0.04545 ( 1)  0.111
 152 M   0.84950 0.15050 ( 1)  0.208
 153 N   0.98966 0.01034 ( 1)  0.078
 154 -   0.16086 0.83914 ( 2)  0.850
 155 E   0.16185 0.83815 ( 2)  0.849
 156 E   0.04508 0.95492 ( 2)  0.958
 157 W   0.93055 0.06945 ( 1)  0.133
 158 K   0.65293 0.34707 ( 1)  0.392
 159 G   0.98643 0.01357 ( 1)  0.081
 160 K   0.99439 0.00561 ( 1)  0.073
 161 V   0.98457 0.01543 ( 1)  0.083
 162 S   0.96455 0.03545 ( 1)  0.101
 163 Y   0.97701 0.02299 ( 1)  0.090
 164 Q   0.73380 0.26620 ( 1)  0.316
 165 D   0.99384 0.00616 ( 1)  0.074
 166 L   0.14713 0.85287 ( 2)  0.863
 167 E   0.99458 0.00542 ( 1)  0.073
 168 I   0.00081 0.99919 ( 2)  0.999
 169 E   0.92535 0.07465 ( 1)  0.138
 170 I   0.96780 0.03220 ( 1)  0.098
 171 S   0.53865 0.46135 ( 1)  0.498
 172 D   0.20303 0.79697 ( 2)  0.811
 173 A   0.95805 0.04195 ( 1)  0.107
 174 S   0.90740 0.09260 ( 1)  0.155
 175 E   0.99458 0.00542 ( 1)  0.073
 176 V   0.96357 0.03643 ( 1)  0.102
 177 E   0.97827 0.02173 ( 1)  0.088
 178 K   0.43866 0.56134 ( 2)  0.591
 179 E   0.97827 0.02173 ( 1)  0.088
 180 V   0.59586 0.40414 ( 1)  0.445
 181 N   0.75415 0.24585 ( 1)  0.297
 182 K   0.75271 0.24729 ( 1)  0.299
 183 A   0.98401 0.01599 ( 1)  0.083
 184 Q   0.97659 0.02341 ( 1)  0.090
 185 N   0.98950 0.01050 ( 1)  0.078
 186 T   0.00009 0.99991 ( 2)  1.000
 187 I   0.98769 0.01231 ( 1)  0.080
 188 A   0.97914 0.02086 ( 1)  0.088
 189 G   0.99059 0.00941 ( 1)  0.077
 190 E   0.97827 0.02173 ( 1)  0.088
 191 G   0.96367 0.03633 ( 1)  0.102
 192 M   0.99862 0.00138 ( 1)  0.070
 193 G   0.97226 0.02774 ( 1)  0.094
 194 I   0.99441 0.00559 ( 1)  0.073
 195 S   0.97818 0.02182 ( 1)  0.089
 196 H   0.72401 0.27599 ( 1)  0.325
 197 E   0.99752 0.00248 ( 1)  0.071
 198 L   0.92927 0.07073 ( 1)  0.134
 199 I   0.99305 0.00695 ( 1)  0.075
 200 T   0.84630 0.15370 ( 1)  0.211
 201 L   0.66175 0.33825 ( 1)  0.383
 202 E   0.99752 0.00248 ( 1)  0.071
 203 I   0.42404 0.57596 ( 2)  0.605
 204 S   0.99390 0.00610 ( 1)  0.074
 205 S   0.63990 0.36010 ( 1)  0.404
 206 R   0.06019 0.93981 ( 2)  0.944
 207 D   0.79457 0.20543 ( 1)  0.260
 208 V   0.99126 0.00874 ( 1)  0.076
 209 P   0.96753 0.03247 ( 1)  0.098
 210 D   0.98852 0.01148 ( 1)  0.079
 211 L   0.97220 0.02780 ( 1)  0.094
 212 T   0.96304 0.03696 ( 1)  0.103
 213 L   0.96453 0.03547 ( 1)  0.101
 214 I   0.99347 0.00653 ( 1)  0.074
 215 D   0.99712 0.00288 ( 1)  0.071
 216 L   0.94476 0.05524 ( 1)  0.120
 217 P   0.94546 0.05454 ( 1)  0.119
 218 G   0.98957 0.01043 ( 1)  0.078
 219 I   0.99255 0.00745 ( 1)  0.075
 220 T   0.98990 0.01010 ( 1)  0.078
 221 R   0.98347 0.01653 ( 1)  0.084
 222 V   0.99422 0.00578 ( 1)  0.074
 223 A   0.96877 0.03123 ( 1)  0.097
 224 V   0.99403 0.00597 ( 1)  0.074
 225 G   0.99249 0.00751 ( 1)  0.075
 226 N   0.98939 0.01061 ( 1)  0.078
 227 Q   0.98309 0.01691 ( 1)  0.084
 228 P   0.94504 0.05496 ( 1)  0.119
 229 A   0.67920 0.32080 ( 1)  0.367
 230 D   0.99712 0.00288 ( 1)  0.071
 231 I   0.98838 0.01162 ( 1)  0.079
 232 G   0.99521 0.00479 ( 1)  0.073
 233 R   0.00000 1.00000 ( 2)  1.000
 234 K   0.44728 0.55272 ( 2)  0.583
 235 I   0.99441 0.00559 ( 1)  0.073
 236 K   0.99753 0.00247 ( 1)  0.071
 237 A   0.00004 0.99996 ( 2)  1.000
 238 L   0.97863 0.02137 ( 1)  0.088
 239 I   0.99423 0.00577 ( 1)  0.074
 240 R   0.00002 0.99998 ( 2)  1.000
 241 K   0.99753 0.00247 ( 1)  0.071
 242 Y   0.98578 0.01422 ( 1)  0.081
 243 I   0.99441 0.00559 ( 1)  0.073
 244 Q   0.00130 0.99870 ( 2)  0.999
 245 R   0.89228 0.10772 ( 1)  0.169
 246 Q   0.98549 0.01451 ( 1)  0.082
 247 E   0.94833 0.05167 ( 1)  0.116
 248 T   0.99245 0.00755 ( 1)  0.075
 249 I   0.99441 0.00559 ( 1)  0.073
 250 S   0.37292 0.62708 ( 2)  0.653
 251 L   0.97220 0.02780 ( 1)  0.094
 252 V   0.92079 0.07921 ( 1)  0.142
 253 V   0.99338 0.00662 ( 1)  0.074
 254 V   0.88844 0.11156 ( 1)  0.172
 255 P   0.97705 0.02295 ( 1)  0.090
 256 S   0.69798 0.30202 ( 1)  0.350
 257 N   0.99382 0.00618 ( 1)  0.074
 258 V   0.99422 0.00578 ( 1)  0.074
 259 D   0.99712 0.00288 ( 1)  0.071
 260 I   0.99433 0.00567 ( 1)  0.074
 261 A   0.99070 0.00930 ( 1)  0.077
 262 T   0.98990 0.01010 ( 1)  0.078
 263 T   0.97922 0.02078 ( 1)  0.088
 264 E   0.99752 0.00248 ( 1)  0.071
 265 A   0.98925 0.01075 ( 1)  0.078
 266 L   0.97260 0.02740 ( 1)  0.094
 267 S   0.99390 0.00610 ( 1)  0.074
 268 M   0.99862 0.00138 ( 1)  0.070
 269 A   0.98605 0.01395 ( 1)  0.081
 270 Q   0.98549 0.01451 ( 1)  0.082
 271 E   0.99739 0.00261 ( 1)  0.071
 272 V   0.99422 0.00578 ( 1)  0.074
 273 D   0.99712 0.00288 ( 1)  0.071
 274 P   0.97447 0.02553 ( 1)  0.092
 275 E   0.96202 0.03798 ( 1)  0.104
 276 G   0.98990 0.01010 ( 1)  0.078
 277 D   0.99710 0.00290 ( 1)  0.071
 278 R   0.99516 0.00484 ( 1)  0.073
 279 T   0.98986 0.01014 ( 1)  0.078
 280 I   0.99343 0.00657 ( 1)  0.074
 281 G   0.96917 0.03083 ( 1)  0.097
 282 I   0.99441 0.00559 ( 1)  0.073
 283 L   0.95002 0.04998 ( 1)  0.115
 284 T   0.99078 0.00922 ( 1)  0.077
 285 K   0.99753 0.00247 ( 1)  0.071
 286 P   0.94495 0.05505 ( 1)  0.120
 287 D   0.85673 0.14327 ( 1)  0.202
 288 L   0.97220 0.02780 ( 1)  0.094
 289 V   0.99422 0.00578 ( 1)  0.074
 290 D   0.99712 0.00288 ( 1)  0.071
 291 K   0.01883 0.98117 ( 2)  0.982
 292 G   0.97471 0.02529 ( 1)  0.092
 293 T   0.97298 0.02702 ( 1)  0.093
 294 E   0.98675 0.01325 ( 1)  0.081
 295 D   0.99712 0.00288 ( 1)  0.071
 296 K   0.56211 0.43789 ( 1)  0.476
 297 V   0.01186 0.98814 ( 2)  0.989
 298 V   0.99187 0.00813 ( 1)  0.076
 299 D   0.91817 0.08183 ( 1)  0.144
 300 V   0.99422 0.00578 ( 1)  0.074
 301 V   0.89537 0.10463 ( 1)  0.166
 302 R   0.97930 0.02070 ( 1)  0.088
 303 N   0.99699 0.00301 ( 1)  0.071
 304 L   0.97460 0.02540 ( 1)  0.092
 305 V   0.99422 0.00578 ( 1)  0.074
 306 F   0.72951 0.27049 ( 1)  0.320
 307 H   0.99037 0.00963 ( 1)  0.077
 308 L   0.97220 0.02780 ( 1)  0.094
 309 K   0.99753 0.00247 ( 1)  0.071
 310 K   0.99744 0.00256 ( 1)  0.071
 311 G   0.99228 0.00772 ( 1)  0.075
 312 Y   0.98573 0.01427 ( 1)  0.082
 313 M   0.99862 0.00138 ( 1)  0.070
 314 I   0.91892 0.08108 ( 1)  0.144
 315 V   0.99126 0.00874 ( 1)  0.076
 316 K   0.99753 0.00247 ( 1)  0.071
 317 C   0.96537 0.03463 ( 1)  0.100
 318 R   0.98132 0.01868 ( 1)  0.086
 319 G   0.99137 0.00863 ( 1)  0.076
 320 Q   0.82200 0.17800 ( 1)  0.234
 321 Q   0.98549 0.01451 ( 1)  0.082
 322 E   0.95300 0.04700 ( 1)  0.112
 323 I   0.99441 0.00559 ( 1)  0.073
 324 Q   0.98549 0.01451 ( 1)  0.082
 325 D   0.99712 0.00288 ( 1)  0.071
 326 Q   0.80214 0.19786 ( 1)  0.253
 327 L   0.97140 0.02860 ( 1)  0.095
 328 S   0.99390 0.00610 ( 1)  0.074
 329 L   0.97220 0.02780 ( 1)  0.094
 330 S   0.60855 0.39145 ( 1)  0.433
 331 E   0.98832 0.01168 ( 1)  0.079
 332 A   0.98964 0.01036 ( 1)  0.078
 333 L   0.97220 0.02780 ( 1)  0.094
 334 E   0.31289 0.68711 ( 2)  0.708
 335 R   0.97623 0.02377 ( 1)  0.090
 336 E   0.96474 0.03526 ( 1)  0.101
 337 K   0.96459 0.03541 ( 1)  0.101
 338 I   0.00001 0.99999 ( 2)  1.000
 339 F   0.98356 0.01644 ( 1)  0.084
 340 F   0.95859 0.04141 ( 1)  0.107
 341 E   0.58345 0.41655 ( 1)  0.456
 342 D   0.08430 0.91570 ( 2)  0.921
 343 H   0.99050 0.00950 ( 1)  0.077
 344 P   0.94814 0.05186 ( 1)  0.117
 345 Y   0.09666 0.90334 ( 2)  0.910
 346 F   0.98356 0.01644 ( 1)  0.084
 347 R   0.99423 0.00577 ( 1)  0.074
 348 D   0.22986 0.77014 ( 2)  0.786
 349 L   0.96502 0.03498 ( 1)  0.101
 350 L   0.97180 0.02820 ( 1)  0.094
 351 E   0.96476 0.03524 ( 1)  0.101
 352 E   0.98711 0.01289 ( 1)  0.080
 353 G   0.97135 0.02865 ( 1)  0.095
 354 K   0.54975 0.45025 ( 1)  0.488
 355 A   0.99087 0.00913 ( 1)  0.077
 356 T   0.99106 0.00894 ( 1)  0.077
 357 V   0.00864 0.99136 ( 2)  0.992
 358 P   0.97705 0.02295 ( 1)  0.090
 359 C   0.66648 0.33352 ( 1)  0.379
 360 L   0.96906 0.03094 ( 1)  0.097
 361 A   0.96699 0.03301 ( 1)  0.099
 362 E   0.89439 0.10561 ( 1)  0.167
 363 K   0.84986 0.15014 ( 1)  0.208
 364 L   0.95052 0.04948 ( 1)  0.114
 365 T   0.98990 0.01010 ( 1)  0.078
 366 S   0.81158 0.18842 ( 1)  0.244
 367 E   0.99752 0.00248 ( 1)  0.071
 368 L   0.97859 0.02141 ( 1)  0.088
 369 I   0.91968 0.08032 ( 1)  0.143
 370 A   0.01424 0.98576 ( 2)  0.987
 371 H   0.98986 0.01014 ( 1)  0.078
 372 I   0.99426 0.00574 ( 1)  0.074
 373 C   0.46551 0.53449 ( 2)  0.566
 374 K   0.98627 0.01373 ( 1)  0.081
 375 S   0.92181 0.07819 ( 1)  0.141
 376 L   0.15263 0.84737 ( 2)  0.858
 377 P   0.97608 0.02392 ( 1)  0.091
 378 L   0.13181 0.86819 ( 2)  0.877
 379 L   0.90686 0.09314 ( 1)  0.155
 380 E   0.98675 0.01325 ( 1)  0.081
 381 N   0.00186 0.99814 ( 2)  0.998
 382 Q   0.95983 0.04017 ( 1)  0.106
 383 I   0.99223 0.00777 ( 1)  0.075
 384 K   0.96472 0.03528 ( 1)  0.101
 385 E   0.95423 0.04577 ( 1)  0.111
 386 S   0.15963 0.84037 ( 2)  0.851
 387 H   0.99050 0.00950 ( 1)  0.077
 388 Q   0.82210 0.17790 ( 1)  0.234
 389 K   0.01528 0.98472 ( 2)  0.986
 390 I   0.99347 0.00653 ( 1)  0.074
 391 T   0.64403 0.35597 ( 1)  0.400
 392 E   0.99749 0.00251 ( 1)  0.071
 393 E   0.96267 0.03733 ( 1)  0.103
 394 L   0.47083 0.52917 ( 2)  0.561
 395 Q   0.97011 0.02989 ( 1)  0.096
 396 K   0.99753 0.00247 ( 1)  0.071
 397 Y   0.95486 0.04514 ( 1)  0.110
 398 G   0.97207 0.02793 ( 1)  0.094
 399 V   0.99177 0.00823 ( 1)  0.076
 400 D   0.95784 0.04216 ( 1)  0.108
 401 I   0.90993 0.09007 ( 1)  0.152
 402 P   0.97725 0.02275 ( 1)  0.089
 403 E   0.98678 0.01322 ( 1)  0.081
 404 D   0.98976 0.01024 ( 1)  0.078
 405 E   0.85385 0.14615 ( 1)  0.204
 406 N   0.07853 0.92147 ( 2)  0.927
 407 E   0.98832 0.01168 ( 1)  0.079
 408 K   0.98627 0.01373 ( 1)  0.081
 409 M   0.99862 0.00138 ( 1)  0.070
 410 F   0.98356 0.01644 ( 1)  0.084
 411 F   0.98085 0.01915 ( 1)  0.086
 412 L   0.97009 0.02991 ( 1)  0.096
 413 I   0.99347 0.00653 ( 1)  0.074
 414 D   0.99581 0.00419 ( 1)  0.072
 415 -   0.79433 0.20567 ( 1)  0.260
 416 -   0.79433 0.20567 ( 1)  0.260
 417 -   0.79433 0.20567 ( 1)  0.260
 418 -   0.79433 0.20567 ( 1)  0.260
 419 -   0.79433 0.20567 ( 1)  0.260
 420 -   0.79433 0.20567 ( 1)  0.260
 421 -   0.79433 0.20567 ( 1)  0.260
 422 -   0.79433 0.20567 ( 1)  0.260
 423 -   0.79433 0.20567 ( 1)  0.260
 424 -   0.79433 0.20567 ( 1)  0.260
 425 -   0.79433 0.20567 ( 1)  0.260
 426 -   0.79433 0.20567 ( 1)  0.260
 427 -   0.79433 0.20567 ( 1)  0.260
 428 -   0.79433 0.20567 ( 1)  0.260
 429 -   0.79433 0.20567 ( 1)  0.260
 430 -   0.79433 0.20567 ( 1)  0.260
 431 -   0.79433 0.20567 ( 1)  0.260
 432 -   0.79433 0.20567 ( 1)  0.260
 433 -   0.79433 0.20567 ( 1)  0.260
 434 -   0.79433 0.20567 ( 1)  0.260
 435 -   0.79433 0.20567 ( 1)  0.260
 436 -   0.79433 0.20567 ( 1)  0.260
 437 -   0.79433 0.20567 ( 1)  0.260
 438 -   0.79433 0.20567 ( 1)  0.260
 439 -   0.79433 0.20567 ( 1)  0.260
 440 -   0.79433 0.20567 ( 1)  0.260
 441 -   0.79433 0.20567 ( 1)  0.260
 442 -   0.79433 0.20567 ( 1)  0.260
 443 -   0.79433 0.20567 ( 1)  0.260
 444 -   0.79433 0.20567 ( 1)  0.260
 445 -   0.79433 0.20567 ( 1)  0.260
 446 -   0.79433 0.20567 ( 1)  0.260
 447 -   0.79433 0.20567 ( 1)  0.260
 448 -   0.79433 0.20567 ( 1)  0.260
 449 -   0.79433 0.20567 ( 1)  0.260
 450 -   0.79433 0.20567 ( 1)  0.260
 451 -   0.79433 0.20567 ( 1)  0.260
 452 -   0.79433 0.20567 ( 1)  0.260
 453 -   0.79433 0.20567 ( 1)  0.260
 454 -   0.79433 0.20567 ( 1)  0.260
 455 -   0.79433 0.20567 ( 1)  0.260
 456 -   0.79433 0.20567 ( 1)  0.260
 457 -   0.79433 0.20567 ( 1)  0.260
 458 -   0.79433 0.20567 ( 1)  0.260
 459 -   0.79433 0.20567 ( 1)  0.260
 460 -   0.79433 0.20567 ( 1)  0.260
 461 -   0.79433 0.20567 ( 1)  0.260
 462 -   0.79433 0.20567 ( 1)  0.260
 463 -   0.79433 0.20567 ( 1)  0.260
 464 -   0.79433 0.20567 ( 1)  0.260
 465 -   0.79433 0.20567 ( 1)  0.260
 466 -   0.79433 0.20567 ( 1)  0.260
 467 -   0.79433 0.20567 ( 1)  0.260
 468 -   0.79433 0.20567 ( 1)  0.260
 469 -   0.79433 0.20567 ( 1)  0.260
 470 -   0.79433 0.20567 ( 1)  0.260
 471 -   0.79433 0.20567 ( 1)  0.260
 472 -   0.79433 0.20567 ( 1)  0.260
 473 -   0.79433 0.20567 ( 1)  0.260
 474 -   0.79433 0.20567 ( 1)  0.260
 475 -   0.79433 0.20567 ( 1)  0.260
 476 -   0.79433 0.20567 ( 1)  0.260
 477 K   0.17722 0.82278 ( 2)  0.835
 478 I   0.18824 0.81176 ( 2)  0.825
 479 N   0.77464 0.22536 ( 1)  0.278
 480 A   0.98187 0.01813 ( 1)  0.085
 481 F   0.94184 0.05816 ( 1)  0.122
 482 N   0.97999 0.02001 ( 1)  0.087
 483 Q   0.97686 0.02314 ( 1)  0.090
 484 D   0.99264 0.00736 ( 1)  0.075
 485 I   0.98947 0.01053 ( 1)  0.078
 486 A   0.00556 0.99444 ( 2)  0.995
 487 A   0.95254 0.04746 ( 1)  0.112
 488 S   0.01581 0.98419 ( 2)  0.985
 489 L   0.00073 0.99927 ( 2)  0.999
 490 Q   0.50493 0.49507 ( 1)  0.530
 491 G   0.98837 0.01163 ( 1)  0.079
 492 E   0.92688 0.07312 ( 1)  0.136
 493 E   0.98110 0.01890 ( 1)  0.086
 494 T   0.95010 0.04990 ( 1)  0.115
 495 V   0.96416 0.03584 ( 1)  0.102
 496 G   0.29617 0.70383 ( 2)  0.724
 497 E   0.89634 0.10366 ( 1)  0.165
 498 E   0.17421 0.82579 ( 2)  0.838
 499 D   0.99392 0.00608 ( 1)  0.074
 500 T   0.00000 1.00000 ( 2)  1.000
 501 R   0.96578 0.03422 ( 1)  0.100
 502 L   0.95980 0.04020 ( 1)  0.106
 503 F   0.94662 0.05338 ( 1)  0.118
 504 T   0.98286 0.01714 ( 1)  0.084
 505 R   0.00619 0.99381 ( 2)  0.994
 506 L   0.96722 0.03278 ( 1)  0.099
 507 R   0.92685 0.07315 ( 1)  0.136
 508 N   0.01230 0.98770 ( 2)  0.989
 509 E   0.99457 0.00543 ( 1)  0.073
 510 F   0.97422 0.02578 ( 1)  0.092
 511 R   0.00074 0.99926 ( 2)  0.999
 512 K   0.74342 0.25658 ( 1)  0.307
 513 W   0.93101 0.06899 ( 1)  0.133
 514 S   0.00868 0.99132 ( 2)  0.992
 515 A   0.00003 0.99997 ( 2)  1.000
 516 V   0.80757 0.19243 ( 1)  0.248
 517 I   0.69316 0.30684 ( 1)  0.354
 518 E   0.97852 0.02148 ( 1)  0.088
 519 N   0.39418 0.60582 ( 2)  0.633
 520 N   0.97999 0.02001 ( 1)  0.087
 521 F   0.52043 0.47957 ( 1)  0.515
 522 Q   0.07771 0.92229 ( 2)  0.928
 523 E   0.00012 0.99988 ( 2)  1.000
 524 -   0.79433 0.20567 ( 1)  0.260
 525 -   0.79433 0.20567 ( 1)  0.260
 526 -   0.79433 0.20567 ( 1)  0.260
 527 -   0.79433 0.20567 ( 1)  0.260
 528 -   0.79433 0.20567 ( 1)  0.260
 529 -   0.79433 0.20567 ( 1)  0.260
 530 -   0.79433 0.20567 ( 1)  0.260
 531 -   0.79433 0.20567 ( 1)  0.260
 532 -   0.79433 0.20567 ( 1)  0.260
 533 -   0.79433 0.20567 ( 1)  0.260
 534 -   0.79433 0.20567 ( 1)  0.260
 535 -   0.79433 0.20567 ( 1)  0.260
 536 -   0.79433 0.20567 ( 1)  0.260
 537 -   0.79433 0.20567 ( 1)  0.260
 538 -   0.79433 0.20567 ( 1)  0.260
 539 -   0.79433 0.20567 ( 1)  0.260
 540 -   0.79433 0.20567 ( 1)  0.260
 541 -   0.79433 0.20567 ( 1)  0.260
 542 -   0.79433 0.20567 ( 1)  0.260
 543 -   0.79433 0.20567 ( 1)  0.260
 544 -   0.79433 0.20567 ( 1)  0.260
 545 -   0.79433 0.20567 ( 1)  0.260
 546 -   0.79433 0.20567 ( 1)  0.260
 547 -   0.79433 0.20567 ( 1)  0.260
 548 -   0.79433 0.20567 ( 1)  0.260
 549 -   0.79433 0.20567 ( 1)  0.260
 550 -   0.79433 0.20567 ( 1)  0.260
 551 -   0.79433 0.20567 ( 1)  0.260
 552 -   0.79433 0.20567 ( 1)  0.260
 553 -   0.79433 0.20567 ( 1)  0.260
 554 -   0.79433 0.20567 ( 1)  0.260
 555 -   0.79433 0.20567 ( 1)  0.260
 556 -   0.79433 0.20567 ( 1)  0.260
 557 -   0.79433 0.20567 ( 1)  0.260
 558 -   0.79433 0.20567 ( 1)  0.260
 559 -   0.79433 0.20567 ( 1)  0.260
 560 -   0.79433 0.20567 ( 1)  0.260
 561 -   0.79433 0.20567 ( 1)  0.260
 562 -   0.79433 0.20567 ( 1)  0.260
 563 -   0.79433 0.20567 ( 1)  0.260
 564 -   0.79433 0.20567 ( 1)  0.260
 565 -   0.79433 0.20567 ( 1)  0.260
 566 -   0.79433 0.20567 ( 1)  0.260
 567 -   0.79433 0.20567 ( 1)  0.260
 568 -   0.79433 0.20567 ( 1)  0.260
 569 -   0.79433 0.20567 ( 1)  0.260
 570 -   0.79433 0.20567 ( 1)  0.260
 571 -   0.79433 0.20567 ( 1)  0.260
 572 -   0.79433 0.20567 ( 1)  0.260
 573 -   0.79433 0.20567 ( 1)  0.260
 574 -   0.79433 0.20567 ( 1)  0.260
 575 -   0.79433 0.20567 ( 1)  0.260
 576 -   0.79433 0.20567 ( 1)  0.260
 577 -   0.79433 0.20567 ( 1)  0.260
 578 -   0.79433 0.20567 ( 1)  0.260
 579 -   0.79433 0.20567 ( 1)  0.260
 580 -   0.79433 0.20567 ( 1)  0.260
 581 -   0.79433 0.20567 ( 1)  0.260
 582 -   0.79433 0.20567 ( 1)  0.260
 583 -   0.79433 0.20567 ( 1)  0.260
 584 -   0.79433 0.20567 ( 1)  0.260
 585 -   0.79433 0.20567 ( 1)  0.260
 586 -   0.79433 0.20567 ( 1)  0.260
 587 -   0.79433 0.20567 ( 1)  0.260
 588 -   0.79433 0.20567 ( 1)  0.260
 589 -   0.79433 0.20567 ( 1)  0.260
 590 -   0.79433 0.20567 ( 1)  0.260
 591 -   0.79433 0.20567 ( 1)  0.260
 592 -   0.79433 0.20567 ( 1)  0.260
 593 -   0.79433 0.20567 ( 1)  0.260
 594 -   0.79433 0.20567 ( 1)  0.260
 595 -   0.79433 0.20567 ( 1)  0.260
 596 -   0.79433 0.20567 ( 1)  0.260
 597 -   0.79433 0.20567 ( 1)  0.260
 598 -   0.79433 0.20567 ( 1)  0.260
 599 -   0.79433 0.20567 ( 1)  0.260
 600 -   0.79433 0.20567 ( 1)  0.260
 601 -   0.79433 0.20567 ( 1)  0.260
 602 -   0.79433 0.20567 ( 1)  0.260
 603 -   0.79433 0.20567 ( 1)  0.260
 604 -   0.79433 0.20567 ( 1)  0.260
 605 -   0.79433 0.20567 ( 1)  0.260
 606 -   0.79433 0.20567 ( 1)  0.260
 607 -   0.79433 0.20567 ( 1)  0.260
 608 S   0.21946 0.78054 ( 2)  0.796
 609 H   0.09511 0.90489 ( 2)  0.911
 610 E   0.15732 0.84268 ( 2)  0.853
 611 I   0.61697 0.38303 ( 1)  0.425
 612 M   0.04137 0.95863 ( 2)  0.961
 613 S   0.64801 0.35199 ( 1)  0.396
 614 R   0.13179 0.86821 ( 2)  0.877
 615 K   0.97782 0.02218 ( 1)  0.089
 616 I   0.88795 0.11205 ( 1)  0.173
 617 Q   0.01172 0.98828 ( 2)  0.989
 618 K   0.97782 0.02218 ( 1)  0.089
 619 F   0.94173 0.05827 ( 1)  0.123
 620 E   0.97845 0.02155 ( 1)  0.088
 621 N   0.97992 0.02008 ( 1)  0.087
 622 Q   0.97678 0.02322 ( 1)  0.090
 623 Y   0.94098 0.05902 ( 1)  0.123
 624 R   0.93054 0.06946 ( 1)  0.133
 625 G   0.96215 0.03785 ( 1)  0.103
 626 R   0.38973 0.61027 ( 2)  0.637
 627 E   0.96429 0.03571 ( 1)  0.101
 628 L   0.97213 0.02787 ( 1)  0.094
 629 P   0.94290 0.05710 ( 1)  0.121
 630 G   0.97986 0.02014 ( 1)  0.087
 631 F   0.95851 0.04149 ( 1)  0.107
 632 V   0.99419 0.00581 ( 1)  0.074
 633 N   0.98778 0.01222 ( 1)  0.080
 634 Y   0.80626 0.19374 ( 1)  0.249
 635 K   0.00393 0.99607 ( 2)  0.996
 636 T   0.97225 0.02775 ( 1)  0.094
 637 F   0.95534 0.04466 ( 1)  0.110
 638 E   0.99750 0.00250 ( 1)  0.071
 639 T   0.74401 0.25599 ( 1)  0.307
 640 I   0.99418 0.00582 ( 1)  0.074
 641 V   0.00098 0.99902 ( 2)  0.999
 642 K   0.83004 0.16996 ( 1)  0.227
 643 Q   0.98377 0.01623 ( 1)  0.083
 644 Q   0.96317 0.03683 ( 1)  0.103
 645 I   0.99439 0.00561 ( 1)  0.073
 646 K   0.93756 0.06244 ( 1)  0.126
 647 A   0.86057 0.13943 ( 1)  0.198
 648 L   0.97213 0.02787 ( 1)  0.094
 649 E   0.98829 0.01171 ( 1)  0.079
 650 E   0.99741 0.00259 ( 1)  0.071
 651 P   0.97693 0.02307 ( 1)  0.090
 652 A   0.96718 0.03282 ( 1)  0.099
 653 V   0.99337 0.00663 ( 1)  0.074
 654 D   0.34943 0.65057 ( 2)  0.674
 655 M   0.99862 0.00138 ( 1)  0.070
 656 L   0.94858 0.05142 ( 1)  0.116
 657 H   0.32109 0.67891 ( 2)  0.701
 658 T   0.18993 0.81007 ( 2)  0.823
 659 V   0.99419 0.00581 ( 1)  0.074
 660 T   0.86336 0.13664 ( 1)  0.196
 661 D   0.98829 0.01171 ( 1)  0.079
 662 M   0.92189 0.07811 ( 1)  0.141
 663 V   0.99123 0.00877 ( 1)  0.076
 664 R   0.97923 0.02077 ( 1)  0.088
 665 L   0.07096 0.92904 ( 2)  0.934
 666 A   0.96515 0.03485 ( 1)  0.101
 667 F   0.98351 0.01649 ( 1)  0.084
 668 T   0.61182 0.38818 ( 1)  0.430
 669 N   0.86121 0.13879 ( 1)  0.198
 670 V   0.11761 0.88239 ( 2)  0.890
 671 S   0.95525 0.04475 ( 1)  0.110
 672 M   0.00010 0.99990 ( 2)  1.000
 673 K   0.98813 0.01187 ( 1)  0.079
 674 N   0.22899 0.77101 ( 2)  0.787
 675 F   0.95534 0.04466 ( 1)  0.110
 676 E   0.28716 0.71284 ( 2)  0.732
 677 E   0.98698 0.01302 ( 1)  0.080
 678 F   0.58176 0.41824 ( 1)  0.458
 679 F   0.95499 0.04501 ( 1)  0.110
 680 N   0.95596 0.04404 ( 1)  0.109
 681 L   0.97831 0.02169 ( 1)  0.088
 682 H   0.87209 0.12791 ( 1)  0.187
 683 R   0.97272 0.02728 ( 1)  0.094
 684 T   0.97920 0.02080 ( 1)  0.088
 685 A   0.82517 0.17483 ( 1)  0.231
 686 K   0.99746 0.00254 ( 1)  0.071
 687 -   0.79433 0.20567 ( 1)  0.260
 688 S   0.00804 0.99196 ( 2)  0.993
 689 K   0.98602 0.01398 ( 1)  0.081
 690 I   0.99248 0.00752 ( 1)  0.075
 691 E   0.98651 0.01349 ( 1)  0.081
 692 D   0.99703 0.00297 ( 1)  0.071
 693 I   0.98042 0.01958 ( 1)  0.086
 694 R   0.96903 0.03097 ( 1)  0.097
 695 A   0.00052 0.99948 ( 2)  1.000
 696 E   0.98688 0.01312 ( 1)  0.080
 697 Q   0.09624 0.90376 ( 2)  0.910
 698 E   0.99701 0.00299 ( 1)  0.071
 699 R   0.70629 0.29371 ( 1)  0.342
 700 E   0.98651 0.01349 ( 1)  0.081
 701 G   0.00811 0.99189 ( 2)  0.992
 702 E   0.96140 0.03860 ( 1)  0.104
 703 K   0.96170 0.03830 ( 1)  0.104
 704 Q   0.11227 0.88773 ( 2)  0.895
 705 I   0.99368 0.00632 ( 1)  0.074
 706 R   0.96819 0.03181 ( 1)  0.098
 707 L   0.97441 0.02559 ( 1)  0.092
 708 H   0.86133 0.13867 ( 1)  0.197
 709 F   0.98320 0.01680 ( 1)  0.084
 710 Q   0.98516 0.01484 ( 1)  0.082
 711 M   0.99856 0.00144 ( 1)  0.070
 712 E   0.99715 0.00285 ( 1)  0.071
 713 Q   0.98516 0.01484 ( 1)  0.082
 714 I   0.98077 0.01923 ( 1)  0.086
 715 V   0.99102 0.00898 ( 1)  0.077
 716 Y   0.98546 0.01454 ( 1)  0.082
 717 C   0.96484 0.03516 ( 1)  0.101
 718 Q   0.98484 0.01516 ( 1)  0.082
 719 D   0.99657 0.00343 ( 1)  0.071
 720 Q   0.23412 0.76588 ( 2)  0.782
 721 V   0.98813 0.01187 ( 1)  0.079
 722 Y   0.98507 0.01493 ( 1)  0.082
 723 R   0.99368 0.00632 ( 1)  0.074
 724 N   0.00005 0.99995 ( 2)  1.000
 725 A   0.99016 0.00984 ( 1)  0.077
 726 L   0.95146 0.04854 ( 1)  0.113
 727 Q   0.98516 0.01484 ( 1)  0.082
 728 K   0.99724 0.00276 ( 1)  0.071
 729 V   0.99102 0.00898 ( 1)  0.077
 730 R   0.96271 0.03729 ( 1)  0.103
 731 E   0.99742 0.00258 ( 1)  0.071
 732 K   0.61353 0.38647 ( 1)  0.428
 733 E   0.99699 0.00301 ( 1)  0.071
 734 L   0.00006 0.99994 ( 2)  1.000
 735 E   0.98643 0.01357 ( 1)  0.081
 736 E   0.98643 0.01357 ( 1)  0.081
 737 E   0.84722 0.15278 ( 1)  0.211
 738 K   0.99601 0.00399 ( 1)  0.072
 739 K   0.00016 0.99984 ( 2)  1.000
 740 S   0.83914 0.16086 ( 1)  0.218
 741 K   0.53010 0.46990 ( 1)  0.506
 742 K   0.98763 0.01237 ( 1)  0.080
 743 S   0.00034 0.99966 ( 2)  1.000
 744 C   0.02881 0.97119 ( 2)  0.973
 745 F   0.28787 0.71213 ( 2)  0.732
 746 A   0.00018 0.99982 ( 2)  1.000
 747 M   0.94103 0.05897 ( 1)  0.123
 748 I   0.03465 0.96535 ( 2)  0.968
 749 P   0.00222 0.99778 ( 2)  0.998
 750 E   0.93275 0.06725 ( 1)  0.131
 751 Q   0.00276 0.99724 ( 2)  0.997
 752 -   0.85328 0.14672 ( 1)  0.205
 753 -   0.90150 0.09850 ( 1)  0.160
 754 -   0.00010 0.99990 ( 2)  1.000
 755 -   0.92168 0.07832 ( 1)  0.141
 756 -   0.02972 0.97028 ( 2)  0.972
 757 -   0.89152 0.10848 ( 1)  0.169
 758 -   0.89535 0.10465 ( 1)  0.166
 759 -   0.03095 0.96905 ( 2)  0.971
 760 S   0.00000 1.00000 ( 2)  1.000
 761 -   0.79433 0.20567 ( 1)  0.260
 762 -   0.79433 0.20567 ( 1)  0.260
 763 -   0.79433 0.20567 ( 1)  0.260
 764 -   0.79433 0.20567 ( 1)  0.260
 765 -   0.79433 0.20567 ( 1)  0.260
 766 -   0.79433 0.20567 ( 1)  0.260
 767 -   0.79433 0.20567 ( 1)  0.260
 768 -   0.79433 0.20567 ( 1)  0.260
 769 -   0.79433 0.20567 ( 1)  0.260
 770 -   0.79433 0.20567 ( 1)  0.260
 771 -   0.79433 0.20567 ( 1)  0.260
 772 -   0.79433 0.20567 ( 1)  0.260
 773 -   0.79433 0.20567 ( 1)  0.260
 774 -   0.79433 0.20567 ( 1)  0.260
 775 -   0.79433 0.20567 ( 1)  0.260
 776 -   0.79433 0.20567 ( 1)  0.260
 777 -   0.79433 0.20567 ( 1)  0.260
 778 -   0.79433 0.20567 ( 1)  0.260
 779 S   0.53948 0.46052 ( 1)  0.497
 780 -   0.24439 0.75561 ( 2)  0.772
 781 A   0.00063 0.99937 ( 2)  0.999
 782 D   0.00002 0.99998 ( 2)  1.000
 783 S   0.05239 0.94761 ( 2)  0.951
 784 S   0.95925 0.04075 ( 1)  0.106
 785 M   0.99856 0.00144 ( 1)  0.070
 786 E   0.84269 0.15731 ( 1)  0.215
 787 E   0.96201 0.03799 ( 1)  0.104
 788 I   0.91779 0.08221 ( 1)  0.145
 789 F   0.95485 0.04515 ( 1)  0.110
 790 Q   0.98484 0.01516 ( 1)  0.082
 791 H   0.99029 0.00971 ( 1)  0.077
 792 L   0.97163 0.02837 ( 1)  0.095
 793 M   0.58403 0.41597 ( 1)  0.456
 794 A   0.99032 0.00968 ( 1)  0.077
 795 Y   0.67180 0.32820 ( 1)  0.374
 796 H   0.99029 0.00971 ( 1)  0.077
 797 Q   0.22128 0.77872 ( 2)  0.794
 798 -   0.79433 0.20567 ( 1)  0.260
 799 -   0.79433 0.20567 ( 1)  0.260
 800 -   0.79433 0.20567 ( 1)  0.260
 801 -   0.79433 0.20567 ( 1)  0.260
 802 -   0.79433 0.20567 ( 1)  0.260
 803 -   0.79433 0.20567 ( 1)  0.260
 804 -   0.79433 0.20567 ( 1)  0.260
 805 -   0.79433 0.20567 ( 1)  0.260
 806 -   0.79433 0.20567 ( 1)  0.260
 807 -   0.79433 0.20567 ( 1)  0.260
 808 -   0.79433 0.20567 ( 1)  0.260
 809 -   0.79433 0.20567 ( 1)  0.260
 810 -   0.79433 0.20567 ( 1)  0.260
 811 -   0.79433 0.20567 ( 1)  0.260
 812 -   0.79433 0.20567 ( 1)  0.260
 813 -   0.79433 0.20567 ( 1)  0.260
 814 -   0.79433 0.20567 ( 1)  0.260
 815 -   0.79433 0.20567 ( 1)  0.260
 816 -   0.79433 0.20567 ( 1)  0.260
 817 -   0.79433 0.20567 ( 1)  0.260
 818 -   0.79433 0.20567 ( 1)  0.260
 819 -   0.79433 0.20567 ( 1)  0.260
 820 -   0.79433 0.20567 ( 1)  0.260
 821 -   0.79433 0.20567 ( 1)  0.260
 822 -   0.79433 0.20567 ( 1)  0.260
 823 -   0.79433 0.20567 ( 1)  0.260
 824 -   0.79433 0.20567 ( 1)  0.260
 825 -   0.79433 0.20567 ( 1)  0.260
 826 -   0.79433 0.20567 ( 1)  0.260
 827 -   0.79433 0.20567 ( 1)  0.260
 828 -   0.79433 0.20567 ( 1)  0.260
 829 -   0.79433 0.20567 ( 1)  0.260
 830 -   0.79433 0.20567 ( 1)  0.260
 831 -   0.79433 0.20567 ( 1)  0.260
 832 -   0.79433 0.20567 ( 1)  0.260
 833 -   0.79433 0.20567 ( 1)  0.260
 834 -   0.79433 0.20567 ( 1)  0.260
 835 -   0.79433 0.20567 ( 1)  0.260
 836 -   0.79433 0.20567 ( 1)  0.260
 837 -   0.79433 0.20567 ( 1)  0.260
 838 -   0.79433 0.20567 ( 1)  0.260
 839 -   0.79433 0.20567 ( 1)  0.260
 840 -   0.79433 0.20567 ( 1)  0.260
 841 -   0.79433 0.20567 ( 1)  0.260
 842 -   0.79433 0.20567 ( 1)  0.260
 843 -   0.79433 0.20567 ( 1)  0.260
 844 -   0.79433 0.20567 ( 1)  0.260
 845 -   0.79433 0.20567 ( 1)  0.260
 846 -   0.79433 0.20567 ( 1)  0.260
 847 -   0.79433 0.20567 ( 1)  0.260
 848 -   0.79433 0.20567 ( 1)  0.260
 849 -   0.79433 0.20567 ( 1)  0.260
 850 -   0.79433 0.20567 ( 1)  0.260
 851 -   0.79433 0.20567 ( 1)  0.260
 852 -   0.79433 0.20567 ( 1)  0.260
 853 -   0.79433 0.20567 ( 1)  0.260
 854 -   0.79433 0.20567 ( 1)  0.260
 855 -   0.79433 0.20567 ( 1)  0.260
 856 -   0.79433 0.20567 ( 1)  0.260
 857 -   0.79433 0.20567 ( 1)  0.260
 858 -   0.79433 0.20567 ( 1)  0.260
 859 -   0.79433 0.20567 ( 1)  0.260
 860 -   0.79433 0.20567 ( 1)  0.260
 861 -   0.79433 0.20567 ( 1)  0.260
 862 -   0.79433 0.20567 ( 1)  0.260
 863 -   0.79433 0.20567 ( 1)  0.260
 864 -   0.79433 0.20567 ( 1)  0.260
 865 -   0.79433 0.20567 ( 1)  0.260
 866 -   0.79433 0.20567 ( 1)  0.260
 867 -   0.79433 0.20567 ( 1)  0.260
 868 -   0.79433 0.20567 ( 1)  0.260
 869 -   0.79433 0.20567 ( 1)  0.260
 870 -   0.79433 0.20567 ( 1)  0.260
 871 -   0.79433 0.20567 ( 1)  0.260
 872 -   0.79433 0.20567 ( 1)  0.260
 873 -   0.79433 0.20567 ( 1)  0.260
 874 -   0.79433 0.20567 ( 1)  0.260
 875 -   0.79433 0.20567 ( 1)  0.260
 876 -   0.79433 0.20567 ( 1)  0.260
 877 -   0.79433 0.20567 ( 1)  0.260
 878 -   0.79433 0.20567 ( 1)  0.260
 879 -   0.79433 0.20567 ( 1)  0.260
 880 -   0.79433 0.20567 ( 1)  0.260
 881 -   0.79433 0.20567 ( 1)  0.260
 882 -   0.79433 0.20567 ( 1)  0.260
 883 -   0.79433 0.20567 ( 1)  0.260
 884 -   0.79433 0.20567 ( 1)  0.260
 885 -   0.79433 0.20567 ( 1)  0.260
 886 -   0.79433 0.20567 ( 1)  0.260
 887 -   0.79433 0.20567 ( 1)  0.260
 888 -   0.79433 0.20567 ( 1)  0.260
 889 -   0.79433 0.20567 ( 1)  0.260
 890 -   0.79433 0.20567 ( 1)  0.260
 891 -   0.79433 0.20567 ( 1)  0.260
 892 -   0.79433 0.20567 ( 1)  0.260
 893 -   0.79433 0.20567 ( 1)  0.260
 894 -   0.79433 0.20567 ( 1)  0.260
 895 -   0.79433 0.20567 ( 1)  0.260
 896 -   0.79433 0.20567 ( 1)  0.260
 897 -   0.79433 0.20567 ( 1)  0.260
 898 -   0.79433 0.20567 ( 1)  0.260
 899 -   0.79433 0.20567 ( 1)  0.260
 900 -   0.79433 0.20567 ( 1)  0.260
 901 -   0.79433 0.20567 ( 1)  0.260
 902 -   0.79433 0.20567 ( 1)  0.260
 903 -   0.79433 0.20567 ( 1)  0.260
 904 -   0.79433 0.20567 ( 1)  0.260
 905 -   0.79433 0.20567 ( 1)  0.260
 906 -   0.79433 0.20567 ( 1)  0.260
 907 -   0.79433 0.20567 ( 1)  0.260
 908 -   0.79433 0.20567 ( 1)  0.260
 909 E   0.99742 0.00258 ( 1)  0.071
 910 A   0.01824 0.98176 ( 2)  0.983
 911 S   0.99367 0.00633 ( 1)  0.074
 912 K   0.99743 0.00257 ( 1)  0.071
 913 R   0.97948 0.02052 ( 1)  0.087
 914 I   0.78590 0.21410 ( 1)  0.268
 915 S   0.96248 0.03752 ( 1)  0.103
 916 S   0.90267 0.09733 ( 1)  0.159
 917 H   0.99029 0.00971 ( 1)  0.077
 918 I   0.99424 0.00576 ( 1)  0.074
 919 P   0.95518 0.04482 ( 1)  0.110
 920 L   0.93374 0.06626 ( 1)  0.130
 921 T   0.03395 0.96605 ( 2)  0.968
 922 I   0.99424 0.00576 ( 1)  0.074
 923 Q   0.98515 0.01485 ( 1)  0.082
 924 F   0.79010 0.20990 ( 1)  0.264
 925 F   0.97762 0.02238 ( 1)  0.089
 926 V   0.26645 0.73355 ( 2)  0.752
 927 L   0.97820 0.02180 ( 1)  0.089
 928 Q   0.98515 0.01485 ( 1)  0.082
 929 T   0.14373 0.85627 ( 2)  0.866
 930 Y   0.16462 0.83538 ( 2)  0.847
 931 G   0.99240 0.00760 ( 1)  0.075
 932 Q   0.21257 0.78743 ( 2)  0.802
 933 Q   0.23143 0.76857 ( 2)  0.784
 934 L   0.95399 0.04601 ( 1)  0.111
 935 Q   0.98510 0.01490 ( 1)  0.082
 936 K   0.99743 0.00257 ( 1)  0.071
 937 A   0.85416 0.14584 ( 1)  0.204
 938 M   0.99856 0.00144 ( 1)  0.070
 939 L   0.71823 0.28177 ( 1)  0.331
 940 Q   0.98515 0.01485 ( 1)  0.082
 941 L   0.97450 0.02550 ( 1)  0.092
 942 L   0.97158 0.02842 ( 1)  0.095
 943 Q   0.98515 0.01485 ( 1)  0.082
 944 N   0.56699 0.43301 ( 1)  0.472
 945 K   0.99709 0.00291 ( 1)  0.071
 946 D   0.99701 0.00299 ( 1)  0.071
 947 T   0.82345 0.17655 ( 1)  0.233
 948 Y   0.98274 0.01726 ( 1)  0.084
 949 S   0.99371 0.00629 ( 1)  0.074
 950 W   0.94454 0.05546 ( 1)  0.120
 951 L   0.97703 0.02297 ( 1)  0.090
 952 L   0.97163 0.02837 ( 1)  0.095
 953 K   0.99736 0.00264 ( 1)  0.071
 954 E   0.99738 0.00262 ( 1)  0.071
 955 R   0.98105 0.01895 ( 1)  0.086
 956 S   0.90089 0.09911 ( 1)  0.161
 957 D   0.99701 0.00299 ( 1)  0.071
 958 T   0.98964 0.01036 ( 1)  0.078
 959 S   0.99327 0.00673 ( 1)  0.074
 960 D   0.95109 0.04891 ( 1)  0.114
 961 K   0.99698 0.00302 ( 1)  0.071
 962 R   0.98055 0.01945 ( 1)  0.086
 963 K   0.07324 0.92676 ( 2)  0.932
 964 F   0.98320 0.01680 ( 1)  0.084
 965 L   0.97134 0.02866 ( 1)  0.095
 966 K   0.99698 0.00302 ( 1)  0.071
 967 E   0.99734 0.00266 ( 1)  0.071
 968 R   0.98097 0.01903 ( 1)  0.086
 969 L   0.95144 0.04856 ( 1)  0.113
 970 A   0.14638 0.85362 ( 2)  0.864
 971 R   0.98148 0.01852 ( 1)  0.085
 972 L   0.97219 0.02781 ( 1)  0.094
 973 T   0.34311 0.65689 ( 2)  0.680
 974 Q   0.98262 0.01738 ( 1)  0.084
 975 A   0.97050 0.02950 ( 1)  0.096
 976 R   0.98141 0.01859 ( 1)  0.086
 977 R   0.97948 0.02052 ( 1)  0.087
 978 R   0.98136 0.01864 ( 1)  0.086
 979 L   0.96347 0.03653 ( 1)  0.102
 980 A   0.99063 0.00937 ( 1)  0.077
 981 Q   0.82502 0.17498 ( 1)  0.231
 982 F   0.98320 0.01680 ( 1)  0.084
 983 -   0.79433 0.20567 ( 1)  0.260
 984 -   0.79433 0.20567 ( 1)  0.260
 985 -   0.79433 0.20567 ( 1)  0.260
 986 -   0.79433 0.20567 ( 1)  0.260
 987 -   0.79433 0.20567 ( 1)  0.260
 988 -   0.79433 0.20567 ( 1)  0.260
 989 -   0.79433 0.20567 ( 1)  0.260
 990 -   0.79433 0.20567 ( 1)  0.260
 991 -   0.79433 0.20567 ( 1)  0.260
 992 -   0.79433 0.20567 ( 1)  0.260
 993 -   0.79433 0.20567 ( 1)  0.260
 994 -   0.79433 0.20567 ( 1)  0.260
 995 -   0.79433 0.20567 ( 1)  0.260
 996 -   0.79433 0.20567 ( 1)  0.260
 997 -   0.79433 0.20567 ( 1)  0.260
 998 -   0.79433 0.20567 ( 1)  0.260
 999 -   0.79433 0.20567 ( 1)  0.260
1000 -   0.79433 0.20567 ( 1)  0.260
1001 -   0.79433 0.20567 ( 1)  0.260
1002 -   0.79433 0.20567 ( 1)  0.260
1003 -   0.79433 0.20567 ( 1)  0.260
1004 -   0.79433 0.20567 ( 1)  0.260
1005 -   0.79433 0.20567 ( 1)  0.260
1006 -   0.79433 0.20567 ( 1)  0.260
1007 -   0.79433 0.20567 ( 1)  0.260
1008 -   0.79433 0.20567 ( 1)  0.260
1009 -   0.79433 0.20567 ( 1)  0.260
1010 -   0.79433 0.20567 ( 1)  0.260
1011 -   0.79433 0.20567 ( 1)  0.260
1012 -   0.79433 0.20567 ( 1)  0.260
1013 -   0.79433 0.20567 ( 1)  0.260
1014 -   0.79433 0.20567 ( 1)  0.260
1015 -   0.79433 0.20567 ( 1)  0.260
1016 -   0.79433 0.20567 ( 1)  0.260
1017 -   0.79433 0.20567 ( 1)  0.260
1018 -   0.79433 0.20567 ( 1)  0.260
1019 -   0.79433 0.20567 ( 1)  0.260
1020 -   0.79433 0.20567 ( 1)  0.260
1021 -   0.79433 0.20567 ( 1)  0.260
1022 -   0.79433 0.20567 ( 1)  0.260
1023 -   0.79433 0.20567 ( 1)  0.260
1024 -   0.79433 0.20567 ( 1)  0.260
1025 -   0.79433 0.20567 ( 1)  0.260
1026 -   0.79433 0.20567 ( 1)  0.260
1027 -   0.79433 0.20567 ( 1)  0.260
1028 -   0.79433 0.20567 ( 1)  0.260
1029 -   0.79433 0.20567 ( 1)  0.260
1030 -   0.79433 0.20567 ( 1)  0.260
1031 -   0.79433 0.20567 ( 1)  0.260
1032 -   0.79433 0.20567 ( 1)  0.260
1033 -   0.79433 0.20567 ( 1)  0.260
1034 -   0.79433 0.20567 ( 1)  0.260
1035 -   0.79433 0.20567 ( 1)  0.260
1036 -   0.79433 0.20567 ( 1)  0.260
1037 -   0.79433 0.20567 ( 1)  0.260
1038 -   0.79433 0.20567 ( 1)  0.260
1039 -   0.79433 0.20567 ( 1)  0.260
1040 -   0.79433 0.20567 ( 1)  0.260
1041 -   0.79433 0.20567 ( 1)  0.260
1042 -   0.79433 0.20567 ( 1)  0.260
1043 -   0.79433 0.20567 ( 1)  0.260
1044 -   0.79433 0.20567 ( 1)  0.260
1045 -   0.79433 0.20567 ( 1)  0.260
1046 -   0.79433 0.20567 ( 1)  0.260
1047 -   0.79433 0.20567 ( 1)  0.260
1048 -   0.79433 0.20567 ( 1)  0.260
1049 -   0.79433 0.20567 ( 1)  0.260
1050 -   0.79433 0.20567 ( 1)  0.260
1051 -   0.79433 0.20567 ( 1)  0.260
1052 -   0.79433 0.20567 ( 1)  0.260
1053 -   0.79433 0.20567 ( 1)  0.260
1054 -   0.79433 0.20567 ( 1)  0.260
1055 -   0.79433 0.20567 ( 1)  0.260
1056 -   0.79433 0.20567 ( 1)  0.260
1057 -   0.79433 0.20567 ( 1)  0.260
1058 -   0.79433 0.20567 ( 1)  0.260
1059 -   0.79433 0.20567 ( 1)  0.260
1060 -   0.79433 0.20567 ( 1)  0.260
1061 -   0.79433 0.20567 ( 1)  0.260
1062 -   0.79433 0.20567 ( 1)  0.260
1063 -   0.79433 0.20567 ( 1)  0.260
1064 -   0.79433 0.20567 ( 1)  0.260
1065 -   0.79433 0.20567 ( 1)  0.260
1066 -   0.79433 0.20567 ( 1)  0.260
1067 -   0.79433 0.20567 ( 1)  0.260
1068 -   0.79433 0.20567 ( 1)  0.260
1069 -   0.79433 0.20567 ( 1)  0.260
1070 -   0.79433 0.20567 ( 1)  0.260
1071 -   0.79433 0.20567 ( 1)  0.260
1072 -   0.79433 0.20567 ( 1)  0.260
1073 -   0.79433 0.20567 ( 1)  0.260
1074 -   0.79433 0.20567 ( 1)  0.260
1075 -   0.79433 0.20567 ( 1)  0.260
1076 -   0.79433 0.20567 ( 1)  0.260
1077 -   0.79433 0.20567 ( 1)  0.260
1078 P   0.69777 0.30223 ( 1)  0.350
1079 G   0.97382 0.02618 ( 1)  0.093
1080 -   0.79433 0.20567 ( 1)  0.260
1081 -   0.79433 0.20567 ( 1)  0.260
1082 -   0.79433 0.20567 ( 1)  0.260
1083 -   0.79433 0.20567 ( 1)  0.260
1084 -   0.79433 0.20567 ( 1)  0.260
1085 -   0.79433 0.20567 ( 1)  0.260
1086 -   0.79433 0.20567 ( 1)  0.260
1087 -   0.79433 0.20567 ( 1)  0.260
1088 -   0.79433 0.20567 ( 1)  0.260
1089 -   0.79433 0.20567 ( 1)  0.260
1090 -   0.79433 0.20567 ( 1)  0.260
1091 -   0.79433 0.20567 ( 1)  0.260
1092 -   0.79433 0.20567 ( 1)  0.260
1093 -   0.79433 0.20567 ( 1)  0.260
1094 -   0.79433 0.20567 ( 1)  0.260
1095 -   0.79433 0.20567 ( 1)  0.260
1096 -   0.79433 0.20567 ( 1)  0.260
1097 -   0.79433 0.20567 ( 1)  0.260
1098 -   0.79433 0.20567 ( 1)  0.260
1099 -   0.79433 0.20567 ( 1)  0.260
1100 -   0.79433 0.20567 ( 1)  0.260
1101 -   0.79433 0.20567 ( 1)  0.260
1102 -   0.79433 0.20567 ( 1)  0.260
1103 -   0.79433 0.20567 ( 1)  0.260
1104 -   0.79433 0.20567 ( 1)  0.260
1105 -   0.79433 0.20567 ( 1)  0.260
1106 -   0.79433 0.20567 ( 1)  0.260
1107 -   0.79433 0.20567 ( 1)  0.260
1108 -   0.79433 0.20567 ( 1)  0.260
1109 -   0.79433 0.20567 ( 1)  0.260
1110 -   0.79433 0.20567 ( 1)  0.260
1111 -   0.79433 0.20567 ( 1)  0.260
1112 -   0.79433 0.20567 ( 1)  0.260
1113 -   0.79433 0.20567 ( 1)  0.260
1114 -   0.79433 0.20567 ( 1)  0.260
1115 -   0.79433 0.20567 ( 1)  0.260
1116 -   0.79433 0.20567 ( 1)  0.260
1117 -   0.79433 0.20567 ( 1)  0.260
1118 -   0.79433 0.20567 ( 1)  0.260
1119 -   0.79433 0.20567 ( 1)  0.260
1120 -   0.79433 0.20567 ( 1)  0.260
1121 -   0.79433 0.20567 ( 1)  0.260
1122 -   0.79433 0.20567 ( 1)  0.260
1123 -   0.79433 0.20567 ( 1)  0.260
1124 -   0.79433 0.20567 ( 1)  0.260
1125 -   0.79433 0.20567 ( 1)  0.260
1126 -   0.79433 0.20567 ( 1)  0.260
1127 -   0.79433 0.20567 ( 1)  0.260
1128 -   0.79433 0.20567 ( 1)  0.260
1129 -   0.79433 0.20567 ( 1)  0.260
1130 -   0.79433 0.20567 ( 1)  0.260
1131 -   0.79433 0.20567 ( 1)  0.260
1132 -   0.79433 0.20567 ( 1)  0.260
1133 -   0.79433 0.20567 ( 1)  0.260
1134 -   0.79433 0.20567 ( 1)  0.260
1135 -   0.79433 0.20567 ( 1)  0.260
1136 -   0.79433 0.20567 ( 1)  0.260
1137 -   0.79433 0.20567 ( 1)  0.260
1138 -   0.79433 0.20567 ( 1)  0.260
1139 -   0.79433 0.20567 ( 1)  0.260
1140 -   0.79433 0.20567 ( 1)  0.260
1141 -   0.79433 0.20567 ( 1)  0.260
1142 -   0.79433 0.20567 ( 1)  0.260
1143 -   0.79433 0.20567 ( 1)  0.260
1144 -   0.79433 0.20567 ( 1)  0.260
1145 -   0.79433 0.20567 ( 1)  0.260
1146 -   0.79433 0.20567 ( 1)  0.260
1147 -   0.79433 0.20567 ( 1)  0.260
1148 -   0.79433 0.20567 ( 1)  0.260
1149 -   0.79433 0.20567 ( 1)  0.260
1150 -   0.79433 0.20567 ( 1)  0.260
1151 -   0.79433 0.20567 ( 1)  0.260
1152 -   0.79433 0.20567 ( 1)  0.260
1153 -   0.79433 0.20567 ( 1)  0.260
1154 -   0.79433 0.20567 ( 1)  0.260
1155 -   0.79433 0.20567 ( 1)  0.260
1156 -   0.79433 0.20567 ( 1)  0.260
1157 -   0.79433 0.20567 ( 1)  0.260
1158 -   0.79433 0.20567 ( 1)  0.260
1159 -   0.79433 0.20567 ( 1)  0.260
1160 -   0.79433 0.20567 ( 1)  0.260
1161 -   0.79433 0.20567 ( 1)  0.260
1162 -   0.79433 0.20567 ( 1)  0.260
1163 -   0.79433 0.20567 ( 1)  0.260
1164 -   0.79433 0.20567 ( 1)  0.260
1165 -   0.79433 0.20567 ( 1)  0.260
1166 -   0.79433 0.20567 ( 1)  0.260
1167 -   0.79433 0.20567 ( 1)  0.260
1168 -   0.79433 0.20567 ( 1)  0.260
1169 -   0.79433 0.20567 ( 1)  0.260
1170 -   0.79433 0.20567 ( 1)  0.260
1171 -   0.79433 0.20567 ( 1)  0.260
1172 -   0.79433 0.20567 ( 1)  0.260
1173 -   0.79433 0.20567 ( 1)  0.260
1174 -   0.79433 0.20567 ( 1)  0.260
1175 -   0.79433 0.20567 ( 1)  0.260
1176 -   0.79433 0.20567 ( 1)  0.260
1177 -   0.79433 0.20567 ( 1)  0.260
1178 -   0.79433 0.20567 ( 1)  0.260
1179 -   0.79433 0.20567 ( 1)  0.260
1180 -   0.79433 0.20567 ( 1)  0.260
1181 -   0.79433 0.20567 ( 1)  0.260
1182 -   0.79433 0.20567 ( 1)  0.260
1183 -   0.79433 0.20567 ( 1)  0.260
1184 -   0.79433 0.20567 ( 1)  0.260
1185 -   0.79433 0.20567 ( 1)  0.260
1186 -   0.79433 0.20567 ( 1)  0.260
1187 -   0.79433 0.20567 ( 1)  0.260
1188 -   0.79433 0.20567 ( 1)  0.260
1189 -   0.79433 0.20567 ( 1)  0.260
1190 -   0.79433 0.20567 ( 1)  0.260
1191 -   0.79433 0.20567 ( 1)  0.260
1192 -   0.79433 0.20567 ( 1)  0.260
1193 -   0.79433 0.20567 ( 1)  0.260
1194 -   0.79433 0.20567 ( 1)  0.260
1195 -   0.79433 0.20567 ( 1)  0.260
1196 -   0.79433 0.20567 ( 1)  0.260
1197 -   0.79433 0.20567 ( 1)  0.260
1198 -   0.79433 0.20567 ( 1)  0.260
1199 -   0.79433 0.20567 ( 1)  0.260
1200 -   0.79433 0.20567 ( 1)  0.260
1201 -   0.79433 0.20567 ( 1)  0.260
1202 -   0.79433 0.20567 ( 1)  0.260
1203 -   0.79433 0.20567 ( 1)  0.260
1204 -   0.79433 0.20567 ( 1)  0.260
1205 -   0.79433 0.20567 ( 1)  0.260
1206 -   0.79433 0.20567 ( 1)  0.260
1207 -   0.79433 0.20567 ( 1)  0.260
1208 -   0.79433 0.20567 ( 1)  0.260
1209 -   0.79433 0.20567 ( 1)  0.260
1210 -   0.79433 0.20567 ( 1)  0.260
1211 -   0.79433 0.20567 ( 1)  0.260
1212 -   0.79433 0.20567 ( 1)  0.260
1213 -   0.79433 0.20567 ( 1)  0.260
1214 -   0.79433 0.20567 ( 1)  0.260
1215 -   0.79433 0.20567 ( 1)  0.260
1216 -   0.79433 0.20567 ( 1)  0.260
1217 -   0.79433 0.20567 ( 1)  0.260
1218 -   0.79433 0.20567 ( 1)  0.260
1219 -   0.79433 0.20567 ( 1)  0.260
1220 -   0.79433 0.20567 ( 1)  0.260
1221 -   0.79433 0.20567 ( 1)  0.260
1222 -   0.79433 0.20567 ( 1)  0.260
1223 -   0.79433 0.20567 ( 1)  0.260
1224 -   0.79433 0.20567 ( 1)  0.260
1225 -   0.79433 0.20567 ( 1)  0.260
1226 -   0.79433 0.20567 ( 1)  0.260
1227 -   0.79433 0.20567 ( 1)  0.260
1228 -   0.79433 0.20567 ( 1)  0.260
1229 -   0.79433 0.20567 ( 1)  0.260
1230 -   0.79433 0.20567 ( 1)  0.260
1231 -   0.79433 0.20567 ( 1)  0.260
1232 -   0.79433 0.20567 ( 1)  0.260
1233 -   0.79433 0.20567 ( 1)  0.260
1234 -   0.79433 0.20567 ( 1)  0.260
1235 -   0.79433 0.20567 ( 1)  0.260
1236 -   0.79433 0.20567 ( 1)  0.260
1237 -   0.79433 0.20567 ( 1)  0.260
1238 -   0.79433 0.20567 ( 1)  0.260
1239 -   0.79433 0.20567 ( 1)  0.260


lnL = -11329.454341

