Supplemental results for CODEML (seqf: algn  treef: tree)


dN/dS (w) for site classes (K=2)

p:   0.96775  0.03225
w:   0.03188  1.00000

Naive Empirical Bayes (NEB) probabilities for 2 classes & postmean_w
(amino acids refer to 1st sequence: aotNan_GMPR_XM_012476587)

   1 M   0.99920 0.00080 ( 1)  0.033
   2 P   0.99464 0.00536 ( 1)  0.037
   3 R   0.84441 0.15559 ( 1)  0.183
   4 I   0.99752 0.00248 ( 1)  0.034
   5 D   0.99814 0.00186 ( 1)  0.034
   6 A   0.99784 0.00216 ( 1)  0.034
   7 D   0.99879 0.00121 ( 1)  0.033
   8 L   0.99533 0.00467 ( 1)  0.036
   9 K   0.99818 0.00182 ( 1)  0.034
  10 L   0.99515 0.00485 ( 1)  0.037
  11 D   0.99879 0.00121 ( 1)  0.033
  12 F   0.99615 0.00385 ( 1)  0.036
  13 K   0.99803 0.00197 ( 1)  0.034
  14 D   0.99708 0.00292 ( 1)  0.035
  15 V   0.99809 0.00191 ( 1)  0.034
  16 L   0.99183 0.00817 ( 1)  0.040
  17 L   0.99515 0.00485 ( 1)  0.037
  18 R   0.98382 0.01618 ( 1)  0.048
  19 P   0.99160 0.00840 ( 1)  0.040
  20 K   0.99818 0.00182 ( 1)  0.034
  21 R   0.99233 0.00767 ( 1)  0.039
  22 S   0.99805 0.00195 ( 1)  0.034
  23 S   0.99805 0.00195 ( 1)  0.034
  24 L   0.99533 0.00467 ( 1)  0.036
  25 K   0.99818 0.00182 ( 1)  0.034
  26 S   0.99805 0.00195 ( 1)  0.034
  27 R   0.98802 0.01198 ( 1)  0.043
  28 A   0.93454 0.06546 ( 1)  0.095
  29 E   0.99848 0.00152 ( 1)  0.033
  30 V   0.99779 0.00221 ( 1)  0.034
  31 D   0.99690 0.00310 ( 1)  0.035
  32 L   0.99109 0.00891 ( 1)  0.041
  33 E   0.99739 0.00261 ( 1)  0.034
  34 R   0.79882 0.20118 ( 1)  0.227
  35 T   0.99773 0.00227 ( 1)  0.034
  36 F   0.99593 0.00407 ( 1)  0.036
  37 T   0.99715 0.00285 ( 1)  0.035
  38 F   0.99242 0.00758 ( 1)  0.039
  39 R   0.98467 0.01533 ( 1)  0.047
  40 N   0.99755 0.00245 ( 1)  0.034
  41 S   0.98736 0.01264 ( 1)  0.044
  42 K   0.99818 0.00182 ( 1)  0.034
  43 Q   0.99338 0.00662 ( 1)  0.038
  44 T   0.99755 0.00245 ( 1)  0.034
  45 Y   0.99458 0.00542 ( 1)  0.037
  46 S   0.69478 0.30522 ( 1)  0.327
  47 G   0.99761 0.00239 ( 1)  0.034
  48 I   0.99603 0.00397 ( 1)  0.036
  49 P   0.99470 0.00530 ( 1)  0.037
  50 I   0.99832 0.00168 ( 1)  0.034
  51 I   0.99805 0.00195 ( 1)  0.034
  52 V   0.99779 0.00221 ( 1)  0.034
  53 A   0.99815 0.00185 ( 1)  0.034
  54 N   0.99857 0.00143 ( 1)  0.033
  55 M   0.99925 0.00075 ( 1)  0.033
  56 D   0.99886 0.00114 ( 1)  0.033
  57 T   0.99463 0.00537 ( 1)  0.037
  58 V   0.99773 0.00227 ( 1)  0.034
  59 G   0.99795 0.00205 ( 1)  0.034
  60 T   0.99514 0.00486 ( 1)  0.037
  61 F   0.99272 0.00728 ( 1)  0.039
  62 E   0.99856 0.00144 ( 1)  0.033
  63 M   0.99925 0.00075 ( 1)  0.033
  64 A   0.99410 0.00590 ( 1)  0.038
  65 A   0.99622 0.00378 ( 1)  0.036
  66 V   0.99790 0.00210 ( 1)  0.034
  67 M   0.99925 0.00075 ( 1)  0.033
  68 S   0.98636 0.01364 ( 1)  0.045
  69 Q   0.99379 0.00621 ( 1)  0.038
  70 H   0.99632 0.00368 ( 1)  0.035
  71 S   0.99136 0.00864 ( 1)  0.040
  72 M   0.97464 0.02536 ( 1)  0.056
  73 F   0.99261 0.00739 ( 1)  0.039
  74 T   0.99363 0.00637 ( 1)  0.038
  75 A   0.99445 0.00555 ( 1)  0.037
  76 I   0.99617 0.00383 ( 1)  0.036
  77 H   0.99340 0.00660 ( 1)  0.038
  78 K   0.99810 0.00190 ( 1)  0.034
  79 H   0.99400 0.00600 ( 1)  0.038
  80 Y   0.99498 0.00502 ( 1)  0.037
  81 S   0.86174 0.13826 ( 1)  0.166
  82 L   0.99199 0.00801 ( 1)  0.040
  83 D   0.99703 0.00297 ( 1)  0.035
  84 D   0.99886 0.00114 ( 1)  0.033
  85 W   0.99049 0.00951 ( 1)  0.041
  86 K   0.99827 0.00173 ( 1)  0.034
  87 L   0.99533 0.00467 ( 1)  0.036
  88 F   0.99261 0.00739 ( 1)  0.039
  89 A   0.99818 0.00182 ( 1)  0.034
  90 A   0.11611 0.88389 ( 2)  0.888
  91 N   0.99647 0.00353 ( 1)  0.035
  92 H   0.99632 0.00368 ( 1)  0.035
  93 P   0.74015 0.25985 ( 1)  0.283
  94 E   0.99631 0.00369 ( 1)  0.035
  95 C   0.99406 0.00594 ( 1)  0.038
  96 L   0.99202 0.00798 ( 1)  0.040
  97 Q   0.99379 0.00621 ( 1)  0.038
  98 H   0.86842 0.13158 ( 1)  0.159
  99 V   0.14955 0.85045 ( 2)  0.855
 100 A   0.99724 0.00276 ( 1)  0.035
 101 V   0.99783 0.00217 ( 1)  0.034
 102 S   0.99542 0.00458 ( 1)  0.036
 103 S   0.98933 0.01067 ( 1)  0.042
 104 G   0.99803 0.00197 ( 1)  0.034
 105 S   0.99562 0.00438 ( 1)  0.036
 106 G   0.99771 0.00229 ( 1)  0.034
 107 Q   0.99379 0.00621 ( 1)  0.038
 108 N   0.99848 0.00152 ( 1)  0.033
 109 D   0.99703 0.00297 ( 1)  0.035
 110 L   0.99197 0.00803 ( 1)  0.040
 111 E   0.99648 0.00352 ( 1)  0.035
 112 K   0.99827 0.00173 ( 1)  0.034
 113 M   0.99925 0.00075 ( 1)  0.033
 114 S   0.93514 0.06486 ( 1)  0.095
 115 S   0.99808 0.00192 ( 1)  0.034
 116 I   0.39831 0.60169 ( 2)  0.614
 117 L   0.99191 0.00809 ( 1)  0.040
 118 D   0.24987 0.75013 ( 2)  0.758
 119 A   0.99577 0.00423 ( 1)  0.036
 120 V   0.92468 0.07532 ( 1)  0.105
 121 P   0.98887 0.01113 ( 1)  0.043
 122 Q   0.83641 0.16359 ( 1)  0.190
 123 V   0.15588 0.84412 ( 2)  0.849
 124 K   0.99824 0.00176 ( 1)  0.034
 125 F   0.99285 0.00715 ( 1)  0.039
 126 I   0.99617 0.00383 ( 1)  0.036
 127 C   0.99406 0.00594 ( 1)  0.038
 128 L   0.99202 0.00798 ( 1)  0.040
 129 D   0.99703 0.00297 ( 1)  0.035
 130 V   0.99789 0.00211 ( 1)  0.034
 131 A   0.99771 0.00229 ( 1)  0.034
 132 N   0.99718 0.00282 ( 1)  0.035
 133 G   0.99767 0.00233 ( 1)  0.034
 134 Y   0.99027 0.00973 ( 1)  0.041
 135 S   0.98789 0.01211 ( 1)  0.044
 136 E   0.99702 0.00298 ( 1)  0.035
 137 H   0.99282 0.00718 ( 1)  0.039
 138 F   0.99261 0.00739 ( 1)  0.039
 139 V   0.99785 0.00215 ( 1)  0.034
 140 E   0.99657 0.00343 ( 1)  0.035
 141 F   0.99609 0.00391 ( 1)  0.036
 142 V   0.99789 0.00211 ( 1)  0.034
 143 K   0.99558 0.00442 ( 1)  0.036
 144 L   0.99539 0.00461 ( 1)  0.036
 145 V   0.99819 0.00181 ( 1)  0.034
 146 R   0.98941 0.01059 ( 1)  0.042
 147 A   0.99824 0.00176 ( 1)  0.034
 148 K   0.87052 0.12948 ( 1)  0.157
 149 F   0.99261 0.00739 ( 1)  0.039
 150 P   0.99091 0.00909 ( 1)  0.041
 151 E   0.89643 0.10357 ( 1)  0.132
 152 H   0.99630 0.00370 ( 1)  0.035
 153 T   0.99774 0.00226 ( 1)  0.034
 154 I   0.99617 0.00383 ( 1)  0.036
 155 M   0.99925 0.00075 ( 1)  0.033
 156 A   0.99410 0.00590 ( 1)  0.038
 157 G   0.99767 0.00233 ( 1)  0.034
 158 N   0.99853 0.00147 ( 1)  0.033
 159 V   0.99789 0.00211 ( 1)  0.034
 160 V   0.99774 0.00226 ( 1)  0.034
 161 T   0.99423 0.00577 ( 1)  0.037
 162 G   0.99332 0.00668 ( 1)  0.038
 163 E   0.99749 0.00251 ( 1)  0.034
 164 M   0.99925 0.00075 ( 1)  0.033
 165 V   0.99447 0.00553 ( 1)  0.037
 166 E   0.99652 0.00348 ( 1)  0.035
 167 E   0.99843 0.00157 ( 1)  0.033
 168 L   0.99093 0.00907 ( 1)  0.041
 169 I   0.99626 0.00374 ( 1)  0.036
 170 L   0.99122 0.00878 ( 1)  0.040
 171 S   0.99322 0.00678 ( 1)  0.038
 172 G   0.99332 0.00668 ( 1)  0.038
 173 A   0.99410 0.00590 ( 1)  0.038
 174 D   0.99709 0.00291 ( 1)  0.035
 175 I   0.99858 0.00142 ( 1)  0.033
 176 I   0.95329 0.04671 ( 1)  0.077
 177 K   0.99558 0.00442 ( 1)  0.036
 178 V   0.99789 0.00211 ( 1)  0.034
 179 G   0.99377 0.00623 ( 1)  0.038
 180 V   0.86840 0.13160 ( 1)  0.159
 181 G   0.99332 0.00668 ( 1)  0.038
 182 P   0.98887 0.01113 ( 1)  0.043
 183 G   0.99476 0.00524 ( 1)  0.037
 184 S   0.99064 0.00936 ( 1)  0.041
 185 V   0.99789 0.00211 ( 1)  0.034
 186 C   0.99317 0.00683 ( 1)  0.038
 187 T   0.99783 0.00217 ( 1)  0.034
 188 T   0.99782 0.00218 ( 1)  0.034
 189 R   0.99427 0.00573 ( 1)  0.037
 190 T   0.99783 0.00217 ( 1)  0.034
 191 K   0.99827 0.00173 ( 1)  0.034
 192 T   0.99669 0.00331 ( 1)  0.035
 193 G   0.99391 0.00609 ( 1)  0.038
 194 V   0.99777 0.00223 ( 1)  0.034
 195 G   0.99794 0.00206 ( 1)  0.034
 196 Y   0.99498 0.00502 ( 1)  0.037
 197 P   0.99486 0.00514 ( 1)  0.037
 198 Q   0.99379 0.00621 ( 1)  0.038
 199 L   0.99202 0.00798 ( 1)  0.040
 200 S   0.99609 0.00391 ( 1)  0.036
 201 A   0.99583 0.00417 ( 1)  0.036
 202 V   0.99811 0.00189 ( 1)  0.034
 203 I   0.99769 0.00231 ( 1)  0.034
 204 E   0.99856 0.00144 ( 1)  0.033
 205 C   0.99336 0.00664 ( 1)  0.038
 206 A   0.99584 0.00416 ( 1)  0.036
 207 D   0.99886 0.00114 ( 1)  0.033
 208 S   0.99049 0.00951 ( 1)  0.041
 209 A   0.99810 0.00190 ( 1)  0.034
 210 H   0.99494 0.00506 ( 1)  0.037
 211 G   0.99803 0.00197 ( 1)  0.034
 212 L   0.99202 0.00798 ( 1)  0.040
 213 K   0.93831 0.06169 ( 1)  0.092
 214 G   0.99789 0.00211 ( 1)  0.034
 215 H   0.99632 0.00368 ( 1)  0.035
 216 I   0.99858 0.00142 ( 1)  0.033
 217 I   0.99858 0.00142 ( 1)  0.033
 218 S   0.98938 0.01062 ( 1)  0.042
 219 D   0.99703 0.00297 ( 1)  0.035
 220 G   0.99332 0.00668 ( 1)  0.038
 221 G   0.99803 0.00197 ( 1)  0.034
 222 C   0.99351 0.00649 ( 1)  0.038
 223 T   0.99669 0.00331 ( 1)  0.035
 224 C   0.98948 0.01052 ( 1)  0.042
 225 P   0.98900 0.01100 ( 1)  0.043
 226 G   0.99629 0.00371 ( 1)  0.035
 227 D   0.99706 0.00294 ( 1)  0.035
 228 V   0.99819 0.00181 ( 1)  0.034
 229 A   0.99824 0.00176 ( 1)  0.034
 230 K   0.99558 0.00442 ( 1)  0.036
 231 A   0.99794 0.00206 ( 1)  0.034
 232 F   0.99261 0.00739 ( 1)  0.039
 233 -   0.96775 0.03225 ( 1)  0.063
 234 -   0.96775 0.03225 ( 1)  0.063
 235 -   0.96775 0.03225 ( 1)  0.063
 236 -   0.96775 0.03225 ( 1)  0.063
 237 -   0.96775 0.03225 ( 1)  0.063
 238 -   0.96775 0.03225 ( 1)  0.063
 239 -   0.96775 0.03225 ( 1)  0.063
 240 -   0.96775 0.03225 ( 1)  0.063
 241 -   0.96775 0.03225 ( 1)  0.063
 242 -   0.96775 0.03225 ( 1)  0.063
 243 -   0.96775 0.03225 ( 1)  0.063
 244 -   0.96775 0.03225 ( 1)  0.063
 245 -   0.96775 0.03225 ( 1)  0.063
 246 -   0.96775 0.03225 ( 1)  0.063
 247 -   0.96775 0.03225 ( 1)  0.063
 248 -   0.96775 0.03225 ( 1)  0.063
 249 -   0.96775 0.03225 ( 1)  0.063
 250 -   0.96775 0.03225 ( 1)  0.063
 251 -   0.96775 0.03225 ( 1)  0.063
 252 -   0.96775 0.03225 ( 1)  0.063
 253 -   0.96775 0.03225 ( 1)  0.063
 254 -   0.96775 0.03225 ( 1)  0.063
 255 -   0.96775 0.03225 ( 1)  0.063
 256 -   0.96775 0.03225 ( 1)  0.063
 257 -   0.96775 0.03225 ( 1)  0.063
 258 -   0.96775 0.03225 ( 1)  0.063
 259 -   0.96775 0.03225 ( 1)  0.063
 260 -   0.96775 0.03225 ( 1)  0.063
 261 -   0.96775 0.03225 ( 1)  0.063
 262 -   0.96775 0.03225 ( 1)  0.063
 263 -   0.96775 0.03225 ( 1)  0.063
 264 -   0.96775 0.03225 ( 1)  0.063
 265 -   0.96775 0.03225 ( 1)  0.063
 266 -   0.96775 0.03225 ( 1)  0.063
 267 -   0.96775 0.03225 ( 1)  0.063
 268 -   0.96775 0.03225 ( 1)  0.063
 269 -   0.96775 0.03225 ( 1)  0.063
 270 -   0.96775 0.03225 ( 1)  0.063
 271 -   0.96775 0.03225 ( 1)  0.063
 272 -   0.96775 0.03225 ( 1)  0.063
 273 -   0.96775 0.03225 ( 1)  0.063
 274 -   0.96775 0.03225 ( 1)  0.063
 275 -   0.96775 0.03225 ( 1)  0.063
 276 -   0.96775 0.03225 ( 1)  0.063
 277 -   0.96775 0.03225 ( 1)  0.063
 278 -   0.96775 0.03225 ( 1)  0.063
 279 -   0.96775 0.03225 ( 1)  0.063
 280 -   0.96775 0.03225 ( 1)  0.063
 281 -   0.96775 0.03225 ( 1)  0.063
 282 -   0.96775 0.03225 ( 1)  0.063
 283 -   0.96775 0.03225 ( 1)  0.063
 284 -   0.96775 0.03225 ( 1)  0.063
 285 -   0.96775 0.03225 ( 1)  0.063
 286 -   0.96775 0.03225 ( 1)  0.063
 287 -   0.96775 0.03225 ( 1)  0.063
 288 -   0.96775 0.03225 ( 1)  0.063
 289 -   0.96775 0.03225 ( 1)  0.063
 290 -   0.96775 0.03225 ( 1)  0.063
 291 -   0.96775 0.03225 ( 1)  0.063
 292 -   0.96775 0.03225 ( 1)  0.063
 293 -   0.96775 0.03225 ( 1)  0.063
 294 -   0.96775 0.03225 ( 1)  0.063
 295 -   0.96775 0.03225 ( 1)  0.063
 296 -   0.96775 0.03225 ( 1)  0.063
 297 -   0.96775 0.03225 ( 1)  0.063
 298 -   0.96775 0.03225 ( 1)  0.063
 299 -   0.96775 0.03225 ( 1)  0.063
 300 -   0.96775 0.03225 ( 1)  0.063
 301 -   0.96775 0.03225 ( 1)  0.063
 302 -   0.96775 0.03225 ( 1)  0.063
 303 -   0.96775 0.03225 ( 1)  0.063
 304 -   0.96775 0.03225 ( 1)  0.063
 305 -   0.96775 0.03225 ( 1)  0.063
 306 -   0.96775 0.03225 ( 1)  0.063
 307 -   0.96775 0.03225 ( 1)  0.063
 308 -   0.96775 0.03225 ( 1)  0.063
 309 -   0.96775 0.03225 ( 1)  0.063
 310 -   0.96775 0.03225 ( 1)  0.063
 311 -   0.96775 0.03225 ( 1)  0.063
 312 -   0.96775 0.03225 ( 1)  0.063
 313 -   0.96775 0.03225 ( 1)  0.063
 314 -   0.96775 0.03225 ( 1)  0.063
 315 -   0.96775 0.03225 ( 1)  0.063
 316 G   0.99332 0.00668 ( 1)  0.038
 317 A   0.99513 0.00487 ( 1)  0.037
 318 G   0.99345 0.00655 ( 1)  0.038
 319 A   0.99590 0.00410 ( 1)  0.036
 320 D   0.99719 0.00281 ( 1)  0.035
 321 F   0.99292 0.00708 ( 1)  0.039
 322 V   0.99818 0.00182 ( 1)  0.034
 323 M   0.99925 0.00075 ( 1)  0.033
 324 L   0.99202 0.00798 ( 1)  0.040
 325 G   0.99332 0.00668 ( 1)  0.038
 326 G   0.99687 0.00313 ( 1)  0.035
 327 M   0.99925 0.00075 ( 1)  0.033
 328 F   0.99261 0.00739 ( 1)  0.039
 329 S   0.99154 0.00846 ( 1)  0.040
 330 G   0.99657 0.00343 ( 1)  0.035
 331 H   0.99293 0.00707 ( 1)  0.039
 332 T   0.99708 0.00292 ( 1)  0.035
 333 E   0.99816 0.00184 ( 1)  0.034
 334 C   0.98978 0.01022 ( 1)  0.042
 335 A   0.99550 0.00450 ( 1)  0.036
 336 G   0.99332 0.00668 ( 1)  0.038
 337 E   0.99702 0.00298 ( 1)  0.035
 338 V   0.90445 0.09555 ( 1)  0.124
 339 I   0.89814 0.10186 ( 1)  0.130
 340 E   0.99856 0.00144 ( 1)  0.033
 341 R   0.99765 0.00235 ( 1)  0.034
 342 N   0.99857 0.00143 ( 1)  0.033
 343 G   0.99381 0.00619 ( 1)  0.038
 344 Q   0.11423 0.88577 ( 2)  0.889
 345 K   0.99827 0.00173 ( 1)  0.034
 346 L   0.99511 0.00489 ( 1)  0.037
 347 K   0.93952 0.06048 ( 1)  0.090
 348 L   0.99509 0.00491 ( 1)  0.037
 349 F   0.99624 0.00376 ( 1)  0.036
 350 Y   0.99412 0.00588 ( 1)  0.038
 351 G   0.99752 0.00248 ( 1)  0.034
 352 M   0.99925 0.00075 ( 1)  0.033
 353 S   0.99814 0.00186 ( 1)  0.034
 354 S   0.98907 0.01093 ( 1)  0.042
 355 D   0.37614 0.62386 ( 2)  0.636
 356 T   0.99753 0.00247 ( 1)  0.034
 357 A   0.99824 0.00176 ( 1)  0.034
 358 M   0.99925 0.00075 ( 1)  0.033
 359 K   0.94367 0.05633 ( 1)  0.086
 360 K   0.99827 0.00173 ( 1)  0.034
 361 H   0.99621 0.00379 ( 1)  0.036
 362 A   0.99619 0.00381 ( 1)  0.036
 363 G   0.99332 0.00668 ( 1)  0.038
 364 G   0.99372 0.00628 ( 1)  0.038
 365 V   0.99657 0.00343 ( 1)  0.035
 366 A   0.99525 0.00475 ( 1)  0.036
 367 E   0.41440 0.58560 ( 2)  0.599
 368 Y   0.00020 0.99980 ( 2)  1.000
 369 R   0.99371 0.00629 ( 1)  0.038
 370 A   0.99805 0.00195 ( 1)  0.034
 371 S   0.99019 0.00981 ( 1)  0.041
 372 E   0.99793 0.00207 ( 1)  0.034
 373 G   0.99453 0.00547 ( 1)  0.037
 374 K   0.99808 0.00192 ( 1)  0.034
 375 T   0.99404 0.00596 ( 1)  0.038
 376 V   0.99768 0.00232 ( 1)  0.034
 377 E   0.99602 0.00398 ( 1)  0.036
 378 V   0.99738 0.00262 ( 1)  0.034
 379 P   0.99002 0.00998 ( 1)  0.042
 380 Y   0.99465 0.00535 ( 1)  0.037
 381 K   0.86267 0.13733 ( 1)  0.165
 382 G   0.99423 0.00577 ( 1)  0.037
 383 D   0.99732 0.00268 ( 1)  0.034
 384 V   0.99638 0.00362 ( 1)  0.035
 385 E   0.99660 0.00340 ( 1)  0.035
 386 N   0.94581 0.05419 ( 1)  0.084
 387 T   0.99576 0.00424 ( 1)  0.036
 388 I   0.99795 0.00205 ( 1)  0.034
 389 L   0.99162 0.00838 ( 1)  0.040
 390 D   0.99677 0.00323 ( 1)  0.035
 391 I   0.99588 0.00412 ( 1)  0.036
 392 L   0.99489 0.00511 ( 1)  0.037
 393 G   0.99669 0.00331 ( 1)  0.035
 394 G   0.99296 0.00704 ( 1)  0.039
 395 L   0.99163 0.00837 ( 1)  0.040
 396 R   0.99701 0.00299 ( 1)  0.035
 397 S   0.99189 0.00811 ( 1)  0.040
 398 T   0.99734 0.00266 ( 1)  0.034
 399 C   0.99370 0.00630 ( 1)  0.038
 400 T   0.99762 0.00238 ( 1)  0.034
 401 Y   0.99364 0.00636 ( 1)  0.038
 402 V   0.99768 0.00232 ( 1)  0.034
 403 G   0.99730 0.00270 ( 1)  0.034
 404 A   0.99802 0.00198 ( 1)  0.034
 405 A   0.99805 0.00195 ( 1)  0.034
 406 K   0.99527 0.00473 ( 1)  0.036
 407 L   0.99517 0.00483 ( 1)  0.037
 408 K   0.99708 0.00292 ( 1)  0.035
 409 E   0.99840 0.00160 ( 1)  0.033
 410 L   0.99517 0.00483 ( 1)  0.037
 411 S   0.99795 0.00205 ( 1)  0.034
 412 R   0.99696 0.00304 ( 1)  0.035
 413 R   0.99743 0.00257 ( 1)  0.034
 414 A   0.99542 0.00458 ( 1)  0.036
 415 T   0.99714 0.00286 ( 1)  0.035
 416 F   0.99600 0.00400 ( 1)  0.036
 417 I   0.99842 0.00158 ( 1)  0.033
 418 R   0.99203 0.00797 ( 1)  0.040
 419 V   0.99770 0.00230 ( 1)  0.034
 420 T   0.99762 0.00238 ( 1)  0.034
 421 Q   0.99244 0.00756 ( 1)  0.039
 422 Q   0.99313 0.00687 ( 1)  0.039
 423 H   0.99599 0.00401 ( 1)  0.036
 424 N   0.99849 0.00151 ( 1)  0.033
 425 T   0.91685 0.08315 ( 1)  0.112
 426 V   0.91960 0.08040 ( 1)  0.110
 427 F   0.99600 0.00400 ( 1)  0.036
 428 S   0.99795 0.00205 ( 1)  0.034


lnL = -3425.815027

