Supplemental results for CODEML (seqf: algn  treef: tree)


dN/dS (w) for site classes (K=2)

p:   0.78363  0.21637
w:   0.06341  1.00000

Naive Empirical Bayes (NEB) probabilities for 2 classes & postmean_w
(amino acids refer to 1st sequence: aotNan_RSAD2_XM_012441946)

   1 -   0.78363 0.21637 ( 1)  0.266
   2 -   0.78363 0.21637 ( 1)  0.266
   3 -   0.78363 0.21637 ( 1)  0.266
   4 -   0.78363 0.21637 ( 1)  0.266
   5 -   0.78363 0.21637 ( 1)  0.266
   6 -   0.78363 0.21637 ( 1)  0.266
   7 -   0.78363 0.21637 ( 1)  0.266
   8 -   0.78363 0.21637 ( 1)  0.266
   9 -   0.78363 0.21637 ( 1)  0.266
  10 -   0.78363 0.21637 ( 1)  0.266
  11 -   0.78363 0.21637 ( 1)  0.266
  12 -   0.78363 0.21637 ( 1)  0.266
  13 -   0.78363 0.21637 ( 1)  0.266
  14 -   0.78363 0.21637 ( 1)  0.266
  15 -   0.78363 0.21637 ( 1)  0.266
  16 -   0.78363 0.21637 ( 1)  0.266
  17 -   0.78363 0.21637 ( 1)  0.266
  18 -   0.78363 0.21637 ( 1)  0.266
  19 -   0.78363 0.21637 ( 1)  0.266
  20 -   0.78363 0.21637 ( 1)  0.266
  21 -   0.78363 0.21637 ( 1)  0.266
  22 -   0.78363 0.21637 ( 1)  0.266
  23 -   0.78363 0.21637 ( 1)  0.266
  24 -   0.78363 0.21637 ( 1)  0.266
  25 -   0.78363 0.21637 ( 1)  0.266
  26 -   0.78363 0.21637 ( 1)  0.266
  27 -   0.78363 0.21637 ( 1)  0.266
  28 -   0.78363 0.21637 ( 1)  0.266
  29 -   0.78363 0.21637 ( 1)  0.266
  30 -   0.78363 0.21637 ( 1)  0.266
  31 -   0.78363 0.21637 ( 1)  0.266
  32 -   0.78363 0.21637 ( 1)  0.266
  33 -   0.78363 0.21637 ( 1)  0.266
  34 -   0.78363 0.21637 ( 1)  0.266
  35 -   0.78363 0.21637 ( 1)  0.266
  36 -   0.78363 0.21637 ( 1)  0.266
  37 -   0.78363 0.21637 ( 1)  0.266
  38 -   0.78363 0.21637 ( 1)  0.266
  39 -   0.78363 0.21637 ( 1)  0.266
  40 -   0.78363 0.21637 ( 1)  0.266
  41 -   0.78363 0.21637 ( 1)  0.266
  42 -   0.78363 0.21637 ( 1)  0.266
  43 -   0.78363 0.21637 ( 1)  0.266
  44 -   0.78363 0.21637 ( 1)  0.266
  45 -   0.78363 0.21637 ( 1)  0.266
  46 -   0.78363 0.21637 ( 1)  0.266
  47 -   0.78363 0.21637 ( 1)  0.266
  48 -   0.78363 0.21637 ( 1)  0.266
  49 -   0.78363 0.21637 ( 1)  0.266
  50 -   0.78363 0.21637 ( 1)  0.266
  51 -   0.78363 0.21637 ( 1)  0.266
  52 -   0.78363 0.21637 ( 1)  0.266
  53 -   0.78363 0.21637 ( 1)  0.266
  54 -   0.78363 0.21637 ( 1)  0.266
  55 -   0.78363 0.21637 ( 1)  0.266
  56 -   0.78363 0.21637 ( 1)  0.266
  57 -   0.78363 0.21637 ( 1)  0.266
  58 -   0.78363 0.21637 ( 1)  0.266
  59 -   0.78363 0.21637 ( 1)  0.266
  60 -   0.78363 0.21637 ( 1)  0.266
  61 -   0.78363 0.21637 ( 1)  0.266
  62 -   0.78363 0.21637 ( 1)  0.266
  63 -   0.78363 0.21637 ( 1)  0.266
  64 -   0.78363 0.21637 ( 1)  0.266
  65 -   0.78363 0.21637 ( 1)  0.266
  66 -   0.78363 0.21637 ( 1)  0.266
  67 -   0.78363 0.21637 ( 1)  0.266
  68 -   0.78363 0.21637 ( 1)  0.266
  69 -   0.78363 0.21637 ( 1)  0.266
  70 -   0.78363 0.21637 ( 1)  0.266
  71 -   0.78363 0.21637 ( 1)  0.266
  72 -   0.78363 0.21637 ( 1)  0.266
  73 -   0.78363 0.21637 ( 1)  0.266
  74 -   0.78363 0.21637 ( 1)  0.266
  75 -   0.78363 0.21637 ( 1)  0.266
  76 -   0.78363 0.21637 ( 1)  0.266
  77 -   0.78363 0.21637 ( 1)  0.266
  78 -   0.78363 0.21637 ( 1)  0.266
  79 -   0.78363 0.21637 ( 1)  0.266
  80 -   0.78363 0.21637 ( 1)  0.266
  81 -   0.78363 0.21637 ( 1)  0.266
  82 -   0.78363 0.21637 ( 1)  0.266
  83 -   0.78363 0.21637 ( 1)  0.266
  84 -   0.78363 0.21637 ( 1)  0.266
  85 -   0.78363 0.21637 ( 1)  0.266
  86 -   0.78363 0.21637 ( 1)  0.266
  87 -   0.78363 0.21637 ( 1)  0.266
  88 -   0.78363 0.21637 ( 1)  0.266
  89 -   0.82424 0.17576 ( 1)  0.228
  90 -   0.81791 0.18209 ( 1)  0.234
  91 -   0.81088 0.18912 ( 1)  0.241
  92 M   0.99478 0.00522 ( 1)  0.068
  93 W   0.94646 0.05354 ( 1)  0.114
  94 V   0.08726 0.91274 ( 2)  0.918
  95 L   0.95749 0.04251 ( 1)  0.103
  96 T   0.00034 0.99966 ( 2)  1.000
  97 P   0.94279 0.05721 ( 1)  0.117
  98 A   0.00443 0.99557 ( 2)  0.996
  99 A   0.08988 0.91012 ( 2)  0.916
 100 F   0.96520 0.03480 ( 1)  0.096
 101 P   0.09329 0.90671 ( 2)  0.913
 102 G   0.81614 0.18386 ( 1)  0.236
 103 K   0.99129 0.00871 ( 1)  0.072
 104 L   0.00002 0.99998 ( 2)  1.000
 105 L   0.93671 0.06329 ( 1)  0.123
 106 S   0.98276 0.01724 ( 1)  0.080
 107 V   0.00039 0.99961 ( 2)  1.000
 108 L   0.10551 0.89449 ( 2)  0.901
 109 S   0.23140 0.76860 ( 2)  0.783
 110 L   0.06673 0.93327 ( 2)  0.938
 111 P   0.93784 0.06216 ( 1)  0.122
 112 L   0.93703 0.06297 ( 1)  0.122
 113 S   0.13816 0.86184 ( 2)  0.871
 114 S   0.48190 0.51810 ( 2)  0.549
 115 L   0.93621 0.06379 ( 1)  0.123
 116 W   0.94646 0.05354 ( 1)  0.114
 117 R   0.24620 0.75380 ( 2)  0.769
 118 S   0.77569 0.22431 ( 1)  0.273
 119 L   0.93788 0.06212 ( 1)  0.122
 120 V   0.97455 0.02545 ( 1)  0.087
 121 L   0.00411 0.99589 ( 2)  0.996
 122 L   0.93667 0.06333 ( 1)  0.123
 123 F   0.00496 0.99504 ( 2)  0.995
 124 C   0.63514 0.36486 ( 1)  0.405
 125 W   0.94646 0.05354 ( 1)  0.114
 126 L   0.93830 0.06170 ( 1)  0.121
 127 R   0.25816 0.74184 ( 2)  0.758
 128 A   0.56074 0.43926 ( 1)  0.475
 129 T   0.00583 0.99417 ( 2)  0.995
 130 F   0.60393 0.39607 ( 1)  0.434
 131 W   0.52775 0.47225 ( 1)  0.506
 132 L   0.48184 0.51816 ( 2)  0.549
 133 P   0.00262 0.99738 ( 2)  0.998
 134 G   0.71921 0.28079 ( 1)  0.326
 135 I   0.00739 0.99261 ( 2)  0.993
 136 K   0.01712 0.98288 ( 2)  0.984
 137 R   0.24450 0.75550 ( 2)  0.771
 138 T   0.00000 1.00000 ( 2)  1.000
 139 -   0.78363 0.21637 ( 1)  0.266
 140 -   0.78363 0.21637 ( 1)  0.266
 141 -   0.78363 0.21637 ( 1)  0.266
 142 -   0.78363 0.21637 ( 1)  0.266
 143 -   0.78363 0.21637 ( 1)  0.266
 144 -   0.78363 0.21637 ( 1)  0.266
 145 -   0.78363 0.21637 ( 1)  0.266
 146 -   0.78363 0.21637 ( 1)  0.266
 147 -   0.78363 0.21637 ( 1)  0.266
 148 K   0.76427 0.23573 ( 1)  0.284
 149 K   0.11873 0.88127 ( 2)  0.889
 150 Q   0.08696 0.91304 ( 2)  0.919
 151 L   0.54496 0.45504 ( 1)  0.490
 152 V   0.10331 0.89669 ( 2)  0.903
 153 P   0.00001 0.99999 ( 2)  1.000
 154 R   0.10668 0.89332 ( 2)  0.900
 155 E   0.87589 0.12411 ( 1)  0.180
 156 P   0.92688 0.07312 ( 1)  0.132
 157 D   0.00046 0.99954 ( 2)  1.000
 158 K   0.27441 0.72559 ( 2)  0.743
 159 T   0.00610 0.99390 ( 2)  0.994
 160 K   0.00058 0.99942 ( 2)  0.999
 161 E   0.86720 0.13280 ( 1)  0.188
 162 E   0.83338 0.16662 ( 1)  0.219
 163 -   0.94792 0.05208 ( 1)  0.112
 164 E   0.13967 0.86033 ( 2)  0.869
 165 E   0.87036 0.12964 ( 1)  0.185
 166 D   0.98992 0.01008 ( 1)  0.073
 167 P   0.08212 0.91788 ( 2)  0.923
 168 P   0.00350 0.99650 ( 2)  0.997
 169 L   0.00415 0.99585 ( 2)  0.996
 170 S   0.00445 0.99555 ( 2)  0.996
 171 T   0.66471 0.33529 ( 1)  0.377
 172 T   0.66779 0.33221 ( 1)  0.375
 173 P   0.94101 0.05899 ( 1)  0.119
 174 T   0.96905 0.03095 ( 1)  0.092
 175 S   0.98524 0.01476 ( 1)  0.077
 176 V   0.97386 0.02614 ( 1)  0.088
 177 N   0.98959 0.01041 ( 1)  0.073
 178 Y   0.96687 0.03313 ( 1)  0.094
 179 H   0.97834 0.02166 ( 1)  0.084
 180 F   0.97044 0.02956 ( 1)  0.091
 181 T   0.96146 0.03854 ( 1)  0.099
 182 R   0.96208 0.03792 ( 1)  0.099
 183 Q   0.96455 0.03545 ( 1)  0.097
 184 C   0.96625 0.03375 ( 1)  0.095
 185 N   0.98918 0.01082 ( 1)  0.074
 186 Y   0.96815 0.03185 ( 1)  0.093
 187 K   0.75133 0.24867 ( 1)  0.296
 188 C   0.96608 0.03392 ( 1)  0.095
 189 G   0.98069 0.01931 ( 1)  0.081
 190 F   0.97044 0.02956 ( 1)  0.091
 191 C   0.95827 0.04173 ( 1)  0.102
 192 F   0.97044 0.02956 ( 1)  0.091
 193 H   0.97890 0.02110 ( 1)  0.083
 194 T   0.97353 0.02647 ( 1)  0.088
 195 -   0.78363 0.21637 ( 1)  0.266
 196 -   0.78363 0.21637 ( 1)  0.266
 197 -   0.78363 0.21637 ( 1)  0.266
 198 -   0.78363 0.21637 ( 1)  0.266
 199 -   0.78363 0.21637 ( 1)  0.266
 200 -   0.78363 0.21637 ( 1)  0.266
 201 -   0.78363 0.21637 ( 1)  0.266
 202 -   0.78363 0.21637 ( 1)  0.266
 203 -   0.78363 0.21637 ( 1)  0.266
 204 -   0.78363 0.21637 ( 1)  0.266
 205 -   0.78363 0.21637 ( 1)  0.266
 206 -   0.78363 0.21637 ( 1)  0.266
 207 -   0.78363 0.21637 ( 1)  0.266
 208 -   0.78363 0.21637 ( 1)  0.266
 209 -   0.78363 0.21637 ( 1)  0.266
 210 -   0.78363 0.21637 ( 1)  0.266
 211 -   0.78363 0.21637 ( 1)  0.266
 212 -   0.78363 0.21637 ( 1)  0.266
 213 -   0.78363 0.21637 ( 1)  0.266
 214 -   0.78363 0.21637 ( 1)  0.266
 215 -   0.78363 0.21637 ( 1)  0.266
 216 -   0.78363 0.21637 ( 1)  0.266
 217 -   0.78363 0.21637 ( 1)  0.266
 218 -   0.78363 0.21637 ( 1)  0.266
 219 -   0.78363 0.21637 ( 1)  0.266
 220 -   0.78363 0.21637 ( 1)  0.266
 221 -   0.78363 0.21637 ( 1)  0.266
 222 -   0.78363 0.21637 ( 1)  0.266
 223 -   0.78363 0.21637 ( 1)  0.266
 224 A   0.97156 0.02844 ( 1)  0.090
 225 K   0.97824 0.02176 ( 1)  0.084
 226 T   0.97364 0.02636 ( 1)  0.088
 227 S   0.94589 0.05411 ( 1)  0.114
 228 F   0.96689 0.03311 ( 1)  0.094
 229 V   0.98197 0.01803 ( 1)  0.080
 230 L   0.93667 0.06333 ( 1)  0.123
 231 P   0.94773 0.05227 ( 1)  0.112
 232 L   0.95215 0.04785 ( 1)  0.108
 233 E   0.19108 0.80892 ( 2)  0.821
 234 E   0.98585 0.01415 ( 1)  0.077
 235 A   0.96272 0.03728 ( 1)  0.098
 236 K   0.99129 0.00871 ( 1)  0.072
 237 R   0.97082 0.02918 ( 1)  0.091
 238 G   0.96217 0.03783 ( 1)  0.099
 239 L   0.93838 0.06162 ( 1)  0.121
 240 L   0.06158 0.93842 ( 2)  0.942
 241 L   0.93972 0.06028 ( 1)  0.120
 242 L   0.94705 0.05295 ( 1)  0.113
 243 K   0.99129 0.00871 ( 1)  0.072
 244 E   0.78102 0.21898 ( 1)  0.268
 245 A   0.96305 0.03695 ( 1)  0.098
 246 G   0.97268 0.02732 ( 1)  0.089
 247 M   0.99488 0.00512 ( 1)  0.068
 248 E   0.99166 0.00834 ( 1)  0.071
 249 K   0.99145 0.00855 ( 1)  0.071
 250 I   0.98110 0.01890 ( 1)  0.081
 251 N   0.98940 0.01060 ( 1)  0.073
 252 F   0.96369 0.03631 ( 1)  0.097
 253 S   0.91654 0.08346 ( 1)  0.142
 254 G   0.97806 0.02194 ( 1)  0.084
 255 G   0.96254 0.03746 ( 1)  0.098
 256 E   0.99166 0.00834 ( 1)  0.071
 257 P   0.94037 0.05963 ( 1)  0.119
 258 F   0.96722 0.03278 ( 1)  0.094
 259 I   0.11403 0.88597 ( 2)  0.893
 260 H   0.00988 0.99012 ( 2)  0.991
 261 D   0.99009 0.00991 ( 1)  0.073
 262 R   0.96615 0.03385 ( 1)  0.095
 263 G   0.96323 0.03677 ( 1)  0.098
 264 E   0.98060 0.01940 ( 1)  0.082
 265 Y   0.96846 0.03154 ( 1)  0.093
 266 L   0.48521 0.51479 ( 2)  0.546
 267 G   0.98046 0.01954 ( 1)  0.082
 268 K   0.27010 0.72990 ( 2)  0.747
 269 L   0.93741 0.06259 ( 1)  0.122
 270 V   0.98222 0.01778 ( 1)  0.080
 271 K   0.00127 0.99873 ( 2)  0.999
 272 F   0.97072 0.02928 ( 1)  0.091
 273 C   0.64439 0.35561 ( 1)  0.396
 274 K   0.98054 0.01946 ( 1)  0.082
 275 A   0.00003 0.99997 ( 2)  1.000
 276 E   0.88078 0.11922 ( 1)  0.175
 277 L   0.94365 0.05635 ( 1)  0.116
 278 Q   0.00038 0.99962 ( 2)  1.000
 279 L   0.93707 0.06293 ( 1)  0.122
 280 P   0.94764 0.05236 ( 1)  0.112
 281 S   0.98551 0.01449 ( 1)  0.077
 282 V   0.98168 0.01832 ( 1)  0.081
 283 S   0.98551 0.01449 ( 1)  0.077
 284 I   0.98057 0.01943 ( 1)  0.082
 285 V   0.61437 0.38563 ( 1)  0.425
 286 S   0.98551 0.01449 ( 1)  0.077
 287 N   0.98953 0.01047 ( 1)  0.073
 288 G   0.96840 0.03160 ( 1)  0.093
 289 S   0.98551 0.01449 ( 1)  0.077
 290 L   0.93711 0.06289 ( 1)  0.122
 291 I   0.98110 0.01890 ( 1)  0.081
 292 R   0.96351 0.03649 ( 1)  0.098
 293 E   0.99166 0.00834 ( 1)  0.071
 294 K   0.60844 0.39156 ( 1)  0.430
 295 W   0.94687 0.05313 ( 1)  0.113
 296 F   0.97077 0.02923 ( 1)  0.091
 297 Q   0.09386 0.90614 ( 2)  0.912
 298 N   0.81044 0.18956 ( 1)  0.241
 299 Y   0.96497 0.03503 ( 1)  0.096
 300 G   0.97335 0.02665 ( 1)  0.088
 301 E   0.17447 0.82553 ( 2)  0.837
 302 Y   0.60684 0.39316 ( 1)  0.432
 303 L   0.93914 0.06086 ( 1)  0.120
 304 D   0.99007 0.00993 ( 1)  0.073
 305 I   0.97510 0.02490 ( 1)  0.087
 306 L   0.95640 0.04360 ( 1)  0.104
 307 A   0.96803 0.03197 ( 1)  0.093
 308 I   0.75869 0.24131 ( 1)  0.289
 309 S   0.94630 0.05370 ( 1)  0.114
 310 C   0.95865 0.04135 ( 1)  0.102
 311 D   0.99009 0.00991 ( 1)  0.073
 312 S   0.98551 0.01449 ( 1)  0.077
 313 F   0.96354 0.03646 ( 1)  0.098
 314 D   0.84444 0.15556 ( 1)  0.209
 315 E   0.99163 0.00837 ( 1)  0.071
 316 Q   0.00096 0.99904 ( 2)  0.999
 317 V   0.69707 0.30293 ( 1)  0.347
 318 N   0.98621 0.01379 ( 1)  0.076
 319 V   0.97418 0.02582 ( 1)  0.088
 320 L   0.54467 0.45533 ( 1)  0.490
 321 I   0.97510 0.02490 ( 1)  0.087
 322 G   0.98046 0.01954 ( 1)  0.082
 323 R   0.95280 0.04720 ( 1)  0.108
 324 G   0.97985 0.02015 ( 1)  0.082
 325 Q   0.94122 0.05878 ( 1)  0.118
 326 G   0.58482 0.41518 ( 1)  0.452
 327 K   0.29240 0.70760 ( 2)  0.726
 328 K   0.99139 0.00861 ( 1)  0.071
 329 N   0.85436 0.14564 ( 1)  0.200
 330 H   0.97456 0.02544 ( 1)  0.087
 331 V   0.98163 0.01837 ( 1)  0.081
 332 E   0.98060 0.01940 ( 1)  0.082
 333 N   0.83142 0.16858 ( 1)  0.221
 334 L   0.94588 0.05412 ( 1)  0.114
 335 Q   0.94328 0.05672 ( 1)  0.117
 336 K   0.98673 0.01327 ( 1)  0.076
 337 L   0.93711 0.06289 ( 1)  0.122
 338 R   0.98375 0.01625 ( 1)  0.079
 339 T   0.13658 0.86342 ( 2)  0.872
 340 W   0.94687 0.05313 ( 1)  0.113
 341 C   0.95868 0.04132 ( 1)  0.102
 342 G   0.23965 0.76035 ( 2)  0.776
 343 N   0.21153 0.78847 ( 2)  0.802
 344 Y   0.96294 0.03706 ( 1)  0.098
 345 R   0.66665 0.33335 ( 1)  0.376
 346 V   0.70385 0.29615 ( 1)  0.341
 347 A   0.62339 0.37661 ( 1)  0.416
 348 F   0.97062 0.02938 ( 1)  0.091
 349 K   0.99145 0.00855 ( 1)  0.071
 350 I   0.98473 0.01527 ( 1)  0.078
 351 N   0.98597 0.01403 ( 1)  0.077
 352 S   0.93545 0.06455 ( 1)  0.124
 353 V   0.97418 0.02582 ( 1)  0.088
 354 I   0.71258 0.28742 ( 1)  0.333
 355 N   0.98693 0.01307 ( 1)  0.076
 356 R   0.93282 0.06718 ( 1)  0.126
 357 F   0.97077 0.02923 ( 1)  0.091
 358 N   0.98931 0.01069 ( 1)  0.073
 359 V   0.78138 0.21862 ( 1)  0.268
 360 E   0.15119 0.84881 ( 2)  0.858
 361 E   0.99166 0.00834 ( 1)  0.071
 362 D   0.99009 0.00991 ( 1)  0.073
 363 M   0.99488 0.00512 ( 1)  0.068
 364 T   0.15037 0.84963 ( 2)  0.859
 365 E   0.98125 0.01875 ( 1)  0.081
 366 Q   0.63665 0.36335 ( 1)  0.404
 367 I   0.97964 0.02036 ( 1)  0.082
 368 K   0.13375 0.86625 ( 2)  0.875
 369 A   0.97465 0.02535 ( 1)  0.087
 370 L   0.90346 0.09654 ( 1)  0.154
 371 N   0.84440 0.15560 ( 1)  0.209
 372 P   0.94405 0.05595 ( 1)  0.116
 373 V   0.70480 0.29520 ( 1)  0.340
 374 R   0.96249 0.03751 ( 1)  0.099
 375 W   0.94687 0.05313 ( 1)  0.113
 376 K   0.97852 0.02148 ( 1)  0.084
 377 V   0.98222 0.01778 ( 1)  0.080
 378 F   0.97077 0.02923 ( 1)  0.091
 379 Q   0.96312 0.03688 ( 1)  0.098
 380 C   0.96648 0.03352 ( 1)  0.095
 381 L   0.95925 0.04075 ( 1)  0.102
 382 L   0.90611 0.09389 ( 1)  0.151
 383 I   0.72696 0.27304 ( 1)  0.319
 384 E   0.99148 0.00852 ( 1)  0.071
 385 G   0.97403 0.02597 ( 1)  0.088
 386 E   0.98804 0.01196 ( 1)  0.075
 387 N   0.98629 0.01371 ( 1)  0.076
 388 T   0.00427 0.99573 ( 2)  0.996
 389 G   0.96560 0.03440 ( 1)  0.096
 390 E   0.74527 0.25473 ( 1)  0.302
 391 D   0.98737 0.01263 ( 1)  0.075
 392 A   0.96385 0.03615 ( 1)  0.097
 393 L   0.90641 0.09359 ( 1)  0.151
 394 R   0.96951 0.03049 ( 1)  0.092
 395 E   0.97931 0.02069 ( 1)  0.083
 396 A   0.95695 0.04305 ( 1)  0.104
 397 E   0.62542 0.37458 ( 1)  0.414
 398 R   0.96912 0.03088 ( 1)  0.092
 399 F   0.96354 0.03646 ( 1)  0.098
 400 V   0.64053 0.35947 ( 1)  0.400
 401 I   0.97548 0.02452 ( 1)  0.086
 402 S   0.16234 0.83766 ( 2)  0.848
 403 D   0.98659 0.01341 ( 1)  0.076
 404 E   0.97931 0.02069 ( 1)  0.083
 405 E   0.75261 0.24739 ( 1)  0.295
 406 F   0.96391 0.03609 ( 1)  0.097
 407 E   0.97931 0.02069 ( 1)  0.083
 408 R   0.09369 0.90631 ( 2)  0.912
 409 F   0.67789 0.32211 ( 1)  0.365
 410 L   0.92996 0.07004 ( 1)  0.129
 411 E   0.87183 0.12817 ( 1)  0.183
 412 R   0.96176 0.03824 ( 1)  0.099
 413 H   0.97917 0.02083 ( 1)  0.083
 414 K   0.97972 0.02028 ( 1)  0.082
 415 E   0.15462 0.84538 ( 2)  0.855
 416 V   0.98222 0.01778 ( 1)  0.080
 417 S   0.94630 0.05370 ( 1)  0.114
 418 C   0.95911 0.04089 ( 1)  0.102
 419 L   0.94015 0.05985 ( 1)  0.119
 420 V   0.98222 0.01778 ( 1)  0.080
 421 P   0.93737 0.06263 ( 1)  0.122
 422 E   0.97931 0.02069 ( 1)  0.083
 423 S   0.93545 0.06455 ( 1)  0.124
 424 N   0.98976 0.01024 ( 1)  0.073
 425 Q   0.96312 0.03688 ( 1)  0.098
 426 K   0.99145 0.00855 ( 1)  0.071
 427 M   0.99488 0.00512 ( 1)  0.068
 428 K   0.97852 0.02148 ( 1)  0.084
 429 D   0.99009 0.00991 ( 1)  0.073
 430 S   0.94630 0.05370 ( 1)  0.114
 431 Y   0.96903 0.03097 ( 1)  0.092
 432 L   0.95045 0.04955 ( 1)  0.110
 433 I   0.97550 0.02450 ( 1)  0.086
 434 L   0.93711 0.06289 ( 1)  0.122
 435 D   0.98648 0.01352 ( 1)  0.076
 436 E   0.97931 0.02069 ( 1)  0.083
 437 Y   0.96278 0.03722 ( 1)  0.098
 438 M   0.99488 0.00512 ( 1)  0.068
 439 R   0.96249 0.03751 ( 1)  0.099
 440 F   0.96394 0.03606 ( 1)  0.097
 441 L   0.93904 0.06096 ( 1)  0.121
 442 N   0.98976 0.01024 ( 1)  0.073
 443 C   0.96144 0.03856 ( 1)  0.100
 444 R   0.03608 0.96392 ( 2)  0.966
 445 K   0.25484 0.74516 ( 2)  0.761
 446 G   0.96592 0.03408 ( 1)  0.095
 447 R   0.96615 0.03385 ( 1)  0.095
 448 K   0.99064 0.00936 ( 1)  0.072
 449 D   0.24514 0.75486 ( 2)  0.770
 450 P   0.93737 0.06263 ( 1)  0.122
 451 S   0.94620 0.05380 ( 1)  0.114
 452 K   0.99145 0.00855 ( 1)  0.071
 453 S   0.94545 0.05455 ( 1)  0.114
 454 I   0.98110 0.01890 ( 1)  0.081
 455 L   0.93711 0.06289 ( 1)  0.122
 456 D   0.98648 0.01352 ( 1)  0.076
 457 V   0.96613 0.03387 ( 1)  0.095
 458 G   0.96842 0.03158 ( 1)  0.093
 459 V   0.96075 0.03925 ( 1)  0.100
 460 E   0.98060 0.01940 ( 1)  0.082
 461 E   0.98048 0.01952 ( 1)  0.082
 462 A   0.96395 0.03605 ( 1)  0.097
 463 I   0.98657 0.01343 ( 1)  0.076
 464 K   0.73849 0.26151 ( 1)  0.308
 465 F   0.97077 0.02923 ( 1)  0.091
 466 S   0.98034 0.01966 ( 1)  0.082
 467 G   0.96254 0.03746 ( 1)  0.098
 468 F   0.96391 0.03609 ( 1)  0.097
 469 D   0.98667 0.01333 ( 1)  0.076
 470 E   0.97931 0.02069 ( 1)  0.083
 471 K   0.99145 0.00855 ( 1)  0.071
 472 M   0.99488 0.00512 ( 1)  0.068
 473 F   0.96354 0.03646 ( 1)  0.098
 474 L   0.93711 0.06289 ( 1)  0.122
 475 K   0.99145 0.00855 ( 1)  0.071
 476 R   0.90945 0.09055 ( 1)  0.148
 477 G   0.96254 0.03746 ( 1)  0.098
 478 G   0.96254 0.03746 ( 1)  0.098
 479 K   0.97972 0.02028 ( 1)  0.082
 480 Y   0.96707 0.03293 ( 1)  0.094
 481 T   0.00000 1.00000 ( 2)  1.000
 482 W   0.94687 0.05313 ( 1)  0.113
 483 S   0.98299 0.01701 ( 1)  0.079
 484 K   0.99145 0.00855 ( 1)  0.071
 485 A   0.61349 0.38651 ( 1)  0.425
 486 D   0.98667 0.01333 ( 1)  0.076
 487 L   0.93711 0.06289 ( 1)  0.122
 488 K   0.99145 0.00855 ( 1)  0.071
 489 L   0.93711 0.06289 ( 1)  0.122
 490 D   0.98758 0.01242 ( 1)  0.075
 491 W   0.94687 0.05313 ( 1)  0.113


lnL = -4875.509946

