Supplemental results for CODEML (seqf: algn  treef: tree)


dN/dS (w) for site classes (K=3)

p:   0.72957  0.00006  0.27037
w:   0.08992  1.00000  1.01807

Naive Empirical Bayes (NEB) probabilities for 3 classes & postmean_w & P(w>1)
(amino acids refer to 1st sequence: aotNan_TREX1_XM_012467648)

   1 -   0.73500 0.00006 0.26495 ( 1)  0.336  0.265
   2 -   0.73132 0.00006 0.26862 ( 1)  0.339  0.269
   3 -   0.73141 0.00006 0.26853 ( 1)  0.339  0.269
   4 -   0.73364 0.00006 0.26630 ( 1)  0.337  0.266
   5 -   0.73174 0.00006 0.26820 ( 1)  0.339  0.268
   6 -   0.73133 0.00006 0.26862 ( 1)  0.339  0.269
   7 -   0.73435 0.00006 0.26560 ( 1)  0.336  0.266
   8 -   0.73186 0.00006 0.26808 ( 1)  0.339  0.268
   9 -   0.73326 0.00006 0.26669 ( 1)  0.337  0.267
  10 -   0.73320 0.00006 0.26674 ( 1)  0.338  0.267
  11 -   0.73354 0.00006 0.26640 ( 1)  0.337  0.266
  12 -   0.73435 0.00006 0.26560 ( 1)  0.336  0.266
  13 -   0.73217 0.00006 0.26777 ( 1)  0.338  0.268
  14 -   0.73197 0.00006 0.26798 ( 1)  0.339  0.268
  15 -   0.73367 0.00006 0.26628 ( 1)  0.337  0.266
  16 -   0.73155 0.00006 0.26839 ( 1)  0.339  0.268
  17 -   0.73367 0.00006 0.26628 ( 1)  0.337  0.266
  18 -   0.73131 0.00006 0.26864 ( 1)  0.339  0.269
  19 -   0.73364 0.00006 0.26630 ( 1)  0.337  0.266
  20 -   0.73268 0.00006 0.26727 ( 1)  0.338  0.267
  21 -   0.73168 0.00006 0.26827 ( 1)  0.339  0.268
  22 -   0.73377 0.00006 0.26618 ( 1)  0.337  0.266
  23 -   0.73314 0.00006 0.26681 ( 1)  0.338  0.267
  24 -   0.73168 0.00006 0.26827 ( 1)  0.339  0.268
  25 -   0.73320 0.00006 0.26674 ( 1)  0.338  0.267
  26 -   0.73214 0.00006 0.26781 ( 1)  0.339  0.268
  27 -   0.73400 0.00006 0.26595 ( 1)  0.337  0.266
  28 -   0.73155 0.00006 0.26839 ( 1)  0.339  0.268
  29 -   0.73268 0.00006 0.26727 ( 1)  0.338  0.267
  30 -   0.73435 0.00006 0.26560 ( 1)  0.336  0.266
  31 -   0.73367 0.00006 0.26628 ( 1)  0.337  0.266
  32 -   0.73433 0.00006 0.26561 ( 1)  0.336  0.266
  33 -   0.73146 0.00006 0.26849 ( 1)  0.339  0.268
  34 -   0.73326 0.00006 0.26669 ( 1)  0.337  0.267
  35 -   0.73314 0.00006 0.26681 ( 1)  0.338  0.267
  36 -   0.73268 0.00006 0.26727 ( 1)  0.338  0.267
  37 -   0.73268 0.00006 0.26727 ( 1)  0.338  0.267
  38 -   0.73354 0.00006 0.26640 ( 1)  0.337  0.266
  39 -   0.73438 0.00006 0.26557 ( 1)  0.336  0.266
  40 -   0.73155 0.00006 0.26839 ( 1)  0.339  0.268
  41 -   0.73186 0.00006 0.26808 ( 1)  0.339  0.268
  42 -   0.19445 0.00017 0.80538 ( 3)  0.838  0.805
  43 -   0.73133 0.00006 0.26862 ( 1)  0.339  0.269
  44 -   0.73364 0.00006 0.26630 ( 1)  0.337  0.266
  45 -   0.73486 0.00006 0.26508 ( 1)  0.336  0.265
  46 -   0.73326 0.00006 0.26669 ( 1)  0.337  0.267
  47 -   0.73377 0.00006 0.26618 ( 1)  0.337  0.266
  48 -   0.73214 0.00006 0.26781 ( 1)  0.339  0.268
  49 -   0.73189 0.00006 0.26805 ( 1)  0.339  0.268
  50 -   0.73367 0.00006 0.26628 ( 1)  0.337  0.266
  51 -   0.73479 0.00006 0.26516 ( 1)  0.336  0.265
  52 -   0.73221 0.00006 0.26774 ( 1)  0.338  0.268
  53 -   0.73479 0.00006 0.26516 ( 1)  0.336  0.265
  54 -   0.73314 0.00006 0.26681 ( 1)  0.338  0.267
  55 -   0.73488 0.00006 0.26507 ( 1)  0.336  0.265
  56 -   0.73197 0.00006 0.26798 ( 1)  0.339  0.268
  57 -   0.73155 0.00006 0.26839 ( 1)  0.339  0.268
  58 -   0.73217 0.00006 0.26777 ( 1)  0.338  0.268
  59 -   0.73479 0.00006 0.26516 ( 1)  0.336  0.265
  60 -   0.19373 0.00017 0.80610 ( 3)  0.838  0.806
  61 -   0.73174 0.00006 0.26820 ( 1)  0.339  0.268
  62 -   0.73214 0.00006 0.26781 ( 1)  0.339  0.268
  63 -   0.73133 0.00006 0.26862 ( 1)  0.339  0.269
  64 -   0.73193 0.00006 0.26802 ( 1)  0.339  0.268
  65 -   0.73367 0.00006 0.26628 ( 1)  0.337  0.266
  66 -   0.73363 0.00006 0.26631 ( 1)  0.337  0.266
  67 -   0.73435 0.00006 0.26560 ( 1)  0.336  0.266
  68 -   0.73174 0.00006 0.26820 ( 1)  0.339  0.268
  69 -   0.73133 0.00006 0.26862 ( 1)  0.339  0.269
  70 -   0.19660 0.00017 0.80323 ( 3)  0.836  0.803
  71 -   0.73486 0.00006 0.26508 ( 1)  0.336  0.265
  72 -   0.73471 0.00006 0.26523 ( 1)  0.336  0.265
  73 -   0.73316 0.00006 0.26678 ( 1)  0.338  0.267
  74 -   0.73155 0.00006 0.26839 ( 1)  0.339  0.268
  75 -   0.73268 0.00006 0.26727 ( 1)  0.338  0.267
  76 -   0.73363 0.00006 0.26631 ( 1)  0.337  0.266
  77 -   0.73214 0.00006 0.26781 ( 1)  0.339  0.268
  78 -   0.73471 0.00006 0.26523 ( 1)  0.336  0.265
  79 -   0.73153 0.00006 0.26841 ( 1)  0.339  0.268
  80 -   0.73168 0.00006 0.26827 ( 1)  0.339  0.268
  81 -   0.73367 0.00006 0.26628 ( 1)  0.337  0.266
  82 -   0.73438 0.00006 0.26557 ( 1)  0.336  0.266
  83 -   0.73214 0.00006 0.26781 ( 1)  0.339  0.268
  84 -   0.73161 0.00006 0.26833 ( 1)  0.339  0.268
  85 -   0.73409 0.00006 0.26586 ( 1)  0.337  0.266
  86 -   0.73314 0.00006 0.26681 ( 1)  0.338  0.267
  87 -   0.73326 0.00006 0.26669 ( 1)  0.337  0.267
  88 -   0.73427 0.00006 0.26568 ( 1)  0.337  0.266
  89 -   0.73326 0.00006 0.26669 ( 1)  0.337  0.267
  90 -   0.73320 0.00006 0.26674 ( 1)  0.338  0.267
  91 -   0.73214 0.00006 0.26781 ( 1)  0.339  0.268
  92 -   0.73326 0.00006 0.26669 ( 1)  0.337  0.267
  93 -   0.73214 0.00006 0.26781 ( 1)  0.339  0.268
  94 -   0.19544 0.00017 0.80439 ( 3)  0.837  0.804
  95 -   0.19579 0.00017 0.80404 ( 3)  0.836  0.804
  96 -   0.73132 0.00006 0.26862 ( 1)  0.339  0.269
  97 -   0.73133 0.00006 0.26862 ( 1)  0.339  0.269
  98 -   0.73214 0.00006 0.26781 ( 1)  0.339  0.268
  99 -   0.73076 0.00006 0.26918 ( 1)  0.340  0.269
 100 -   0.73354 0.00006 0.26640 ( 1)  0.337  0.266
 101 -   0.73132 0.00006 0.26862 ( 1)  0.339  0.269
 102 -   0.73268 0.00006 0.26727 ( 1)  0.338  0.267
 103 -   0.73486 0.00006 0.26508 ( 1)  0.336  0.265
 104 -   0.73316 0.00006 0.26678 ( 1)  0.338  0.267
 105 -   0.73268 0.00006 0.26727 ( 1)  0.338  0.267
 106 -   0.73217 0.00006 0.26777 ( 1)  0.339  0.268
 107 -   0.73399 0.00006 0.26595 ( 1)  0.337  0.266
 108 -   0.73354 0.00006 0.26641 ( 1)  0.337  0.266
 109 -   0.73268 0.00006 0.26727 ( 1)  0.338  0.267
 110 -   0.73367 0.00006 0.26628 ( 1)  0.337  0.266
 111 -   0.73326 0.00006 0.26669 ( 1)  0.337  0.267
 112 -   0.73182 0.00006 0.26812 ( 1)  0.339  0.268
 113 -   0.73367 0.00006 0.26628 ( 1)  0.337  0.266
 114 -   0.73153 0.00006 0.26841 ( 1)  0.339  0.268
 115 -   0.73138 0.00006 0.26856 ( 1)  0.339  0.269
 116 -   0.73326 0.00006 0.26669 ( 1)  0.337  0.267
 117 -   0.73217 0.00006 0.26777 ( 1)  0.339  0.268
 118 -   0.73190 0.00006 0.26804 ( 1)  0.339  0.268
 119 -   0.73367 0.00006 0.26628 ( 1)  0.337  0.266
 120 -   0.73326 0.00006 0.26669 ( 1)  0.337  0.267
 121 -   0.73408 0.00006 0.26586 ( 1)  0.337  0.266
 122 -   0.19475 0.00017 0.80509 ( 3)  0.837  0.805
 123 -   0.73155 0.00006 0.26839 ( 1)  0.339  0.268
 124 -   0.73178 0.00006 0.26817 ( 1)  0.339  0.268
 125 -   0.73380 0.00006 0.26615 ( 1)  0.337  0.266
 126 -   0.73221 0.00006 0.26774 ( 1)  0.338  0.268
 127 -   0.73424 0.00006 0.26571 ( 1)  0.337  0.266
 128 -   0.73321 0.00006 0.26673 ( 1)  0.338  0.267
 129 -   0.73361 0.00006 0.26633 ( 1)  0.337  0.266
 130 -   0.73302 0.00006 0.26693 ( 1)  0.338  0.267
 131 -   0.73302 0.00006 0.26693 ( 1)  0.338  0.267
 132 -   0.73268 0.00006 0.26727 ( 1)  0.338  0.267
 133 -   0.73076 0.00006 0.26918 ( 1)  0.340  0.269
 134 -   0.73354 0.00006 0.26641 ( 1)  0.337  0.266
 135 -   0.73363 0.00006 0.26631 ( 1)  0.337  0.266
 136 -   0.73269 0.00006 0.26726 ( 1)  0.338  0.267
 137 -   0.73354 0.00006 0.26641 ( 1)  0.337  0.266
 138 -   0.73178 0.00006 0.26817 ( 1)  0.339  0.268
 139 -   0.73435 0.00006 0.26560 ( 1)  0.336  0.266
 140 -   0.73268 0.00006 0.26727 ( 1)  0.338  0.267
 141 -   0.73126 0.00006 0.26868 ( 1)  0.339  0.269
 142 -   0.73178 0.00006 0.26817 ( 1)  0.339  0.268
 143 -   0.73361 0.00006 0.26633 ( 1)  0.337  0.266
 144 -   0.73275 0.00006 0.26720 ( 1)  0.338  0.267
 145 -   0.73302 0.00006 0.26693 ( 1)  0.338  0.267
 146 -   0.73313 0.00006 0.26681 ( 1)  0.338  0.267
 147 -   0.73182 0.00006 0.26812 ( 1)  0.339  0.268
 148 -   0.73479 0.00006 0.26516 ( 1)  0.336  0.265
 149 -   0.73302 0.00006 0.26693 ( 1)  0.338  0.267
 150 -   0.73313 0.00006 0.26681 ( 1)  0.338  0.267
 151 -   0.73131 0.00006 0.26864 ( 1)  0.339  0.269
 152 -   0.73269 0.00006 0.26726 ( 1)  0.338  0.267
 153 -   0.73438 0.00006 0.26557 ( 1)  0.336  0.266
 154 -   0.73377 0.00006 0.26618 ( 1)  0.337  0.266
 155 -   0.73367 0.00006 0.26628 ( 1)  0.337  0.266
 156 -   0.73316 0.00006 0.26678 ( 1)  0.338  0.267
 157 -   0.73424 0.00006 0.26571 ( 1)  0.337  0.266
 158 -   0.73275 0.00006 0.26720 ( 1)  0.338  0.267
 159 -   0.73155 0.00006 0.26839 ( 1)  0.339  0.268
 160 -   0.73486 0.00006 0.26508 ( 1)  0.336  0.265
 161 -   0.74545 0.00005 0.25450 ( 1)  0.326  0.254
 162 -   0.74157 0.00005 0.25838 ( 1)  0.330  0.258
 163 -   0.73621 0.00006 0.26374 ( 1)  0.335  0.264
 164 -   0.73475 0.00006 0.26519 ( 1)  0.336  0.265
 165 -   0.73723 0.00006 0.26271 ( 1)  0.334  0.263
 166 -   0.74025 0.00005 0.25969 ( 1)  0.331  0.260
 167 -   0.73502 0.00006 0.26492 ( 1)  0.336  0.265
 168 -   0.73872 0.00005 0.26123 ( 1)  0.332  0.261
 169 -   0.74157 0.00005 0.25838 ( 1)  0.330  0.258
 170 -   0.74014 0.00005 0.25981 ( 1)  0.331  0.260
 171 -   0.73740 0.00005 0.26254 ( 1)  0.334  0.263
 172 -   0.74353 0.00005 0.25642 ( 1)  0.328  0.256
 173 -   0.73872 0.00005 0.26123 ( 1)  0.332  0.261
 174 -   0.73475 0.00006 0.26519 ( 1)  0.336  0.265
 175 -   0.74014 0.00005 0.25981 ( 1)  0.331  0.260
 176 -   0.73621 0.00006 0.26374 ( 1)  0.335  0.264
 177 -   0.74122 0.00005 0.25872 ( 1)  0.330  0.259
 178 -   0.74545 0.00005 0.25450 ( 1)  0.326  0.254
 179 -   0.73972 0.00005 0.26022 ( 1)  0.331  0.260
 180 -   0.74200 0.00005 0.25795 ( 1)  0.329  0.258
 181 -   0.73972 0.00005 0.26022 ( 1)  0.331  0.260
 182 -   0.73542 0.00006 0.26453 ( 1)  0.335  0.265
 183 -   0.74273 0.00005 0.25722 ( 1)  0.329  0.257
 184 -   0.73621 0.00006 0.26374 ( 1)  0.335  0.264
 185 -   0.74501 0.00005 0.25493 ( 1)  0.327  0.255
 186 -   0.73542 0.00006 0.26453 ( 1)  0.335  0.265
 187 -   0.74361 0.00005 0.25634 ( 1)  0.328  0.256
 188 -   0.73621 0.00006 0.26374 ( 1)  0.335  0.264
 189 -   0.74273 0.00005 0.25722 ( 1)  0.329  0.257
 190 -   0.73664 0.00006 0.26331 ( 1)  0.334  0.263
 191 -   0.73873 0.00005 0.26121 ( 1)  0.332  0.261
 192 -   0.74461 0.00005 0.25533 ( 1)  0.327  0.255
 193 -   0.73217 0.00006 0.26777 ( 1)  0.339  0.268
 194 -   0.73642 0.00006 0.26352 ( 1)  0.335  0.264
 195 -   0.74002 0.00005 0.25993 ( 1)  0.331  0.260
 196 -   0.74157 0.00005 0.25838 ( 1)  0.330  0.258
 197 -   0.73735 0.00006 0.26260 ( 1)  0.334  0.263
 198 -   0.74142 0.00005 0.25852 ( 1)  0.330  0.259
 199 -   0.73642 0.00006 0.26352 ( 1)  0.335  0.264
 200 -   0.74273 0.00005 0.25722 ( 1)  0.329  0.257
 201 -   0.74501 0.00005 0.25493 ( 1)  0.327  0.255
 202 -   0.73542 0.00006 0.26453 ( 1)  0.335  0.265
 203 -   0.73972 0.00005 0.26022 ( 1)  0.331  0.260
 204 -   0.74326 0.00005 0.25668 ( 1)  0.328  0.257
 205 -   0.73963 0.00005 0.26031 ( 1)  0.332  0.260
 206 -   0.73542 0.00006 0.26453 ( 1)  0.335  0.265
 207 -   0.73256 0.00006 0.26738 ( 1)  0.338  0.267
 208 -   0.73053 0.00006 0.26941 ( 1)  0.340  0.269
 209 -   0.73058 0.00006 0.26936 ( 1)  0.340  0.269
 210 -   0.73181 0.00006 0.26813 ( 1)  0.339  0.268
 211 -   0.73076 0.00006 0.26918 ( 1)  0.340  0.269
 212 -   0.73054 0.00006 0.26941 ( 1)  0.340  0.269
 213 -   0.73220 0.00006 0.26774 ( 1)  0.338  0.268
 214 -   0.73083 0.00006 0.26911 ( 1)  0.340  0.269
 215 -   0.73160 0.00006 0.26834 ( 1)  0.339  0.268
 216 -   0.73157 0.00006 0.26838 ( 1)  0.339  0.268
 217 -   0.73175 0.00006 0.26819 ( 1)  0.339  0.268
 218 -   0.73220 0.00006 0.26774 ( 1)  0.338  0.268
 219 -   0.73100 0.00006 0.26894 ( 1)  0.340  0.269
 220 -   0.73089 0.00006 0.26906 ( 1)  0.340  0.269
 221 -   0.73183 0.00006 0.26812 ( 1)  0.339  0.268
 222 -   0.73066 0.00006 0.26928 ( 1)  0.340  0.269
 223 -   0.73183 0.00006 0.26812 ( 1)  0.339  0.268
 224 -   0.73053 0.00006 0.26942 ( 1)  0.340  0.269
 225 -   0.73181 0.00006 0.26813 ( 1)  0.339  0.268
 226 -   0.73128 0.00006 0.26866 ( 1)  0.339  0.269
 227 -   0.73073 0.00006 0.26921 ( 1)  0.340  0.269
 228 -   0.73188 0.00006 0.26806 ( 1)  0.339  0.268
 229 -   0.73153 0.00006 0.26841 ( 1)  0.339  0.268
 230 -   0.73053 0.00006 0.26941 ( 1)  0.340  0.269
 231 -   0.73181 0.00006 0.26813 ( 1)  0.339  0.268
 232 -   0.73098 0.00006 0.26896 ( 1)  0.340  0.269
 233 -   0.73201 0.00006 0.26794 ( 1)  0.339  0.268
 234 -   0.73066 0.00006 0.26928 ( 1)  0.340  0.269
 235 -   0.73128 0.00006 0.26866 ( 1)  0.339  0.269
 236 -   0.73023 0.00006 0.26972 ( 1)  0.340  0.270
 237 -   0.73175 0.00006 0.26819 ( 1)  0.339  0.268
 238 -   0.73181 0.00006 0.26813 ( 1)  0.339  0.268
 239 -   0.73129 0.00006 0.26866 ( 1)  0.339  0.269
 240 -   0.73175 0.00006 0.26819 ( 1)  0.339  0.268
 241 -   0.73078 0.00006 0.26916 ( 1)  0.340  0.269
 242 -   0.73220 0.00006 0.26774 ( 1)  0.338  0.268
 243 -   0.73128 0.00006 0.26866 ( 1)  0.339  0.269
 244 -   0.73181 0.00006 0.26813 ( 1)  0.339  0.268
 245 -   0.73078 0.00006 0.26916 ( 1)  0.340  0.269
 246 -   0.73179 0.00006 0.26815 ( 1)  0.339  0.268
 247 -   0.73132 0.00006 0.26863 ( 1)  0.339  0.269
 248 -   0.73146 0.00006 0.26848 ( 1)  0.339  0.268
 249 -   0.73153 0.00006 0.26841 ( 1)  0.339  0.268
 250 -   0.73081 0.00006 0.26913 ( 1)  0.340  0.269
 251 -   0.73245 0.00006 0.26750 ( 1)  0.338  0.267
 252 -   0.73146 0.00006 0.26848 ( 1)  0.339  0.268
 253 -   0.73153 0.00006 0.26841 ( 1)  0.339  0.268
 254 -   0.73081 0.00006 0.26913 ( 1)  0.340  0.269
 255 -   0.73173 0.00006 0.26822 ( 1)  0.339  0.268
 256 -   0.72957 0.00006 0.27037 ( 1)  0.341  0.270
 257 -   0.72957 0.00006 0.27037 ( 1)  0.341  0.270
 258 -   0.74513 0.00005 0.25481 ( 1)  0.326  0.255
 259 -   0.73709 0.00006 0.26286 ( 1)  0.334  0.263
 260 -   0.74578 0.00005 0.25417 ( 1)  0.326  0.254
 261 -   0.73833 0.00005 0.26161 ( 1)  0.333  0.262
 262 -   0.73738 0.00006 0.26257 ( 1)  0.334  0.263
 263 -   0.74808 0.00005 0.25187 ( 1)  0.324  0.252
 264 -   0.74169 0.00005 0.25826 ( 1)  0.330  0.258
 265 -   0.73716 0.00006 0.26279 ( 1)  0.334  0.263
 266 -   0.75221 0.00005 0.24773 ( 1)  0.320  0.248
 267 -   0.72957 0.00006 0.27037 ( 1)  0.341  0.270
 268 -   0.72957 0.00006 0.27037 ( 1)  0.341  0.270
 269 -   0.72957 0.00006 0.27037 ( 1)  0.341  0.270
 270 -   0.72957 0.00006 0.27037 ( 1)  0.341  0.270
 271 -   0.72957 0.00006 0.27037 ( 1)  0.341  0.270
 272 -   0.72957 0.00006 0.27037 ( 1)  0.341  0.270
 273 -   0.72957 0.00006 0.27037 ( 1)  0.341  0.270
 274 -   0.72957 0.00006 0.27037 ( 1)  0.341  0.270
 275 -   0.72957 0.00006 0.27037 ( 1)  0.341  0.270
 276 -   0.72957 0.00006 0.27037 ( 1)  0.341  0.270
 277 -   0.72957 0.00006 0.27037 ( 1)  0.341  0.270
 278 -   0.72957 0.00006 0.27037 ( 1)  0.341  0.270
 279 -   0.72957 0.00006 0.27037 ( 1)  0.341  0.270
 280 -   0.72957 0.00006 0.27037 ( 1)  0.341  0.270
 281 -   0.72957 0.00006 0.27037 ( 1)  0.341  0.270
 282 -   0.72957 0.00006 0.27037 ( 1)  0.341  0.270
 283 -   0.72957 0.00006 0.27037 ( 1)  0.341  0.270
 284 -   0.72957 0.00006 0.27037 ( 1)  0.341  0.270
 285 -   0.72957 0.00006 0.27037 ( 1)  0.341  0.270
 286 -   0.72957 0.00006 0.27037 ( 1)  0.341  0.270
 287 -   0.72957 0.00006 0.27037 ( 1)  0.341  0.270
 288 -   0.72957 0.00006 0.27037 ( 1)  0.341  0.270
 289 -   0.72957 0.00006 0.27037 ( 1)  0.341  0.270
 290 -   0.72957 0.00006 0.27037 ( 1)  0.341  0.270
 291 -   0.72957 0.00006 0.27037 ( 1)  0.341  0.270
 292 -   0.72957 0.00006 0.27037 ( 1)  0.341  0.270
 293 -   0.72957 0.00006 0.27037 ( 1)  0.341  0.270
 294 -   0.72957 0.00006 0.27037 ( 1)  0.341  0.270
 295 -   0.72957 0.00006 0.27037 ( 1)  0.341  0.270
 296 -   0.72957 0.00006 0.27037 ( 1)  0.341  0.270
 297 -   0.72957 0.00006 0.27037 ( 1)  0.341  0.270
 298 -   0.72957 0.00006 0.27037 ( 1)  0.341  0.270
 299 -   0.72957 0.00006 0.27037 ( 1)  0.341  0.270
 300 -   0.72957 0.00006 0.27037 ( 1)  0.341  0.270
 301 -   0.72957 0.00006 0.27037 ( 1)  0.341  0.270
 302 -   0.72957 0.00006 0.27037 ( 1)  0.341  0.270
 303 -   0.72957 0.00006 0.27037 ( 1)  0.341  0.270
 304 -   0.72957 0.00006 0.27037 ( 1)  0.341  0.270
 305 -   0.72957 0.00006 0.27037 ( 1)  0.341  0.270
 306 -   0.72957 0.00006 0.27037 ( 1)  0.341  0.270
 307 -   0.72957 0.00006 0.27037 ( 1)  0.341  0.270
 308 -   0.72957 0.00006 0.27037 ( 1)  0.341  0.270
 309 -   0.72957 0.00006 0.27037 ( 1)  0.341  0.270
 310 -   0.72957 0.00006 0.27037 ( 1)  0.341  0.270
 311 -   0.72957 0.00006 0.27037 ( 1)  0.341  0.270
 312 -   0.72957 0.00006 0.27037 ( 1)  0.341  0.270
 313 -   0.72957 0.00006 0.27037 ( 1)  0.341  0.270
 314 -   0.72957 0.00006 0.27037 ( 1)  0.341  0.270
 315 -   0.72957 0.00006 0.27037 ( 1)  0.341  0.270
 316 -   0.72957 0.00006 0.27037 ( 1)  0.341  0.270
 317 -   0.72957 0.00006 0.27037 ( 1)  0.341  0.270
 318 -   0.72957 0.00006 0.27037 ( 1)  0.341  0.270
 319 -   0.72957 0.00006 0.27037 ( 1)  0.341  0.270
 320 -   0.72957 0.00006 0.27037 ( 1)  0.341  0.270
 321 -   0.72957 0.00006 0.27037 ( 1)  0.341  0.270
 322 -   0.72957 0.00006 0.27037 ( 1)  0.341  0.270
 323 -   0.72957 0.00006 0.27037 ( 1)  0.341  0.270
 324 -   0.72957 0.00006 0.27037 ( 1)  0.341  0.270
 325 -   0.72957 0.00006 0.27037 ( 1)  0.341  0.270
 326 M   0.97587 0.00001 0.02412 ( 1)  0.112  0.024
 327 G   0.95308 0.00001 0.04691 ( 1)  0.133  0.047
 328 S   0.93862 0.00001 0.06137 ( 1)  0.147  0.061
 329 Q   0.92670 0.00002 0.07328 ( 1)  0.158  0.073
 330 A   0.97073 0.00001 0.02927 ( 1)  0.117  0.029
 331 L   0.48355 0.00011 0.51634 ( 3)  0.569  0.516
 332 P   0.66807 0.00007 0.33186 ( 1)  0.398  0.332
 333 P   0.55672 0.00009 0.44319 ( 1)  0.501  0.443
 334 G   0.10730 0.00019 0.89251 ( 3)  0.918  0.893
 335 P   0.95952 0.00001 0.04047 ( 1)  0.127  0.040
 336 M   0.97643 0.00001 0.02356 ( 1)  0.112  0.024
 337 Q   0.92805 0.00002 0.07193 ( 1)  0.157  0.072
 338 T   0.97377 0.00001 0.02623 ( 1)  0.114  0.026
 339 L   0.70613 0.00006 0.29381 ( 1)  0.363  0.294
 340 I   0.97263 0.00001 0.02736 ( 1)  0.115  0.027
 341 F   0.94283 0.00001 0.05715 ( 1)  0.143  0.057
 342 F   0.51877 0.00010 0.48113 ( 1)  0.537  0.481
 343 D   0.96111 0.00001 0.03889 ( 1)  0.126  0.039
 344 M   0.67899 0.00007 0.32094 ( 1)  0.388  0.321
 345 E   0.95189 0.00001 0.04810 ( 1)  0.135  0.048
 346 A   0.95945 0.00001 0.04054 ( 1)  0.128  0.041
 347 T   0.91107 0.00002 0.08891 ( 1)  0.172  0.089
 348 G   0.94477 0.00001 0.05521 ( 1)  0.141  0.055
 349 L   0.90675 0.00002 0.09323 ( 1)  0.176  0.093
 350 P   0.95166 0.00001 0.04833 ( 1)  0.135  0.048
 351 F   0.95858 0.00001 0.04142 ( 1)  0.128  0.041
 352 S   0.65447 0.00007 0.34546 ( 1)  0.411  0.345
 353 -   0.72957 0.00006 0.27037 ( 1)  0.341  0.270
 354 -   0.72957 0.00006 0.27037 ( 1)  0.341  0.270
 355 -   0.72957 0.00006 0.27037 ( 1)  0.341  0.270
 356 -   0.72957 0.00006 0.27037 ( 1)  0.341  0.270
 357 -   0.72957 0.00006 0.27037 ( 1)  0.341  0.270
 358 -   0.72957 0.00006 0.27037 ( 1)  0.341  0.270
 359 -   0.72957 0.00006 0.27037 ( 1)  0.341  0.270
 360 -   0.72957 0.00006 0.27037 ( 1)  0.341  0.270
 361 -   0.72957 0.00006 0.27037 ( 1)  0.341  0.270
 362 -   0.72957 0.00006 0.27037 ( 1)  0.341  0.270
 363 -   0.72957 0.00006 0.27037 ( 1)  0.341  0.270
 364 -   0.72957 0.00006 0.27037 ( 1)  0.341  0.270
 365 -   0.72957 0.00006 0.27037 ( 1)  0.341  0.270
 366 -   0.72957 0.00006 0.27037 ( 1)  0.341  0.270
 367 -   0.72957 0.00006 0.27037 ( 1)  0.341  0.270
 368 -   0.72957 0.00006 0.27037 ( 1)  0.341  0.270
 369 -   0.72957 0.00006 0.27037 ( 1)  0.341  0.270
 370 -   0.72957 0.00006 0.27037 ( 1)  0.341  0.270
 371 -   0.72957 0.00006 0.27037 ( 1)  0.341  0.270
 372 -   0.72957 0.00006 0.27037 ( 1)  0.341  0.270
 373 -   0.72957 0.00006 0.27037 ( 1)  0.341  0.270
 374 -   0.72957 0.00006 0.27037 ( 1)  0.341  0.270
 375 -   0.72957 0.00006 0.27037 ( 1)  0.341  0.270
 376 -   0.72957 0.00006 0.27037 ( 1)  0.341  0.270
 377 -   0.72957 0.00006 0.27037 ( 1)  0.341  0.270
 378 -   0.72957 0.00006 0.27037 ( 1)  0.341  0.270
 379 -   0.72957 0.00006 0.27037 ( 1)  0.341  0.270
 380 -   0.72957 0.00006 0.27037 ( 1)  0.341  0.270
 381 -   0.72957 0.00006 0.27037 ( 1)  0.341  0.270
 382 -   0.72957 0.00006 0.27037 ( 1)  0.341  0.270
 383 -   0.72957 0.00006 0.27037 ( 1)  0.341  0.270
 384 -   0.72957 0.00006 0.27037 ( 1)  0.341  0.270
 385 -   0.72957 0.00006 0.27037 ( 1)  0.341  0.270
 386 -   0.72957 0.00006 0.27037 ( 1)  0.341  0.270
 387 -   0.72957 0.00006 0.27037 ( 1)  0.341  0.270
 388 -   0.72957 0.00006 0.27037 ( 1)  0.341  0.270
 389 -   0.72957 0.00006 0.27037 ( 1)  0.341  0.270
 390 -   0.72957 0.00006 0.27037 ( 1)  0.341  0.270
 391 -   0.72957 0.00006 0.27037 ( 1)  0.341  0.270
 392 -   0.72957 0.00006 0.27037 ( 1)  0.341  0.270
 393 -   0.72957 0.00006 0.27037 ( 1)  0.341  0.270
 394 -   0.72957 0.00006 0.27037 ( 1)  0.341  0.270
 395 -   0.72957 0.00006 0.27037 ( 1)  0.341  0.270
 396 -   0.72957 0.00006 0.27037 ( 1)  0.341  0.270
 397 -   0.72957 0.00006 0.27037 ( 1)  0.341  0.270
 398 -   0.72957 0.00006 0.27037 ( 1)  0.341  0.270
 399 -   0.72957 0.00006 0.27037 ( 1)  0.341  0.270
 400 -   0.72957 0.00006 0.27037 ( 1)  0.341  0.270
 401 -   0.72957 0.00006 0.27037 ( 1)  0.341  0.270
 402 -   0.72957 0.00006 0.27037 ( 1)  0.341  0.270
 403 -   0.72957 0.00006 0.27037 ( 1)  0.341  0.270
 404 -   0.72957 0.00006 0.27037 ( 1)  0.341  0.270
 405 Q   0.92805 0.00002 0.07193 ( 1)  0.157  0.072
 406 P   0.95690 0.00001 0.04309 ( 1)  0.130  0.043
 407 K   0.94420 0.00001 0.05579 ( 1)  0.142  0.056
 408 V   0.97366 0.00001 0.02633 ( 1)  0.114  0.026
 409 T   0.96291 0.00001 0.03708 ( 1)  0.124  0.037
 410 E   0.94811 0.00001 0.05188 ( 1)  0.138  0.052
 411 L   0.94043 0.00001 0.05956 ( 1)  0.145  0.060
 412 C   0.93971 0.00001 0.06028 ( 1)  0.146  0.060
 413 L   0.93633 0.00001 0.06365 ( 1)  0.149  0.064
 414 L   0.93616 0.00001 0.06382 ( 1)  0.149  0.064
 415 A   0.93727 0.00001 0.06272 ( 1)  0.148  0.063
 416 V   0.21884 0.00017 0.78100 ( 3)  0.815  0.781
 417 H   0.95328 0.00001 0.04671 ( 1)  0.133  0.047
 418 R   0.87344 0.00003 0.12653 ( 1)  0.207  0.127
 419 C   0.87329 0.00003 0.12669 ( 1)  0.208  0.127
 420 A   0.97138 0.00001 0.02861 ( 1)  0.116  0.029
 421 L   0.94043 0.00001 0.05956 ( 1)  0.145  0.060
 422 E   0.95189 0.00001 0.04810 ( 1)  0.135  0.048
 423 N   0.14339 0.00018 0.85643 ( 3)  0.885  0.856
 424 P   0.68053 0.00007 0.31940 ( 1)  0.386  0.319
 425 P   0.94755 0.00001 0.05244 ( 1)  0.139  0.052
 426 T   0.75662 0.00005 0.24333 ( 1)  0.316  0.243
 427 S   0.41484 0.00012 0.58504 ( 3)  0.633  0.585
 428 Q   0.92414 0.00002 0.07585 ( 1)  0.160  0.076
 429 G   0.93770 0.00001 0.06229 ( 1)  0.148  0.062
 430 P   0.87975 0.00003 0.12022 ( 1)  0.202  0.120
 431 P   0.44269 0.00012 0.55720 ( 3)  0.607  0.557
 432 P   0.57015 0.00009 0.42976 ( 1)  0.489  0.430
 433 I   0.00577 0.00020 0.99403 ( 3)  1.013  0.994
 434 V   0.93025 0.00002 0.06973 ( 1)  0.155  0.070
 435 P   0.93056 0.00001 0.06942 ( 1)  0.154  0.069
 436 P   0.43043 0.00012 0.56945 ( 3)  0.619  0.569
 437 P   0.87975 0.00003 0.12022 ( 1)  0.202  0.120
 438 P   0.93667 0.00001 0.06331 ( 1)  0.149  0.063
 439 R   0.87112 0.00003 0.12885 ( 1)  0.210  0.129
 440 V   0.96640 0.00001 0.03359 ( 1)  0.121  0.034
 441 V   0.70204 0.00006 0.29789 ( 1)  0.366  0.298
 442 D   0.96111 0.00001 0.03889 ( 1)  0.126  0.039
 443 K   0.94420 0.00001 0.05579 ( 1)  0.142  0.056
 444 L   0.95851 0.00001 0.04148 ( 1)  0.128  0.041
 445 S   0.96259 0.00001 0.03740 ( 1)  0.125  0.037
 446 L   0.94043 0.00001 0.05956 ( 1)  0.145  0.060
 447 C   0.88496 0.00002 0.11502 ( 1)  0.197  0.115
 448 V   0.96640 0.00001 0.03359 ( 1)  0.121  0.034
 449 A   0.90935 0.00002 0.09063 ( 1)  0.174  0.091
 450 P   0.93667 0.00001 0.06332 ( 1)  0.149  0.063
 451 G   0.48978 0.00011 0.51012 ( 3)  0.563  0.510
 452 K   0.93905 0.00001 0.06094 ( 1)  0.146  0.061
 453 A   0.20187 0.00017 0.79796 ( 3)  0.831  0.798
 454 C   0.91922 0.00002 0.08076 ( 1)  0.165  0.081
 455 S   0.95716 0.00001 0.04283 ( 1)  0.130  0.043
 456 P   0.42282 0.00012 0.57706 ( 3)  0.626  0.577
 457 A   0.89526 0.00002 0.10472 ( 1)  0.187  0.105
 458 A   0.97138 0.00001 0.02861 ( 1)  0.116  0.029
 459 I   0.60024 0.00009 0.39967 ( 1)  0.461  0.400
 460 E   0.00116 0.00020 0.99864 ( 3)  1.017  0.999
 461 I   0.96963 0.00001 0.03037 ( 1)  0.118  0.030
 462 T   0.89744 0.00002 0.10254 ( 1)  0.185  0.103
 463 G   0.89190 0.00002 0.10808 ( 1)  0.190  0.108
 464 L   0.93979 0.00001 0.06019 ( 1)  0.146  0.060
 465 S   0.95716 0.00001 0.04283 ( 1)  0.130  0.043
 466 T   0.43509 0.00012 0.56480 ( 3)  0.614  0.565
 467 A   0.90876 0.00002 0.09122 ( 1)  0.175  0.091
 468 V   0.96323 0.00001 0.03676 ( 1)  0.124  0.037
 469 L   0.94043 0.00001 0.05956 ( 1)  0.145  0.060
 470 A   0.89526 0.00002 0.10472 ( 1)  0.187  0.105
 471 A   0.92287 0.00002 0.07711 ( 1)  0.162  0.077
 472 H   0.89043 0.00002 0.10955 ( 1)  0.192  0.110
 473 G   0.94437 0.00001 0.05561 ( 1)  0.142  0.056
 474 R   0.87112 0.00003 0.12885 ( 1)  0.210  0.129
 475 Q   0.88082 0.00003 0.11916 ( 1)  0.201  0.119
 476 C   0.46932 0.00011 0.53057 ( 3)  0.582  0.531
 477 F   0.94943 0.00001 0.05056 ( 1)  0.137  0.051
 478 D   0.44782 0.00012 0.55206 ( 3)  0.602  0.552
 479 D   0.96111 0.00001 0.03889 ( 1)  0.126  0.039
 480 N   0.61869 0.00008 0.38123 ( 1)  0.444  0.381
 481 L   0.55231 0.00009 0.44760 ( 1)  0.505  0.448
 482 A   0.63077 0.00008 0.36915 ( 1)  0.433  0.369
 483 N   0.95470 0.00001 0.04529 ( 1)  0.132  0.045
 484 L   0.93990 0.00001 0.06008 ( 1)  0.146  0.060
 485 L   0.96590 0.00001 0.03409 ( 1)  0.122  0.034
 486 L   0.86664 0.00003 0.13333 ( 1)  0.214  0.133
 487 A   0.97138 0.00001 0.02861 ( 1)  0.116  0.029
 488 F   0.95858 0.00001 0.04142 ( 1)  0.128  0.041
 489 L   0.93499 0.00001 0.06500 ( 1)  0.150  0.065
 490 Q   0.05665 0.00019 0.94315 ( 3)  0.965  0.943
 491 R   0.94291 0.00001 0.05707 ( 1)  0.143  0.057
 492 Q   0.92805 0.00002 0.07193 ( 1)  0.157  0.072
 493 P   0.88994 0.00002 0.11004 ( 1)  0.192  0.110
 494 Q   0.92805 0.00002 0.07193 ( 1)  0.157  0.072
 495 P   0.96030 0.00001 0.03969 ( 1)  0.127  0.040
 496 W   0.90900 0.00002 0.09098 ( 1)  0.174  0.091
 497 C   0.93571 0.00001 0.06427 ( 1)  0.150  0.064
 498 L   0.95450 0.00001 0.04549 ( 1)  0.132  0.045
 499 V   0.96640 0.00001 0.03359 ( 1)  0.121  0.034
 500 A   0.90112 0.00002 0.09886 ( 1)  0.182  0.099
 501 H   0.95328 0.00001 0.04671 ( 1)  0.133  0.047
 502 N   0.90747 0.00002 0.09251 ( 1)  0.176  0.093
 503 G   0.88475 0.00002 0.11522 ( 1)  0.197  0.115
 504 D   0.96111 0.00001 0.03889 ( 1)  0.126  0.039
 505 R   0.94291 0.00001 0.05707 ( 1)  0.143  0.057
 506 Y   0.92137 0.00002 0.07862 ( 1)  0.163  0.079
 507 D   0.96111 0.00001 0.03889 ( 1)  0.126  0.039
 508 F   0.95858 0.00001 0.04142 ( 1)  0.128  0.041
 509 P   0.96030 0.00001 0.03969 ( 1)  0.127  0.040
 510 L   0.93532 0.00001 0.06467 ( 1)  0.150  0.065
 511 L   0.96392 0.00001 0.03607 ( 1)  0.123  0.036
 512 Q   0.89917 0.00002 0.10080 ( 1)  0.183  0.101
 513 A   0.90158 0.00002 0.09840 ( 1)  0.181  0.098
 514 E   0.95189 0.00001 0.04810 ( 1)  0.135  0.048
 515 L   0.93633 0.00001 0.06365 ( 1)  0.149  0.064
 516 A   0.91757 0.00002 0.08241 ( 1)  0.166  0.082
 517 M   0.23238 0.00016 0.76745 ( 3)  0.802  0.767
 518 L   0.94010 0.00001 0.05988 ( 1)  0.146  0.060
 519 G   0.95389 0.00001 0.04610 ( 1)  0.133  0.046
 520 L   0.94367 0.00001 0.05632 ( 1)  0.142  0.056
 521 P   0.18096 0.00017 0.81887 ( 3)  0.850  0.819
 522 S   0.05871 0.00019 0.94109 ( 3)  0.964  0.941
 523 A   0.44090 0.00012 0.55899 ( 3)  0.609  0.559
 524 L   0.94043 0.00001 0.05956 ( 1)  0.145  0.060
 525 D   0.89936 0.00002 0.10062 ( 1)  0.183  0.101
 526 G   0.89190 0.00002 0.10807 ( 1)  0.190  0.108
 527 A   0.97138 0.00001 0.02861 ( 1)  0.116  0.029
 528 F   0.95858 0.00001 0.04142 ( 1)  0.128  0.041
 529 C   0.89173 0.00002 0.10825 ( 1)  0.190  0.108
 530 V   0.62998 0.00008 0.36994 ( 1)  0.433  0.370
 531 D   0.89936 0.00002 0.10062 ( 1)  0.183  0.101
 532 S   0.95716 0.00001 0.04283 ( 1)  0.130  0.043
 533 I   0.96988 0.00001 0.03012 ( 1)  0.118  0.030
 534 T   0.07258 0.00019 0.92723 ( 3)  0.951  0.927
 535 A   0.94335 0.00001 0.05664 ( 1)  0.142  0.057
 536 L   0.93633 0.00001 0.06365 ( 1)  0.149  0.064
 537 K   0.94420 0.00001 0.05579 ( 1)  0.142  0.056
 538 A   0.97138 0.00001 0.02861 ( 1)  0.116  0.029
 539 L   0.58120 0.00009 0.41871 ( 1)  0.479  0.419
 540 E   0.92593 0.00002 0.07406 ( 1)  0.159  0.074
 541 R   0.31258 0.00014 0.68728 ( 3)  0.728  0.687
 542 A   0.94103 0.00001 0.05896 ( 1)  0.145  0.059
 543 D   0.00454 0.00020 0.99526 ( 3)  1.014  0.995
 544 S   0.65778 0.00007 0.34214 ( 1)  0.408  0.342
 545 P   0.95732 0.00001 0.04267 ( 1)  0.130  0.043
 546 S   0.45227 0.00012 0.54761 ( 3)  0.598  0.548
 547 E   0.50249 0.00011 0.49740 ( 1)  0.552  0.497
 548 H   0.93910 0.00001 0.06089 ( 1)  0.146  0.061
 549 G   0.95389 0.00001 0.04610 ( 1)  0.133  0.046
 550 P   0.87975 0.00003 0.12022 ( 1)  0.202  0.120
 551 R   0.94234 0.00001 0.05765 ( 1)  0.143  0.058
 552 K   0.94420 0.00001 0.05579 ( 1)  0.142  0.056
 553 S   0.95716 0.00001 0.04283 ( 1)  0.130  0.043
 554 Y   0.93007 0.00002 0.06992 ( 1)  0.155  0.070
 555 S   0.95716 0.00001 0.04283 ( 1)  0.130  0.043
 556 L   0.89214 0.00002 0.10783 ( 1)  0.190  0.108
 557 G   0.95389 0.00001 0.04610 ( 1)  0.133  0.046
 558 S   0.66321 0.00007 0.33672 ( 1)  0.403  0.337
 559 I   0.97264 0.00001 0.02736 ( 1)  0.115  0.027
 560 Y   0.93060 0.00001 0.06938 ( 1)  0.154  0.069
 561 T   0.45128 0.00012 0.54860 ( 3)  0.599  0.549
 562 R   0.94291 0.00001 0.05707 ( 1)  0.143  0.057
 563 L   0.94265 0.00001 0.05734 ( 1)  0.143  0.057
 564 Y   0.89214 0.00002 0.10784 ( 1)  0.190  0.108
 565 G   0.93969 0.00001 0.06030 ( 1)  0.146  0.060
 566 K   0.53745 0.00010 0.46245 ( 1)  0.519  0.462
 567 A   0.01265 0.00020 0.98715 ( 3)  1.006  0.987
 568 P   0.92601 0.00002 0.07397 ( 1)  0.159  0.074
 569 P   0.93031 0.00002 0.06968 ( 1)  0.155  0.070
 570 D   0.96111 0.00001 0.03889 ( 1)  0.126  0.039
 571 S   0.91406 0.00002 0.08592 ( 1)  0.170  0.086
 572 H   0.95328 0.00001 0.04671 ( 1)  0.133  0.047
 573 T   0.94225 0.00001 0.05774 ( 1)  0.144  0.058
 574 A   0.93043 0.00001 0.06955 ( 1)  0.154  0.070
 575 E   0.95189 0.00001 0.04810 ( 1)  0.135  0.048
 576 G   0.90762 0.00002 0.09236 ( 1)  0.176  0.092
 577 D   0.93179 0.00001 0.06819 ( 1)  0.153  0.068
 578 V   0.97366 0.00001 0.02633 ( 1)  0.114  0.026
 579 L   0.90865 0.00002 0.09133 ( 1)  0.175  0.091
 580 A   0.97138 0.00001 0.02861 ( 1)  0.116  0.029
 581 L   0.94129 0.00001 0.05869 ( 1)  0.144  0.059
 582 L   0.96650 0.00001 0.03349 ( 1)  0.121  0.033
 583 S   0.94885 0.00001 0.05114 ( 1)  0.137  0.051
 584 I   0.97264 0.00001 0.02736 ( 1)  0.115  0.027
 585 C   0.86893 0.00003 0.13104 ( 1)  0.212  0.131
 586 Q   0.92805 0.00002 0.07193 ( 1)  0.157  0.072
 587 W   0.90900 0.00002 0.09098 ( 1)  0.174  0.091
 588 R   0.43007 0.00012 0.56981 ( 3)  0.619  0.570
 589 P   0.37401 0.00013 0.62586 ( 3)  0.671  0.626
 590 Q   0.92805 0.00002 0.07193 ( 1)  0.157  0.072
 591 A   0.97053 0.00001 0.02947 ( 1)  0.117  0.029
 592 L   0.93560 0.00001 0.06438 ( 1)  0.150  0.064
 593 L   0.94043 0.00001 0.05956 ( 1)  0.145  0.060
 594 R   0.51403 0.00010 0.48587 ( 1)  0.541  0.486
 595 W   0.90900 0.00002 0.09098 ( 1)  0.174  0.091
 596 V   0.96263 0.00001 0.03736 ( 1)  0.125  0.037
 597 D   0.89976 0.00002 0.10022 ( 1)  0.183  0.100
 598 A   0.90876 0.00002 0.09122 ( 1)  0.175  0.091
 599 H   0.95062 0.00001 0.04937 ( 1)  0.136  0.049
 600 A   0.97138 0.00001 0.02861 ( 1)  0.116  0.029
 601 R   0.11189 0.00019 0.88792 ( 3)  0.914  0.888
 602 P   0.65422 0.00007 0.34571 ( 1)  0.411  0.346
 603 F   0.95779 0.00001 0.04221 ( 1)  0.129  0.042
 604 S   0.64637 0.00008 0.35355 ( 1)  0.418  0.354
 605 T   0.97377 0.00001 0.02622 ( 1)  0.114  0.026
 606 I   0.19761 0.00017 0.80222 ( 3)  0.835  0.802
 607 R   0.10598 0.00019 0.89383 ( 3)  0.920  0.894
 608 P   0.95945 0.00001 0.04054 ( 1)  0.128  0.041
 609 M   0.97643 0.00001 0.02356 ( 1)  0.112  0.024
 610 Y   0.85818 0.00003 0.14179 ( 1)  0.222  0.142
 611 G   0.57988 0.00009 0.42003 ( 1)  0.480  0.420
 612 V   0.76438 0.00005 0.23556 ( 1)  0.309  0.236
 613 T   0.89885 0.00002 0.10113 ( 1)  0.184  0.101
 614 A   0.97138 0.00001 0.02861 ( 1)  0.116  0.029
 615 S   0.06453 0.00019 0.93528 ( 3)  0.958  0.935
 616 A   0.54391 0.00010 0.45599 ( 1)  0.513  0.456
 617 R   0.01094 0.00020 0.98886 ( 3)  1.008  0.989
 618 T   0.97377 0.00001 0.02622 ( 1)  0.114  0.026
 619 K   0.62253 0.00008 0.37739 ( 1)  0.440  0.377
 620 P   0.37084 0.00013 0.62903 ( 3)  0.674  0.629
 621 R   0.87790 0.00003 0.12208 ( 1)  0.203  0.122
 622 P   0.32453 0.00014 0.67533 ( 3)  0.717  0.675
 623 S   0.43519 0.00012 0.56469 ( 3)  0.614  0.565
 624 A   0.91490 0.00002 0.08508 ( 1)  0.169  0.085
 625 V   0.97344 0.00001 0.02656 ( 1)  0.115  0.027
 626 T   0.06334 0.00019 0.93646 ( 3)  0.959  0.936
 627 A   0.00156 0.00020 0.99823 ( 3)  1.017  0.998
 628 T   0.00533 0.00020 0.99446 ( 3)  1.013  0.994
 629 V   0.05859 0.00019 0.94122 ( 3)  0.964  0.941
 630 H   0.09039 0.00019 0.90942 ( 3)  0.934  0.909
 631 L   0.58175 0.00009 0.41816 ( 1)  0.478  0.418
 632 A   0.74408 0.00006 0.25586 ( 1)  0.327  0.256
 633 T   0.41774 0.00012 0.58214 ( 3)  0.630  0.582
 634 T   0.01743 0.00020 0.98237 ( 3)  1.002  0.982
 635 S   0.58973 0.00009 0.41018 ( 1)  0.471  0.410
 636 N   0.94990 0.00001 0.05009 ( 1)  0.136  0.050
 637 V   0.07060 0.00019 0.92921 ( 3)  0.953  0.929
 638 S   0.41998 0.00012 0.57990 ( 3)  0.628  0.580
 639 P   0.01539 0.00020 0.98441 ( 3)  1.004  0.984
 640 S   0.62372 0.00008 0.37620 ( 1)  0.439  0.376
 641 L   0.06100 0.00019 0.93881 ( 3)  0.961  0.939
 642 E   0.00496 0.00020 0.99484 ( 3)  1.013  0.995
 643 G   0.00107 0.00020 0.99872 ( 3)  1.017  0.999
 644 S   0.63486 0.00008 0.36506 ( 1)  0.429  0.365
 645 R   0.94290 0.00001 0.05708 ( 1)  0.143  0.057
 646 R   0.05016 0.00020 0.94964 ( 3)  0.972  0.950
 647 P   0.12617 0.00018 0.87365 ( 3)  0.901  0.874
 648 K   0.58901 0.00009 0.41090 ( 1)  0.471  0.411
 649 D   0.05872 0.00019 0.94109 ( 3)  0.964  0.941
 650 L   0.44344 0.00012 0.55644 ( 3)  0.606  0.556
 651 P   0.34981 0.00014 0.65005 ( 3)  0.693  0.650
 652 P   0.39536 0.00013 0.60451 ( 3)  0.651  0.605
 653 V   0.00001 0.00019 0.99980 ( 3)  1.018  1.000
 654 K   0.01171 0.00020 0.98808 ( 3)  1.007  0.988
 655 D   0.64318 0.00008 0.35674 ( 1)  0.421  0.357
 656 S   0.00562 0.00020 0.99418 ( 3)  1.013  0.994
 657 E   0.00452 0.00020 0.99528 ( 3)  1.014  0.995
 658 A   0.18446 0.00017 0.81537 ( 3)  0.847  0.815
 659 P   0.03704 0.00020 0.96277 ( 3)  0.984  0.963
 660 R   0.01413 0.00020 0.98567 ( 3)  1.005  0.986
 661 R   0.10360 0.00019 0.89621 ( 3)  0.922  0.896
 662 E   0.95189 0.00001 0.04810 ( 1)  0.135  0.048
 663 G   0.59618 0.00009 0.40374 ( 1)  0.465  0.404
 664 L   0.93413 0.00001 0.06585 ( 1)  0.151  0.066
 665 L   0.93823 0.00001 0.06175 ( 1)  0.147  0.062
 666 A   0.68928 0.00007 0.31066 ( 1)  0.378  0.311
 667 P   0.87975 0.00003 0.12022 ( 1)  0.202  0.120
 668 L   0.94043 0.00001 0.05956 ( 1)  0.145  0.060
 669 G   0.89190 0.00002 0.10807 ( 1)  0.190  0.108
 670 L   0.54483 0.00010 0.45507 ( 1)  0.512  0.455
 671 L   0.94043 0.00001 0.05956 ( 1)  0.145  0.060
 672 A   0.96045 0.00001 0.03954 ( 1)  0.127  0.040
 673 V   0.00157 0.00020 0.99823 ( 3)  1.017  0.998
 674 L   0.93943 0.00001 0.06055 ( 1)  0.146  0.061
 675 T   0.97157 0.00001 0.02842 ( 1)  0.116  0.028
 676 L   0.86591 0.00003 0.13406 ( 1)  0.214  0.134
 677 A   0.89526 0.00002 0.10472 ( 1)  0.187  0.105
 678 V   0.46341 0.00011 0.53648 ( 3)  0.588  0.536
 679 A   0.97138 0.00001 0.02861 ( 1)  0.116  0.029
 680 T   0.09360 0.00019 0.90622 ( 3)  0.931  0.906
 681 L   0.92942 0.00002 0.07057 ( 1)  0.155  0.071
 682 Y   0.85818 0.00003 0.14179 ( 1)  0.222  0.142
 683 G   0.86837 0.00003 0.13160 ( 1)  0.212  0.132
 684 L   0.87185 0.00003 0.12812 ( 1)  0.209  0.128
 685 F   0.70710 0.00006 0.29284 ( 1)  0.362  0.293
 686 L   0.94043 0.00001 0.05956 ( 1)  0.145  0.060
 687 A   0.71779 0.00006 0.28215 ( 1)  0.352  0.282
 688 T   0.00519 0.00020 0.99461 ( 3)  1.013  0.995
 689 P   0.90151 0.00002 0.09846 ( 1)  0.181  0.098
 690 G   0.94445 0.00001 0.05554 ( 1)  0.141  0.056
 691 E   0.11084 0.00019 0.88898 ( 3)  0.915  0.889

Positively selected sites

	Prob(w>1)  mean w

    42 -      0.805         0.838
    60 -      0.806         0.838
    70 -      0.803         0.836
    94 -      0.804         0.837
    95 -      0.804         0.836
   122 -      0.805         0.837
   331 L      0.516         0.569
   334 G      0.893         0.918
   416 V      0.781         0.815
   423 N      0.856         0.885
   427 S      0.585         0.633
   431 P      0.557         0.607
   433 I      0.994**       1.013
   436 P      0.569         0.619
   451 G      0.510         0.563
   453 A      0.798         0.831
   456 P      0.577         0.626
   460 E      0.999**       1.017
   466 T      0.565         0.614
   476 C      0.531         0.582
   478 D      0.552         0.602
   490 Q      0.943         0.965
   517 M      0.767         0.802
   521 P      0.819         0.850
   522 S      0.941         0.964
   523 A      0.559         0.609
   534 T      0.927         0.951
   541 R      0.687         0.728
   543 D      0.995**       1.014
   546 S      0.548         0.598
   561 T      0.549         0.599
   567 A      0.987*        1.006
   588 R      0.570         0.619
   589 P      0.626         0.671
   601 R      0.888         0.914
   606 I      0.802         0.835
   607 R      0.894         0.920
   615 S      0.935         0.958
   617 R      0.989*        1.008
   620 P      0.629         0.674
   622 P      0.675         0.717
   623 S      0.565         0.614
   626 T      0.936         0.959
   627 A      0.998**       1.017
   628 T      0.994**       1.013
   629 V      0.941         0.964
   630 H      0.909         0.934
   633 T      0.582         0.630
   634 T      0.982*        1.002
   637 V      0.929         0.953
   638 S      0.580         0.628
   639 P      0.984*        1.004
   641 L      0.939         0.961
   642 E      0.995**       1.013
   643 G      0.999**       1.017
   646 R      0.950         0.972
   647 P      0.874         0.901
   649 D      0.941         0.964
   650 L      0.556         0.606
   651 P      0.650         0.693
   652 P      0.605         0.651
   653 V      1.000**       1.018
   654 K      0.988*        1.007
   656 S      0.994**       1.013
   657 E      0.995**       1.014
   658 A      0.815         0.847
   659 P      0.963*        0.984
   660 R      0.986*        1.005
   661 R      0.896         0.922
   673 V      0.998**       1.017
   678 V      0.536         0.588
   680 T      0.906         0.931
   688 T      0.995**       1.013
   691 E      0.889         0.915


lnL = -5080.273571

Bayes Empirical Bayes (BEB) probabilities for 3 classes (class) & postmean_w
(amino acids refer to 1st sequence: aotNan_TREX1_XM_012467648)

   1 -   0.77665 0.14982 0.07353 ( 1)  0.363 +-  0.471
   2 -   0.77293 0.15172 0.07534 ( 1)  0.368 +-  0.475
   3 -   0.77302 0.15168 0.07530 ( 1)  0.368 +-  0.475
   4 -   0.77528 0.15053 0.07420 ( 1)  0.365 +-  0.473
   5 -   0.77335 0.15151 0.07514 ( 1)  0.367 +-  0.475
   6 -   0.77294 0.15172 0.07534 ( 1)  0.368 +-  0.475
   7 -   0.77599 0.15016 0.07385 ( 1)  0.364 +-  0.472
   8 -   0.77348 0.15145 0.07508 ( 1)  0.367 +-  0.475
   9 -   0.77489 0.15072 0.07439 ( 1)  0.366 +-  0.473
  10 -   0.77483 0.15075 0.07441 ( 1)  0.366 +-  0.473
  11 -   0.77518 0.15058 0.07425 ( 1)  0.365 +-  0.473
  12 -   0.77599 0.15016 0.07385 ( 1)  0.364 +-  0.472
  13 -   0.77379 0.15128 0.07492 ( 1)  0.367 +-  0.474
  14 -   0.77358 0.15139 0.07502 ( 1)  0.367 +-  0.475
  15 -   0.77530 0.15051 0.07418 ( 1)  0.365 +-  0.473
  16 -   0.77316 0.15161 0.07523 ( 1)  0.368 +-  0.475
  17 -   0.77530 0.15051 0.07418 ( 1)  0.365 +-  0.473
  18 -   0.77292 0.15173 0.07535 ( 1)  0.368 +-  0.475
  19 -   0.77528 0.15053 0.07420 ( 1)  0.365 +-  0.473
  20 -   0.77430 0.15102 0.07467 ( 1)  0.366 +-  0.474
  21 -   0.77329 0.15154 0.07517 ( 1)  0.368 +-  0.475
  22 -   0.77541 0.15046 0.07413 ( 1)  0.365 +-  0.473
  23 -   0.77477 0.15079 0.07445 ( 1)  0.366 +-  0.473
  24 -   0.77329 0.15154 0.07517 ( 1)  0.368 +-  0.475
  25 -   0.77483 0.15075 0.07441 ( 1)  0.366 +-  0.473
  26 -   0.77376 0.15130 0.07494 ( 1)  0.367 +-  0.474
  27 -   0.77564 0.15034 0.07402 ( 1)  0.365 +-  0.472
  28 -   0.77316 0.15161 0.07523 ( 1)  0.368 +-  0.475
  29 -   0.77430 0.15102 0.07467 ( 1)  0.366 +-  0.474
  30 -   0.77599 0.15016 0.07385 ( 1)  0.364 +-  0.472
  31 -   0.77530 0.15051 0.07418 ( 1)  0.365 +-  0.473
  32 -   0.77598 0.15017 0.07386 ( 1)  0.364 +-  0.472
  33 -   0.77307 0.15165 0.07528 ( 1)  0.368 +-  0.475
  34 -   0.77489 0.15072 0.07439 ( 1)  0.366 +-  0.473
  35 -   0.77477 0.15079 0.07445 ( 1)  0.366 +-  0.473
  36 -   0.77430 0.15102 0.07467 ( 1)  0.366 +-  0.474
  37 -   0.77430 0.15102 0.07467 ( 1)  0.366 +-  0.474
  38 -   0.77518 0.15058 0.07425 ( 1)  0.365 +-  0.473
  39 -   0.77602 0.15014 0.07384 ( 1)  0.364 +-  0.472
  40 -   0.77316 0.15161 0.07523 ( 1)  0.368 +-  0.475
  41 -   0.77348 0.15145 0.07508 ( 1)  0.367 +-  0.475
  42 -   0.27292 0.40550 0.32158 ( 2)  0.970 +-  0.627
  43 -   0.77294 0.15172 0.07534 ( 1)  0.368 +-  0.475
  44 -   0.77528 0.15053 0.07420 ( 1)  0.365 +-  0.473
  45 -   0.77651 0.14989 0.07360 ( 1)  0.364 +-  0.471
  46 -   0.77489 0.15072 0.07439 ( 1)  0.366 +-  0.473
  47 -   0.77541 0.15046 0.07413 ( 1)  0.365 +-  0.473
  48 -   0.77376 0.15130 0.07494 ( 1)  0.367 +-  0.474
  49 -   0.77351 0.15143 0.07506 ( 1)  0.367 +-  0.475
  50 -   0.77530 0.15051 0.07418 ( 1)  0.365 +-  0.473
  51 -   0.77643 0.14993 0.07364 ( 1)  0.364 +-  0.471
  52 -   0.77383 0.15127 0.07490 ( 1)  0.367 +-  0.474
  53 -   0.77643 0.14993 0.07364 ( 1)  0.364 +-  0.471
  54 -   0.77477 0.15079 0.07445 ( 1)  0.366 +-  0.473
  55 -   0.77653 0.14988 0.07359 ( 1)  0.364 +-  0.471
  56 -   0.77358 0.15139 0.07502 ( 1)  0.367 +-  0.475
  57 -   0.77316 0.15161 0.07523 ( 1)  0.368 +-  0.475
  58 -   0.77379 0.15128 0.07492 ( 1)  0.367 +-  0.474
  59 -   0.77643 0.14993 0.07364 ( 1)  0.364 +-  0.471
  60 -   0.27185 0.40555 0.32260 ( 2)  0.971 +-  0.628
  61 -   0.77335 0.15151 0.07514 ( 1)  0.367 +-  0.475
  62 -   0.77376 0.15130 0.07494 ( 1)  0.367 +-  0.474
  63 -   0.77294 0.15172 0.07534 ( 1)  0.368 +-  0.475
  64 -   0.77354 0.15141 0.07504 ( 1)  0.367 +-  0.475
  65 -   0.77530 0.15051 0.07418 ( 1)  0.365 +-  0.473
  66 -   0.77527 0.15053 0.07420 ( 1)  0.365 +-  0.473
  67 -   0.77599 0.15016 0.07385 ( 1)  0.364 +-  0.472
  68 -   0.77335 0.15151 0.07514 ( 1)  0.367 +-  0.475
  69 -   0.77294 0.15172 0.07534 ( 1)  0.368 +-  0.475
  70 -   0.27612 0.40534 0.31854 ( 2)  0.964 +-  0.626
  71 -   0.77651 0.14989 0.07360 ( 1)  0.364 +-  0.471
  72 -   0.77636 0.14997 0.07367 ( 1)  0.364 +-  0.471
  73 -   0.77480 0.15077 0.07443 ( 1)  0.366 +-  0.473
  74 -   0.77316 0.15161 0.07523 ( 1)  0.368 +-  0.475
  75 -   0.77430 0.15102 0.07467 ( 1)  0.366 +-  0.474
  76 -   0.77527 0.15053 0.07420 ( 1)  0.365 +-  0.473
  77 -   0.77376 0.15130 0.07494 ( 1)  0.367 +-  0.474
  78 -   0.77636 0.14997 0.07367 ( 1)  0.364 +-  0.471
  79 -   0.77315 0.15161 0.07524 ( 1)  0.368 +-  0.475
  80 -   0.77329 0.15154 0.07517 ( 1)  0.368 +-  0.475
  81 -   0.77530 0.15051 0.07418 ( 1)  0.365 +-  0.473
  82 -   0.77602 0.15014 0.07384 ( 1)  0.364 +-  0.472
  83 -   0.77376 0.15130 0.07494 ( 1)  0.367 +-  0.474
  84 -   0.77322 0.15158 0.07520 ( 1)  0.368 +-  0.475
  85 -   0.77572 0.15029 0.07398 ( 1)  0.365 +-  0.472
  86 -   0.77477 0.15079 0.07445 ( 1)  0.366 +-  0.473
  87 -   0.77489 0.15072 0.07439 ( 1)  0.366 +-  0.473
  88 -   0.77591 0.15020 0.07389 ( 1)  0.364 +-  0.472
  89 -   0.77489 0.15072 0.07439 ( 1)  0.366 +-  0.473
  90 -   0.77483 0.15075 0.07441 ( 1)  0.366 +-  0.473
  91 -   0.77376 0.15130 0.07494 ( 1)  0.367 +-  0.474
  92 -   0.77489 0.15072 0.07439 ( 1)  0.366 +-  0.473
  93 -   0.77376 0.15130 0.07494 ( 1)  0.367 +-  0.474
  94 -   0.27439 0.40544 0.32017 ( 2)  0.967 +-  0.626
  95 -   0.27492 0.40541 0.31967 ( 2)  0.966 +-  0.626
  96 -   0.77293 0.15172 0.07534 ( 1)  0.368 +-  0.475
  97 -   0.77294 0.15172 0.07534 ( 1)  0.368 +-  0.475
  98 -   0.77376 0.15130 0.07494 ( 1)  0.367 +-  0.474
  99 -   0.77236 0.15201 0.07562 ( 1)  0.369 +-  0.476
 100 -   0.77518 0.15058 0.07425 ( 1)  0.365 +-  0.473
 101 -   0.77293 0.15172 0.07534 ( 1)  0.368 +-  0.475
 102 -   0.77430 0.15102 0.07467 ( 1)  0.366 +-  0.474
 103 -   0.77651 0.14989 0.07360 ( 1)  0.364 +-  0.471
 104 -   0.77480 0.15077 0.07443 ( 1)  0.366 +-  0.473
 105 -   0.77430 0.15102 0.07467 ( 1)  0.366 +-  0.474
 106 -   0.77379 0.15128 0.07492 ( 1)  0.367 +-  0.474
 107 -   0.77563 0.15034 0.07402 ( 1)  0.365 +-  0.472
 108 -   0.77518 0.15058 0.07425 ( 1)  0.365 +-  0.473
 109 -   0.77430 0.15102 0.07467 ( 1)  0.366 +-  0.474
 110 -   0.77530 0.15051 0.07419 ( 1)  0.365 +-  0.473
 111 -   0.77489 0.15072 0.07439 ( 1)  0.366 +-  0.473
 112 -   0.77344 0.15147 0.07510 ( 1)  0.367 +-  0.475
 113 -   0.77530 0.15051 0.07419 ( 1)  0.365 +-  0.473
 114 -   0.77315 0.15162 0.07524 ( 1)  0.368 +-  0.475
 115 -   0.77299 0.15169 0.07531 ( 1)  0.368 +-  0.475
 116 -   0.77489 0.15072 0.07439 ( 1)  0.366 +-  0.473
 117 -   0.77379 0.15128 0.07492 ( 1)  0.367 +-  0.474
 118 -   0.77352 0.15143 0.07506 ( 1)  0.367 +-  0.475
 119 -   0.77530 0.15051 0.07419 ( 1)  0.365 +-  0.473
 120 -   0.77489 0.15072 0.07439 ( 1)  0.366 +-  0.473
 121 -   0.77572 0.15030 0.07398 ( 1)  0.365 +-  0.472
 122 -   0.27336 0.40548 0.32116 ( 2)  0.969 +-  0.627
 123 -   0.77316 0.15161 0.07523 ( 1)  0.368 +-  0.475
 124 -   0.77339 0.15149 0.07512 ( 1)  0.367 +-  0.475
 125 -   0.77544 0.15045 0.07412 ( 1)  0.365 +-  0.473
 126 -   0.77383 0.15127 0.07490 ( 1)  0.367 +-  0.474
 127 -   0.77588 0.15022 0.07390 ( 1)  0.364 +-  0.472
 128 -   0.77484 0.15075 0.07441 ( 1)  0.366 +-  0.473
 129 -   0.77525 0.15054 0.07421 ( 1)  0.365 +-  0.473
 130 -   0.77465 0.15085 0.07450 ( 1)  0.366 +-  0.473
 131 -   0.77465 0.15085 0.07450 ( 1)  0.366 +-  0.473
 132 -   0.77430 0.15102 0.07467 ( 1)  0.366 +-  0.474
 133 -   0.77236 0.15201 0.07562 ( 1)  0.369 +-  0.476
 134 -   0.77518 0.15058 0.07425 ( 1)  0.365 +-  0.473
 135 -   0.77527 0.15053 0.07420 ( 1)  0.365 +-  0.473
 136 -   0.77431 0.15102 0.07467 ( 1)  0.366 +-  0.474
 137 -   0.77518 0.15058 0.07425 ( 1)  0.365 +-  0.473
 138 -   0.77339 0.15149 0.07512 ( 1)  0.367 +-  0.475
 139 -   0.77599 0.15016 0.07385 ( 1)  0.364 +-  0.472
 140 -   0.77430 0.15102 0.07467 ( 1)  0.366 +-  0.474
 141 -   0.77287 0.15176 0.07537 ( 1)  0.368 +-  0.475
 142 -   0.77339 0.15149 0.07512 ( 1)  0.367 +-  0.475
 143 -   0.77525 0.15054 0.07421 ( 1)  0.365 +-  0.473
 144 -   0.77437 0.15099 0.07464 ( 1)  0.366 +-  0.474
 145 -   0.77465 0.15085 0.07450 ( 1)  0.366 +-  0.473
 146 -   0.77476 0.15079 0.07445 ( 1)  0.366 +-  0.473
 147 -   0.77344 0.15147 0.07510 ( 1)  0.367 +-  0.475
 148 -   0.77643 0.14993 0.07364 ( 1)  0.364 +-  0.471
 149 -   0.77465 0.15085 0.07450 ( 1)  0.366 +-  0.473
 150 -   0.77476 0.15079 0.07445 ( 1)  0.366 +-  0.473
 151 -   0.77292 0.15173 0.07535 ( 1)  0.368 +-  0.475
 152 -   0.77431 0.15102 0.07467 ( 1)  0.366 +-  0.474
 153 -   0.77602 0.15014 0.07384 ( 1)  0.364 +-  0.472
 154 -   0.77541 0.15046 0.07413 ( 1)  0.365 +-  0.473
 155 -   0.77530 0.15051 0.07419 ( 1)  0.365 +-  0.473
 156 -   0.77480 0.15077 0.07443 ( 1)  0.366 +-  0.473
 157 -   0.77588 0.15022 0.07390 ( 1)  0.364 +-  0.472
 158 -   0.77437 0.15099 0.07464 ( 1)  0.366 +-  0.474
 159 -   0.77316 0.15161 0.07523 ( 1)  0.368 +-  0.475
 160 -   0.77651 0.14989 0.07360 ( 1)  0.364 +-  0.471
 161 -   0.78710 0.14438 0.06852 ( 1)  0.351 +-  0.459
 162 -   0.78323 0.14640 0.07037 ( 1)  0.356 +-  0.464
 163 -   0.77786 0.14919 0.07295 ( 1)  0.362 +-  0.470
 164 -   0.77640 0.14995 0.07365 ( 1)  0.364 +-  0.471
 165 -   0.77889 0.14866 0.07245 ( 1)  0.361 +-  0.469
 166 -   0.78191 0.14709 0.07100 ( 1)  0.357 +-  0.465
 167 -   0.77667 0.14981 0.07352 ( 1)  0.363 +-  0.471
 168 -   0.78038 0.14789 0.07173 ( 1)  0.359 +-  0.467
 169 -   0.78323 0.14640 0.07037 ( 1)  0.356 +-  0.464
 170 -   0.78181 0.14715 0.07104 ( 1)  0.357 +-  0.465
 171 -   0.77907 0.14858 0.07236 ( 1)  0.361 +-  0.468
 172 -   0.78517 0.14538 0.06945 ( 1)  0.353 +-  0.461
 173 -   0.78038 0.14789 0.07173 ( 1)  0.359 +-  0.467
 174 -   0.77640 0.14995 0.07365 ( 1)  0.364 +-  0.471
 175 -   0.78181 0.14715 0.07104 ( 1)  0.357 +-  0.465
 176 -   0.77786 0.14919 0.07295 ( 1)  0.362 +-  0.470
 177 -   0.78289 0.14659 0.07053 ( 1)  0.356 +-  0.464
 178 -   0.78710 0.14438 0.06852 ( 1)  0.351 +-  0.459
 179 -   0.78140 0.14737 0.07123 ( 1)  0.358 +-  0.466
 180 -   0.78368 0.14618 0.07014 ( 1)  0.355 +-  0.463
 181 -   0.78140 0.14737 0.07123 ( 1)  0.358 +-  0.466
 182 -   0.77707 0.14960 0.07333 ( 1)  0.363 +-  0.471
 183 -   0.78436 0.14579 0.06985 ( 1)  0.354 +-  0.462
 184 -   0.77786 0.14919 0.07295 ( 1)  0.362 +-  0.470
 185 -   0.78665 0.14460 0.06875 ( 1)  0.352 +-  0.460
 186 -   0.77707 0.14960 0.07333 ( 1)  0.363 +-  0.471
 187 -   0.78525 0.14534 0.06942 ( 1)  0.353 +-  0.461
 188 -   0.77786 0.14919 0.07295 ( 1)  0.362 +-  0.470
 189 -   0.78436 0.14579 0.06985 ( 1)  0.354 +-  0.462
 190 -   0.77830 0.14897 0.07273 ( 1)  0.362 +-  0.469
 191 -   0.78039 0.14788 0.07173 ( 1)  0.359 +-  0.467
 192 -   0.78627 0.14481 0.06892 ( 1)  0.352 +-  0.460
 193 -   0.77379 0.15129 0.07492 ( 1)  0.367 +-  0.474
 194 -   0.77808 0.14908 0.07283 ( 1)  0.362 +-  0.470
 195 -   0.78167 0.14721 0.07112 ( 1)  0.357 +-  0.465
 196 -   0.78323 0.14640 0.07037 ( 1)  0.356 +-  0.464
 197 -   0.77901 0.14860 0.07239 ( 1)  0.361 +-  0.468
 198 -   0.78309 0.14648 0.07043 ( 1)  0.356 +-  0.464
 199 -   0.77808 0.14908 0.07283 ( 1)  0.362 +-  0.470
 200 -   0.78436 0.14579 0.06985 ( 1)  0.354 +-  0.462
 201 -   0.78665 0.14460 0.06875 ( 1)  0.352 +-  0.460
 202 -   0.77707 0.14960 0.07333 ( 1)  0.363 +-  0.471
 203 -   0.78140 0.14737 0.07123 ( 1)  0.358 +-  0.466
 204 -   0.78493 0.14552 0.06955 ( 1)  0.354 +-  0.462
 205 -   0.78130 0.14741 0.07129 ( 1)  0.358 +-  0.466
 206 -   0.77707 0.14960 0.07333 ( 1)  0.363 +-  0.471
 207 -   0.77419 0.15109 0.07473 ( 1)  0.366 +-  0.474
 208 -   0.77213 0.15213 0.07574 ( 1)  0.369 +-  0.476
 209 -   0.77218 0.15211 0.07571 ( 1)  0.369 +-  0.476
 210 -   0.77343 0.15147 0.07510 ( 1)  0.367 +-  0.475
 211 -   0.77236 0.15201 0.07562 ( 1)  0.369 +-  0.476
 212 -   0.77213 0.15213 0.07574 ( 1)  0.369 +-  0.476
 213 -   0.77382 0.15127 0.07491 ( 1)  0.367 +-  0.474
 214 -   0.77243 0.15198 0.07559 ( 1)  0.369 +-  0.476
 215 -   0.77321 0.15158 0.07521 ( 1)  0.368 +-  0.475
 216 -   0.77318 0.15160 0.07522 ( 1)  0.368 +-  0.475
 217 -   0.77337 0.15150 0.07513 ( 1)  0.367 +-  0.475
 218 -   0.77382 0.15127 0.07491 ( 1)  0.367 +-  0.474
 219 -   0.77261 0.15189 0.07550 ( 1)  0.368 +-  0.476
 220 -   0.77249 0.15195 0.07556 ( 1)  0.369 +-  0.476
 221 -   0.77344 0.15146 0.07509 ( 1)  0.367 +-  0.475
 222 -   0.77226 0.15207 0.07567 ( 1)  0.369 +-  0.476
 223 -   0.77344 0.15146 0.07509 ( 1)  0.367 +-  0.475
 224 -   0.77212 0.15214 0.07574 ( 1)  0.369 +-  0.476
 225 -   0.77343 0.15147 0.07510 ( 1)  0.367 +-  0.475
 226 -   0.77289 0.15175 0.07537 ( 1)  0.368 +-  0.475
 227 -   0.77233 0.15203 0.07564 ( 1)  0.369 +-  0.476
 228 -   0.77350 0.15144 0.07507 ( 1)  0.367 +-  0.475
 229 -   0.77314 0.15162 0.07524 ( 1)  0.368 +-  0.475
 230 -   0.77213 0.15213 0.07574 ( 1)  0.369 +-  0.476
 231 -   0.77343 0.15147 0.07510 ( 1)  0.367 +-  0.475
 232 -   0.77259 0.15190 0.07551 ( 1)  0.368 +-  0.476
 233 -   0.77362 0.15137 0.07500 ( 1)  0.367 +-  0.475
 234 -   0.77226 0.15207 0.07567 ( 1)  0.369 +-  0.476
 235 -   0.77289 0.15175 0.07537 ( 1)  0.368 +-  0.475
 236 -   0.77182 0.15229 0.07589 ( 1)  0.369 +-  0.477
 237 -   0.77337 0.15150 0.07513 ( 1)  0.367 +-  0.475
 238 -   0.77342 0.15147 0.07510 ( 1)  0.367 +-  0.475
 239 -   0.77289 0.15174 0.07536 ( 1)  0.368 +-  0.475
 240 -   0.77337 0.15150 0.07513 ( 1)  0.367 +-  0.475
 241 -   0.77238 0.15200 0.07561 ( 1)  0.369 +-  0.476
 242 -   0.77382 0.15127 0.07491 ( 1)  0.367 +-  0.474
 243 -   0.77289 0.15175 0.07537 ( 1)  0.368 +-  0.475
 244 -   0.77342 0.15147 0.07510 ( 1)  0.367 +-  0.475
 245 -   0.77238 0.15200 0.07561 ( 1)  0.369 +-  0.476
 246 -   0.77341 0.15148 0.07511 ( 1)  0.367 +-  0.475
 247 -   0.77293 0.15173 0.07535 ( 1)  0.368 +-  0.475
 248 -   0.77308 0.15165 0.07527 ( 1)  0.368 +-  0.475
 249 -   0.77314 0.15162 0.07524 ( 1)  0.368 +-  0.475
 250 -   0.77241 0.15199 0.07560 ( 1)  0.369 +-  0.476
 251 -   0.77407 0.15114 0.07479 ( 1)  0.367 +-  0.474
 252 -   0.77308 0.15165 0.07527 ( 1)  0.368 +-  0.475
 253 -   0.77314 0.15162 0.07524 ( 1)  0.368 +-  0.475
 254 -   0.77241 0.15199 0.07560 ( 1)  0.369 +-  0.476
 255 -   0.77334 0.15152 0.07514 ( 1)  0.367 +-  0.475
 256 -   0.77115 0.15263 0.07622 ( 1)  0.370 +-  0.477
 257 -   0.77115 0.15263 0.07622 ( 1)  0.370 +-  0.477
 258 -   0.78680 0.14454 0.06866 ( 1)  0.351 +-  0.459
 259 -   0.77876 0.14874 0.07250 ( 1)  0.361 +-  0.469
 260 -   0.78743 0.14421 0.06837 ( 1)  0.351 +-  0.459
 261 -   0.78001 0.14809 0.07190 ( 1)  0.359 +-  0.467
 262 -   0.77905 0.14859 0.07236 ( 1)  0.361 +-  0.468
 263 -   0.78972 0.14300 0.06728 ( 1)  0.348 +-  0.456
 264 -   0.78338 0.14635 0.07028 ( 1)  0.355 +-  0.463
 265 -   0.77882 0.14870 0.07247 ( 1)  0.361 +-  0.469
 266 -   0.79382 0.14083 0.06536 ( 1)  0.343 +-  0.451
 267 -   0.77115 0.15263 0.07622 ( 1)  0.370 +-  0.477
 268 -   0.77115 0.15263 0.07622 ( 1)  0.370 +-  0.477
 269 -   0.77115 0.15263 0.07622 ( 1)  0.370 +-  0.477
 270 -   0.77115 0.15263 0.07622 ( 1)  0.370 +-  0.477
 271 -   0.77115 0.15263 0.07622 ( 1)  0.370 +-  0.477
 272 -   0.77115 0.15263 0.07622 ( 1)  0.370 +-  0.477
 273 -   0.77115 0.15263 0.07622 ( 1)  0.370 +-  0.477
 274 -   0.77115 0.15263 0.07622 ( 1)  0.370 +-  0.477
 275 -   0.77115 0.15263 0.07622 ( 1)  0.370 +-  0.477
 276 -   0.77115 0.15263 0.07622 ( 1)  0.370 +-  0.477
 277 -   0.77115 0.15263 0.07622 ( 1)  0.370 +-  0.477
 278 -   0.77115 0.15263 0.07622 ( 1)  0.370 +-  0.477
 279 -   0.77115 0.15263 0.07622 ( 1)  0.370 +-  0.477
 280 -   0.77115 0.15263 0.07622 ( 1)  0.370 +-  0.477
 281 -   0.77115 0.15263 0.07622 ( 1)  0.370 +-  0.477
 282 -   0.77115 0.15263 0.07622 ( 1)  0.370 +-  0.477
 283 -   0.77115 0.15263 0.07622 ( 1)  0.370 +-  0.477
 284 -   0.77115 0.15263 0.07622 ( 1)  0.370 +-  0.477
 285 -   0.77115 0.15263 0.07622 ( 1)  0.370 +-  0.477
 286 -   0.77115 0.15263 0.07622 ( 1)  0.370 +-  0.477
 287 -   0.77115 0.15263 0.07622 ( 1)  0.370 +-  0.477
 288 -   0.77115 0.15263 0.07622 ( 1)  0.370 +-  0.477
 289 -   0.77115 0.15263 0.07622 ( 1)  0.370 +-  0.477
 290 -   0.77115 0.15263 0.07622 ( 1)  0.370 +-  0.477
 291 -   0.77115 0.15263 0.07622 ( 1)  0.370 +-  0.477
 292 -   0.77115 0.15263 0.07622 ( 1)  0.370 +-  0.477
 293 -   0.77115 0.15263 0.07622 ( 1)  0.370 +-  0.477
 294 -   0.77115 0.15263 0.07622 ( 1)  0.370 +-  0.477
 295 -   0.77115 0.15263 0.07622 ( 1)  0.370 +-  0.477
 296 -   0.77115 0.15263 0.07622 ( 1)  0.370 +-  0.477
 297 -   0.77115 0.15263 0.07622 ( 1)  0.370 +-  0.477
 298 -   0.77115 0.15263 0.07622 ( 1)  0.370 +-  0.477
 299 -   0.77115 0.15263 0.07622 ( 1)  0.370 +-  0.477
 300 -   0.77115 0.15263 0.07622 ( 1)  0.370 +-  0.477
 301 -   0.77115 0.15263 0.07622 ( 1)  0.370 +-  0.477
 302 -   0.77115 0.15263 0.07622 ( 1)  0.370 +-  0.477
 303 -   0.77115 0.15263 0.07622 ( 1)  0.370 +-  0.477
 304 -   0.77115 0.15263 0.07622 ( 1)  0.370 +-  0.477
 305 -   0.77115 0.15263 0.07622 ( 1)  0.370 +-  0.477
 306 -   0.77115 0.15263 0.07622 ( 1)  0.370 +-  0.477
 307 -   0.77115 0.15263 0.07622 ( 1)  0.370 +-  0.477
 308 -   0.77115 0.15263 0.07622 ( 1)  0.370 +-  0.477
 309 -   0.77115 0.15263 0.07622 ( 1)  0.370 +-  0.477
 310 -   0.77115 0.15263 0.07622 ( 1)  0.370 +-  0.477
 311 -   0.77115 0.15263 0.07622 ( 1)  0.370 +-  0.477
 312 -   0.77115 0.15263 0.07622 ( 1)  0.370 +-  0.477
 313 -   0.77115 0.15263 0.07622 ( 1)  0.370 +-  0.477
 314 -   0.77115 0.15263 0.07622 ( 1)  0.370 +-  0.477
 315 -   0.77115 0.15263 0.07622 ( 1)  0.370 +-  0.477
 316 -   0.77115 0.15263 0.07622 ( 1)  0.370 +-  0.477
 317 -   0.77115 0.15263 0.07622 ( 1)  0.370 +-  0.477
 318 -   0.77115 0.15263 0.07622 ( 1)  0.370 +-  0.477
 319 -   0.77115 0.15263 0.07622 ( 1)  0.370 +-  0.477
 320 -   0.77115 0.15263 0.07622 ( 1)  0.370 +-  0.477
 321 -   0.77115 0.15263 0.07622 ( 1)  0.370 +-  0.477
 322 -   0.77115 0.15263 0.07622 ( 1)  0.370 +-  0.477
 323 -   0.77115 0.15263 0.07622 ( 1)  0.370 +-  0.477
 324 -   0.77115 0.15263 0.07622 ( 1)  0.370 +-  0.477
 325 -   0.77115 0.15263 0.07622 ( 1)  0.370 +-  0.477
 326 M   0.98327 0.01495 0.00178 ( 1)  0.138 +-  0.129
 327 G   0.96671 0.02845 0.00485 ( 1)  0.155 +-  0.179
 328 S   0.95599 0.03692 0.00709 ( 1)  0.165 +-  0.206
 329 Q   0.94686 0.04384 0.00930 ( 1)  0.175 +-  0.226
 330 A   0.97943 0.01801 0.00256 ( 1)  0.142 +-  0.143
 331 L   0.60626 0.29582 0.09792 ( 1)  0.528 +-  0.512
 332 P   0.75574 0.20149 0.04278 ( 1)  0.366 +-  0.426
 333 P   0.66848 0.25931 0.07221 ( 1)  0.459 +-  0.481
 334 G   0.25173 0.50096 0.24731 ( 2)  0.918 +-  0.508
 335 P   0.97128 0.02464 0.00408 ( 1)  0.150 +-  0.167
 336 M   0.98367 0.01461 0.00172 ( 1)  0.138 +-  0.128
 337 Q   0.94791 0.04306 0.00903 ( 1)  0.174 +-  0.224
 338 T   0.98172 0.01620 0.00208 ( 1)  0.140 +-  0.135
 339 L   0.78503 0.18116 0.03380 ( 1)  0.335 +-  0.402
 340 I   0.98096 0.01688 0.00215 ( 1)  0.141 +-  0.137
 341 F   0.95922 0.03446 0.00632 ( 1)  0.162 +-  0.198
 342 F   0.63896 0.27908 0.08196 ( 1)  0.490 +-  0.494
 343 D   0.97265 0.02373 0.00363 ( 1)  0.149 +-  0.163
 344 M   0.76552 0.19607 0.03841 ( 1)  0.355 +-  0.416
 345 E   0.96590 0.02915 0.00495 ( 1)  0.155 +-  0.181
 346 A   0.97134 0.02470 0.00397 ( 1)  0.150 +-  0.167
 347 T   0.93468 0.05287 0.01245 ( 1)  0.187 +-  0.251
 348 G   0.96049 0.03332 0.00619 ( 1)  0.161 +-  0.195
 349 L   0.93084 0.05532 0.01384 ( 1)  0.191 +-  0.259
 350 P   0.96543 0.02927 0.00531 ( 1)  0.156 +-  0.183
 351 F   0.97091 0.02523 0.00386 ( 1)  0.150 +-  0.167
 352 S   0.74745 0.20929 0.04327 ( 1)  0.373 +-  0.429
 353 -   0.77115 0.15263 0.07622 ( 1)  0.370 +-  0.477
 354 -   0.77115 0.15263 0.07622 ( 1)  0.370 +-  0.477
 355 -   0.77115 0.15263 0.07622 ( 1)  0.370 +-  0.477
 356 -   0.77115 0.15263 0.07622 ( 1)  0.370 +-  0.477
 357 -   0.77115 0.15263 0.07622 ( 1)  0.370 +-  0.477
 358 -   0.77115 0.15263 0.07622 ( 1)  0.370 +-  0.477
 359 -   0.77115 0.15263 0.07622 ( 1)  0.370 +-  0.477
 360 -   0.77115 0.15263 0.07622 ( 1)  0.370 +-  0.477
 361 -   0.77115 0.15263 0.07622 ( 1)  0.370 +-  0.477
 362 -   0.77115 0.15263 0.07622 ( 1)  0.370 +-  0.477
 363 -   0.77115 0.15263 0.07622 ( 1)  0.370 +-  0.477
 364 -   0.77115 0.15263 0.07622 ( 1)  0.370 +-  0.477
 365 -   0.77115 0.15263 0.07622 ( 1)  0.370 +-  0.477
 366 -   0.77115 0.15263 0.07622 ( 1)  0.370 +-  0.477
 367 -   0.77115 0.15263 0.07622 ( 1)  0.370 +-  0.477
 368 -   0.77115 0.15263 0.07622 ( 1)  0.370 +-  0.477
 369 -   0.77115 0.15263 0.07622 ( 1)  0.370 +-  0.477
 370 -   0.77115 0.15263 0.07622 ( 1)  0.370 +-  0.477
 371 -   0.77115 0.15263 0.07622 ( 1)  0.370 +-  0.477
 372 -   0.77115 0.15263 0.07622 ( 1)  0.370 +-  0.477
 373 -   0.77115 0.15263 0.07622 ( 1)  0.370 +-  0.477
 374 -   0.77115 0.15263 0.07622 ( 1)  0.370 +-  0.477
 375 -   0.77115 0.15263 0.07622 ( 1)  0.370 +-  0.477
 376 -   0.77115 0.15263 0.07622 ( 1)  0.370 +-  0.477
 377 -   0.77115 0.15263 0.07622 ( 1)  0.370 +-  0.477
 378 -   0.77115 0.15263 0.07622 ( 1)  0.370 +-  0.477
 379 -   0.77115 0.15263 0.07622 ( 1)  0.370 +-  0.477
 380 -   0.77115 0.15263 0.07622 ( 1)  0.370 +-  0.477
 381 -   0.77115 0.15263 0.07622 ( 1)  0.370 +-  0.477
 382 -   0.77115 0.15263 0.07622 ( 1)  0.370 +-  0.477
 383 -   0.77115 0.15263 0.07622 ( 1)  0.370 +-  0.477
 384 -   0.77115 0.15263 0.07622 ( 1)  0.370 +-  0.477
 385 -   0.77115 0.15263 0.07622 ( 1)  0.370 +-  0.477
 386 -   0.77115 0.15263 0.07622 ( 1)  0.370 +-  0.477
 387 -   0.77115 0.15263 0.07622 ( 1)  0.370 +-  0.477
 388 -   0.77115 0.15263 0.07622 ( 1)  0.370 +-  0.477
 389 -   0.77115 0.15263 0.07622 ( 1)  0.370 +-  0.477
 390 -   0.77115 0.15263 0.07622 ( 1)  0.370 +-  0.477
 391 -   0.77115 0.15263 0.07622 ( 1)  0.370 +-  0.477
 392 -   0.77115 0.15263 0.07622 ( 1)  0.370 +-  0.477
 393 -   0.77115 0.15263 0.07622 ( 1)  0.370 +-  0.477
 394 -   0.77115 0.15263 0.07622 ( 1)  0.370 +-  0.477
 395 -   0.77115 0.15263 0.07622 ( 1)  0.370 +-  0.477
 396 -   0.77115 0.15263 0.07622 ( 1)  0.370 +-  0.477
 397 -   0.77115 0.15263 0.07622 ( 1)  0.370 +-  0.477
 398 -   0.77115 0.15263 0.07622 ( 1)  0.370 +-  0.477
 399 -   0.77115 0.15263 0.07622 ( 1)  0.370 +-  0.477
 400 -   0.77115 0.15263 0.07622 ( 1)  0.370 +-  0.477
 401 -   0.77115 0.15263 0.07622 ( 1)  0.370 +-  0.477
 402 -   0.77115 0.15263 0.07622 ( 1)  0.370 +-  0.477
 403 -   0.77115 0.15263 0.07622 ( 1)  0.370 +-  0.477
 404 -   0.77115 0.15263 0.07622 ( 1)  0.370 +-  0.477
 405 Q   0.94791 0.04306 0.00903 ( 1)  0.174 +-  0.224
 406 P   0.96941 0.02620 0.00440 ( 1)  0.152 +-  0.172
 407 K   0.96024 0.03367 0.00610 ( 1)  0.161 +-  0.195
 408 V   0.98162 0.01627 0.00212 ( 1)  0.140 +-  0.135
 409 T   0.97392 0.02265 0.00342 ( 1)  0.147 +-  0.159
 410 E   0.96310 0.03137 0.00553 ( 1)  0.158 +-  0.188
 411 L   0.95721 0.03585 0.00694 ( 1)  0.164 +-  0.203
 412 C   0.95692 0.03629 0.00679 ( 1)  0.164 +-  0.203
 413 L   0.95412 0.03824 0.00764 ( 1)  0.167 +-  0.210
 414 L   0.95395 0.03833 0.00771 ( 1)  0.168 +-  0.211
 415 A   0.95453 0.03767 0.00780 ( 1)  0.167 +-  0.210
 416 V   0.42883 0.44032 0.13085 ( 2)  0.701 +-  0.511
 417 H   0.96690 0.02834 0.00476 ( 1)  0.154 +-  0.179
 418 R   0.90417 0.07436 0.02147 ( 1)  0.219 +-  0.304
 419 C   0.90408 0.07445 0.02147 ( 1)  0.219 +-  0.304
 420 A   0.97991 0.01762 0.00247 ( 1)  0.142 +-  0.141
 421 L   0.95721 0.03585 0.00694 ( 1)  0.164 +-  0.203
 422 E   0.96590 0.02915 0.00495 ( 1)  0.155 +-  0.181
 423 N   0.32039 0.48449 0.19512 ( 2)  0.829 +-  0.513
 424 P   0.76495 0.19476 0.04029 ( 1)  0.356 +-  0.419
 425 P   0.96243 0.03168 0.00589 ( 1)  0.159 +-  0.191
 426 T   0.82249 0.15323 0.02429 ( 1)  0.296 +-  0.369
 427 S   0.54254 0.32906 0.12840 ( 1)  0.601 +-  0.537
 428 Q   0.94488 0.04533 0.00979 ( 1)  0.177 +-  0.230
 429 G   0.95517 0.03744 0.00738 ( 1)  0.166 +-  0.208
 430 P   0.90918 0.07076 0.02006 ( 1)  0.214 +-  0.297
 431 P   0.56752 0.31512 0.11736 ( 1)  0.573 +-  0.530
 432 P   0.68405 0.25374 0.06221 ( 1)  0.440 +-  0.467
 433 I   0.02041 0.48283 0.49677 ( 3)  1.289 +-  0.430
 434 V   0.94946 0.04177 0.00877 ( 1)  0.172 +-  0.221
 435 P   0.94934 0.04156 0.00910 ( 1)  0.172 +-  0.222
 436 P   0.55565 0.32085 0.12350 ( 1)  0.587 +-  0.535
 437 P   0.90918 0.07076 0.02006 ( 1)  0.214 +-  0.297
 438 P   0.95418 0.03803 0.00780 ( 1)  0.167 +-  0.211
 439 R   0.90211 0.07566 0.02223 ( 1)  0.221 +-  0.308
 440 V   0.97643 0.02059 0.00298 ( 1)  0.145 +-  0.152
 441 V   0.78235 0.18349 0.03416 ( 1)  0.337 +-  0.404
 442 D   0.97265 0.02373 0.00363 ( 1)  0.149 +-  0.163
 443 K   0.96024 0.03367 0.00610 ( 1)  0.161 +-  0.195
 444 L   0.97062 0.02524 0.00413 ( 1)  0.151 +-  0.169
 445 S   0.97379 0.02285 0.00336 ( 1)  0.148 +-  0.159
 446 L   0.95721 0.03585 0.00694 ( 1)  0.164 +-  0.203
 447 C   0.91374 0.06782 0.01844 ( 1)  0.209 +-  0.288
 448 V   0.97643 0.02059 0.00298 ( 1)  0.145 +-  0.152
 449 A   0.93318 0.05385 0.01297 ( 1)  0.189 +-  0.254
 450 P   0.95434 0.03804 0.00762 ( 1)  0.167 +-  0.210
 451 G   0.61179 0.29277 0.09544 ( 1)  0.522 +-  0.509
 452 K   0.95635 0.03667 0.00698 ( 1)  0.165 +-  0.205
 453 A   0.40283 0.44766 0.14951 ( 2)  0.734 +-  0.517
 454 C   0.94114 0.04818 0.01068 ( 1)  0.180 +-  0.238
 455 S   0.96981 0.02606 0.00413 ( 1)  0.151 +-  0.171
 456 P   0.54890 0.32469 0.12641 ( 1)  0.595 +-  0.536
 457 A   0.92191 0.06193 0.01616 ( 1)  0.201 +-  0.275
 458 A   0.97991 0.01762 0.00247 ( 1)  0.142 +-  0.141
 459 I   0.70534 0.23762 0.05704 ( 1)  0.418 +-  0.457
 460 E   0.00691 0.50684 0.48625 ( 2)  1.282 +-  0.379
 461 I   0.97882 0.01868 0.00250 ( 1)  0.143 +-  0.144
 462 T   0.92381 0.06069 0.01550 ( 1)  0.199 +-  0.271
 463 G   0.91920 0.06385 0.01695 ( 1)  0.203 +-  0.279
 464 L   0.95672 0.03622 0.00706 ( 1)  0.165 +-  0.204
 465 S   0.96981 0.02606 0.00413 ( 1)  0.151 +-  0.171
 466 T   0.56190 0.31936 0.11873 ( 1)  0.579 +-  0.530
 467 A   0.93271 0.05419 0.01311 ( 1)  0.189 +-  0.255
 468 V   0.97414 0.02246 0.00339 ( 1)  0.147 +-  0.159
 469 L   0.95721 0.03585 0.00694 ( 1)  0.164 +-  0.203
 470 A   0.92191 0.06193 0.01616 ( 1)  0.201 +-  0.275
 471 A   0.94383 0.04605 0.01011 ( 1)  0.178 +-  0.233
 472 H   0.91817 0.06470 0.01714 ( 1)  0.204 +-  0.281
 473 G   0.96024 0.03355 0.00621 ( 1)  0.161 +-  0.196
 474 R   0.90211 0.07566 0.02223 ( 1)  0.221 +-  0.308
 475 Q   0.91029 0.07017 0.01954 ( 1)  0.213 +-  0.294
 476 C   0.59414 0.30301 0.10285 ( 1)  0.541 +-  0.516
 477 F   0.96417 0.03060 0.00523 ( 1)  0.157 +-  0.185
 478 D   0.57407 0.31331 0.11262 ( 1)  0.565 +-  0.525
 479 D   0.97265 0.02373 0.00363 ( 1)  0.149 +-  0.163
 480 N   0.71975 0.22804 0.05221 ( 1)  0.403 +-  0.448
 481 L   0.66467 0.26147 0.07386 ( 1)  0.463 +-  0.483
 482 A   0.73109 0.22220 0.04670 ( 1)  0.390 +-  0.438
 483 N   0.96802 0.02751 0.00447 ( 1)  0.153 +-  0.175
 484 L   0.95681 0.03616 0.00704 ( 1)  0.165 +-  0.204
 485 L   0.97603 0.02088 0.00309 ( 1)  0.145 +-  0.153
 486 L   0.89832 0.07819 0.02349 ( 1)  0.226 +-  0.314
 487 A   0.97991 0.01762 0.00247 ( 1)  0.142 +-  0.141
 488 F   0.97091 0.02523 0.00386 ( 1)  0.150 +-  0.167
 489 L   0.95305 0.03902 0.00793 ( 1)  0.168 +-  0.213
 490 Q   0.13316 0.49862 0.36822 ( 2)  1.101 +-  0.496
 491 R   0.95911 0.03440 0.00648 ( 1)  0.162 +-  0.198
 492 Q   0.94791 0.04306 0.00903 ( 1)  0.174 +-  0.224
 493 P   0.91743 0.06495 0.01762 ( 1)  0.205 +-  0.283
 494 Q   0.94791 0.04306 0.00903 ( 1)  0.174 +-  0.224
 495 P   0.97185 0.02419 0.00396 ( 1)  0.150 +-  0.166
 496 W   0.93316 0.05407 0.01276 ( 1)  0.189 +-  0.253
 497 C   0.95388 0.03862 0.00750 ( 1)  0.167 +-  0.210
 498 L   0.96765 0.02760 0.00475 ( 1)  0.154 +-  0.177
 499 V   0.97643 0.02059 0.00298 ( 1)  0.145 +-  0.152
 500 A   0.92660 0.05857 0.01483 ( 1)  0.196 +-  0.266
 501 H   0.96690 0.02834 0.00476 ( 1)  0.154 +-  0.179
 502 N   0.93176 0.05493 0.01330 ( 1)  0.190 +-  0.256
 503 G   0.91345 0.06792 0.01863 ( 1)  0.209 +-  0.289
 504 D   0.97265 0.02373 0.00363 ( 1)  0.149 +-  0.163
 505 R   0.95911 0.03440 0.00648 ( 1)  0.162 +-  0.198
 506 Y   0.94286 0.04694 0.01020 ( 1)  0.179 +-  0.234
 507 D   0.97265 0.02373 0.00363 ( 1)  0.149 +-  0.163
 508 F   0.97091 0.02523 0.00386 ( 1)  0.150 +-  0.167
 509 P   0.97185 0.02419 0.00396 ( 1)  0.150 +-  0.166
 510 L   0.95331 0.03883 0.00787 ( 1)  0.168 +-  0.212
 511 L   0.97460 0.02205 0.00335 ( 1)  0.147 +-  0.157
 512 Q   0.92506 0.05968 0.01526 ( 1)  0.197 +-  0.269
 513 A   0.92697 0.05830 0.01472 ( 1)  0.195 +-  0.266
 514 E   0.96590 0.02915 0.00495 ( 1)  0.155 +-  0.181
 515 L   0.95412 0.03824 0.00764 ( 1)  0.167 +-  0.210
 516 A   0.93956 0.04910 0.01133 ( 1)  0.182 +-  0.242
 517 M   0.44612 0.43309 0.12079 ( 1)  0.681 +-  0.508
 518 L   0.95696 0.03604 0.00700 ( 1)  0.164 +-  0.204
 519 G   0.96731 0.02797 0.00472 ( 1)  0.154 +-  0.178
 520 L   0.95979 0.03397 0.00624 ( 1)  0.162 +-  0.197
 521 P   0.37299 0.45913 0.16788 ( 2)  0.769 +-  0.519
 522 S   0.14264 0.50864 0.34872 ( 2)  1.077 +-  0.488
 523 A   0.56667 0.31628 0.11705 ( 1)  0.574 +-  0.529
 524 L   0.95721 0.03585 0.00694 ( 1)  0.164 +-  0.203
 525 D   0.92541 0.05960 0.01500 ( 1)  0.197 +-  0.268
 526 G   0.91921 0.06384 0.01695 ( 1)  0.203 +-  0.279
 527 A   0.97991 0.01762 0.00247 ( 1)  0.142 +-  0.141
 528 F   0.97091 0.02523 0.00386 ( 1)  0.150 +-  0.167
 529 C   0.91924 0.06396 0.01680 ( 1)  0.203 +-  0.279
 530 V   0.72779 0.22193 0.05028 ( 1)  0.395 +-  0.444
 531 D   0.92541 0.05960 0.01500 ( 1)  0.197 +-  0.268
 532 S   0.96981 0.02606 0.00413 ( 1)  0.151 +-  0.171
 533 I   0.97900 0.01853 0.00247 ( 1)  0.142 +-  0.143
 534 T   0.17664 0.51139 0.31197 ( 2)  1.022 +-  0.493
 535 A   0.95922 0.03413 0.00665 ( 1)  0.162 +-  0.199
 536 L   0.95412 0.03824 0.00764 ( 1)  0.167 +-  0.210
 537 K   0.96024 0.03367 0.00610 ( 1)  0.161 +-  0.195
 538 A   0.97991 0.01762 0.00247 ( 1)  0.142 +-  0.141
 539 L   0.68892 0.24703 0.06405 ( 1)  0.437 +-  0.469
 540 E   0.94637 0.04430 0.00933 ( 1)  0.175 +-  0.227
 541 R   0.43030 0.37303 0.19666 ( 1)  0.741 +-  0.575
 542 A   0.95741 0.03548 0.00711 ( 1)  0.164 +-  0.203
 543 D   0.01728 0.49553 0.48719 ( 2)  1.279 +-  0.408
 544 S   0.74983 0.20749 0.04268 ( 1)  0.371 +-  0.427
 545 P   0.96969 0.02594 0.00437 ( 1)  0.152 +-  0.172
 546 S   0.57720 0.31079 0.11202 ( 1)  0.562 +-  0.525
 547 E   0.62335 0.28664 0.09001 ( 1)  0.509 +-  0.503
 548 H   0.95633 0.03664 0.00703 ( 1)  0.165 +-  0.205
 549 G   0.96731 0.02797 0.00472 ( 1)  0.154 +-  0.178
 550 P   0.90918 0.07076 0.02006 ( 1)  0.214 +-  0.297
 551 R   0.95881 0.03475 0.00644 ( 1)  0.163 +-  0.199
 552 K   0.96024 0.03367 0.00610 ( 1)  0.161 +-  0.195
 553 S   0.96981 0.02606 0.00413 ( 1)  0.151 +-  0.171
 554 Y   0.94959 0.04190 0.00851 ( 1)  0.172 +-  0.220
 555 S   0.96981 0.02606 0.00413 ( 1)  0.151 +-  0.171
 556 L   0.91937 0.06370 0.01693 ( 1)  0.203 +-  0.279
 557 G   0.96731 0.02797 0.00472 ( 1)  0.154 +-  0.178
 558 S   0.75398 0.20461 0.04141 ( 1)  0.367 +-  0.424
 559 I   0.98097 0.01688 0.00215 ( 1)  0.141 +-  0.137
 560 Y   0.95000 0.04159 0.00841 ( 1)  0.171 +-  0.219
 561 T   0.57559 0.31103 0.11337 ( 1)  0.564 +-  0.526
 562 R   0.95911 0.03440 0.00648 ( 1)  0.162 +-  0.198
 563 L   0.95884 0.03455 0.00660 ( 1)  0.163 +-  0.199
 564 Y   0.91951 0.06372 0.01677 ( 1)  0.203 +-  0.279
 565 G   0.95674 0.03629 0.00697 ( 1)  0.165 +-  0.204
 566 K   0.65383 0.26942 0.07675 ( 1)  0.474 +-  0.487
 567 A   0.05133 0.54798 0.40069 ( 2)  1.184 +-  0.405
 568 P   0.94589 0.04421 0.00991 ( 1)  0.176 +-  0.229
 569 P   0.94942 0.04173 0.00884 ( 1)  0.172 +-  0.221
 570 D   0.97265 0.02373 0.00363 ( 1)  0.149 +-  0.163
 571 S   0.93715 0.05116 0.01169 ( 1)  0.185 +-  0.246
 572 H   0.96690 0.02834 0.00476 ( 1)  0.154 +-  0.179
 573 T   0.95877 0.03480 0.00643 ( 1)  0.163 +-  0.199
 574 A   0.94941 0.04165 0.00894 ( 1)  0.172 +-  0.221
 575 E   0.96590 0.02915 0.00495 ( 1)  0.155 +-  0.181
 576 G   0.93185 0.05485 0.01330 ( 1)  0.190 +-  0.256
 577 D   0.95068 0.04088 0.00844 ( 1)  0.171 +-  0.218
 578 V   0.98162 0.01627 0.00212 ( 1)  0.140 +-  0.135
 579 L   0.93274 0.05426 0.01300 ( 1)  0.189 +-  0.254
 580 A   0.97991 0.01762 0.00247 ( 1)  0.142 +-  0.141
 581 L   0.95782 0.03534 0.00683 ( 1)  0.164 +-  0.202
 582 L   0.97647 0.02052 0.00301 ( 1)  0.145 +-  0.152
 583 S   0.96365 0.03094 0.00541 ( 1)  0.158 +-  0.187
 584 I   0.98097 0.01688 0.00215 ( 1)  0.141 +-  0.137
 585 C   0.90046 0.07691 0.02263 ( 1)  0.223 +-  0.310
 586 Q   0.94791 0.04306 0.00903 ( 1)  0.174 +-  0.224
 587 W   0.93316 0.05407 0.01276 ( 1)  0.189 +-  0.253
 588 R   0.55686 0.32166 0.12148 ( 1)  0.585 +-  0.532
 589 P   0.49823 0.34662 0.15515 ( 1)  0.656 +-  0.556
 590 Q   0.94791 0.04306 0.00903 ( 1)  0.174 +-  0.224
 591 A   0.97929 0.01813 0.00258 ( 1)  0.142 +-  0.143
 592 L   0.95355 0.03866 0.00778 ( 1)  0.168 +-  0.212
 593 L   0.95721 0.03585 0.00694 ( 1)  0.164 +-  0.203
 594 R   0.63313 0.28086 0.08601 ( 1)  0.498 +-  0.499
 595 W   0.93316 0.05407 0.01276 ( 1)  0.189 +-  0.253
 596 V   0.97370 0.02282 0.00347 ( 1)  0.148 +-  0.160
 597 D   0.92573 0.05937 0.01491 ( 1)  0.196 +-  0.267
 598 A   0.93271 0.05419 0.01310 ( 1)  0.189 +-  0.255
 599 H   0.96492 0.02990 0.00518 ( 1)  0.156 +-  0.184
 600 A   0.97991 0.01762 0.00247 ( 1)  0.142 +-  0.141
 601 R   0.26222 0.50050 0.23728 ( 2)  0.903 +-  0.507
 602 P   0.74541 0.20890 0.04568 ( 1)  0.377 +-  0.433
 603 F   0.97033 0.02569 0.00398 ( 1)  0.151 +-  0.169
 604 S   0.74044 0.21333 0.04623 ( 1)  0.381 +-  0.435
 605 T   0.98172 0.01620 0.00208 ( 1)  0.140 +-  0.135
 606 I   0.40207 0.45290 0.14503 ( 2)  0.731 +-  0.513
 607 R   0.25007 0.50280 0.24713 ( 2)  0.919 +-  0.506
 608 P   0.97123 0.02468 0.00409 ( 1)  0.150 +-  0.168
 609 M   0.98367 0.01461 0.00172 ( 1)  0.138 +-  0.128
 610 Y   0.89134 0.08297 0.02569 ( 1)  0.233 +-  0.324
 611 G   0.68781 0.24769 0.06450 ( 1)  0.438 +-  0.469
 612 V   0.82800 0.14878 0.02322 ( 1)  0.291 +-  0.364
 613 T   0.92495 0.05989 0.01516 ( 1)  0.197 +-  0.269
 614 A   0.97991 0.01762 0.00247 ( 1)  0.142 +-  0.141
 615 S   0.15724 0.51070 0.33205 ( 2)  1.053 +-  0.489
 616 A   0.65768 0.26570 0.07662 ( 1)  0.471 +-  0.487
 617 R   0.04532 0.55156 0.40312 ( 2)  1.188 +-  0.389
 618 T   0.98172 0.01620 0.00208 ( 1)  0.140 +-  0.135
 619 K   0.72282 0.22606 0.05112 ( 1)  0.400 +-  0.446
 620 P   0.49597 0.34854 0.15549 ( 1)  0.658 +-  0.555
 621 R   0.90785 0.07183 0.02032 ( 1)  0.215 +-  0.298
 622 P   0.44777 0.37014 0.18209 ( 1)  0.716 +-  0.565
 623 S   0.56256 0.31953 0.11790 ( 1)  0.578 +-  0.529
 624 A   0.93758 0.05065 0.01176 ( 1)  0.184 +-  0.245
 625 V   0.98146 0.01640 0.00214 ( 1)  0.140 +-  0.136
 626 T   0.15408 0.50995 0.33597 ( 2)  1.058 +-  0.489
 627 A   0.00905 0.50585 0.48511 ( 2)  1.284 +-  0.396
 628 T   0.01938 0.48669 0.49393 ( 3)  1.287 +-  0.428
 629 V   0.14137 0.50634 0.35229 ( 2)  1.082 +-  0.491
 630 H   0.21748 0.50867 0.27385 ( 2)  0.963 +-  0.500
 631 L   0.68956 0.24681 0.06363 ( 1)  0.436 +-  0.468
 632 A   0.81272 0.16010 0.02718 ( 1)  0.307 +-  0.379
 633 T   0.54504 0.32755 0.12741 ( 1)  0.598 +-  0.536
 634 T   0.07456 0.57406 0.35138 ( 2)  1.127 +-  0.396
 635 S   0.69694 0.24301 0.06004 ( 1)  0.427 +-  0.462
 636 N   0.96448 0.03033 0.00520 ( 1)  0.157 +-  0.185
 637 V   0.17171 0.51094 0.31735 ( 2)  1.030 +-  0.492
 638 S   0.54756 0.32663 0.12581 ( 1)  0.595 +-  0.535
 639 P   0.06508 0.56730 0.36762 ( 2)  1.146 +-  0.394
 640 S   0.72377 0.22544 0.05079 ( 1)  0.399 +-  0.445
 641 L   0.14783 0.50829 0.34388 ( 2)  1.069 +-  0.490
 642 E   0.01739 0.47279 0.50982 ( 3)  1.306 +-  0.447
 643 G   0.00622 0.49446 0.49932 ( 3)  1.295 +-  0.392
 644 S   0.73218 0.21955 0.04826 ( 1)  0.390 +-  0.440
 645 R   0.95923 0.03442 0.00635 ( 1)  0.162 +-  0.198
 646 R   0.12051 0.50265 0.37684 ( 2)  1.117 +-  0.488
 647 P   0.28792 0.49209 0.21998 ( 2)  0.871 +-  0.512
 648 K   0.69632 0.24337 0.06030 ( 1)  0.428 +-  0.463
 649 D   0.14207 0.50731 0.35062 ( 2)  1.079 +-  0.490
 650 L   0.56953 0.31525 0.11523 ( 1)  0.570 +-  0.527
 651 P   0.47695 0.35960 0.16345 ( 1)  0.679 +-  0.556
 652 P   0.52154 0.33745 0.14101 ( 1)  0.627 +-  0.546
 653 V   0.00007 0.32321 0.67672 ( 3)  1.458 +-  0.492
 654 K   0.04922 0.55813 0.39265 ( 2)  1.176 +-  0.386
 655 D   0.73783 0.21498 0.04719 ( 1)  0.384 +-  0.437
 656 S   0.02028 0.48586 0.49385 ( 3)  1.288 +-  0.434
 657 E   0.01547 0.46188 0.52265 ( 3)  1.320 +-  0.455
 658 A   0.37676 0.45602 0.16722 ( 2)  0.766 +-  0.521
 659 P   0.08732 0.49031 0.42237 ( 2)  1.181 +-  0.487
 660 R   0.05796 0.55465 0.38739 ( 2)  1.169 +-  0.405
 661 R   0.24549 0.50410 0.25042 ( 2)  0.925 +-  0.505
 662 E   0.96590 0.02915 0.00495 ( 1)  0.155 +-  0.181
 663 G   0.70120 0.23944 0.05936 ( 1)  0.423 +-  0.461
 664 L   0.95239 0.03951 0.00809 ( 1)  0.169 +-  0.214
 665 L   0.95556 0.03713 0.00731 ( 1)  0.166 +-  0.207
 666 A   0.77071 0.18983 0.03946 ( 1)  0.351 +-  0.416
 667 P   0.90918 0.07076 0.02006 ( 1)  0.214 +-  0.297
 668 L   0.95721 0.03585 0.00694 ( 1)  0.164 +-  0.203
 669 G   0.91921 0.06384 0.01695 ( 1)  0.203 +-  0.279
 670 L   0.65871 0.26532 0.07597 ( 1)  0.470 +-  0.486
 671 L   0.95721 0.03585 0.00694 ( 1)  0.164 +-  0.203
 672 A   0.97196 0.02410 0.00394 ( 1)  0.149 +-  0.165
 673 V   0.01011 0.54141 0.44848 ( 2)  1.246 +-  0.351
 674 L   0.95645 0.03643 0.00712 ( 1)  0.165 +-  0.205
 675 T   0.98015 0.01751 0.00234 ( 1)  0.141 +-  0.140
 676 L   0.89784 0.07861 0.02355 ( 1)  0.226 +-  0.314
 677 A   0.92191 0.06193 0.01616 ( 1)  0.201 +-  0.275
 678 V   0.58865 0.30585 0.10550 ( 1)  0.548 +-  0.518
 679 A   0.97991 0.01762 0.00247 ( 1)  0.142 +-  0.141
 680 T   0.21929 0.50113 0.27958 ( 2)  0.967 +-  0.509
 681 L   0.94875 0.04225 0.00900 ( 1)  0.173 +-  0.222
 682 Y   0.89134 0.08297 0.02569 ( 1)  0.233 +-  0.324
 683 G   0.89982 0.07721 0.02296 ( 1)  0.224 +-  0.311
 684 L   0.90266 0.07524 0.02210 ( 1)  0.221 +-  0.307
 685 F   0.78702 0.18099 0.03200 ( 1)  0.332 +-  0.399
 686 L   0.95721 0.03585 0.00694 ( 1)  0.164 +-  0.203
 687 A   0.79267 0.17450 0.03283 ( 1)  0.328 +-  0.397
 688 T   0.01860 0.48136 0.50004 ( 3)  1.294 +-  0.434
 689 P   0.92680 0.05833 0.01487 ( 1)  0.196 +-  0.266
 690 G   0.96030 0.03351 0.00619 ( 1)  0.161 +-  0.196
 691 E   0.25890 0.49968 0.24141 ( 2)  0.908 +-  0.509

Positively selected sites

	Prob(w>1)  mean w

   642 E      0.510         1.306 +- 0.447
   653 V      0.677         1.458 +- 0.492
   657 E      0.523         1.320 +- 0.455
   688 T      0.500         1.294 +- 0.434

