Supplemental results for CODEML (seqf: algn  treef: tree)


dN/dS (w) for site classes (K=2)

p:   0.83259  0.16741
w:   0.04670  1.00000

Naive Empirical Bayes (NEB) probabilities for 2 classes & postmean_w
(amino acids refer to 1st sequence: calJac_ISG20_XM_002749142)

   1 -   0.83259 0.16741 ( 1)  0.206
   2 -   0.83259 0.16741 ( 1)  0.206
   3 -   0.83259 0.16741 ( 1)  0.206
   4 -   0.83259 0.16741 ( 1)  0.206
   5 -   0.83259 0.16741 ( 1)  0.206
   6 -   0.83259 0.16741 ( 1)  0.206
   7 -   0.83259 0.16741 ( 1)  0.206
   8 -   0.83259 0.16741 ( 1)  0.206
   9 -   0.83259 0.16741 ( 1)  0.206
  10 -   0.83259 0.16741 ( 1)  0.206
  11 -   0.83259 0.16741 ( 1)  0.206
  12 -   0.83259 0.16741 ( 1)  0.206
  13 -   0.83259 0.16741 ( 1)  0.206
  14 -   0.83259 0.16741 ( 1)  0.206
  15 -   0.83259 0.16741 ( 1)  0.206
  16 -   0.83259 0.16741 ( 1)  0.206
  17 -   0.83259 0.16741 ( 1)  0.206
  18 -   0.83259 0.16741 ( 1)  0.206
  19 -   0.83259 0.16741 ( 1)  0.206
  20 -   0.83259 0.16741 ( 1)  0.206
  21 -   0.83259 0.16741 ( 1)  0.206
  22 -   0.83259 0.16741 ( 1)  0.206
  23 -   0.83259 0.16741 ( 1)  0.206
  24 -   0.83259 0.16741 ( 1)  0.206
  25 -   0.83259 0.16741 ( 1)  0.206
  26 -   0.83259 0.16741 ( 1)  0.206
  27 -   0.83259 0.16741 ( 1)  0.206
  28 -   0.83259 0.16741 ( 1)  0.206
  29 -   0.83259 0.16741 ( 1)  0.206
  30 -   0.83259 0.16741 ( 1)  0.206
  31 -   0.83259 0.16741 ( 1)  0.206
  32 -   0.83259 0.16741 ( 1)  0.206
  33 -   0.83259 0.16741 ( 1)  0.206
  34 -   0.83259 0.16741 ( 1)  0.206
  35 -   0.83259 0.16741 ( 1)  0.206
  36 -   0.83259 0.16741 ( 1)  0.206
  37 -   0.83259 0.16741 ( 1)  0.206
  38 -   0.83259 0.16741 ( 1)  0.206
  39 -   0.83259 0.16741 ( 1)  0.206
  40 -   0.83259 0.16741 ( 1)  0.206
  41 -   0.83259 0.16741 ( 1)  0.206
  42 -   0.83259 0.16741 ( 1)  0.206
  43 -   0.83259 0.16741 ( 1)  0.206
  44 -   0.83259 0.16741 ( 1)  0.206
  45 -   0.83259 0.16741 ( 1)  0.206
  46 -   0.83259 0.16741 ( 1)  0.206
  47 -   0.83259 0.16741 ( 1)  0.206
  48 -   0.83259 0.16741 ( 1)  0.206
  49 -   0.83259 0.16741 ( 1)  0.206
  50 -   0.83259 0.16741 ( 1)  0.206
  51 -   0.83259 0.16741 ( 1)  0.206
  52 -   0.83259 0.16741 ( 1)  0.206
  53 -   0.83259 0.16741 ( 1)  0.206
  54 -   0.83259 0.16741 ( 1)  0.206
  55 -   0.83259 0.16741 ( 1)  0.206
  56 -   0.83259 0.16741 ( 1)  0.206
  57 -   0.83259 0.16741 ( 1)  0.206
  58 -   0.83259 0.16741 ( 1)  0.206
  59 -   0.83259 0.16741 ( 1)  0.206
  60 -   0.83259 0.16741 ( 1)  0.206
  61 -   0.83259 0.16741 ( 1)  0.206
  62 -   0.83259 0.16741 ( 1)  0.206
  63 -   0.83259 0.16741 ( 1)  0.206
  64 -   0.83259 0.16741 ( 1)  0.206
  65 -   0.83259 0.16741 ( 1)  0.206
  66 -   0.83259 0.16741 ( 1)  0.206
  67 -   0.83259 0.16741 ( 1)  0.206
  68 -   0.83259 0.16741 ( 1)  0.206
  69 -   0.83259 0.16741 ( 1)  0.206
  70 -   0.83259 0.16741 ( 1)  0.206
  71 -   0.83259 0.16741 ( 1)  0.206
  72 -   0.83259 0.16741 ( 1)  0.206
  73 -   0.83259 0.16741 ( 1)  0.206
  74 -   0.83259 0.16741 ( 1)  0.206
  75 -   0.83259 0.16741 ( 1)  0.206
  76 -   0.83259 0.16741 ( 1)  0.206
  77 -   0.83259 0.16741 ( 1)  0.206
  78 -   0.83259 0.16741 ( 1)  0.206
  79 -   0.83259 0.16741 ( 1)  0.206
  80 -   0.83259 0.16741 ( 1)  0.206
  81 -   0.83259 0.16741 ( 1)  0.206
  82 -   0.83259 0.16741 ( 1)  0.206
  83 -   0.83259 0.16741 ( 1)  0.206
  84 -   0.83259 0.16741 ( 1)  0.206
  85 -   0.83259 0.16741 ( 1)  0.206
  86 -   0.83259 0.16741 ( 1)  0.206
  87 -   0.83259 0.16741 ( 1)  0.206
  88 -   0.83259 0.16741 ( 1)  0.206
  89 -   0.83259 0.16741 ( 1)  0.206
  90 -   0.83259 0.16741 ( 1)  0.206
  91 -   0.83259 0.16741 ( 1)  0.206
  92 -   0.83259 0.16741 ( 1)  0.206
  93 -   0.83259 0.16741 ( 1)  0.206
  94 -   0.83259 0.16741 ( 1)  0.206
  95 -   0.83259 0.16741 ( 1)  0.206
  96 -   0.83259 0.16741 ( 1)  0.206
  97 -   0.83259 0.16741 ( 1)  0.206
  98 -   0.83259 0.16741 ( 1)  0.206
  99 -   0.83259 0.16741 ( 1)  0.206
 100 -   0.83259 0.16741 ( 1)  0.206
 101 -   0.83259 0.16741 ( 1)  0.206
 102 -   0.83259 0.16741 ( 1)  0.206
 103 -   0.83259 0.16741 ( 1)  0.206
 104 -   0.83259 0.16741 ( 1)  0.206
 105 -   0.83259 0.16741 ( 1)  0.206
 106 -   0.83259 0.16741 ( 1)  0.206
 107 -   0.83259 0.16741 ( 1)  0.206
 108 -   0.83259 0.16741 ( 1)  0.206
 109 -   0.83259 0.16741 ( 1)  0.206
 110 -   0.83259 0.16741 ( 1)  0.206
 111 -   0.83259 0.16741 ( 1)  0.206
 112 -   0.83259 0.16741 ( 1)  0.206
 113 -   0.83259 0.16741 ( 1)  0.206
 114 -   0.83259 0.16741 ( 1)  0.206
 115 -   0.83259 0.16741 ( 1)  0.206
 116 -   0.83259 0.16741 ( 1)  0.206
 117 -   0.83259 0.16741 ( 1)  0.206
 118 M   0.99821 0.00179 ( 1)  0.048
 119 A   0.94927 0.05073 ( 1)  0.095
 120 G   0.99605 0.00395 ( 1)  0.050
 121 S   0.35444 0.64556 ( 2)  0.662
 122 R   0.93712 0.06288 ( 1)  0.107
 123 E   0.86005 0.13995 ( 1)  0.180
 124 V   0.73591 0.26409 ( 1)  0.298
 125 V   0.99518 0.00482 ( 1)  0.051
 126 A   0.99412 0.00588 ( 1)  0.052
 127 M   0.95178 0.04822 ( 1)  0.093
 128 D   0.99648 0.00352 ( 1)  0.050
 129 C   0.97592 0.02408 ( 1)  0.070
 130 E   0.99745 0.00255 ( 1)  0.049
 131 M   0.99821 0.00179 ( 1)  0.048
 132 V   0.99518 0.00482 ( 1)  0.051
 133 G   0.99176 0.00824 ( 1)  0.055
 134 L   0.73968 0.26032 ( 1)  0.295
 135 G   0.99625 0.00375 ( 1)  0.050
 136 P   0.80061 0.19939 ( 1)  0.237
 137 L   0.01450 0.98550 ( 2)  0.986
 138 R   0.98787 0.01213 ( 1)  0.058
 139 E   0.94486 0.05514 ( 1)  0.099
 140 S   0.99594 0.00406 ( 1)  0.051
 141 G   0.99442 0.00558 ( 1)  0.052
 142 L   0.98285 0.01715 ( 1)  0.063
 143 A   0.95100 0.04900 ( 1)  0.093
 144 R   0.94940 0.05060 ( 1)  0.095
 145 C   0.98950 0.01050 ( 1)  0.057
 146 S   0.99670 0.00330 ( 1)  0.050
 147 L   0.74170 0.25830 ( 1)  0.293
 148 V   0.99518 0.00482 ( 1)  0.051
 149 N   0.99706 0.00294 ( 1)  0.050
 150 V   0.00051 0.99949 ( 2)  1.000
 151 Y   0.15099 0.84901 ( 2)  0.856
 152 G   0.97201 0.02799 ( 1)  0.073
 153 A   0.00137 0.99863 ( 2)  0.999
 154 V   0.99431 0.00569 ( 1)  0.052
 155 L   0.98721 0.01279 ( 1)  0.059
 156 Y   0.99020 0.00980 ( 1)  0.056
 157 D   0.99749 0.00251 ( 1)  0.049
 158 K   0.99565 0.00435 ( 1)  0.051
 159 F   0.99327 0.00673 ( 1)  0.053
 160 I   0.99688 0.00312 ( 1)  0.050
 161 R   0.82558 0.17442 ( 1)  0.213
 162 P   0.96699 0.03301 ( 1)  0.078
 163 E   0.99745 0.00255 ( 1)  0.049
 164 G   0.98647 0.01353 ( 1)  0.060
 165 E   0.94594 0.05406 ( 1)  0.098
 166 I   0.99688 0.00312 ( 1)  0.050
 167 T   0.99354 0.00646 ( 1)  0.053
 168 D   0.97235 0.02765 ( 1)  0.073
 169 Y   0.99053 0.00947 ( 1)  0.056
 170 R   0.95562 0.04438 ( 1)  0.089
 171 T   0.99254 0.00746 ( 1)  0.054
 172 R   0.99023 0.00977 ( 1)  0.056
 173 V   0.99473 0.00527 ( 1)  0.052
 174 S   0.99533 0.00467 ( 1)  0.051
 175 G   0.99634 0.00366 ( 1)  0.050
 176 V   0.99473 0.00527 ( 1)  0.052
 177 T   0.99387 0.00613 ( 1)  0.053
 178 P   0.94534 0.05466 ( 1)  0.099
 179 Q   0.07383 0.92617 ( 2)  0.930
 180 H   0.99458 0.00542 ( 1)  0.052
 181 M   0.99821 0.00179 ( 1)  0.048
 182 V   0.99518 0.00482 ( 1)  0.051
 183 G   0.89463 0.10537 ( 1)  0.147
 184 A   0.99586 0.00414 ( 1)  0.051
 185 T   0.92838 0.07162 ( 1)  0.115
 186 P   0.52620 0.47380 ( 1)  0.498
 187 F   0.95408 0.04592 ( 1)  0.090
 188 A   0.98653 0.01347 ( 1)  0.060
 189 V   0.99518 0.00482 ( 1)  0.051
 190 A   0.99586 0.00414 ( 1)  0.051
 191 R   0.99468 0.00532 ( 1)  0.052
 192 L   0.38127 0.61873 ( 2)  0.637
 193 E   0.99745 0.00255 ( 1)  0.049
 194 -   0.83259 0.16741 ( 1)  0.206
 195 -   0.83259 0.16741 ( 1)  0.206
 196 -   0.83259 0.16741 ( 1)  0.206
 197 -   0.83259 0.16741 ( 1)  0.206
 198 -   0.83259 0.16741 ( 1)  0.206
 199 -   0.83259 0.16741 ( 1)  0.206
 200 -   0.83259 0.16741 ( 1)  0.206
 201 -   0.83259 0.16741 ( 1)  0.206
 202 -   0.83259 0.16741 ( 1)  0.206
 203 -   0.83259 0.16741 ( 1)  0.206
 204 -   0.83259 0.16741 ( 1)  0.206
 205 -   0.83259 0.16741 ( 1)  0.206
 206 -   0.83259 0.16741 ( 1)  0.206
 207 -   0.83259 0.16741 ( 1)  0.206
 208 -   0.83259 0.16741 ( 1)  0.206
 209 -   0.83259 0.16741 ( 1)  0.206
 210 -   0.83259 0.16741 ( 1)  0.206
 211 -   0.83259 0.16741 ( 1)  0.206
 212 -   0.83259 0.16741 ( 1)  0.206
 213 -   0.83259 0.16741 ( 1)  0.206
 214 -   0.83259 0.16741 ( 1)  0.206
 215 -   0.83259 0.16741 ( 1)  0.206
 216 -   0.83259 0.16741 ( 1)  0.206
 217 -   0.83259 0.16741 ( 1)  0.206
 218 -   0.83259 0.16741 ( 1)  0.206
 219 -   0.83259 0.16741 ( 1)  0.206
 220 -   0.83259 0.16741 ( 1)  0.206
 221 -   0.83259 0.16741 ( 1)  0.206
 222 -   0.83259 0.16741 ( 1)  0.206
 223 -   0.83259 0.16741 ( 1)  0.206
 224 -   0.83259 0.16741 ( 1)  0.206
 225 -   0.83259 0.16741 ( 1)  0.206
 226 -   0.83259 0.16741 ( 1)  0.206
 227 -   0.83259 0.16741 ( 1)  0.206
 228 -   0.83259 0.16741 ( 1)  0.206
 229 -   0.83259 0.16741 ( 1)  0.206
 230 -   0.83259 0.16741 ( 1)  0.206
 231 -   0.83259 0.16741 ( 1)  0.206
 232 -   0.83259 0.16741 ( 1)  0.206
 233 -   0.83259 0.16741 ( 1)  0.206
 234 -   0.83259 0.16741 ( 1)  0.206
 235 -   0.83259 0.16741 ( 1)  0.206
 236 -   0.83259 0.16741 ( 1)  0.206
 237 -   0.83259 0.16741 ( 1)  0.206
 238 -   0.83259 0.16741 ( 1)  0.206
 239 -   0.83259 0.16741 ( 1)  0.206
 240 -   0.83259 0.16741 ( 1)  0.206
 241 -   0.83259 0.16741 ( 1)  0.206
 242 -   0.83259 0.16741 ( 1)  0.206
 243 -   0.83259 0.16741 ( 1)  0.206
 244 -   0.83259 0.16741 ( 1)  0.206
 245 -   0.83259 0.16741 ( 1)  0.206
 246 -   0.83609 0.16391 ( 1)  0.203
 247 -   0.83359 0.16641 ( 1)  0.205
 248 -   0.83305 0.16695 ( 1)  0.206
 249 -   0.83297 0.16703 ( 1)  0.206
 250 -   0.83354 0.16646 ( 1)  0.205
 251 -   0.83547 0.16453 ( 1)  0.204
 252 -   0.83542 0.16458 ( 1)  0.204
 253 -   0.83542 0.16458 ( 1)  0.204
 254 -   0.83540 0.16460 ( 1)  0.204
 255 -   0.83305 0.16695 ( 1)  0.206
 256 -   0.83540 0.16460 ( 1)  0.204
 257 -   0.83344 0.16656 ( 1)  0.205
 258 -   0.83312 0.16688 ( 1)  0.206
 259 -   0.83330 0.16670 ( 1)  0.206
 260 -   0.83330 0.16670 ( 1)  0.206
 261 -   0.83497 0.16503 ( 1)  0.204
 262 -   0.83359 0.16641 ( 1)  0.205
 263 -   0.83392 0.16608 ( 1)  0.205
 264 -   0.83392 0.16608 ( 1)  0.205
 265 -   0.83324 0.16676 ( 1)  0.206
 266 -   0.83345 0.16655 ( 1)  0.205
 267 -   0.83373 0.16627 ( 1)  0.205
 268 -   0.83541 0.16459 ( 1)  0.204
 269 -   0.83492 0.16508 ( 1)  0.204
 270 -   0.83334 0.16666 ( 1)  0.206
 271 -   0.83334 0.16666 ( 1)  0.206
 272 -   0.83440 0.16560 ( 1)  0.205
 273 -   0.83441 0.16559 ( 1)  0.205
 274 -   0.83375 0.16625 ( 1)  0.205
 275 -   0.83465 0.16535 ( 1)  0.204
 276 -   0.83319 0.16681 ( 1)  0.206
 277 -   0.83542 0.16458 ( 1)  0.204
 278 -   0.83297 0.16703 ( 1)  0.206
 279 -   0.19109 0.80891 ( 2)  0.818
 280 -   0.83557 0.16443 ( 1)  0.203
 281 -   0.83492 0.16508 ( 1)  0.204
 282 -   0.83297 0.16703 ( 1)  0.206
 283 -   0.83542 0.16458 ( 1)  0.204
 284 -   0.83542 0.16458 ( 1)  0.204
 285 -   0.83392 0.16608 ( 1)  0.205
 286 -   0.83465 0.16535 ( 1)  0.204
 287 -   0.83423 0.16577 ( 1)  0.205
 288 -   0.83330 0.16670 ( 1)  0.206
 289 -   0.83541 0.16459 ( 1)  0.204
 290 -   0.83557 0.16443 ( 1)  0.203
 291 -   0.83491 0.16509 ( 1)  0.204
 292 -   0.83557 0.16443 ( 1)  0.203
 293 -   0.83491 0.16509 ( 1)  0.204
 294 -   0.83508 0.16492 ( 1)  0.204
 295 -   0.83492 0.16508 ( 1)  0.204
 296 -   0.83569 0.16431 ( 1)  0.203
 297 -   0.83609 0.16391 ( 1)  0.203
 298 -   0.83440 0.16560 ( 1)  0.205
 299 -   0.83354 0.16646 ( 1)  0.205
 300 -   0.83367 0.16633 ( 1)  0.205
 301 -   0.83332 0.16668 ( 1)  0.206
 302 -   0.83560 0.16440 ( 1)  0.203
 303 -   0.83547 0.16453 ( 1)  0.204
 304 -   0.83552 0.16448 ( 1)  0.203
 305 -   0.83324 0.16676 ( 1)  0.206
 306 -   0.83331 0.16669 ( 1)  0.206
 307 -   0.83330 0.16670 ( 1)  0.206
 308 -   0.83334 0.16666 ( 1)  0.206
 309 -   0.83552 0.16448 ( 1)  0.203
 310 -   0.83492 0.16508 ( 1)  0.204
 311 I   0.99688 0.00312 ( 1)  0.050
 312 L   0.98286 0.01714 ( 1)  0.063
 313 Q   0.99184 0.00816 ( 1)  0.054
 314 L   0.98954 0.01046 ( 1)  0.057
 315 L   0.98286 0.01714 ( 1)  0.063
 316 K   0.48804 0.51196 ( 2)  0.535
 317 G   0.99598 0.00402 ( 1)  0.051
 318 K   0.99704 0.00296 ( 1)  0.050
 319 L   0.98286 0.01714 ( 1)  0.063
 320 V   0.99518 0.00482 ( 1)  0.051
 321 V   0.99518 0.00482 ( 1)  0.051
 322 G   0.95949 0.04051 ( 1)  0.085
 323 H   0.96611 0.03389 ( 1)  0.079
 324 D   0.99694 0.00306 ( 1)  0.050
 325 L   0.98286 0.01714 ( 1)  0.063
 326 K   0.99704 0.00296 ( 1)  0.050
 327 H   0.99338 0.00662 ( 1)  0.053
 328 D   0.99749 0.00251 ( 1)  0.049
 329 F   0.99327 0.00673 ( 1)  0.053
 330 R   0.00010 0.99990 ( 2)  1.000
 331 A   0.99120 0.00880 ( 1)  0.055
 332 L   0.98286 0.01714 ( 1)  0.063
 333 K   0.96752 0.03248 ( 1)  0.078
 334 E   0.99745 0.00255 ( 1)  0.049
 335 D   0.94639 0.05361 ( 1)  0.098
 336 M   0.99821 0.00179 ( 1)  0.048
 337 S   0.04171 0.95829 ( 2)  0.960
 338 G   0.34226 0.65774 ( 2)  0.674
 339 Y   0.98883 0.01117 ( 1)  0.057
 340 A   0.19510 0.80490 ( 2)  0.814
 341 I   0.99688 0.00312 ( 1)  0.050
 342 Y   0.96613 0.03387 ( 1)  0.079
 343 D   0.99749 0.00251 ( 1)  0.049
 344 T   0.99431 0.00569 ( 1)  0.052
 345 S   0.98141 0.01859 ( 1)  0.064
 346 T   0.00440 0.99560 ( 2)  0.996
 347 D   0.99744 0.00256 ( 1)  0.049
 348 M   0.37556 0.62444 ( 2)  0.642
 349 V   0.74267 0.25733 ( 1)  0.292
 350 L   0.98130 0.01870 ( 1)  0.065
 351 R   0.70898 0.29102 ( 1)  0.324
 352 R   0.69897 0.30103 ( 1)  0.334
 353 E   0.99745 0.00255 ( 1)  0.049
 354 A   0.99586 0.00414 ( 1)  0.051
 355 K   0.99614 0.00386 ( 1)  0.050
 356 L   0.97825 0.02175 ( 1)  0.067
 357 D   0.94315 0.05685 ( 1)  0.101
 358 H   0.85686 0.14314 ( 1)  0.183
 359 C   0.98730 0.01270 ( 1)  0.059
 360 R   0.74292 0.25708 ( 1)  0.292
 361 R   0.98825 0.01175 ( 1)  0.058
 362 V   0.90189 0.09811 ( 1)  0.140
 363 S   0.98141 0.01859 ( 1)  0.064
 364 L   0.98286 0.01714 ( 1)  0.063
 365 R   0.98722 0.01278 ( 1)  0.059
 366 V   0.99319 0.00681 ( 1)  0.053
 367 L   0.98289 0.01711 ( 1)  0.063
 368 S   0.14014 0.85986 ( 2)  0.866
 369 E   0.90831 0.09169 ( 1)  0.134
 370 R   0.99197 0.00803 ( 1)  0.054
 371 L   0.98954 0.01046 ( 1)  0.057
 372 L   0.98268 0.01732 ( 1)  0.063
 373 H   0.99458 0.00542 ( 1)  0.052
 374 K   0.38727 0.61273 ( 2)  0.631
 375 S   0.39836 0.60164 ( 2)  0.620
 376 I   0.99688 0.00312 ( 1)  0.050
 377 Q   0.99184 0.00816 ( 1)  0.054
 378 N   0.99679 0.00321 ( 1)  0.050
 379 S   0.99636 0.00364 ( 1)  0.050
 380 L   0.02302 0.97698 ( 2)  0.978
 381 H   0.03288 0.96712 ( 2)  0.969
 382 G   0.95086 0.04914 ( 1)  0.094
 383 H   0.99409 0.00591 ( 1)  0.052
 384 S   0.99636 0.00364 ( 1)  0.050
 385 S   0.96813 0.03187 ( 1)  0.077
 386 V   0.99470 0.00530 ( 1)  0.052
 387 E   0.97990 0.02010 ( 1)  0.066
 388 D   0.97572 0.02428 ( 1)  0.070
 389 A   0.99549 0.00451 ( 1)  0.051
 390 R   0.02142 0.97858 ( 2)  0.980
 391 A   0.97201 0.02799 ( 1)  0.073
 392 T   0.99080 0.00920 ( 1)  0.055
 393 M   0.99799 0.00201 ( 1)  0.049
 394 E   0.99717 0.00283 ( 1)  0.049
 395 L   0.98470 0.01530 ( 1)  0.061
 396 Y   0.98906 0.01094 ( 1)  0.057
 397 Q   0.02959 0.97041 ( 2)  0.972
 398 I   0.78114 0.21886 ( 1)  0.255
 399 S   0.98040 0.01960 ( 1)  0.065
 400 Q   0.79638 0.20362 ( 1)  0.241
 401 R   0.93628 0.06372 ( 1)  0.107
 402 I   0.99559 0.00441 ( 1)  0.051
 403 R   0.94767 0.05233 ( 1)  0.097
 404 A   0.00003 0.99997 ( 2)  1.000
 405 R   0.99133 0.00867 ( 1)  0.055
 406 R   0.28285 0.71715 ( 2)  0.730
 407 G   0.98290 0.01710 ( 1)  0.063
 408 L   0.95738 0.04262 ( 1)  0.087
 409 P   0.00311 0.99689 ( 2)  0.997
 410 R   0.97209 0.02791 ( 1)  0.073
 411 L   0.95738 0.04262 ( 1)  0.087
 412 A   0.92628 0.07372 ( 1)  0.117
 413 V   0.06704 0.93296 ( 2)  0.936
 414 S   0.25611 0.74389 ( 2)  0.756
 415 D   0.00002 0.99998 ( 2)  1.000
 416 -   0.83259 0.16741 ( 1)  0.206
 417 -   0.83259 0.16741 ( 1)  0.206
 418 -   0.83259 0.16741 ( 1)  0.206
 419 -   0.83259 0.16741 ( 1)  0.206
 420 -   0.83259 0.16741 ( 1)  0.206
 421 -   0.83259 0.16741 ( 1)  0.206
 422 -   0.85072 0.14928 ( 1)  0.189
 423 -   0.85125 0.14875 ( 1)  0.189
 424 -   0.85072 0.14928 ( 1)  0.189
 425 -   0.85487 0.14513 ( 1)  0.185
 426 -   0.84561 0.15439 ( 1)  0.194
 427 -   0.83632 0.16368 ( 1)  0.203
 428 -   0.83994 0.16006 ( 1)  0.199
 429 -   0.83862 0.16138 ( 1)  0.201
 430 -   0.83989 0.16011 ( 1)  0.199
 431 -   0.83863 0.16137 ( 1)  0.201
 432 -   0.85324 0.14676 ( 1)  0.187
 433 -   0.84561 0.15439 ( 1)  0.194
 434 -   0.84981 0.15019 ( 1)  0.190
 435 -   0.84981 0.15019 ( 1)  0.190
 436 -   0.19665 0.80335 ( 2)  0.813
 437 -   0.85430 0.14570 ( 1)  0.186
 438 -   0.84687 0.15313 ( 1)  0.193
 439 -   0.85648 0.14352 ( 1)  0.184
 440 -   0.84981 0.15019 ( 1)  0.190
 441 -   0.83832 0.16168 ( 1)  0.201
 442 -   0.83989 0.16011 ( 1)  0.199
 443 -   0.83970 0.16030 ( 1)  0.200
 444 -   0.83994 0.16006 ( 1)  0.199
 445 -   0.83994 0.16006 ( 1)  0.199
 446 -   0.83862 0.16138 ( 1)  0.201
 447 -   0.85449 0.14551 ( 1)  0.185
 448 -   0.83907 0.16093 ( 1)  0.200
 449 -   0.20865 0.79135 ( 2)  0.801
 450 -   0.83838 0.16162 ( 1)  0.201
 451 -   0.85430 0.14570 ( 1)  0.186


lnL = -3048.571580

