Supplemental results for CODEML (seqf: algn  treef: tree)


dN/dS (w) for site classes (K=2)

p:   0.54845  0.45155
w:   0.12921  1.00000

Naive Empirical Bayes (NEB) probabilities for 2 classes & postmean_w
(amino acids refer to 1st sequence: aotNan_HERC5_XM_021673250)

   1 -   0.76566 0.23434 ( 1)  0.333
   2 -   0.66558 0.33442 ( 1)  0.420
   3 -   0.68379 0.31621 ( 1)  0.405
   4 -   0.58339 0.41661 ( 1)  0.492
   5 -   0.59505 0.40495 ( 1)  0.482
   6 -   0.58302 0.41698 ( 1)  0.492
   7 -   0.58453 0.41547 ( 1)  0.491
   8 -   0.58279 0.41721 ( 1)  0.493
   9 -   0.15941 0.84059 ( 2)  0.861
  10 -   0.61573 0.38427 ( 1)  0.464
  11 -   0.14536 0.85464 ( 2)  0.873
  12 -   0.58852 0.41148 ( 1)  0.488
  13 -   0.59464 0.40536 ( 1)  0.482
  14 -   0.59374 0.40626 ( 1)  0.483
  15 -   0.59187 0.40813 ( 1)  0.485
  16 -   0.61573 0.38427 ( 1)  0.464
  17 -   0.59798 0.40202 ( 1)  0.479
  18 -   0.16157 0.83843 ( 2)  0.859
  19 -   0.58055 0.41945 ( 1)  0.494
  20 -   0.59117 0.40883 ( 1)  0.485
  21 -   0.15373 0.84627 ( 2)  0.866
  22 -   0.60810 0.39190 ( 1)  0.470
  23 -   0.15582 0.84418 ( 2)  0.864
  24 -   0.60107 0.39893 ( 1)  0.477
  25 -   0.57694 0.42306 ( 1)  0.498
  26 -   0.02198 0.97802 ( 2)  0.981
  27 -   0.57695 0.42305 ( 1)  0.498
  28 -   0.58121 0.41879 ( 1)  0.494
  29 -   0.58874 0.41126 ( 1)  0.487
  30 -   0.58823 0.41177 ( 1)  0.488
  31 -   0.54845 0.45155 ( 1)  0.522
  32 -   0.54845 0.45155 ( 1)  0.522
  33 -   0.54845 0.45155 ( 1)  0.522
  34 -   0.54845 0.45155 ( 1)  0.522
  35 -   0.54845 0.45155 ( 1)  0.522
  36 -   0.54845 0.45155 ( 1)  0.522
  37 -   0.54845 0.45155 ( 1)  0.522
  38 -   0.54845 0.45155 ( 1)  0.522
  39 -   0.54845 0.45155 ( 1)  0.522
  40 -   0.54845 0.45155 ( 1)  0.522
  41 -   0.54845 0.45155 ( 1)  0.522
  42 -   0.54845 0.45155 ( 1)  0.522
  43 -   0.54845 0.45155 ( 1)  0.522
  44 -   0.54845 0.45155 ( 1)  0.522
  45 -   0.54845 0.45155 ( 1)  0.522
  46 -   0.54845 0.45155 ( 1)  0.522
  47 -   0.54845 0.45155 ( 1)  0.522
  48 -   0.54845 0.45155 ( 1)  0.522
  49 -   0.54845 0.45155 ( 1)  0.522
  50 -   0.54845 0.45155 ( 1)  0.522
  51 -   0.54845 0.45155 ( 1)  0.522
  52 -   0.54845 0.45155 ( 1)  0.522
  53 -   0.54845 0.45155 ( 1)  0.522
  54 -   0.54845 0.45155 ( 1)  0.522
  55 -   0.54845 0.45155 ( 1)  0.522
  56 -   0.54845 0.45155 ( 1)  0.522
  57 -   0.54845 0.45155 ( 1)  0.522
  58 -   0.54845 0.45155 ( 1)  0.522
  59 -   0.54845 0.45155 ( 1)  0.522
  60 -   0.54845 0.45155 ( 1)  0.522
  61 -   0.54845 0.45155 ( 1)  0.522
  62 -   0.54845 0.45155 ( 1)  0.522
  63 -   0.54845 0.45155 ( 1)  0.522
  64 -   0.54845 0.45155 ( 1)  0.522
  65 -   0.54845 0.45155 ( 1)  0.522
  66 -   0.54845 0.45155 ( 1)  0.522
  67 -   0.54845 0.45155 ( 1)  0.522
  68 -   0.54845 0.45155 ( 1)  0.522
  69 -   0.54845 0.45155 ( 1)  0.522
  70 -   0.54845 0.45155 ( 1)  0.522
  71 -   0.54845 0.45155 ( 1)  0.522
  72 -   0.54845 0.45155 ( 1)  0.522
  73 -   0.54845 0.45155 ( 1)  0.522
  74 -   0.54845 0.45155 ( 1)  0.522
  75 -   0.54845 0.45155 ( 1)  0.522
  76 -   0.54845 0.45155 ( 1)  0.522
  77 -   0.54845 0.45155 ( 1)  0.522
  78 -   0.54845 0.45155 ( 1)  0.522
  79 -   0.54845 0.45155 ( 1)  0.522
  80 -   0.54845 0.45155 ( 1)  0.522
  81 -   0.54845 0.45155 ( 1)  0.522
  82 -   0.54845 0.45155 ( 1)  0.522
  83 -   0.54845 0.45155 ( 1)  0.522
  84 -   0.54845 0.45155 ( 1)  0.522
  85 -   0.54845 0.45155 ( 1)  0.522
  86 -   0.54845 0.45155 ( 1)  0.522
  87 -   0.54845 0.45155 ( 1)  0.522
  88 -   0.54845 0.45155 ( 1)  0.522
  89 -   0.54845 0.45155 ( 1)  0.522
  90 -   0.54845 0.45155 ( 1)  0.522
  91 -   0.54845 0.45155 ( 1)  0.522
  92 -   0.54845 0.45155 ( 1)  0.522
  93 -   0.54845 0.45155 ( 1)  0.522
  94 -   0.54845 0.45155 ( 1)  0.522
  95 -   0.54845 0.45155 ( 1)  0.522
  96 -   0.54845 0.45155 ( 1)  0.522
  97 -   0.54845 0.45155 ( 1)  0.522
  98 -   0.54845 0.45155 ( 1)  0.522
  99 -   0.54845 0.45155 ( 1)  0.522
 100 -   0.54845 0.45155 ( 1)  0.522
 101 -   0.54845 0.45155 ( 1)  0.522
 102 -   0.54845 0.45155 ( 1)  0.522
 103 -   0.54845 0.45155 ( 1)  0.522
 104 -   0.54845 0.45155 ( 1)  0.522
 105 -   0.54845 0.45155 ( 1)  0.522
 106 -   0.54845 0.45155 ( 1)  0.522
 107 -   0.54845 0.45155 ( 1)  0.522
 108 -   0.54845 0.45155 ( 1)  0.522
 109 -   0.54845 0.45155 ( 1)  0.522
 110 -   0.54845 0.45155 ( 1)  0.522
 111 -   0.54845 0.45155 ( 1)  0.522
 112 -   0.54845 0.45155 ( 1)  0.522
 113 -   0.54845 0.45155 ( 1)  0.522
 114 -   0.54845 0.45155 ( 1)  0.522
 115 -   0.60746 0.39254 ( 1)  0.471
 116 -   0.09284 0.90716 ( 2)  0.919
 117 -   0.16027 0.83973 ( 2)  0.860
 118 -   0.60819 0.39181 ( 1)  0.470
 119 -   0.59464 0.40536 ( 1)  0.482
 120 -   0.59920 0.40080 ( 1)  0.478
 121 -   0.14629 0.85371 ( 2)  0.873
 122 -   0.07875 0.92125 ( 2)  0.931
 123 -   0.60810 0.39190 ( 1)  0.470
 124 -   0.57764 0.42236 ( 1)  0.497
 125 -   0.14867 0.85133 ( 2)  0.871
 126 -   0.58874 0.41126 ( 1)  0.487
 127 -   0.15189 0.84811 ( 2)  0.868
 128 -   0.58121 0.41879 ( 1)  0.494
 129 -   0.59286 0.40714 ( 1)  0.484
 130 -   0.60746 0.39254 ( 1)  0.471
 131 -   0.59798 0.40202 ( 1)  0.479
 132 -   0.54845 0.45155 ( 1)  0.522
 133 -   0.54845 0.45155 ( 1)  0.522
 134 -   0.54845 0.45155 ( 1)  0.522
 135 -   0.54845 0.45155 ( 1)  0.522
 136 -   0.54845 0.45155 ( 1)  0.522
 137 -   0.54845 0.45155 ( 1)  0.522
 138 -   0.54845 0.45155 ( 1)  0.522
 139 -   0.54845 0.45155 ( 1)  0.522
 140 -   0.60107 0.39893 ( 1)  0.477
 141 -   0.58896 0.41104 ( 1)  0.487
 142 -   0.15197 0.84803 ( 2)  0.868
 143 -   0.60586 0.39414 ( 1)  0.472
 144 -   0.59971 0.40029 ( 1)  0.478
 145 -   0.60810 0.39190 ( 1)  0.470
 146 -   0.60503 0.39497 ( 1)  0.473
 147 -   0.59479 0.40521 ( 1)  0.482
 148 -   0.60809 0.39191 ( 1)  0.470
 149 -   0.58121 0.41879 ( 1)  0.494
 150 -   0.57945 0.42055 ( 1)  0.495
 151 -   0.58118 0.41882 ( 1)  0.494
 152 -   0.59676 0.40324 ( 1)  0.480
 153 -   0.60287 0.39713 ( 1)  0.475
 154 -   0.60503 0.39497 ( 1)  0.473
 155 -   0.59479 0.40521 ( 1)  0.482
 156 -   0.15195 0.84805 ( 2)  0.868
 157 -   0.16320 0.83680 ( 2)  0.858
 158 -   0.15095 0.84905 ( 2)  0.869
 159 -   0.59374 0.40626 ( 1)  0.483
 160 -   0.58619 0.41381 ( 1)  0.490
 161 -   0.58453 0.41547 ( 1)  0.491
 162 -   0.58899 0.41101 ( 1)  0.487
 163 -   0.15224 0.84776 ( 2)  0.867
 164 -   0.59869 0.40131 ( 1)  0.479
 165 -   0.59543 0.40457 ( 1)  0.481
 166 -   0.58787 0.41213 ( 1)  0.488
 167 -   0.02494 0.97506 ( 2)  0.978
 168 -   0.60287 0.39713 ( 1)  0.475
 169 -   0.59748 0.40252 ( 1)  0.480
 170 -   0.58896 0.41104 ( 1)  0.487
 171 -   0.59479 0.40521 ( 1)  0.482
 172 -   0.15241 0.84759 ( 2)  0.867
 173 -   0.61449 0.38551 ( 1)  0.465
 174 -   0.58121 0.41879 ( 1)  0.494
 175 -   0.59505 0.40495 ( 1)  0.482
 176 -   0.59253 0.40747 ( 1)  0.484
 177 -   0.02159 0.97841 ( 2)  0.981
 178 -   0.15861 0.84139 ( 2)  0.862
 179 -   0.59376 0.40624 ( 1)  0.483
 180 -   0.14862 0.85138 ( 2)  0.871
 181 -   0.58453 0.41547 ( 1)  0.491
 182 -   0.58071 0.41929 ( 1)  0.494
 183 -   0.59466 0.40534 ( 1)  0.482
 184 -   0.57764 0.42236 ( 1)  0.497
 185 -   0.58896 0.41104 ( 1)  0.487
 186 -   0.14536 0.85464 ( 2)  0.873
 187 -   0.60021 0.39979 ( 1)  0.477
 188 -   0.58121 0.41879 ( 1)  0.494
 189 -   0.15224 0.84776 ( 2)  0.867
 190 -   0.61623 0.38377 ( 1)  0.463
 191 -   0.59869 0.40131 ( 1)  0.479
 192 -   0.59971 0.40029 ( 1)  0.478
 193 -   0.54845 0.45155 ( 1)  0.522
 194 -   0.54845 0.45155 ( 1)  0.522
 195 -   0.54845 0.45155 ( 1)  0.522
 196 -   0.54845 0.45155 ( 1)  0.522
 197 -   0.54845 0.45155 ( 1)  0.522
 198 -   0.54845 0.45155 ( 1)  0.522
 199 -   0.54845 0.45155 ( 1)  0.522
 200 -   0.54845 0.45155 ( 1)  0.522
 201 -   0.54845 0.45155 ( 1)  0.522
 202 -   0.54845 0.45155 ( 1)  0.522
 203 -   0.54845 0.45155 ( 1)  0.522
 204 -   0.54845 0.45155 ( 1)  0.522
 205 -   0.54845 0.45155 ( 1)  0.522
 206 -   0.54845 0.45155 ( 1)  0.522
 207 -   0.54845 0.45155 ( 1)  0.522
 208 -   0.54845 0.45155 ( 1)  0.522
 209 -   0.54845 0.45155 ( 1)  0.522
 210 -   0.54845 0.45155 ( 1)  0.522
 211 -   0.54845 0.45155 ( 1)  0.522
 212 -   0.54845 0.45155 ( 1)  0.522
 213 -   0.54845 0.45155 ( 1)  0.522
 214 -   0.54845 0.45155 ( 1)  0.522
 215 -   0.54845 0.45155 ( 1)  0.522
 216 -   0.54845 0.45155 ( 1)  0.522
 217 -   0.54845 0.45155 ( 1)  0.522
 218 -   0.54845 0.45155 ( 1)  0.522
 219 -   0.54845 0.45155 ( 1)  0.522
 220 -   0.54845 0.45155 ( 1)  0.522
 221 -   0.54845 0.45155 ( 1)  0.522
 222 -   0.54845 0.45155 ( 1)  0.522
 223 -   0.54845 0.45155 ( 1)  0.522
 224 -   0.54845 0.45155 ( 1)  0.522
 225 -   0.54845 0.45155 ( 1)  0.522
 226 -   0.54845 0.45155 ( 1)  0.522
 227 -   0.54845 0.45155 ( 1)  0.522
 228 -   0.54845 0.45155 ( 1)  0.522
 229 -   0.54845 0.45155 ( 1)  0.522
 230 -   0.54845 0.45155 ( 1)  0.522
 231 -   0.54845 0.45155 ( 1)  0.522
 232 -   0.54845 0.45155 ( 1)  0.522
 233 -   0.54845 0.45155 ( 1)  0.522
 234 -   0.54845 0.45155 ( 1)  0.522
 235 -   0.54845 0.45155 ( 1)  0.522
 236 -   0.54845 0.45155 ( 1)  0.522
 237 -   0.54845 0.45155 ( 1)  0.522
 238 -   0.54845 0.45155 ( 1)  0.522
 239 -   0.54845 0.45155 ( 1)  0.522
 240 -   0.54845 0.45155 ( 1)  0.522
 241 -   0.54845 0.45155 ( 1)  0.522
 242 -   0.54845 0.45155 ( 1)  0.522
 243 -   0.54845 0.45155 ( 1)  0.522
 244 -   0.76059 0.23941 ( 1)  0.338
 245 -   0.65614 0.34386 ( 1)  0.429
 246 -   0.66869 0.33131 ( 1)  0.418
 247 -   0.00427 0.99573 ( 2)  0.996
 248 -   0.62485 0.37515 ( 1)  0.456
 249 -   0.01874 0.98126 ( 2)  0.984
 250 -   0.03052 0.96948 ( 2)  0.973
 251 -   0.21801 0.78199 ( 2)  0.810
 252 -   0.63448 0.36552 ( 1)  0.447
 253 -   0.00059 0.99941 ( 2)  0.999
 254 -   0.22403 0.77597 ( 2)  0.805
 255 -   0.62727 0.37273 ( 1)  0.454
 256 -   0.65549 0.34451 ( 1)  0.429
 257 -   0.63613 0.36387 ( 1)  0.446
 258 -   0.02853 0.97147 ( 2)  0.975
 259 -   0.68739 0.31261 ( 1)  0.401
 260 -   0.67318 0.32682 ( 1)  0.414
 261 -   0.03612 0.96388 ( 2)  0.969
 262 -   0.19444 0.80556 ( 2)  0.831
 263 -   0.67931 0.32069 ( 1)  0.408
 264 -   0.63634 0.36366 ( 1)  0.446
 265 -   0.03295 0.96705 ( 2)  0.971
 266 -   0.69797 0.30203 ( 1)  0.392
 267 -   0.70628 0.29372 ( 1)  0.385
 268 -   0.64108 0.35892 ( 1)  0.442
 269 -   0.62727 0.37273 ( 1)  0.454
 270 -   0.65560 0.34440 ( 1)  0.429
 271 -   0.67188 0.32812 ( 1)  0.415
 272 -   0.65617 0.34383 ( 1)  0.429
 273 -   0.67931 0.32069 ( 1)  0.408
 274 -   0.67241 0.32759 ( 1)  0.414
 275 -   0.70628 0.29372 ( 1)  0.385
 276 -   0.63813 0.36187 ( 1)  0.444
 277 -   0.67655 0.32345 ( 1)  0.411
 278 -   0.21284 0.78716 ( 2)  0.815
 279 -   0.62727 0.37273 ( 1)  0.454
 280 -   0.62727 0.37273 ( 1)  0.454
 281 -   0.62717 0.37283 ( 1)  0.454
 282 -   0.62745 0.37255 ( 1)  0.454
 283 -   0.65770 0.34230 ( 1)  0.427
 284 -   0.70404 0.29596 ( 1)  0.387
 285 -   0.03050 0.96950 ( 2)  0.973
 286 -   0.00414 0.99586 ( 2)  0.996
 287 -   0.66334 0.33666 ( 1)  0.422
 288 -   0.19778 0.80222 ( 2)  0.828
 289 -   0.63512 0.36488 ( 1)  0.447
 290 -   0.64080 0.35920 ( 1)  0.442
 291 -   0.68582 0.31418 ( 1)  0.403
 292 -   0.23512 0.76488 ( 2)  0.795
 293 -   0.70443 0.29557 ( 1)  0.387
 294 -   0.67931 0.32069 ( 1)  0.408
 295 -   0.20163 0.79837 ( 2)  0.824
 296 -   0.66877 0.33123 ( 1)  0.418
 297 -   0.65549 0.34451 ( 1)  0.429
 298 -   0.62727 0.37273 ( 1)  0.454
 299 -   0.65667 0.34333 ( 1)  0.428
 300 -   0.63613 0.36387 ( 1)  0.446
 301 -   0.68739 0.31261 ( 1)  0.401
 302 -   0.03074 0.96926 ( 2)  0.973
 303 -   0.03241 0.96759 ( 2)  0.972
 304 -   0.02969 0.97031 ( 2)  0.974
 305 -   0.18411 0.81589 ( 2)  0.840
 306 -   0.20592 0.79408 ( 2)  0.821
 307 -   0.23560 0.76440 ( 2)  0.795
 308 -   0.12503 0.87497 ( 2)  0.891
 309 -   0.66665 0.33335 ( 1)  0.419
 310 -   0.54845 0.45155 ( 1)  0.522
 311 -   0.54845 0.45155 ( 1)  0.522
 312 -   0.54845 0.45155 ( 1)  0.522
 313 -   0.54845 0.45155 ( 1)  0.522
 314 -   0.54845 0.45155 ( 1)  0.522
 315 -   0.54845 0.45155 ( 1)  0.522
 316 -   0.54845 0.45155 ( 1)  0.522
 317 -   0.54845 0.45155 ( 1)  0.522
 318 -   0.54845 0.45155 ( 1)  0.522
 319 -   0.54845 0.45155 ( 1)  0.522
 320 -   0.54845 0.45155 ( 1)  0.522
 321 -   0.54845 0.45155 ( 1)  0.522
 322 -   0.72833 0.27167 ( 1)  0.366
 323 -   0.66861 0.33139 ( 1)  0.418
 324 -   0.03971 0.96029 ( 2)  0.965
 325 -   0.65728 0.34272 ( 1)  0.428
 326 -   0.69485 0.30515 ( 1)  0.395
 327 -   0.63655 0.36345 ( 1)  0.446
 328 -   0.25706 0.74294 ( 2)  0.776
 329 -   0.66136 0.33864 ( 1)  0.424
 330 -   0.64265 0.35735 ( 1)  0.440
 331 -   0.00072 0.99928 ( 2)  0.999
 332 -   0.23315 0.76685 ( 2)  0.797
 333 -   0.27600 0.72400 ( 2)  0.760
 334 -   0.68297 0.31703 ( 1)  0.405
 335 -   0.68281 0.31719 ( 1)  0.405
 336 -   0.68145 0.31855 ( 1)  0.407
 337 -   0.64236 0.35764 ( 1)  0.441
 338 -   0.67513 0.32487 ( 1)  0.412
 339 -   0.71025 0.28975 ( 1)  0.382
 340 -   0.70879 0.29121 ( 1)  0.383
 341 -   0.67905 0.32095 ( 1)  0.409
 342 -   0.63595 0.36405 ( 1)  0.446
 343 -   0.62862 0.37138 ( 1)  0.453
 344 -   0.70037 0.29963 ( 1)  0.390
 345 -   0.68208 0.31792 ( 1)  0.406
 346 -   0.64372 0.35628 ( 1)  0.439
 347 -   0.67866 0.32134 ( 1)  0.409
 348 -   0.72973 0.27027 ( 1)  0.365
 349 -   0.68805 0.31195 ( 1)  0.401
 350 -   0.68965 0.31035 ( 1)  0.399
 351 -   0.66526 0.33474 ( 1)  0.421
 352 -   0.67068 0.32932 ( 1)  0.416
 353 -   0.69485 0.30515 ( 1)  0.395
 354 -   0.62616 0.37384 ( 1)  0.455
 355 -   0.68805 0.31195 ( 1)  0.401
 356 -   0.70037 0.29963 ( 1)  0.390
 357 -   0.70101 0.29899 ( 1)  0.390
 358 -   0.67086 0.32914 ( 1)  0.416
 359 -   0.72762 0.27238 ( 1)  0.366
 360 -   0.67445 0.32555 ( 1)  0.413
 361 -   0.65728 0.34272 ( 1)  0.428
 362 -   0.62862 0.37138 ( 1)  0.453
 363 -   0.67469 0.32531 ( 1)  0.412
 364 -   0.25245 0.74755 ( 2)  0.780
 365 -   0.68805 0.31195 ( 1)  0.401
 366 -   0.72703 0.27297 ( 1)  0.367
 367 -   0.00429 0.99571 ( 2)  0.996
 368 -   0.71025 0.28975 ( 1)  0.382
 369 -   0.72833 0.27167 ( 1)  0.366
 370 -   0.74024 0.25976 ( 1)  0.355
 371 -   0.25919 0.74081 ( 2)  0.774
 372 -   0.67068 0.32932 ( 1)  0.416
 373 -   0.69683 0.30317 ( 1)  0.393
 374 -   0.67328 0.32672 ( 1)  0.414
 375 -   0.23868 0.76132 ( 2)  0.792
 376 -   0.54845 0.45155 ( 1)  0.522
 377 -   0.54845 0.45155 ( 1)  0.522
 378 -   0.54845 0.45155 ( 1)  0.522
 379 -   0.54845 0.45155 ( 1)  0.522
 380 -   0.54845 0.45155 ( 1)  0.522
 381 -   0.54845 0.45155 ( 1)  0.522
 382 -   0.54845 0.45155 ( 1)  0.522
 383 -   0.54845 0.45155 ( 1)  0.522
 384 -   0.54845 0.45155 ( 1)  0.522
 385 -   0.54845 0.45155 ( 1)  0.522
 386 -   0.54845 0.45155 ( 1)  0.522
 387 -   0.54845 0.45155 ( 1)  0.522
 388 -   0.54845 0.45155 ( 1)  0.522
 389 -   0.54845 0.45155 ( 1)  0.522
 390 -   0.54845 0.45155 ( 1)  0.522
 391 -   0.54845 0.45155 ( 1)  0.522
 392 -   0.54845 0.45155 ( 1)  0.522
 393 -   0.54845 0.45155 ( 1)  0.522
 394 -   0.54845 0.45155 ( 1)  0.522
 395 -   0.54845 0.45155 ( 1)  0.522
 396 -   0.54845 0.45155 ( 1)  0.522
 397 -   0.54845 0.45155 ( 1)  0.522
 398 -   0.54845 0.45155 ( 1)  0.522
 399 -   0.54845 0.45155 ( 1)  0.522
 400 -   0.54845 0.45155 ( 1)  0.522
 401 -   0.54845 0.45155 ( 1)  0.522
 402 -   0.54845 0.45155 ( 1)  0.522
 403 -   0.54845 0.45155 ( 1)  0.522
 404 -   0.54845 0.45155 ( 1)  0.522
 405 -   0.54845 0.45155 ( 1)  0.522
 406 -   0.54845 0.45155 ( 1)  0.522
 407 -   0.54845 0.45155 ( 1)  0.522
 408 -   0.54845 0.45155 ( 1)  0.522
 409 -   0.54845 0.45155 ( 1)  0.522
 410 -   0.54845 0.45155 ( 1)  0.522
 411 -   0.54845 0.45155 ( 1)  0.522
 412 -   0.54845 0.45155 ( 1)  0.522
 413 -   0.54845 0.45155 ( 1)  0.522
 414 -   0.54845 0.45155 ( 1)  0.522
 415 -   0.54845 0.45155 ( 1)  0.522
 416 -   0.54845 0.45155 ( 1)  0.522
 417 -   0.54845 0.45155 ( 1)  0.522
 418 -   0.54845 0.45155 ( 1)  0.522
 419 -   0.54845 0.45155 ( 1)  0.522
 420 -   0.54845 0.45155 ( 1)  0.522
 421 -   0.54845 0.45155 ( 1)  0.522
 422 -   0.54845 0.45155 ( 1)  0.522
 423 -   0.54845 0.45155 ( 1)  0.522
 424 -   0.54845 0.45155 ( 1)  0.522
 425 -   0.54845 0.45155 ( 1)  0.522
 426 -   0.54845 0.45155 ( 1)  0.522
 427 -   0.54845 0.45155 ( 1)  0.522
 428 -   0.54845 0.45155 ( 1)  0.522
 429 -   0.54845 0.45155 ( 1)  0.522
 430 -   0.54845 0.45155 ( 1)  0.522
 431 -   0.54845 0.45155 ( 1)  0.522
 432 -   0.54845 0.45155 ( 1)  0.522
 433 -   0.54845 0.45155 ( 1)  0.522
 434 -   0.54845 0.45155 ( 1)  0.522
 435 -   0.54845 0.45155 ( 1)  0.522
 436 -   0.54845 0.45155 ( 1)  0.522
 437 -   0.54845 0.45155 ( 1)  0.522
 438 -   0.54845 0.45155 ( 1)  0.522
 439 -   0.54845 0.45155 ( 1)  0.522
 440 -   0.54845 0.45155 ( 1)  0.522
 441 -   0.54845 0.45155 ( 1)  0.522
 442 -   0.54845 0.45155 ( 1)  0.522
 443 -   0.54845 0.45155 ( 1)  0.522
 444 -   0.54845 0.45155 ( 1)  0.522
 445 -   0.54845 0.45155 ( 1)  0.522
 446 -   0.54845 0.45155 ( 1)  0.522
 447 -   0.54845 0.45155 ( 1)  0.522
 448 -   0.54845 0.45155 ( 1)  0.522
 449 -   0.54845 0.45155 ( 1)  0.522
 450 -   0.54845 0.45155 ( 1)  0.522
 451 -   0.54845 0.45155 ( 1)  0.522
 452 -   0.54845 0.45155 ( 1)  0.522
 453 -   0.54845 0.45155 ( 1)  0.522
 454 -   0.54845 0.45155 ( 1)  0.522
 455 -   0.54845 0.45155 ( 1)  0.522
 456 -   0.54845 0.45155 ( 1)  0.522
 457 -   0.54845 0.45155 ( 1)  0.522
 458 -   0.54845 0.45155 ( 1)  0.522
 459 -   0.54845 0.45155 ( 1)  0.522
 460 -   0.54845 0.45155 ( 1)  0.522
 461 -   0.54845 0.45155 ( 1)  0.522
 462 -   0.54845 0.45155 ( 1)  0.522
 463 -   0.54845 0.45155 ( 1)  0.522
 464 -   0.54845 0.45155 ( 1)  0.522
 465 -   0.54845 0.45155 ( 1)  0.522
 466 -   0.54845 0.45155 ( 1)  0.522
 467 -   0.54845 0.45155 ( 1)  0.522
 468 -   0.54845 0.45155 ( 1)  0.522
 469 -   0.54845 0.45155 ( 1)  0.522
 470 -   0.54845 0.45155 ( 1)  0.522
 471 -   0.54845 0.45155 ( 1)  0.522
 472 -   0.54845 0.45155 ( 1)  0.522
 473 -   0.54845 0.45155 ( 1)  0.522
 474 -   0.54845 0.45155 ( 1)  0.522
 475 -   0.54845 0.45155 ( 1)  0.522
 476 -   0.54845 0.45155 ( 1)  0.522
 477 -   0.54845 0.45155 ( 1)  0.522
 478 -   0.54845 0.45155 ( 1)  0.522
 479 -   0.54845 0.45155 ( 1)  0.522
 480 -   0.54845 0.45155 ( 1)  0.522
 481 -   0.54845 0.45155 ( 1)  0.522
 482 -   0.54845 0.45155 ( 1)  0.522
 483 -   0.54845 0.45155 ( 1)  0.522
 484 -   0.54845 0.45155 ( 1)  0.522
 485 -   0.54845 0.45155 ( 1)  0.522
 486 -   0.54845 0.45155 ( 1)  0.522
 487 -   0.54845 0.45155 ( 1)  0.522
 488 -   0.54845 0.45155 ( 1)  0.522
 489 -   0.54845 0.45155 ( 1)  0.522
 490 -   0.73058 0.26942 ( 1)  0.364
 491 -   0.74799 0.25201 ( 1)  0.349
 492 -   0.21481 0.78519 ( 2)  0.813
 493 -   0.23393 0.76607 ( 2)  0.796
 494 -   0.62903 0.37097 ( 1)  0.452
 495 -   0.23306 0.76694 ( 2)  0.797
 496 -   0.03786 0.96214 ( 2)  0.967
 497 -   0.74799 0.25201 ( 1)  0.349
 498 -   0.73058 0.26942 ( 1)  0.364
 499 -   0.74799 0.25201 ( 1)  0.349
 500 -   0.74799 0.25201 ( 1)  0.349
 501 -   0.67157 0.32843 ( 1)  0.415
 502 -   0.71063 0.28937 ( 1)  0.381
 503 -   0.63639 0.36361 ( 1)  0.446
 504 -   0.67746 0.32254 ( 1)  0.410
 505 -   0.68873 0.31127 ( 1)  0.400
 506 -   0.69509 0.30491 ( 1)  0.395
 507 -   0.03003 0.96997 ( 2)  0.974
 508 -   0.67930 0.32070 ( 1)  0.408
 509 -   0.63639 0.36361 ( 1)  0.446
 510 -   0.62903 0.37097 ( 1)  0.452
 511 -   0.69556 0.30444 ( 1)  0.394
 512 -   0.64089 0.35911 ( 1)  0.442
 513 -   0.64447 0.35553 ( 1)  0.439
 514 -   0.73058 0.26942 ( 1)  0.364
 515 -   0.74836 0.25164 ( 1)  0.348
 516 -   0.68211 0.31789 ( 1)  0.406
 517 -   0.67157 0.32843 ( 1)  0.415
 518 -   0.68274 0.31726 ( 1)  0.405
 519 -   0.70857 0.29143 ( 1)  0.383
 520 -   0.64438 0.35562 ( 1)  0.439
 521 -   0.62656 0.37344 ( 1)  0.454
 522 -   0.68873 0.31127 ( 1)  0.400
 523 -   0.71103 0.28897 ( 1)  0.381
 524 -   0.70727 0.29273 ( 1)  0.384
 525 -   0.68211 0.31789 ( 1)  0.406
 526 -   0.69987 0.30013 ( 1)  0.391
 527 -   0.67508 0.32492 ( 1)  0.412
 528 -   0.65783 0.34217 ( 1)  0.427
 529 -   0.63209 0.36791 ( 1)  0.450
 530 -   0.65900 0.34100 ( 1)  0.426
 531 -   0.63727 0.36273 ( 1)  0.445
 532 -   0.67523 0.32477 ( 1)  0.412
 533 -   0.71103 0.28897 ( 1)  0.381
 534 -   0.70956 0.29044 ( 1)  0.382
 535 -   0.00429 0.99571 ( 2)  0.996
 536 -   0.18535 0.81465 ( 2)  0.839
 537 -   0.63753 0.36247 ( 1)  0.445
 538 -   0.67157 0.32843 ( 1)  0.415
 539 -   0.19706 0.80294 ( 2)  0.828
 540 -   0.68412 0.31588 ( 1)  0.404
 541 -   0.66111 0.33889 ( 1)  0.424
 542 -   0.65783 0.34217 ( 1)  0.427
 543 -   0.69244 0.30756 ( 1)  0.397
 544 -   0.68274 0.31726 ( 1)  0.405
 545 -   0.69033 0.30967 ( 1)  0.399
 546 -   0.63639 0.36361 ( 1)  0.446
 547 -   0.62903 0.37097 ( 1)  0.452
 548 -   0.23982 0.76018 ( 2)  0.791
 549 -   0.67508 0.32492 ( 1)  0.412
 550 -   0.68238 0.31762 ( 1)  0.406
 551 -   0.66580 0.33420 ( 1)  0.420
 552 -   0.17977 0.82023 ( 2)  0.843
 553 -   0.70110 0.29890 ( 1)  0.389
 554 -   0.65786 0.34214 ( 1)  0.427
 555 -   0.68280 0.31720 ( 1)  0.405
 556 -   0.70110 0.29890 ( 1)  0.389
 557 -   0.67871 0.32129 ( 1)  0.409
 558 -   0.68873 0.31127 ( 1)  0.400
 559 -   0.67508 0.32492 ( 1)  0.412
 560 -   0.23229 0.76771 ( 2)  0.798
 561 -   0.67930 0.32070 ( 1)  0.408
 562 -   0.68211 0.31789 ( 1)  0.406
 563 -   0.70857 0.29143 ( 1)  0.383
 564 -   0.65853 0.34147 ( 1)  0.427
 565 -   0.62986 0.37014 ( 1)  0.452
 566 -   0.67146 0.32854 ( 1)  0.415
 567 -   0.64753 0.35247 ( 1)  0.436
 568 -   0.67746 0.32254 ( 1)  0.410
 569 -   0.67508 0.32492 ( 1)  0.412
 570 -   0.70315 0.29685 ( 1)  0.388
 571 -   0.63733 0.36267 ( 1)  0.445
 572 -   0.70857 0.29143 ( 1)  0.383
 573 -   0.65900 0.34100 ( 1)  0.426
 574 -   0.62656 0.37344 ( 1)  0.454
 575 -   0.68873 0.31127 ( 1)  0.400
 576 -   0.72185 0.27815 ( 1)  0.371
 577 -   0.70807 0.29193 ( 1)  0.383
 578 -   0.72382 0.27618 ( 1)  0.370
 579 -   0.03500 0.96500 ( 2)  0.970
 580 -   0.67508 0.32492 ( 1)  0.412
 581 -   0.65783 0.34217 ( 1)  0.427
 582 -   0.62903 0.37097 ( 1)  0.452
 583 -   0.65853 0.34147 ( 1)  0.427
 584 -   0.64984 0.35016 ( 1)  0.434
 585 -   0.25207 0.74793 ( 2)  0.781
 586 -   0.67508 0.32492 ( 1)  0.412
 587 -   0.03369 0.96631 ( 2)  0.971
 588 -   0.74802 0.25198 ( 1)  0.349
 589 -   0.66584 0.33416 ( 1)  0.420
 590 -   0.20425 0.79575 ( 2)  0.822
 591 -   0.54845 0.45155 ( 1)  0.522
 592 -   0.54845 0.45155 ( 1)  0.522
 593 -   0.54845 0.45155 ( 1)  0.522
 594 -   0.54845 0.45155 ( 1)  0.522
 595 -   0.54845 0.45155 ( 1)  0.522
 596 -   0.54845 0.45155 ( 1)  0.522
 597 -   0.54845 0.45155 ( 1)  0.522
 598 -   0.54845 0.45155 ( 1)  0.522
 599 -   0.54845 0.45155 ( 1)  0.522
 600 -   0.54845 0.45155 ( 1)  0.522
 601 -   0.54845 0.45155 ( 1)  0.522
 602 -   0.54845 0.45155 ( 1)  0.522
 603 -   0.54845 0.45155 ( 1)  0.522
 604 -   0.54845 0.45155 ( 1)  0.522
 605 -   0.54845 0.45155 ( 1)  0.522
 606 -   0.54845 0.45155 ( 1)  0.522
 607 -   0.21653 0.78347 ( 2)  0.811
 608 -   0.67096 0.32904 ( 1)  0.416
 609 -   0.68146 0.31854 ( 1)  0.407
 610 -   0.70652 0.29348 ( 1)  0.385
 611 -   0.71082 0.28918 ( 1)  0.381
 612 -   0.67329 0.32671 ( 1)  0.414
 613 -   0.64703 0.35297 ( 1)  0.437
 614 -   0.64399 0.35601 ( 1)  0.439
 615 -   0.03907 0.96093 ( 2)  0.966
 616 -   0.70101 0.29899 ( 1)  0.390
 617 -   0.69485 0.30515 ( 1)  0.395
 618 -   0.62862 0.37138 ( 1)  0.453
 619 -   0.71026 0.28974 ( 1)  0.382
 620 -   0.74885 0.25115 ( 1)  0.348
 621 -   0.64247 0.35753 ( 1)  0.441
 622 -   0.70101 0.29899 ( 1)  0.390
 623 -   0.68208 0.31792 ( 1)  0.406
 624 -   0.23694 0.76306 ( 2)  0.794
 625 -   0.69053 0.30947 ( 1)  0.399
 626 -   0.68172 0.31828 ( 1)  0.406
 627 -   0.68146 0.31854 ( 1)  0.407
 628 -   0.67683 0.32317 ( 1)  0.411
 629 -   0.70101 0.29899 ( 1)  0.390
 630 -   0.26445 0.73555 ( 2)  0.770
 631 -   0.03810 0.96190 ( 2)  0.967
 632 -   0.67866 0.32134 ( 1)  0.409
 633 -   0.70241 0.29759 ( 1)  0.388
 634 -   0.66876 0.33124 ( 1)  0.418
 635 -   0.68208 0.31792 ( 1)  0.406
 636 -   0.68575 0.31425 ( 1)  0.403
 637 -   0.03257 0.96743 ( 2)  0.972
 638 -   0.65783 0.34217 ( 1)  0.427
 639 -   0.73724 0.26276 ( 1)  0.358
 640 -   0.67564 0.32436 ( 1)  0.412
 641 -   0.73058 0.26942 ( 1)  0.364
 642 -   0.68274 0.31726 ( 1)  0.405
 643 -   0.67129 0.32871 ( 1)  0.415
 644 -   0.69755 0.30245 ( 1)  0.393
 645 -   0.70857 0.29143 ( 1)  0.383
 646 -   0.68873 0.31127 ( 1)  0.400
 647 -   0.70574 0.29426 ( 1)  0.385
 648 -   0.74975 0.25025 ( 1)  0.347
 649 -   0.00432 0.99568 ( 2)  0.996
 650 -   0.67146 0.32854 ( 1)  0.415
 651 -   0.68295 0.31705 ( 1)  0.405
 652 -   0.65788 0.34212 ( 1)  0.427
 653 -   0.62903 0.37097 ( 1)  0.452
 654 -   0.68873 0.31127 ( 1)  0.400
 655 -   0.19419 0.80581 ( 2)  0.831
 656 -   0.21740 0.78260 ( 2)  0.811
 657 -   0.18550 0.81450 ( 2)  0.838
 658 -   0.23235 0.76765 ( 2)  0.798
 659 -   0.67390 0.32610 ( 1)  0.413
 660 -   0.23957 0.76043 ( 2)  0.791
 661 -   0.24095 0.75905 ( 2)  0.790
 662 -   0.23376 0.76624 ( 2)  0.796
 663 -   0.70175 0.29825 ( 1)  0.389
 664 -   0.66819 0.33181 ( 1)  0.418
 665 -   0.67157 0.32843 ( 1)  0.415
 666 -   0.21754 0.78246 ( 2)  0.811
 667 -   0.68274 0.31726 ( 1)  0.405
 668 -   0.72917 0.27083 ( 1)  0.365
 669 -   0.23236 0.76764 ( 2)  0.798
 670 -   0.72595 0.27405 ( 1)  0.368
 671 -   0.27019 0.72981 ( 2)  0.765
 672 -   0.65900 0.34100 ( 1)  0.426
 673 -   0.64313 0.35687 ( 1)  0.440
 674 -   0.71063 0.28937 ( 1)  0.381
 675 -   0.64079 0.35921 ( 1)  0.442
 676 -   0.65783 0.34217 ( 1)  0.427
 677 -   0.27494 0.72506 ( 2)  0.761
 678 -   0.74836 0.25164 ( 1)  0.348
 679 -   0.67287 0.32713 ( 1)  0.414
 680 -   0.68873 0.31127 ( 1)  0.400
 681 -   0.23671 0.76329 ( 2)  0.794
 682 -   0.23345 0.76655 ( 2)  0.797
 683 -   0.67449 0.32551 ( 1)  0.413
 684 -   0.65486 0.34514 ( 1)  0.430
 685 -   0.03544 0.96456 ( 2)  0.969
 686 -   0.68890 0.31110 ( 1)  0.400
 687 -   0.68275 0.31725 ( 1)  0.405
 688 -   0.67657 0.32343 ( 1)  0.411
 689 -   0.67328 0.32672 ( 1)  0.414
 690 -   0.65486 0.34514 ( 1)  0.430
 691 -   0.69621 0.30379 ( 1)  0.394
 692 -   0.69486 0.30514 ( 1)  0.395
 693 -   0.65330 0.34670 ( 1)  0.431
 694 -   0.67657 0.32343 ( 1)  0.411
 695 -   0.23085 0.76915 ( 2)  0.799
 696 -   0.66577 0.33423 ( 1)  0.420
 697 -   0.70143 0.29857 ( 1)  0.389
 698 -   0.69486 0.30514 ( 1)  0.395
 699 -   0.23767 0.76233 ( 2)  0.793
 700 -   0.68234 0.31766 ( 1)  0.406
 701 -   0.66360 0.33640 ( 1)  0.422
 702 -   0.71615 0.28385 ( 1)  0.376
 703 -   0.22592 0.77408 ( 2)  0.803
 704 -   0.22303 0.77697 ( 2)  0.806
 705 -   0.21142 0.78858 ( 2)  0.816
 706 -   0.70379 0.29621 ( 1)  0.387
 707 -   0.66360 0.33640 ( 1)  0.422
 708 -   0.69621 0.30379 ( 1)  0.394
 709 -   0.71010 0.28990 ( 1)  0.382
 710 -   0.20223 0.79777 ( 2)  0.824
 711 -   0.70238 0.29762 ( 1)  0.388
 712 -   0.65337 0.34663 ( 1)  0.431
 713 -   0.62518 0.37482 ( 1)  0.456
 714 -   0.23045 0.76955 ( 2)  0.799
 715 -   0.23261 0.76739 ( 2)  0.797
 716 -   0.70018 0.29982 ( 1)  0.390
 717 -   0.70143 0.29857 ( 1)  0.389
 718 -   0.70052 0.29948 ( 1)  0.390
 719 -   0.71820 0.28180 ( 1)  0.375
 720 -   0.22021 0.77979 ( 2)  0.808
 721 -   0.63837 0.36163 ( 1)  0.444
 722 -   0.62793 0.37207 ( 1)  0.453
 723 -   0.71820 0.28180 ( 1)  0.375
 724 -   0.66577 0.33423 ( 1)  0.420
 725 -   0.69423 0.30577 ( 1)  0.395
 726 -   0.25838 0.74162 ( 2)  0.775
 727 -   0.54845 0.45155 ( 1)  0.522
 728 -   0.54845 0.45155 ( 1)  0.522
 729 -   0.54845 0.45155 ( 1)  0.522
 730 -   0.54845 0.45155 ( 1)  0.522
 731 -   0.54845 0.45155 ( 1)  0.522
 732 -   0.54845 0.45155 ( 1)  0.522
 733 -   0.54845 0.45155 ( 1)  0.522
 734 -   0.54845 0.45155 ( 1)  0.522
 735 -   0.54845 0.45155 ( 1)  0.522
 736 -   0.70574 0.29426 ( 1)  0.385
 737 -   0.19282 0.80718 ( 2)  0.832
 738 -   0.22130 0.77870 ( 2)  0.807
 739 -   0.25690 0.74310 ( 2)  0.776
 740 -   0.71063 0.28937 ( 1)  0.381
 741 -   0.20906 0.79094 ( 2)  0.818
 742 -   0.66584 0.33416 ( 1)  0.420
 743 -   0.73058 0.26942 ( 1)  0.364
 744 -   0.67949 0.32051 ( 1)  0.408
 745 -   0.72595 0.27405 ( 1)  0.368
 746 -   0.70857 0.29143 ( 1)  0.383
 747 -   0.70110 0.29890 ( 1)  0.389
 748 -   0.68873 0.31127 ( 1)  0.400
 749 -   0.23614 0.76386 ( 2)  0.794
 750 -   0.22340 0.77660 ( 2)  0.805
 751 -   0.65853 0.34147 ( 1)  0.427
 752 -   0.70727 0.29273 ( 1)  0.384
 753 -   0.70857 0.29143 ( 1)  0.383
 754 -   0.68274 0.31726 ( 1)  0.405
 755 -   0.69755 0.30245 ( 1)  0.393
 756 -   0.70315 0.29685 ( 1)  0.388
 757 -   0.71756 0.28244 ( 1)  0.375
 758 -   0.65783 0.34217 ( 1)  0.427
 759 -   0.74836 0.25164 ( 1)  0.348
 760 -   0.70315 0.29685 ( 1)  0.388
 761 -   0.72382 0.27618 ( 1)  0.370
 762 -   0.63649 0.36351 ( 1)  0.446
 763 -   0.69755 0.30245 ( 1)  0.393
 764 -   0.00518 0.99482 ( 2)  0.995
 765 -   0.70110 0.29890 ( 1)  0.389
 766 -   0.64247 0.35753 ( 1)  0.441
 767 -   0.03446 0.96554 ( 2)  0.970
 768 -   0.73005 0.26995 ( 1)  0.364
 769 -   0.66008 0.33992 ( 1)  0.425
 770 -   0.62903 0.37097 ( 1)  0.452
 771 -   0.66921 0.33079 ( 1)  0.417
 772 -   0.72917 0.27083 ( 1)  0.365
 773 -   0.74799 0.25201 ( 1)  0.349
 774 -   0.68211 0.31789 ( 1)  0.406
 775 -   0.63379 0.36621 ( 1)  0.448
 776 -   0.72595 0.27405 ( 1)  0.368
 777 -   0.20502 0.79498 ( 2)  0.821
 778 -   0.65783 0.34217 ( 1)  0.427
 779 -   0.63732 0.36268 ( 1)  0.445
 780 -   0.03791 0.96209 ( 2)  0.967
 781 -   0.69556 0.30444 ( 1)  0.394
 782 -   0.72917 0.27083 ( 1)  0.365
 783 -   0.72875 0.27125 ( 1)  0.365
 784 -   0.62656 0.37344 ( 1)  0.454
 785 -   0.27709 0.72291 ( 2)  0.759
 786 -   0.69556 0.30444 ( 1)  0.394
 787 -   0.68274 0.31726 ( 1)  0.405
 788 -   0.73058 0.26942 ( 1)  0.364
 789 -   0.22494 0.77506 ( 2)  0.804
 790 -   0.69583 0.30417 ( 1)  0.394
 791 -   0.72382 0.27618 ( 1)  0.370
 792 -   0.70315 0.29685 ( 1)  0.388
 793 -   0.72917 0.27083 ( 1)  0.365
 794 -   0.03767 0.96233 ( 2)  0.967
 795 -   0.04114 0.95886 ( 2)  0.964
 796 -   0.22556 0.77444 ( 2)  0.804
 797 -   0.70110 0.29890 ( 1)  0.389
 798 -   0.25915 0.74085 ( 2)  0.774
 799 -   0.72382 0.27618 ( 1)  0.370
 800 -   0.72917 0.27083 ( 1)  0.365
 801 -   0.24789 0.75211 ( 2)  0.784
 802 -   0.70276 0.29724 ( 1)  0.388
 803 -   0.76463 0.23537 ( 1)  0.334
 804 -   0.74799 0.25201 ( 1)  0.349
 805 -   0.70857 0.29143 ( 1)  0.383
 806 -   0.64447 0.35553 ( 1)  0.439
 807 -   0.66836 0.33164 ( 1)  0.418
 808 -   0.67390 0.32610 ( 1)  0.413
 809 -   0.70110 0.29890 ( 1)  0.389
 810 -   0.67746 0.32254 ( 1)  0.410
 811 -   0.62903 0.37097 ( 1)  0.452
 812 -   0.69268 0.30732 ( 1)  0.397
 813 -   0.67718 0.32282 ( 1)  0.410
 814 -   0.72382 0.27618 ( 1)  0.370
 815 -   0.70857 0.29143 ( 1)  0.383
 816 -   0.18801 0.81199 ( 2)  0.836
 817 -   0.71317 0.28683 ( 1)  0.379
 818 -   0.73058 0.26942 ( 1)  0.364
 819 -   0.70276 0.29724 ( 1)  0.388
 820 -   0.03561 0.96439 ( 2)  0.969
 821 -   0.23393 0.76607 ( 2)  0.796
 822 -   0.68873 0.31127 ( 1)  0.400
 823 -   0.72917 0.27083 ( 1)  0.365
 824 -   0.21671 0.78329 ( 2)  0.811
 825 -   0.69993 0.30007 ( 1)  0.391
 826 -   0.18262 0.81738 ( 2)  0.841
 827 -   0.25395 0.74605 ( 2)  0.779
 828 -   0.74749 0.25251 ( 1)  0.349
 829 -   0.21686 0.78314 ( 2)  0.811
 830 -   0.70574 0.29426 ( 1)  0.385
 831 -   0.64057 0.35943 ( 1)  0.442
 832 -   0.72917 0.27083 ( 1)  0.365
 833 M   0.97555 0.02445 ( 1)  0.150
 834 E   0.16934 0.83066 ( 2)  0.853
 835 R   0.05933 0.94067 ( 2)  0.948
 836 R   0.02392 0.97608 ( 2)  0.979
 837 S   0.06424 0.93576 ( 2)  0.944
 838 R   0.00910 0.99090 ( 2)  0.992
 839 R   0.07655 0.92345 ( 2)  0.933
 840 K   0.11443 0.88557 ( 2)  0.900
 841 S   0.39526 0.60474 ( 2)  0.656
 842 G   0.42781 0.57219 ( 2)  0.627
 843 H   0.06111 0.93889 ( 2)  0.947
 844 D   0.00000 1.00000 ( 2)  1.000
 845 R   0.00411 0.99589 ( 2)  0.996
 846 R   0.85111 0.14889 ( 1)  0.259
 847 S   0.06772 0.93228 ( 2)  0.941
 848 V   0.01735 0.98265 ( 2)  0.985
 849 A   0.11572 0.88428 ( 2)  0.899
 850 G   0.44075 0.55925 ( 2)  0.616
 851 Q   0.00000 1.00000 ( 2)  1.000
 852 A   0.12350 0.87650 ( 2)  0.892
 853 A   0.08483 0.91517 ( 2)  0.926
 854 A   0.43769 0.56231 ( 2)  0.619
 855 S   0.00474 0.99526 ( 2)  0.996
 856 Q   0.04031 0.95969 ( 2)  0.965
 857 P   0.07445 0.92555 ( 2)  0.935
 858 -   0.54845 0.45155 ( 1)  0.522
 859 -   0.54845 0.45155 ( 1)  0.522
 860 -   0.54845 0.45155 ( 1)  0.522
 861 -   0.54845 0.45155 ( 1)  0.522
 862 -   0.54845 0.45155 ( 1)  0.522
 863 A   0.10521 0.89479 ( 2)  0.908
 864 K   0.50727 0.49273 ( 1)  0.558
 865 S   0.11065 0.88935 ( 2)  0.904
 866 P   0.24440 0.75560 ( 2)  0.787
 867 G   0.04002 0.95998 ( 2)  0.965
 868 A   0.28457 0.71543 ( 2)  0.752
 869 E   0.25723 0.74277 ( 2)  0.776
 870 L   0.71215 0.28785 ( 1)  0.380
 871 W   0.68066 0.31934 ( 1)  0.407
 872 L   0.70626 0.29374 ( 1)  0.385
 873 F   0.75187 0.24813 ( 1)  0.345
 874 P   0.69869 0.30131 ( 1)  0.392
 875 S   0.28451 0.71549 ( 2)  0.752
 876 T   0.11159 0.88841 ( 2)  0.903
 877 A   0.00014 0.99986 ( 2)  1.000
 878 G   0.90266 0.09734 ( 1)  0.214
 879 L   0.00112 0.99888 ( 2)  0.999
 880 R   0.00027 0.99973 ( 2)  1.000
 881 R   0.09072 0.90928 ( 2)  0.921
 882 A   0.14237 0.85763 ( 2)  0.876
 883 V   0.38449 0.61551 ( 2)  0.665
 884 L   0.85262 0.14738 ( 1)  0.258
 885 R   0.00851 0.99149 ( 2)  0.993
 886 R   0.49856 0.50144 ( 2)  0.566
 887 V   0.11193 0.88807 ( 2)  0.903
 888 E   0.02591 0.97409 ( 2)  0.977
 889 A   0.25016 0.74984 ( 2)  0.782
 890 T   0.75459 0.24541 ( 1)  0.343
 891 R   0.70909 0.29091 ( 1)  0.383
 892 Q   0.73440 0.26560 ( 1)  0.360
 893 I   0.30297 0.69703 ( 2)  0.736
 894 C   0.70630 0.29370 ( 1)  0.385
 895 C   0.70890 0.29110 ( 1)  0.383
 896 S   0.22134 0.77866 ( 2)  0.807
 897 S   0.03390 0.96610 ( 2)  0.970
 898 G   0.27586 0.72414 ( 2)  0.760
 899 R   0.69861 0.30139 ( 1)  0.392
 900 L   0.69254 0.30746 ( 1)  0.397
 901 A   0.75311 0.24689 ( 1)  0.344
 902 F   0.26408 0.73592 ( 2)  0.770
 903 L   0.69332 0.30668 ( 1)  0.396
 904 E   0.79918 0.20082 ( 1)  0.304
 905 R   0.26789 0.73211 ( 2)  0.767
 906 G   0.28535 0.71465 ( 2)  0.752
 907 G   0.79548 0.20452 ( 1)  0.307
 908 -   0.54845 0.45155 ( 1)  0.522
 909 -   0.54845 0.45155 ( 1)  0.522
 910 -   0.54845 0.45155 ( 1)  0.522
 911 -   0.54845 0.45155 ( 1)  0.522
 912 -   0.54845 0.45155 ( 1)  0.522
 913 -   0.54845 0.45155 ( 1)  0.522
 914 -   0.54845 0.45155 ( 1)  0.522
 915 -   0.54845 0.45155 ( 1)  0.522
 916 -   0.54845 0.45155 ( 1)  0.522
 917 -   0.54845 0.45155 ( 1)  0.522
 918 -   0.54845 0.45155 ( 1)  0.522
 919 -   0.54845 0.45155 ( 1)  0.522
 920 -   0.54845 0.45155 ( 1)  0.522
 921 -   0.54845 0.45155 ( 1)  0.522
 922 -   0.54845 0.45155 ( 1)  0.522
 923 -   0.54845 0.45155 ( 1)  0.522
 924 -   0.54845 0.45155 ( 1)  0.522
 925 -   0.54845 0.45155 ( 1)  0.522
 926 -   0.54845 0.45155 ( 1)  0.522
 927 -   0.54845 0.45155 ( 1)  0.522
 928 -   0.54845 0.45155 ( 1)  0.522
 929 -   0.54845 0.45155 ( 1)  0.522
 930 -   0.54845 0.45155 ( 1)  0.522
 931 -   0.54845 0.45155 ( 1)  0.522
 932 -   0.54845 0.45155 ( 1)  0.522
 933 A   0.74728 0.25272 ( 1)  0.349
 934 G   0.27147 0.72853 ( 2)  0.764
 935 V   0.73811 0.26189 ( 1)  0.357
 936 Q   0.72826 0.27174 ( 1)  0.366
 937 V   0.78575 0.21425 ( 1)  0.316
 938 H   0.91934 0.08066 ( 1)  0.199
 939 Q   0.05705 0.94295 ( 2)  0.950
 940 L   0.00971 0.99029 ( 2)  0.992
 941 F   0.01275 0.98725 ( 2)  0.989
 942 P   0.13181 0.86819 ( 2)  0.885
 943 G   0.35062 0.64938 ( 2)  0.695
 944 S   0.42227 0.57773 ( 2)  0.632
 945 D   0.57142 0.42858 ( 1)  0.502
 946 G   0.14816 0.85184 ( 2)  0.871
 947 L   0.00142 0.99858 ( 2)  0.999
 948 R   0.41522 0.58478 ( 2)  0.638
 949 -   0.54845 0.45155 ( 1)  0.522
 950 -   0.54845 0.45155 ( 1)  0.522
 951 -   0.54845 0.45155 ( 1)  0.522
 952 -   0.54845 0.45155 ( 1)  0.522
 953 -   0.54845 0.45155 ( 1)  0.522
 954 -   0.54845 0.45155 ( 1)  0.522
 955 -   0.54845 0.45155 ( 1)  0.522
 956 -   0.54845 0.45155 ( 1)  0.522
 957 -   0.54845 0.45155 ( 1)  0.522
 958 -   0.54845 0.45155 ( 1)  0.522
 959 -   0.54845 0.45155 ( 1)  0.522
 960 -   0.54845 0.45155 ( 1)  0.522
 961 T   0.01742 0.98258 ( 2)  0.985
 962 P   0.87371 0.12629 ( 1)  0.239
 963 K   0.19356 0.80644 ( 2)  0.831
 964 C   0.00732 0.99268 ( 2)  0.994
 965 I   0.25727 0.74273 ( 2)  0.776
 966 K   0.95622 0.04378 ( 1)  0.167
 967 L   0.10868 0.89132 ( 2)  0.905
 968 G   0.00221 0.99779 ( 2)  0.998
 969 K   0.54466 0.45534 ( 1)  0.526
 970 N   0.10153 0.89847 ( 2)  0.912
 971 M   0.66678 0.33322 ( 1)  0.419
 972 K   0.24065 0.75935 ( 2)  0.790
 973 I   0.78587 0.21413 ( 1)  0.316
 974 H   0.71487 0.28513 ( 1)  0.377
 975 S   0.52170 0.47830 ( 1)  0.546
 976 M   0.06775 0.93225 ( 2)  0.941
 977 D   0.26339 0.73661 ( 2)  0.771
 978 L   0.00651 0.99349 ( 2)  0.994
 979 G   0.93639 0.06361 ( 1)  0.185
 980 A   0.00769 0.99231 ( 2)  0.993
 981 D   0.24773 0.75227 ( 2)  0.784
 982 H   0.93237 0.06763 ( 1)  0.188
 983 M   0.00441 0.99559 ( 2)  0.996
 984 L   0.40081 0.59919 ( 2)  0.651
 985 I   0.24281 0.75719 ( 2)  0.789
 986 L   0.35179 0.64821 ( 2)  0.694
 987 S   0.42539 0.57461 ( 2)  0.630
 988 S   0.07856 0.92144 ( 2)  0.932
 989 D   0.01209 0.98791 ( 2)  0.989
 990 G   0.94081 0.05919 ( 1)  0.181
 991 K   0.79391 0.20609 ( 1)  0.309
 992 P   0.12429 0.87571 ( 2)  0.892
 993 F   0.95606 0.04394 ( 1)  0.167
 994 E   0.65587 0.34413 ( 1)  0.429
 995 Y   0.13503 0.86497 ( 2)  0.882
 996 D   0.69126 0.30874 ( 1)  0.398
 997 N   0.01288 0.98712 ( 2)  0.989
 998 Y   0.14046 0.85954 ( 2)  0.878
 999 S   0.02736 0.97264 ( 2)  0.976
1000 M   0.02614 0.97386 ( 2)  0.977
1001 K   0.74093 0.25907 ( 1)  0.355
1002 H   0.01514 0.98486 ( 2)  0.987
1003 -   0.54845 0.45155 ( 1)  0.522
1004 -   0.54845 0.45155 ( 1)  0.522
1005 -   0.54845 0.45155 ( 1)  0.522
1006 -   0.54845 0.45155 ( 1)  0.522
1007 -   0.54845 0.45155 ( 1)  0.522
1008 -   0.54845 0.45155 ( 1)  0.522
1009 -   0.54845 0.45155 ( 1)  0.522
1010 -   0.54845 0.45155 ( 1)  0.522
1011 -   0.54845 0.45155 ( 1)  0.522
1012 -   0.54845 0.45155 ( 1)  0.522
1013 -   0.54845 0.45155 ( 1)  0.522
1014 -   0.54845 0.45155 ( 1)  0.522
1015 -   0.54845 0.45155 ( 1)  0.522
1016 L   0.04297 0.95703 ( 2)  0.963
1017 R   0.58684 0.41316 ( 1)  0.489
1018 F   0.00900 0.99100 ( 2)  0.992
1019 E   0.02313 0.97687 ( 2)  0.980
1020 S   0.01474 0.98526 ( 2)  0.987
1021 I   0.31112 0.68888 ( 2)  0.729
1022 L   0.42841 0.57159 ( 2)  0.627
1023 Q   0.58232 0.41768 ( 1)  0.493
1024 E   0.17411 0.82589 ( 2)  0.848
1025 K   0.72651 0.27349 ( 1)  0.367
1026 K   0.00611 0.99389 ( 2)  0.995
1027 I   0.97320 0.02680 ( 1)  0.153
1028 I   0.95472 0.04528 ( 1)  0.169
1029 Q   0.90613 0.09387 ( 1)  0.211
1030 I   0.67023 0.32977 ( 1)  0.416
1031 T   0.57539 0.42461 ( 1)  0.499
1032 C   0.93405 0.06595 ( 1)  0.187
1033 G   0.94081 0.05919 ( 1)  0.181
1034 D   0.73553 0.26447 ( 1)  0.360
1035 Y   0.93228 0.06772 ( 1)  0.188
1036 H   0.95607 0.04393 ( 1)  0.167
1037 S   0.91222 0.08778 ( 1)  0.206
1038 L   0.91809 0.08191 ( 1)  0.201
1039 A   0.94664 0.05336 ( 1)  0.176
1040 L   0.79676 0.20324 ( 1)  0.306
1041 S   0.87884 0.12116 ( 1)  0.235
1042 K   0.96430 0.03570 ( 1)  0.160
1043 G   0.75437 0.24563 ( 1)  0.343
1044 G   0.70458 0.29542 ( 1)  0.386
1045 E   0.67060 0.32940 ( 1)  0.416
1046 L   0.56351 0.43649 ( 1)  0.509
1047 F   0.95835 0.04165 ( 1)  0.165
1048 A   0.47713 0.52287 ( 2)  0.585
1049 W   0.84634 0.15366 ( 1)  0.263
1050 G   0.94141 0.05859 ( 1)  0.180
1051 Q   0.54839 0.45161 ( 1)  0.522
1052 N   0.95447 0.04553 ( 1)  0.169
1053 L   0.00586 0.99414 ( 2)  0.995
1054 H   0.96182 0.03818 ( 1)  0.162
1055 G   0.91803 0.08197 ( 1)  0.201
1056 Q   0.90389 0.09611 ( 1)  0.213
1057 L   0.90186 0.09814 ( 1)  0.215
1058 G   0.93993 0.06007 ( 1)  0.182
1059 I   0.01320 0.98680 ( 2)  0.989
1060 G   0.93656 0.06344 ( 1)  0.184
1061 R   0.04082 0.95918 ( 2)  0.964
1062 K   0.00450 0.99550 ( 2)  0.996
1063 F   0.23154 0.76846 ( 2)  0.798
1064 P   0.46114 0.53886 ( 2)  0.598
1065 S   0.87651 0.12349 ( 1)  0.237
1066 T   0.05476 0.94524 ( 2)  0.952
1067 T   0.00222 0.99778 ( 2)  0.998
1068 T   0.03696 0.96304 ( 2)  0.968
1069 P   0.91872 0.08128 ( 1)  0.200
1070 Q   0.90389 0.09611 ( 1)  0.213
1071 I   0.06798 0.93202 ( 2)  0.941
1072 V   0.92596 0.07404 ( 1)  0.194
1073 E   0.04784 0.95216 ( 2)  0.958
1074 H   0.00095 0.99905 ( 2)  0.999
1075 L   0.87211 0.12789 ( 1)  0.241
1076 A   0.17504 0.82496 ( 2)  0.848
1077 G   0.93656 0.06344 ( 1)  0.184
1078 I   0.19730 0.80270 ( 2)  0.828
1079 P   0.87677 0.12323 ( 1)  0.237
1080 L   0.85159 0.14841 ( 1)  0.258
1081 A   0.23986 0.76014 ( 2)  0.791
1082 Q   0.90389 0.09611 ( 1)  0.213
1083 I   0.69273 0.30727 ( 1)  0.397
1084 S   0.13866 0.86134 ( 2)  0.879
1085 A   0.92734 0.07266 ( 1)  0.192
1086 G   0.94081 0.05919 ( 1)  0.181
1087 E   0.76486 0.23514 ( 1)  0.334
1088 A   0.91600 0.08400 ( 1)  0.202
1089 H   0.93237 0.06763 ( 1)  0.188
1090 S   0.93986 0.06014 ( 1)  0.182
1091 M   0.06880 0.93120 ( 2)  0.940
1092 A   0.90507 0.09493 ( 1)  0.212
1093 L   0.85350 0.14650 ( 1)  0.257
1094 S   0.47133 0.52867 ( 2)  0.590
1095 M   0.63158 0.36842 ( 1)  0.450
1096 S   0.01785 0.98215 ( 2)  0.984
1097 G   0.92739 0.07261 ( 1)  0.192
1098 N   0.66260 0.33740 ( 1)  0.423
1099 I   0.02030 0.97970 ( 2)  0.982
1100 Y   0.58445 0.41555 ( 1)  0.491
1101 S   0.05855 0.94145 ( 2)  0.949
1102 W   0.84634 0.15366 ( 1)  0.263
1103 G   0.93534 0.06466 ( 1)  0.186
1104 K   0.05897 0.94103 ( 2)  0.949
1105 N   0.97175 0.02825 ( 1)  0.154
1106 E   0.10792 0.89208 ( 2)  0.906
1107 F   0.02226 0.97774 ( 2)  0.981
1108 G   0.93656 0.06344 ( 1)  0.184
1109 Q   0.91562 0.08438 ( 1)  0.203
1110 L   0.86432 0.13568 ( 1)  0.247
1111 G   0.47259 0.52741 ( 2)  0.588
1112 L   0.85452 0.14548 ( 1)  0.256
1113 D   0.15972 0.84028 ( 2)  0.861
1114 H   0.10418 0.89582 ( 2)  0.909
1115 T   0.43927 0.56073 ( 2)  0.617
1116 E   0.04136 0.95864 ( 2)  0.964
1117 S   0.09474 0.90526 ( 2)  0.917
1118 K   0.03000 0.97000 ( 2)  0.974
1119 D   0.56686 0.43314 ( 1)  0.506
1120 S   0.00274 0.99726 ( 2)  0.998
1121 -   0.54845 0.45155 ( 1)  0.522
1122 -   0.54845 0.45155 ( 1)  0.522
1123 -   0.54845 0.45155 ( 1)  0.522
1124 P   0.92677 0.07323 ( 1)  0.193
1125 S   0.12324 0.87676 ( 2)  0.893
1126 L   0.31710 0.68290 ( 2)  0.724
1127 I   0.96113 0.03887 ( 1)  0.163
1128 E   0.62104 0.37896 ( 1)  0.459
1129 A   0.03358 0.96642 ( 2)  0.971
1130 L   0.85057 0.14943 ( 1)  0.259
1131 D   0.30451 0.69549 ( 2)  0.735
1132 N   0.26279 0.73721 ( 2)  0.771
1133 Q   0.47177 0.52823 ( 2)  0.589
1134 K   0.00122 0.99878 ( 2)  0.999
1135 V   0.94345 0.05655 ( 1)  0.178
1136 E   0.17222 0.82778 ( 2)  0.850
1137 F   0.72609 0.27391 ( 1)  0.368
1138 L   0.10255 0.89745 ( 2)  0.911
1139 A   0.05209 0.94791 ( 2)  0.955
1140 C   0.93049 0.06951 ( 1)  0.190
1141 G   0.95308 0.04692 ( 1)  0.170
1142 G   0.06719 0.93281 ( 2)  0.941
1143 S   0.04126 0.95874 ( 2)  0.964
1144 H   0.93237 0.06763 ( 1)  0.188
1145 T   0.71875 0.28125 ( 1)  0.374
1146 A   0.91419 0.08581 ( 1)  0.204
1147 L   0.41885 0.58115 ( 2)  0.635
1148 L   0.89589 0.10411 ( 1)  0.220
1149 T   0.94002 0.05998 ( 1)  0.181
1150 Q   0.54386 0.45614 ( 1)  0.526
1151 D   0.97430 0.02570 ( 1)  0.152
1152 G   0.92767 0.07233 ( 1)  0.192
1153 L   0.39472 0.60528 ( 2)  0.656
1154 L   0.53855 0.46145 ( 1)  0.531
1155 F   0.95109 0.04891 ( 1)  0.172
1156 T   0.94870 0.05130 ( 1)  0.174
1157 F   0.95770 0.04230 ( 1)  0.166
1158 G   0.94698 0.05302 ( 1)  0.175
1159 A   0.64718 0.35282 ( 1)  0.436
1160 G   0.11267 0.88733 ( 2)  0.902
1161 K   0.78732 0.21268 ( 1)  0.314
1162 H   0.18978 0.81022 ( 2)  0.835
1163 G   0.92825 0.07175 ( 1)  0.192
1164 Q   0.91555 0.08445 ( 1)  0.203
1165 L   0.91791 0.08209 ( 1)  0.201
1166 G   0.94698 0.05302 ( 1)  0.175
1167 H   0.64091 0.35909 ( 1)  0.442
1168 N   0.13982 0.86018 ( 2)  0.878
1169 S   0.00791 0.99209 ( 2)  0.993
1170 K   0.69133 0.30867 ( 1)  0.398
1171 Q   0.76719 0.23281 ( 1)  0.332
1172 N   0.88512 0.11488 ( 1)  0.229
1173 E   0.84454 0.15546 ( 1)  0.265
1174 L   0.74049 0.25951 ( 1)  0.355
1175 R   0.27292 0.72708 ( 2)  0.762
1176 P   0.73268 0.26732 ( 1)  0.362
1177 C   0.30815 0.69185 ( 2)  0.732
1178 L   0.73129 0.26871 ( 1)  0.363
1179 V   0.80573 0.19427 ( 1)  0.298
1180 T   0.07074 0.92926 ( 2)  0.938
1181 E   0.84454 0.15546 ( 1)  0.265
1182 L   0.33713 0.66287 ( 2)  0.706
1183 A   0.02071 0.97929 ( 2)  0.982
1184 G   0.62671 0.37329 ( 1)  0.454
1185 N   0.13344 0.86656 ( 2)  0.884
1186 R   0.04197 0.95803 ( 2)  0.963
1187 -   0.54845 0.45155 ( 1)  0.522
1188 -   0.54845 0.45155 ( 1)  0.522
1189 -   0.54845 0.45155 ( 1)  0.522
1190 -   0.54845 0.45155 ( 1)  0.522
1191 -   0.54845 0.45155 ( 1)  0.522
1192 -   0.54845 0.45155 ( 1)  0.522
1193 -   0.54845 0.45155 ( 1)  0.522
1194 -   0.54845 0.45155 ( 1)  0.522
1195 -   0.54845 0.45155 ( 1)  0.522
1196 -   0.54845 0.45155 ( 1)  0.522
1197 -   0.54845 0.45155 ( 1)  0.522
1198 V   0.93151 0.06849 ( 1)  0.189
1199 T   0.12127 0.87873 ( 2)  0.894
1200 Q   0.90498 0.09502 ( 1)  0.212
1201 I   0.96368 0.03632 ( 1)  0.161
1202 A   0.46509 0.53491 ( 2)  0.595
1203 C   0.93150 0.06850 ( 1)  0.189
1204 G   0.93308 0.06692 ( 1)  0.187
1205 R   0.94347 0.05653 ( 1)  0.178
1206 W   0.01217 0.98783 ( 2)  0.989
1207 H   0.93237 0.06763 ( 1)  0.188
1208 T   0.93893 0.06107 ( 1)  0.182
1209 L   0.93350 0.06650 ( 1)  0.187
1210 A   0.90974 0.09026 ( 1)  0.208
1211 Y   0.93286 0.06714 ( 1)  0.188
1212 V   0.94698 0.05302 ( 1)  0.175
1213 S   0.13852 0.86148 ( 2)  0.879
1214 D   0.29270 0.70730 ( 2)  0.745
1215 L   0.00800 0.99200 ( 2)  0.993
1216 G   0.59495 0.40505 ( 1)  0.482
1217 K   0.66894 0.33106 ( 1)  0.417
1218 V   0.91415 0.08585 ( 1)  0.204
1219 F   0.67491 0.32509 ( 1)  0.412
1220 S   0.86689 0.13311 ( 1)  0.245
1221 F   0.95835 0.04165 ( 1)  0.165
1222 G   0.95308 0.04692 ( 1)  0.170
1223 S   0.53923 0.46077 ( 1)  0.530
1224 G   0.93656 0.06344 ( 1)  0.184
1225 K   0.09579 0.90421 ( 2)  0.917
1226 E   0.41326 0.58674 ( 2)  0.640
1227 G   0.81608 0.18392 ( 1)  0.289
1228 Q   0.78966 0.21034 ( 1)  0.312
1229 L   0.71486 0.28514 ( 1)  0.378
1230 G   0.81608 0.18392 ( 1)  0.289
1231 N   0.85584 0.14416 ( 1)  0.255
1232 G   0.49073 0.50927 ( 2)  0.573
1233 G   0.93193 0.06807 ( 1)  0.188
1234 T   0.94772 0.05228 ( 1)  0.175
1235 R   0.00109 0.99891 ( 2)  0.999
1236 D   0.72237 0.27763 ( 1)  0.371
1237 Q   0.76719 0.23281 ( 1)  0.332
1238 L   0.24446 0.75554 ( 2)  0.787
1239 I   0.00202 0.99798 ( 2)  0.998
1240 P   0.91380 0.08620 ( 1)  0.204
1241 L   0.16362 0.83638 ( 2)  0.858
1242 P   0.89212 0.10788 ( 1)  0.223
1243 M   0.04652 0.95348 ( 2)  0.959
1244 K   0.44002 0.55998 ( 2)  0.617
1245 V   0.30667 0.69333 ( 2)  0.733
1246 S   0.27485 0.72515 ( 2)  0.761
1247 S   0.74341 0.25659 ( 1)  0.353
1248 N   0.45047 0.54953 ( 2)  0.608
1249 E   0.86349 0.13651 ( 1)  0.248
1250 D   0.44808 0.55192 ( 2)  0.610
1251 L   0.74883 0.25117 ( 1)  0.348
1252 K   0.01109 0.98891 ( 2)  0.990
1253 F   0.06611 0.93389 ( 2)  0.942
1254 E   0.86868 0.13132 ( 1)  0.244
1255 S   0.34825 0.65175 ( 2)  0.697
1256 H   0.84730 0.15270 ( 1)  0.262
1257 T   0.05070 0.94930 ( 2)  0.956
1258 S   0.74341 0.25659 ( 1)  0.353
1259 E   0.86868 0.13132 ( 1)  0.244
1260 K   0.84633 0.15367 ( 1)  0.263
1261 E   0.95389 0.04611 ( 1)  0.169
1262 L   0.08290 0.91710 ( 2)  0.928
1263 I   0.25648 0.74352 ( 2)  0.777
1264 M   0.98467 0.01533 ( 1)  0.143
1265 I   0.86488 0.13512 ( 1)  0.247
1266 A   0.83413 0.16587 ( 1)  0.274
1267 G   0.81632 0.18368 ( 1)  0.289
1268 E   0.11669 0.88331 ( 2)  0.898
1269 N   0.97182 0.02818 ( 1)  0.154
1270 Q   0.05745 0.94255 ( 2)  0.950
1271 S   0.22226 0.77774 ( 2)  0.806
1272 I   0.96121 0.03879 ( 1)  0.163
1273 L   0.33744 0.66256 ( 2)  0.706
1274 L   0.09335 0.90665 ( 2)  0.919
1275 W   0.27318 0.72682 ( 2)  0.762
1276 I   0.01404 0.98596 ( 2)  0.988
1277 -   0.54845 0.45155 ( 1)  0.522
1278 -   0.54845 0.45155 ( 1)  0.522
1279 -   0.54845 0.45155 ( 1)  0.522
1280 K   0.09661 0.90339 ( 2)  0.916
1281 K   0.12610 0.87390 ( 2)  0.890
1282 E   0.20910 0.79090 ( 2)  0.818
1283 N   0.97435 0.02565 ( 1)  0.152
1284 S   0.45510 0.54490 ( 2)  0.604
1285 Y   0.21369 0.78631 ( 2)  0.814
1286 V   0.94879 0.05121 ( 1)  0.174
1287 -   0.54845 0.45155 ( 1)  0.522
1288 -   0.54845 0.45155 ( 1)  0.522
1289 -   0.54845 0.45155 ( 1)  0.522
1290 -   0.54845 0.45155 ( 1)  0.522
1291 -   0.54845 0.45155 ( 1)  0.522
1292 -   0.54845 0.45155 ( 1)  0.522
1293 -   0.54845 0.45155 ( 1)  0.522
1294 -   0.54845 0.45155 ( 1)  0.522
1295 -   0.54845 0.45155 ( 1)  0.522
1296 -   0.54845 0.45155 ( 1)  0.522
1297 -   0.54845 0.45155 ( 1)  0.522
1298 -   0.54845 0.45155 ( 1)  0.522
1299 -   0.54845 0.45155 ( 1)  0.522
1300 -   0.54845 0.45155 ( 1)  0.522
1301 -   0.54845 0.45155 ( 1)  0.522
1302 -   0.54845 0.45155 ( 1)  0.522
1303 -   0.54845 0.45155 ( 1)  0.522
1304 -   0.54845 0.45155 ( 1)  0.522
1305 -   0.54845 0.45155 ( 1)  0.522
1306 -   0.54845 0.45155 ( 1)  0.522
1307 -   0.54845 0.45155 ( 1)  0.522
1308 N   0.85133 0.14867 ( 1)  0.259
1309 L   0.09127 0.90873 ( 2)  0.921
1310 R   0.00888 0.99112 ( 2)  0.992
1311 R   0.94561 0.05439 ( 1)  0.177
1312 T   0.72108 0.27892 ( 1)  0.372
1313 I   0.86488 0.13512 ( 1)  0.247
1314 L   0.15469 0.84531 ( 2)  0.865
1315 T   0.67096 0.32904 ( 1)  0.416
1316 L   0.84130 0.15870 ( 1)  0.267
1317 N   0.11710 0.88290 ( 2)  0.898
1318 E   0.96431 0.03569 ( 1)  0.160
1319 G   0.00255 0.99745 ( 2)  0.998
1320 -   0.54845 0.45155 ( 1)  0.522
1321 -   0.54845 0.45155 ( 1)  0.522
1322 -   0.54845 0.45155 ( 1)  0.522
1323 -   0.54845 0.45155 ( 1)  0.522
1324 -   0.54845 0.45155 ( 1)  0.522
1325 -   0.54845 0.45155 ( 1)  0.522
1326 T   0.95203 0.04797 ( 1)  0.171
1327 V   0.68838 0.31162 ( 1)  0.401
1328 K   0.06201 0.93799 ( 2)  0.946
1329 R   0.27475 0.72525 ( 2)  0.761
1330 W   0.84646 0.15354 ( 1)  0.263
1331 I   0.95775 0.04225 ( 1)  0.166
1332 A   0.68970 0.31030 ( 1)  0.399
1333 D   0.89016 0.10984 ( 1)  0.225
1334 V   0.80331 0.19669 ( 1)  0.300
1335 E   0.84480 0.15520 ( 1)  0.264
1336 T   0.07550 0.92450 ( 2)  0.934
1337 K   0.96297 0.03703 ( 1)  0.161
1338 R   0.86511 0.13489 ( 1)  0.247
1339 W   0.71134 0.28866 ( 1)  0.381
1340 Q   0.31115 0.68885 ( 2)  0.729
1341 S   0.75946 0.24054 ( 1)  0.339
1342 -   0.54845 0.45155 ( 1)  0.522
1343 -   0.54845 0.45155 ( 1)  0.522
1344 -   0.54845 0.45155 ( 1)  0.522
1345 -   0.54845 0.45155 ( 1)  0.522
1346 -   0.54845 0.45155 ( 1)  0.522
1347 T   0.94326 0.05674 ( 1)  0.179
1348 K   0.96438 0.03562 ( 1)  0.160
1349 R   0.71280 0.28720 ( 1)  0.379
1350 E   0.96431 0.03569 ( 1)  0.160
1351 I   0.93631 0.06369 ( 1)  0.185
1352 Q   0.06128 0.93872 ( 2)  0.947
1353 E   0.26029 0.73971 ( 2)  0.773
1354 -   0.54845 0.45155 ( 1)  0.522
1355 -   0.54845 0.45155 ( 1)  0.522
1356 -   0.54845 0.45155 ( 1)  0.522
1357 -   0.54845 0.45155 ( 1)  0.522
1358 -   0.54845 0.45155 ( 1)  0.522
1359 -   0.54845 0.45155 ( 1)  0.522
1360 -   0.54845 0.45155 ( 1)  0.522
1361 -   0.54845 0.45155 ( 1)  0.522
1362 -   0.54845 0.45155 ( 1)  0.522
1363 -   0.54845 0.45155 ( 1)  0.522
1364 -   0.54845 0.45155 ( 1)  0.522
1365 -   0.54845 0.45155 ( 1)  0.522
1366 -   0.54845 0.45155 ( 1)  0.522
1367 -   0.54845 0.45155 ( 1)  0.522
1368 -   0.54845 0.45155 ( 1)  0.522
1369 -   0.54845 0.45155 ( 1)  0.522
1370 -   0.54845 0.45155 ( 1)  0.522
1371 -   0.54845 0.45155 ( 1)  0.522
1372 -   0.54845 0.45155 ( 1)  0.522
1373 -   0.54845 0.45155 ( 1)  0.522
1374 -   0.54845 0.45155 ( 1)  0.522
1375 -   0.54845 0.45155 ( 1)  0.522
1376 -   0.54845 0.45155 ( 1)  0.522
1377 I   0.92812 0.07188 ( 1)  0.192
1378 F   0.86681 0.13319 ( 1)  0.245
1379 S   0.91611 0.08389 ( 1)  0.202
1380 S   0.95480 0.04520 ( 1)  0.169
1381 P   0.95699 0.04301 ( 1)  0.167
1382 A   0.97619 0.02381 ( 1)  0.150
1383 C   0.96131 0.03869 ( 1)  0.163
1384 L   0.88984 0.11016 ( 1)  0.225
1385 S   0.83272 0.16728 ( 1)  0.275
1386 G   0.74294 0.25706 ( 1)  0.353
1387 S   0.90748 0.09252 ( 1)  0.210
1388 F   0.98054 0.01946 ( 1)  0.146
1389 L   0.55838 0.44162 ( 1)  0.514
1390 R   0.83400 0.16600 ( 1)  0.274
1391 K   0.98649 0.01351 ( 1)  0.141
1392 R   0.84521 0.15479 ( 1)  0.264
1393 R   0.03083 0.96917 ( 2)  0.973
1394 T   0.06863 0.93137 ( 2)  0.940
1395 T   0.01712 0.98288 ( 2)  0.985
1396 E   0.89954 0.10046 ( 1)  0.217
1397 T   0.00098 0.99902 ( 2)  0.999
1398 M   0.00027 0.99973 ( 2)  1.000
1399 P   0.64377 0.35623 ( 1)  0.439
1400 V   0.10811 0.89189 ( 2)  0.906
1401 Y   0.07840 0.92160 ( 2)  0.932
1402 S   0.17193 0.82807 ( 2)  0.850
1403 D   0.84525 0.15475 ( 1)  0.264
1404 L   0.90796 0.09204 ( 1)  0.209
1405 S   0.00918 0.99082 ( 2)  0.992
1406 K   0.86730 0.13270 ( 1)  0.245
1407 A   0.98410 0.01590 ( 1)  0.143
1408 R   0.90904 0.09096 ( 1)  0.208
1409 T   0.00002 0.99998 ( 2)  1.000
1410 I   0.79937 0.20063 ( 1)  0.304
1411 F   0.97529 0.02471 ( 1)  0.151
1412 K   0.15671 0.84329 ( 2)  0.864
1413 E   0.77077 0.22923 ( 1)  0.329
1414 L   0.93185 0.06815 ( 1)  0.189
1415 T   0.83775 0.16225 ( 1)  0.270
1416 Q   0.10293 0.89707 ( 2)  0.910
1417 K   0.12759 0.87241 ( 2)  0.889
1418 D   0.93672 0.06328 ( 1)  0.184
1419 W   0.02093 0.97907 ( 2)  0.982
1420 I   0.99225 0.00775 ( 1)  0.136
1421 T   0.05998 0.94002 ( 2)  0.948
1422 N   0.04159 0.95841 ( 2)  0.964
1423 T   0.05045 0.94955 ( 2)  0.956
1424 I   0.26690 0.73310 ( 2)  0.768
1425 T   0.97883 0.02117 ( 1)  0.148
1426 T   0.05550 0.94450 ( 2)  0.952
1427 C   0.81215 0.18785 ( 1)  0.293
1428 L   0.94321 0.05679 ( 1)  0.179
1429 K   0.00170 0.99830 ( 2)  0.999
1430 D   0.78503 0.21497 ( 1)  0.316
1431 N   0.00004 0.99996 ( 2)  1.000
1432 L   0.91384 0.08616 ( 1)  0.204
1433 L   0.94368 0.05632 ( 1)  0.178
1434 K   0.61467 0.38533 ( 1)  0.465
1435 R   0.00002 0.99998 ( 2)  1.000
1436 L   0.97776 0.02224 ( 1)  0.149
1437 P   0.78059 0.21941 ( 1)  0.320
1438 F   0.78417 0.21583 ( 1)  0.317
1439 H   0.00003 0.99997 ( 2)  1.000
1440 S   0.97028 0.02972 ( 1)  0.155
1441 L   0.79660 0.20340 ( 1)  0.306
1442 Y   0.07210 0.92790 ( 2)  0.937
1443 Q   0.77672 0.22328 ( 1)  0.324
1444 E   0.99266 0.00734 ( 1)  0.136
1445 A   0.98532 0.01468 ( 1)  0.142
1446 L   0.92729 0.07271 ( 1)  0.193
1447 E   0.00569 0.99431 ( 2)  0.995
1448 V   0.01674 0.98326 ( 2)  0.985
1449 F   0.97060 0.02940 ( 1)  0.155
1450 F   0.74313 0.25687 ( 1)  0.353
1451 L   0.95036 0.04964 ( 1)  0.172
1452 L   0.67962 0.32038 ( 1)  0.408
1453 P   0.96847 0.03153 ( 1)  0.157
1454 E   0.99266 0.00734 ( 1)  0.136
1455 C   0.83602 0.16398 ( 1)  0.272
1456 P   0.97063 0.02937 ( 1)  0.155
1457 V   0.39142 0.60858 ( 2)  0.659
1458 M   0.99794 0.00206 ( 1)  0.131
1459 H   0.17806 0.82194 ( 2)  0.845
1460 N   0.00000 1.00000 ( 2)  1.000
1461 S   0.33827 0.66173 ( 2)  0.705
1462 N   0.00952 0.99048 ( 2)  0.992
1463 N   0.98830 0.01170 ( 1)  0.139
1464 W   0.54324 0.45676 ( 1)  0.527
1465 E   0.14469 0.85531 ( 2)  0.874
1466 T   0.00842 0.99158 ( 2)  0.993
1467 I   0.63105 0.36895 ( 1)  0.450
1468 V   0.97553 0.02447 ( 1)  0.151
1469 V   0.55021 0.44979 ( 1)  0.521
1470 A   0.00700 0.99300 ( 2)  0.994
1471 F   0.98842 0.01158 ( 1)  0.139
1472 A   0.48684 0.51316 ( 2)  0.576
1473 K   0.00656 0.99344 ( 2)  0.994
1474 A   0.50823 0.49177 ( 1)  0.557
1475 V   0.98581 0.01419 ( 1)  0.142
1476 C   0.97540 0.02460 ( 1)  0.151
1477 K   0.45678 0.54322 ( 2)  0.602
1478 M   0.97968 0.02032 ( 1)  0.147
1479 S   0.94923 0.05077 ( 1)  0.173
1480 D   0.02147 0.97853 ( 2)  0.981
1481 Q   0.04754 0.95246 ( 2)  0.959
1482 S   0.97054 0.02946 ( 1)  0.155
1483 L   0.00003 0.99997 ( 2)  1.000
1484 L   0.01506 0.98494 ( 2)  0.987
1485 V   0.39272 0.60728 ( 2)  0.658
1486 L   0.91711 0.08289 ( 1)  0.201
1487 E   0.18825 0.81175 ( 2)  0.836
1488 E   0.92385 0.07615 ( 1)  0.196
1489 Y   0.39939 0.60061 ( 2)  0.652
1490 W   0.90763 0.09237 ( 1)  0.210
1491 A   0.98410 0.01590 ( 1)  0.143
1492 T   0.40199 0.59801 ( 2)  0.650
1493 L   0.92051 0.07949 ( 1)  0.198
1494 Q   0.79613 0.20387 ( 1)  0.307
1495 E   0.99304 0.00696 ( 1)  0.135
1496 S   0.77964 0.22036 ( 1)  0.321
1497 T   0.06057 0.93943 ( 2)  0.947
1498 F   0.68975 0.31025 ( 1)  0.399
1499 S   0.00167 0.99833 ( 2)  0.999
1500 K   0.09288 0.90712 ( 2)  0.919
1501 L   0.90910 0.09090 ( 1)  0.208
1502 V   0.78239 0.21761 ( 1)  0.319
1503 Q   0.95746 0.04254 ( 1)  0.166
1504 M   0.99794 0.00206 ( 1)  0.131
1505 F   0.89187 0.10813 ( 1)  0.223
1506 K   0.99287 0.00713 ( 1)  0.135
1507 T   0.00234 0.99766 ( 2)  0.998
1508 A   0.96708 0.03292 ( 1)  0.158
1509 I   0.00001 0.99999 ( 2)  1.000
1510 I   0.44577 0.55423 ( 2)  0.612
1511 C   0.77720 0.22280 ( 1)  0.323
1512 Q   0.75342 0.24658 ( 1)  0.344
1513 L   0.91401 0.08599 ( 1)  0.204
1514 Y   0.00000 1.00000 ( 2)  1.000
1515 Y   0.00013 0.99987 ( 2)  1.000
1516 W   0.14077 0.85923 ( 2)  0.877
1517 N   0.14394 0.85606 ( 2)  0.875
1518 E   0.02825 0.97175 ( 2)  0.975
1519 N   0.00009 0.99991 ( 2)  1.000
1520 A   0.00019 0.99981 ( 2)  1.000
1521 -   0.54845 0.45155 ( 1)  0.522
1522 -   0.54845 0.45155 ( 1)  0.522
1523 E   0.00863 0.99137 ( 2)  0.992
1524 E   0.00001 0.99999 ( 2)  1.000
1525 N   0.13926 0.86074 ( 2)  0.879
1526 G   0.00561 0.99439 ( 2)  0.995
1527 N   0.02911 0.97089 ( 2)  0.975
1528 V   0.58417 0.41583 ( 1)  0.491
1529 Q   0.92690 0.07310 ( 1)  0.193
1530 A   0.98572 0.01428 ( 1)  0.142
1531 L   0.96604 0.03396 ( 1)  0.159
1532 L   0.61824 0.38176 ( 1)  0.462
1533 E   0.09950 0.90050 ( 2)  0.913
1534 M   0.96506 0.03494 ( 1)  0.160
1535 L   0.52149 0.47851 ( 1)  0.546
1536 K   0.99145 0.00855 ( 1)  0.137
1537 K   0.66453 0.33547 ( 1)  0.421
1538 L   0.07384 0.92616 ( 2)  0.936
1539 H   0.49392 0.50608 ( 2)  0.570
1540 R   0.90265 0.09735 ( 1)  0.214
1541 V   0.89627 0.10373 ( 1)  0.220
1542 N   0.98830 0.01170 ( 1)  0.139
1543 Q   0.86631 0.13369 ( 1)  0.246
1544 M   0.00131 0.99869 ( 2)  0.999
1545 K   0.07665 0.92335 ( 2)  0.933
1546 C   0.38483 0.61517 ( 2)  0.665
1547 L   0.00433 0.99567 ( 2)  0.996
1548 L   0.92895 0.07105 ( 1)  0.191
1549 P   0.34040 0.65960 ( 2)  0.704
1550 E   0.99304 0.00696 ( 1)  0.135
1551 S   0.25873 0.74127 ( 2)  0.775
1552 I   0.62235 0.37765 ( 1)  0.458
1553 F   0.97060 0.02940 ( 1)  0.155
1554 Q   0.00163 0.99837 ( 2)  0.999
1555 V   0.70544 0.29456 ( 1)  0.386
1556 D   0.96231 0.03769 ( 1)  0.162
1557 E   0.99304 0.00696 ( 1)  0.135
1558 L   0.94896 0.05104 ( 1)  0.174
1559 L   0.60891 0.39109 ( 1)  0.470
1560 Y   0.00002 0.99998 ( 2)  1.000
1561 R   0.02054 0.97946 ( 2)  0.982
1562 L   0.88988 0.11012 ( 1)  0.225
1563 D   0.62524 0.37476 ( 1)  0.456
1564 F   0.98917 0.01083 ( 1)  0.139
1565 F   0.00003 0.99997 ( 2)  1.000
1566 V   0.00000 1.00000 ( 2)  1.000
1567 E   0.93759 0.06241 ( 1)  0.184
1568 V   0.10173 0.89827 ( 2)  0.911
1569 C   0.00004 0.99996 ( 2)  1.000
1570 R   0.52865 0.47135 ( 1)  0.540
1571 R   0.00489 0.99511 ( 2)  0.996
1572 -   0.54845 0.45155 ( 1)  0.522
1573 Y   0.00001 0.99999 ( 2)  1.000
1574 L   0.00016 0.99984 ( 2)  1.000
1575 W   0.01453 0.98547 ( 2)  0.987
1576 K   0.26499 0.73501 ( 2)  0.769
1577 M   0.01167 0.98833 ( 2)  0.990
1578 T   0.00019 0.99981 ( 2)  1.000
1579 V   0.00377 0.99623 ( 2)  0.997
1580 D   0.00006 0.99994 ( 2)  1.000
1581 T   0.00092 0.99908 ( 2)  0.999
1582 L   0.03762 0.96238 ( 2)  0.967
1583 E   0.56041 0.43959 ( 1)  0.512
1584 N   0.01217 0.98783 ( 2)  0.989
1585 V   0.00056 0.99944 ( 2)  1.000
1586 G   0.00589 0.99411 ( 2)  0.995
1587 C   0.23610 0.76390 ( 2)  0.794
1588 C   0.00544 0.99456 ( 2)  0.995
1589 V   0.81152 0.18848 ( 1)  0.293
1590 I   0.48528 0.51472 ( 2)  0.577
1591 F   0.96168 0.03832 ( 1)  0.163
1592 S   0.59138 0.40862 ( 1)  0.485
1593 H   0.43683 0.56317 ( 2)  0.620
1594 F   0.98917 0.01083 ( 1)  0.139
1595 P   0.95879 0.04121 ( 1)  0.165
1596 F   0.98308 0.01692 ( 1)  0.144
1597 I   0.30318 0.69682 ( 2)  0.736
1598 F   0.86776 0.13224 ( 1)  0.244
1599 N   0.99368 0.00632 ( 1)  0.135
1600 N   0.00002 0.99998 ( 2)  1.000
1601 L   0.55118 0.44882 ( 1)  0.520
1602 S   0.92177 0.07823 ( 1)  0.197
1603 K   0.98947 0.01053 ( 1)  0.138
1604 I   0.98836 0.01164 ( 1)  0.139
1605 K   0.91782 0.08218 ( 1)  0.201
1606 L   0.91539 0.08461 ( 1)  0.203
1607 L   0.55177 0.44823 ( 1)  0.520
1608 R   0.02104 0.97896 ( 2)  0.982
1609 T   0.79745 0.20255 ( 1)  0.306
1610 D   0.98997 0.01003 ( 1)  0.138
1611 T   0.24516 0.75484 ( 2)  0.787
1612 L   0.00000 1.00000 ( 2)  1.000
1613 V   0.00359 0.99641 ( 2)  0.997
1614 K   0.98627 0.01373 ( 1)  0.141
1615 I   0.75430 0.24570 ( 1)  0.343
1616 Q   0.00002 0.99998 ( 2)  1.000
1617 V   0.00010 0.99990 ( 2)  1.000
1618 K   0.00066 0.99934 ( 2)  0.999
1619 K   0.01110 0.98890 ( 2)  0.990
1620 H   0.00000 1.00000 ( 2)  1.000
1621 K   0.13922 0.86078 ( 2)  0.879
1622 H   0.11840 0.88160 ( 2)  0.897
1623 Y   0.00073 0.99927 ( 2)  0.999
1624 F   0.00892 0.99108 ( 2)  0.992
1625 R   0.00001 0.99999 ( 2)  1.000
1626 W   0.00001 0.99999 ( 2)  1.000
1627 A   0.00005 0.99995 ( 2)  1.000
1628 A   0.00205 0.99795 ( 2)  0.998
1629 V   0.00496 0.99504 ( 2)  0.996
1630 E   0.01109 0.98891 ( 2)  0.990
1631 E   0.02074 0.97926 ( 2)  0.982
1632 E   0.29563 0.70437 ( 2)  0.743
1633 R   0.00046 0.99954 ( 2)  1.000
1634 E   0.00775 0.99225 ( 2)  0.993
1635 S   0.01237 0.98763 ( 2)  0.989
1636 E   0.99304 0.00696 ( 1)  0.135
1637 F   0.17298 0.82702 ( 2)  0.849
1638 A   0.27631 0.72369 ( 2)  0.759
1639 -   0.54845 0.45155 ( 1)  0.522
1640 -   0.54845 0.45155 ( 1)  0.522
1641 L   0.57063 0.42937 ( 1)  0.503
1642 L   0.00026 0.99974 ( 2)  1.000
1643 P   0.93408 0.06592 ( 1)  0.187
1644 M   0.00690 0.99310 ( 2)  0.994
1645 F   0.90694 0.09306 ( 1)  0.210
1646 T   0.00046 0.99954 ( 2)  1.000
1647 L   0.74637 0.25363 ( 1)  0.350
1648 T   0.00173 0.99827 ( 2)  0.998
1649 V   0.96308 0.03692 ( 1)  0.161
1650 R   0.54128 0.45872 ( 1)  0.529
1651 R   0.72610 0.27390 ( 1)  0.368
1652 N   0.73749 0.26251 ( 1)  0.358
1653 H   0.00058 0.99942 ( 2)  0.999
1654 L   0.91600 0.08400 ( 1)  0.202
1655 I   0.77864 0.22136 ( 1)  0.322
1656 E   0.92910 0.07090 ( 1)  0.191
1657 D   0.99606 0.00394 ( 1)  0.133
1658 V   0.90927 0.09073 ( 1)  0.208
1659 L   0.91649 0.08351 ( 1)  0.202
1660 N   0.55112 0.44888 ( 1)  0.520
1661 Q   0.25400 0.74600 ( 2)  0.779
1662 L   0.93066 0.06934 ( 1)  0.190
1663 S   0.99073 0.00927 ( 1)  0.137
1664 Q   0.80471 0.19529 ( 1)  0.299
1665 F   0.01297 0.98703 ( 2)  0.989
1666 E   0.92451 0.07549 ( 1)  0.195
1667 N   0.09038 0.90962 ( 2)  0.921
1668 E   0.00757 0.99243 ( 2)  0.993
1669 D   0.90912 0.09088 ( 1)  0.208
1670 L   0.51822 0.48178 ( 1)  0.549
1671 R   0.00008 0.99992 ( 2)  1.000
1672 K   0.99219 0.00781 ( 1)  0.136
1673 E   0.00158 0.99842 ( 2)  0.999
1674 L   0.90551 0.09449 ( 1)  0.211
1675 W   0.02088 0.97912 ( 2)  0.982
1676 V   0.98753 0.01247 ( 1)  0.140
1677 S   0.04834 0.95166 ( 2)  0.958
1678 F   0.98917 0.01083 ( 1)  0.139
1679 S   0.17121 0.82879 ( 2)  0.851
1680 G   0.02580 0.97420 ( 2)  0.978
1681 E   0.99304 0.00696 ( 1)  0.135
1682 I   0.99216 0.00784 ( 1)  0.136
1683 G   0.00000 1.00000 ( 2)  1.000
1684 Y   0.35798 0.64202 ( 2)  0.688
1685 D   0.81336 0.18664 ( 1)  0.292
1686 F   0.00001 0.99999 ( 2)  1.000
1687 G   0.86937 0.13063 ( 1)  0.243
1688 G   0.97663 0.02337 ( 1)  0.150
1689 V   0.96734 0.03266 ( 1)  0.158
1690 K   0.00042 0.99958 ( 2)  1.000
1691 T   0.00556 0.99444 ( 2)  0.995
1692 E   0.98855 0.01145 ( 1)  0.139
1693 F   0.97060 0.02940 ( 1)  0.155
1694 F   0.97177 0.02823 ( 1)  0.154
1695 Y   0.04857 0.95143 ( 2)  0.958
1696 C   0.97540 0.02460 ( 1)  0.151
1697 L   0.01480 0.98520 ( 2)  0.987
1698 F   0.98917 0.01083 ( 1)  0.139
1699 E   0.94492 0.05508 ( 1)  0.177
1700 E   0.91481 0.08519 ( 1)  0.203
1701 M   0.98027 0.01973 ( 1)  0.146
1702 T   0.75921 0.24079 ( 1)  0.339
1703 Q   0.07629 0.92371 ( 2)  0.934
1704 P   0.96778 0.03222 ( 1)  0.157
1705 E   0.64341 0.35659 ( 1)  0.440
1706 Y   0.98118 0.01882 ( 1)  0.146
1707 G   0.41812 0.58188 ( 2)  0.636
1708 L   0.98062 0.01938 ( 1)  0.146
1709 F   0.97060 0.02940 ( 1)  0.155
1710 M   0.18909 0.81091 ( 2)  0.835
1711 Y   0.98046 0.01954 ( 1)  0.146
1712 P   0.97198 0.02802 ( 1)  0.154
1713 E   0.94771 0.05229 ( 1)  0.175
1714 G   0.02145 0.97855 ( 2)  0.981
1715 A   0.01551 0.98449 ( 2)  0.986
1716 S   0.60367 0.39633 ( 1)  0.474
1717 C   0.08642 0.91358 ( 2)  0.925
1718 M   0.99794 0.00206 ( 1)  0.131
1719 W   0.90763 0.09237 ( 1)  0.210
1720 F   0.98917 0.01083 ( 1)  0.139
1721 P   0.97090 0.02910 ( 1)  0.155
1722 V   0.71964 0.28036 ( 1)  0.373
1723 K   0.00326 0.99674 ( 2)  0.997
1724 P   0.81902 0.18098 ( 1)  0.287
1725 K   0.99320 0.00680 ( 1)  0.135
1726 F   0.00720 0.99280 ( 2)  0.994
1727 E   0.91761 0.08239 ( 1)  0.201
1728 K   0.91664 0.08336 ( 1)  0.202
1729 K   0.99102 0.00898 ( 1)  0.137
1730 R   0.78453 0.21547 ( 1)  0.317
1731 Y   0.97078 0.02922 ( 1)  0.155
1732 F   0.97177 0.02823 ( 1)  0.154
1733 F   0.75357 0.24643 ( 1)  0.344
1734 F   0.98917 0.01083 ( 1)  0.139
1735 G   0.97500 0.02500 ( 1)  0.151
1736 V   0.00386 0.99614 ( 2)  0.997
1737 L   0.91683 0.08317 ( 1)  0.202
1738 C   0.97540 0.02460 ( 1)  0.151
1739 G   0.98088 0.01912 ( 1)  0.146
1740 L   0.96027 0.03973 ( 1)  0.164
1741 S   0.92706 0.07294 ( 1)  0.193
1742 L   0.91821 0.08179 ( 1)  0.200
1743 F   0.97060 0.02940 ( 1)  0.155
1744 H   0.97031 0.02969 ( 1)  0.155
1745 C   0.03276 0.96724 ( 2)  0.971
1746 S   0.96799 0.03201 ( 1)  0.157
1747 V   0.52321 0.47679 ( 1)  0.544
1748 A   0.96646 0.03354 ( 1)  0.158
1749 N   0.98878 0.01122 ( 1)  0.139
1750 L   0.24066 0.75934 ( 2)  0.790
1751 P   0.97225 0.02775 ( 1)  0.153
1752 F   0.97060 0.02940 ( 1)  0.155
1753 P   0.96847 0.03153 ( 1)  0.157
1754 L   0.90945 0.09055 ( 1)  0.208
1755 A   0.98482 0.01518 ( 1)  0.142
1756 L   0.90964 0.09036 ( 1)  0.208
1757 F   0.88113 0.11887 ( 1)  0.233
1758 K   0.99000 0.01000 ( 1)  0.138
1759 K   0.99219 0.00781 ( 1)  0.136
1760 L   0.97873 0.02127 ( 1)  0.148
1761 L   0.91369 0.08631 ( 1)  0.204
1762 D   0.09182 0.90818 ( 2)  0.920
1763 Q   0.33934 0.66066 ( 2)  0.705
1764 M   0.04836 0.95164 ( 2)  0.958
1765 P   0.96842 0.03158 ( 1)  0.157
1766 S   0.93897 0.06103 ( 1)  0.182
1767 L   0.92136 0.07864 ( 1)  0.198
1768 E   0.99304 0.00696 ( 1)  0.135
1769 D   0.99214 0.00786 ( 1)  0.136
1770 L   0.93132 0.06868 ( 1)  0.189
1771 K   0.99320 0.00680 ( 1)  0.135
1772 E   0.94889 0.05111 ( 1)  0.174
1773 L   0.94321 0.05679 ( 1)  0.179
1774 S   0.99325 0.00675 ( 1)  0.135
1775 P   0.97225 0.02775 ( 1)  0.153
1776 D   0.00005 0.99995 ( 2)  1.000
1777 L   0.02855 0.97145 ( 2)  0.975
1778 G   0.97663 0.02337 ( 1)  0.150
1779 K   0.60900 0.39100 ( 1)  0.470
1780 N   0.58670 0.41330 ( 1)  0.489
1781 L   0.92635 0.07365 ( 1)  0.193
1782 Q   0.96878 0.03122 ( 1)  0.156
1783 T   0.00974 0.99026 ( 2)  0.992
1784 I   0.42850 0.57150 ( 2)  0.627
1785 L   0.92409 0.07591 ( 1)  0.195
1786 D   0.80627 0.19373 ( 1)  0.298
1787 D   0.22518 0.77482 ( 2)  0.804
1788 E   0.14296 0.85704 ( 2)  0.876
1789 G   0.06647 0.93353 ( 2)  0.942
1790 D   0.79031 0.20969 ( 1)  0.312
1791 N   0.90470 0.09530 ( 1)  0.212
1792 F   0.90967 0.09033 ( 1)  0.208
1793 E   0.00944 0.99056 ( 2)  0.992
1794 E   0.91785 0.08215 ( 1)  0.201
1795 V   0.05011 0.94989 ( 2)  0.956
1796 F   0.10645 0.89355 ( 2)  0.907
1797 Y   0.01776 0.98224 ( 2)  0.985
1798 I   0.55008 0.44992 ( 1)  0.521
1799 H   0.00000 1.00000 ( 2)  1.000
1800 F   0.98917 0.01083 ( 1)  0.139
1801 N   0.46638 0.53362 ( 2)  0.594
1802 V   0.64556 0.35444 ( 1)  0.438
1803 H   0.88700 0.11300 ( 1)  0.228
1804 W   0.90763 0.09237 ( 1)  0.210
1805 D   0.91730 0.08270 ( 1)  0.201
1806 R   0.03254 0.96746 ( 2)  0.972
1807 N   0.03785 0.96215 ( 2)  0.967
1808 D   0.75808 0.24192 ( 1)  0.340
1809 T   0.01578 0.98422 ( 2)  0.986
1810 D   0.90966 0.09034 ( 1)  0.208
1811 L   0.93098 0.06902 ( 1)  0.189
1812 I   0.18613 0.81387 ( 2)  0.838
1813 P   0.79777 0.20223 ( 1)  0.305
1814 N   0.29688 0.70312 ( 2)  0.741
1815 G   0.97663 0.02337 ( 1)  0.150
1816 S   0.01493 0.98507 ( 2)  0.987
1817 N   0.00000 1.00000 ( 2)  1.000
1818 I   0.95824 0.04176 ( 1)  0.166
1819 I   0.04095 0.95905 ( 2)  0.964
1820 V   0.97268 0.02732 ( 1)  0.153
1821 N   0.35246 0.64754 ( 2)  0.693
1822 Q   0.96338 0.03662 ( 1)  0.161
1823 T   0.38068 0.61932 ( 2)  0.669
1824 N   0.98835 0.01165 ( 1)  0.139
1825 K   0.98888 0.01112 ( 1)  0.139
1826 R   0.18545 0.81455 ( 2)  0.839
1827 D   0.98790 0.01210 ( 1)  0.140
1828 Y   0.83995 0.16005 ( 1)  0.269
1829 V   0.56704 0.43296 ( 1)  0.506
1830 S   0.96947 0.03053 ( 1)  0.156
1831 K   0.59572 0.40428 ( 1)  0.481
1832 Y   0.86305 0.13695 ( 1)  0.248
1833 I   0.37956 0.62044 ( 2)  0.669
1834 D   0.96756 0.03244 ( 1)  0.157
1835 Y   0.94852 0.05148 ( 1)  0.174
1836 I   0.92829 0.07171 ( 1)  0.192
1837 F   0.97143 0.02857 ( 1)  0.154
1838 N   0.99056 0.00944 ( 1)  0.137
1839 D   0.05443 0.94557 ( 2)  0.953
1840 S   0.97054 0.02946 ( 1)  0.155
1841 V   0.98579 0.01421 ( 1)  0.142
1842 K   0.98975 0.01025 ( 1)  0.138
1843 V   0.00018 0.99982 ( 2)  1.000
1844 V   0.90388 0.09612 ( 1)  0.213
1845 Y   0.98158 0.01842 ( 1)  0.145
1846 E   0.99070 0.00930 ( 1)  0.137
1847 E   0.99304 0.00696 ( 1)  0.135
1848 F   0.98917 0.01083 ( 1)  0.139
1849 R   0.70993 0.29007 ( 1)  0.382
1850 R   0.98726 0.01274 ( 1)  0.140
1851 G   0.98091 0.01909 ( 1)  0.146
1852 F   0.98917 0.01083 ( 1)  0.139
1853 Y   0.97885 0.02115 ( 1)  0.148
1854 K   0.15998 0.84002 ( 2)  0.861
1855 I   0.08463 0.91537 ( 2)  0.926
1856 C   0.37334 0.62666 ( 2)  0.675
1857 E   0.12551 0.87449 ( 2)  0.891
1858 E   0.13166 0.86834 ( 2)  0.885
1859 D   0.31639 0.68361 ( 2)  0.724
1860 I   0.99354 0.00646 ( 1)  0.135
1861 I   0.77657 0.22343 ( 1)  0.324
1862 K   0.05908 0.94092 ( 2)  0.949
1863 L   0.00120 0.99880 ( 2)  0.999
1864 F   0.97200 0.02800 ( 1)  0.154
1865 H   0.00121 0.99879 ( 2)  0.999
1866 P   0.96797 0.03203 ( 1)  0.157
1867 E   0.22083 0.77917 ( 2)  0.808
1868 E   0.93873 0.06127 ( 1)  0.183
1869 L   0.92409 0.07591 ( 1)  0.195
1870 K   0.72525 0.27475 ( 1)  0.368
1871 D   0.17867 0.82133 ( 2)  0.844
1872 V   0.86823 0.13177 ( 1)  0.244
1873 I   0.26842 0.73158 ( 2)  0.766
1874 V   0.60470 0.39530 ( 1)  0.473
1875 G   0.98088 0.01912 ( 1)  0.146
1876 N   0.77949 0.22051 ( 1)  0.321
1877 T   0.98553 0.01447 ( 1)  0.142
1878 N   0.80346 0.19654 ( 1)  0.300
1879 Y   0.98040 0.01960 ( 1)  0.146
1880 D   0.99033 0.00967 ( 1)  0.138
1881 W   0.90763 0.09237 ( 1)  0.210
1882 K   0.69416 0.30584 ( 1)  0.396
1883 T   0.06346 0.93654 ( 2)  0.945
1884 F   0.98917 0.01083 ( 1)  0.139
1885 E   0.99304 0.00696 ( 1)  0.135
1886 K   0.00880 0.99120 ( 2)  0.992
1887 -   0.54845 0.45155 ( 1)  0.522
1888 -   0.54845 0.45155 ( 1)  0.522
1889 -   0.54845 0.45155 ( 1)  0.522
1890 -   0.54845 0.45155 ( 1)  0.522
1891 -   0.54845 0.45155 ( 1)  0.522
1892 N   0.96830 0.03170 ( 1)  0.157
1893 A   0.75499 0.24501 ( 1)  0.343
1894 H   0.00000 1.00000 ( 2)  1.000
1895 Y   0.98158 0.01842 ( 1)  0.145
1896 K   0.02189 0.97811 ( 2)  0.981
1897 P   0.00798 0.99202 ( 2)  0.993
1898 E   0.00193 0.99807 ( 2)  0.998
1899 Y   0.96453 0.03547 ( 1)  0.160
1900 D   0.00000 1.00000 ( 2)  1.000
1901 S   0.03696 0.96304 ( 2)  0.968
1902 S   0.66605 0.33395 ( 1)  0.420
1903 H   0.99116 0.00884 ( 1)  0.137
1904 P   0.95648 0.04352 ( 1)  0.167
1905 T   0.97736 0.02264 ( 1)  0.149
1906 I   0.99512 0.00488 ( 1)  0.133
1907 V   0.01112 0.98888 ( 2)  0.990
1908 M   0.96460 0.03540 ( 1)  0.160
1909 F   0.98836 0.01164 ( 1)  0.139
1910 W   0.90756 0.09244 ( 1)  0.210
1911 E   0.11985 0.88015 ( 2)  0.896
1912 A   0.98624 0.01376 ( 1)  0.141
1913 F   0.97242 0.02758 ( 1)  0.153
1914 Y   0.07475 0.92525 ( 2)  0.935
1915 K   0.93817 0.06183 ( 1)  0.183
1916 L   0.92692 0.07308 ( 1)  0.193
1917 T   0.25551 0.74449 ( 2)  0.778
1918 L   0.91813 0.08187 ( 1)  0.201
1919 E   0.72392 0.27608 ( 1)  0.370
1920 E   0.99302 0.00698 ( 1)  0.135
1921 K   0.98886 0.01114 ( 1)  0.139
1922 K   0.99319 0.00681 ( 1)  0.135
1923 K   0.65981 0.34019 ( 1)  0.425
1924 F   0.97173 0.02827 ( 1)  0.154
1925 L   0.96423 0.03577 ( 1)  0.160
1926 V   0.00099 0.99901 ( 2)  0.999
1927 F   0.98900 0.01100 ( 1)  0.139
1928 L   0.97870 0.02130 ( 1)  0.148
1929 T   0.98480 0.01520 ( 1)  0.142
1930 G   0.85194 0.14806 ( 1)  0.258
1931 T   0.00794 0.99206 ( 2)  0.993
1932 D   0.99308 0.00692 ( 1)  0.135
1933 R   0.98415 0.01585 ( 1)  0.143
1934 I   0.01890 0.98110 ( 2)  0.984
1935 Q   0.50996 0.49004 ( 1)  0.556
1936 M   0.00024 0.99976 ( 2)  1.000
1937 K   0.93241 0.06759 ( 1)  0.188
1938 D   0.53163 0.46837 ( 1)  0.537
1939 L   0.74692 0.25308 ( 1)  0.350
1940 K   0.07136 0.92864 ( 2)  0.938
1941 N   0.04273 0.95727 ( 2)  0.963
1942 M   0.40191 0.59809 ( 2)  0.650
1943 K   0.03114 0.96886 ( 2)  0.973
1944 I   0.96561 0.03439 ( 1)  0.159
1945 T   0.03894 0.96106 ( 2)  0.966
1946 F   0.98915 0.01085 ( 1)  0.139
1947 C   0.09402 0.90598 ( 2)  0.918
1948 C   0.82774 0.17226 ( 1)  0.279
1949 P   0.34829 0.65171 ( 2)  0.697
1950 E   0.67158 0.32842 ( 1)  0.415
1951 N   0.12531 0.87469 ( 2)  0.891
1952 W   0.00056 0.99944 ( 2)  1.000
1953 N   0.26463 0.73537 ( 2)  0.770
1954 E   0.99302 0.00698 ( 1)  0.135
1955 R   0.55170 0.44830 ( 1)  0.520
1956 D   0.94768 0.05232 ( 1)  0.175
1957 P   0.04302 0.95698 ( 2)  0.963
1958 M   0.00020 0.99980 ( 2)  1.000
1959 R   0.55124 0.44876 ( 1)  0.520
1960 A   0.75247 0.24753 ( 1)  0.345
1961 L   0.00010 0.99990 ( 2)  1.000
1962 T   0.98466 0.01534 ( 1)  0.143
1963 C   0.97537 0.02463 ( 1)  0.151
1964 F   0.05114 0.94886 ( 2)  0.955
1965 S   0.00010 0.99990 ( 2)  1.000
1966 V   0.52616 0.47384 ( 1)  0.542
1967 L   0.93325 0.06675 ( 1)  0.187
1968 F   0.00437 0.99563 ( 2)  0.996
1969 L   0.95338 0.04662 ( 1)  0.170
1970 P   0.97085 0.02915 ( 1)  0.155
1971 K   0.92950 0.07050 ( 1)  0.191
1972 Y   0.98072 0.01928 ( 1)  0.146
1973 S   0.96968 0.03032 ( 1)  0.156
1974 T   0.98425 0.01575 ( 1)  0.143
1975 M   0.99793 0.00207 ( 1)  0.131
1976 E   0.94684 0.05316 ( 1)  0.175
1977 R   0.54284 0.45716 ( 1)  0.527
1978 V   0.78324 0.21676 ( 1)  0.318
1979 E   0.99069 0.00931 ( 1)  0.137
1980 E   0.94760 0.05240 ( 1)  0.175
1981 A   0.98248 0.01752 ( 1)  0.144
1982 L   0.97870 0.02130 ( 1)  0.148
1983 Q   0.80524 0.19476 ( 1)  0.299
1984 V   0.11808 0.88192 ( 2)  0.897
1985 A   0.95792 0.04208 ( 1)  0.166
1986 I   0.97774 0.02226 ( 1)  0.149
1987 N   0.91823 0.08177 ( 1)  0.200
1988 N   0.90105 0.09895 ( 1)  0.215
1989 N   0.01672 0.98328 ( 2)  0.985
1990 R   0.98724 0.01276 ( 1)  0.140
1991 G   0.97986 0.02014 ( 1)  0.147
1992 F   0.98915 0.01085 ( 1)  0.139
1993 -   0.83642 0.16358 ( 1)  0.272
1994 -   0.76590 0.23410 ( 1)  0.333
1995 G   0.02299 0.97701 ( 2)  0.980
1996 -   0.63137 0.36863 ( 1)  0.450
1997 -   0.15382 0.84618 ( 2)  0.866
1998 -   0.87650 0.12350 ( 1)  0.237
1999 -   0.04135 0.95865 ( 2)  0.964
2000 -   0.00628 0.99372 ( 2)  0.995
2001 -   0.20858 0.79142 ( 2)  0.818
2002 -   0.03179 0.96821 ( 2)  0.972
2003 -   0.54845 0.45155 ( 1)  0.522
2004 -   0.54845 0.45155 ( 1)  0.522
2005 -   0.54845 0.45155 ( 1)  0.522
2006 -   0.54845 0.45155 ( 1)  0.522
2007 -   0.54845 0.45155 ( 1)  0.522
2008 -   0.54845 0.45155 ( 1)  0.522
2009 -   0.54845 0.45155 ( 1)  0.522
2010 -   0.54845 0.45155 ( 1)  0.522
2011 -   0.54845 0.45155 ( 1)  0.522
2012 -   0.54845 0.45155 ( 1)  0.522
2013 -   0.54845 0.45155 ( 1)  0.522
2014 -   0.54845 0.45155 ( 1)  0.522
2015 -   0.54845 0.45155 ( 1)  0.522
2016 -   0.54845 0.45155 ( 1)  0.522
2017 -   0.54845 0.45155 ( 1)  0.522
2018 -   0.54845 0.45155 ( 1)  0.522
2019 -   0.54845 0.45155 ( 1)  0.522


lnL = -22919.624698

