Supplemental results for CODEML (seqf: algn  treef: tree)


dN/dS (w) for site classes (K=3)

p:   0.74317  0.23985  0.01699
w:   0.07484  1.00000  3.33613

Naive Empirical Bayes (NEB) probabilities for 3 classes & postmean_w & P(w>1)
(amino acids refer to 1st sequence: aotNan_SERINC3_XM_012467237)

   1 -   0.74317 0.23985 0.01699 ( 1)  0.352  0.017
   2 -   0.74317 0.23985 0.01699 ( 1)  0.352  0.017
   3 -   0.74317 0.23985 0.01699 ( 1)  0.352  0.017
   4 -   0.74317 0.23985 0.01699 ( 1)  0.352  0.017
   5 -   0.74317 0.23985 0.01699 ( 1)  0.352  0.017
   6 -   0.74317 0.23985 0.01699 ( 1)  0.352  0.017
   7 M   0.97185 0.02814 0.00001 ( 1)  0.101  0.000
   8 G   0.89193 0.10738 0.00069 ( 1)  0.176  0.001
   9 T   0.58031 0.41814 0.00155 ( 1)  0.467  0.002
  10 V   0.92859 0.07123 0.00018 ( 1)  0.141  0.000
  11 L   0.86738 0.13102 0.00160 ( 1)  0.201  0.002
  12 G   0.93529 0.06459 0.00012 ( 1)  0.135  0.000
  13 V   0.96376 0.03622 0.00003 ( 1)  0.108  0.000
  14 F   0.63049 0.36831 0.00120 ( 1)  0.419  0.001
  15 S   0.94833 0.05161 0.00006 ( 1)  0.123  0.000
  16 L   0.95383 0.04612 0.00004 ( 1)  0.118  0.000
  17 A   0.95802 0.04195 0.00003 ( 1)  0.114  0.000
  18 S   0.95344 0.04652 0.00004 ( 1)  0.118  0.000
  19 W   0.88046 0.11856 0.00097 ( 1)  0.188  0.001
  20 -   0.74317 0.23985 0.01699 ( 1)  0.352  0.017
  21 -   0.74317 0.23985 0.01699 ( 1)  0.352  0.017
  22 -   0.74317 0.23985 0.01699 ( 1)  0.352  0.017
  23 -   0.74317 0.23985 0.01699 ( 1)  0.352  0.017
  24 -   0.74317 0.23985 0.01699 ( 1)  0.352  0.017
  25 -   0.74317 0.23985 0.01699 ( 1)  0.352  0.017
  26 V   0.95546 0.04449 0.00004 ( 1)  0.116  0.000
  27 P   0.88635 0.11280 0.00085 ( 1)  0.182  0.001
  28 C   0.93612 0.06377 0.00011 ( 1)  0.134  0.000
  29 L   0.94943 0.05051 0.00006 ( 1)  0.122  0.000
  30 C   0.93514 0.06474 0.00012 ( 1)  0.135  0.000
  31 S   0.56996 0.42834 0.00170 ( 1)  0.477  0.002
  32 G   0.93292 0.06695 0.00013 ( 1)  0.137  0.000
  33 A   0.92765 0.07219 0.00016 ( 1)  0.142  0.000
  34 S   0.86957 0.12904 0.00139 ( 1)  0.199  0.001
  35 C   0.92635 0.07347 0.00018 ( 1)  0.143  0.000
  36 L   0.90420 0.09531 0.00049 ( 1)  0.165  0.000
  37 L   0.86411 0.13427 0.00162 ( 1)  0.204  0.002
  38 C   0.92708 0.07274 0.00018 ( 1)  0.143  0.000
  39 S   0.94502 0.05491 0.00007 ( 1)  0.126  0.000
  40 C   0.93519 0.06469 0.00012 ( 1)  0.135  0.000
  41 C   0.92625 0.07357 0.00018 ( 1)  0.143  0.000
  42 P   0.93544 0.06444 0.00012 ( 1)  0.135  0.000
  43 N   0.95519 0.04478 0.00004 ( 1)  0.116  0.000
  44 S   0.07288 0.90697 0.02014 ( 2)  0.980  0.020
  45 K   0.46902 0.52610 0.00488 ( 2)  0.577  0.005
  46 N   0.94691 0.05302 0.00006 ( 1)  0.124  0.000
  47 S   0.94848 0.05146 0.00006 ( 1)  0.123  0.000
  48 T   0.50315 0.49286 0.00399 ( 1)  0.544  0.004
  49 V   0.00361 0.85968 0.13670 ( 2)  1.316  0.137
  50 T   0.95039 0.04956 0.00006 ( 1)  0.121  0.000
  51 R   0.92571 0.07411 0.00018 ( 1)  0.144  0.000
  52 L   0.95428 0.04568 0.00004 ( 1)  0.117  0.000
  53 I   0.96216 0.03781 0.00003 ( 1)  0.110  0.000
  54 Y   0.92353 0.07626 0.00021 ( 1)  0.146  0.000
  55 A   0.95084 0.04911 0.00005 ( 1)  0.120  0.000
  56 F   0.96356 0.03641 0.00002 ( 1)  0.109  0.000
  57 I   0.96216 0.03781 0.00003 ( 1)  0.110  0.000
  58 L   0.95294 0.04702 0.00005 ( 1)  0.118  0.000
  59 I   0.59554 0.40300 0.00146 ( 1)  0.452  0.001
  60 L   0.86549 0.13292 0.00159 ( 1)  0.203  0.002
  61 S   0.00646 0.94550 0.04804 ( 2)  1.106  0.048
  62 T   0.09833 0.89126 0.01041 ( 2)  0.933  0.010
  63 A   0.00039 0.82528 0.17433 ( 2)  1.407  0.174
  64 V   0.90622 0.09330 0.00047 ( 1)  0.163  0.000
  65 S   0.94842 0.05152 0.00006 ( 1)  0.123  0.000
  66 Y   0.05755 0.91022 0.03222 ( 2)  1.022  0.032
  67 I   0.70125 0.29820 0.00055 ( 1)  0.353  0.001
  68 M   0.71941 0.28029 0.00030 ( 1)  0.335  0.000
  69 Q   0.32292 0.65080 0.02628 ( 2)  0.763  0.026
  70 R   0.00467 0.63527 0.36006 ( 2)  1.837  0.360
  71 R   0.04726 0.90054 0.05220 ( 2)  1.078  0.052
  72 E   0.05616 0.90985 0.03399 ( 2)  1.027  0.034
  73 M   0.70741 0.29226 0.00033 ( 1)  0.346  0.000
  74 E   0.90172 0.09777 0.00051 ( 1)  0.167  0.001
  75 P   0.06692 0.90901 0.02407 ( 2)  0.994  0.024
  76 Y   0.00025 0.71064 0.28911 ( 2)  1.675  0.289
  77 L   0.86807 0.13048 0.00145 ( 1)  0.200  0.001
  78 K   0.92429 0.07551 0.00020 ( 1)  0.145  0.000
  79 K   0.92429 0.07551 0.00020 ( 1)  0.145  0.000
  80 I   0.96147 0.03850 0.00003 ( 1)  0.111  0.000
  81 P   0.93250 0.06736 0.00013 ( 1)  0.138  0.000
  82 G   0.86985 0.12879 0.00136 ( 1)  0.198  0.001
  83 F   0.95957 0.04040 0.00003 ( 1)  0.112  0.000
  84 C   0.92575 0.07406 0.00019 ( 1)  0.144  0.000
  85 E   0.41408 0.57711 0.00881 ( 2)  0.637  0.009
  86 G   0.04703 0.90347 0.04951 ( 2)  1.072  0.050
  87 G   0.86985 0.12879 0.00136 ( 1)  0.198  0.001
  88 F   0.95545 0.04451 0.00004 ( 1)  0.116  0.000
  89 K   0.39815 0.59145 0.01041 ( 2)  0.656  0.010
  90 I   0.96865 0.03134 0.00002 ( 1)  0.104  0.000
  91 H   0.00023 0.68347 0.31630 ( 2)  1.739  0.316
  92 E   0.00437 0.88881 0.10682 ( 2)  1.245  0.107
  93 A   0.00647 0.94123 0.05229 ( 2)  1.116  0.052
  94 D   0.94387 0.05605 0.00008 ( 1)  0.127  0.000
  95 R   0.00509 0.90569 0.08922 ( 2)  1.204  0.089
  96 -   0.74317 0.23985 0.01699 ( 1)  0.352  0.017
  97 -   0.74317 0.23985 0.01699 ( 1)  0.352  0.017
  98 -   0.74317 0.23985 0.01699 ( 1)  0.352  0.017
  99 -   0.74317 0.23985 0.01699 ( 1)  0.352  0.017
 100 -   0.74317 0.23985 0.01699 ( 1)  0.352  0.017
 101 -   0.74317 0.23985 0.01699 ( 1)  0.352  0.017
 102 -   0.74317 0.23985 0.01699 ( 1)  0.352  0.017
 103 -   0.74317 0.23985 0.01699 ( 1)  0.352  0.017
 104 -   0.74317 0.23985 0.01699 ( 1)  0.352  0.017
 105 -   0.74317 0.23985 0.01699 ( 1)  0.352  0.017
 106 -   0.74317 0.23985 0.01699 ( 1)  0.352  0.017
 107 -   0.74317 0.23985 0.01699 ( 1)  0.352  0.017
 108 -   0.74317 0.23985 0.01699 ( 1)  0.352  0.017
 109 -   0.74317 0.23985 0.01699 ( 1)  0.352  0.017
 110 -   0.74317 0.23985 0.01699 ( 1)  0.352  0.017
 111 -   0.74317 0.23985 0.01699 ( 1)  0.352  0.017
 112 -   0.74317 0.23985 0.01699 ( 1)  0.352  0.017
 113 -   0.74317 0.23985 0.01699 ( 1)  0.352  0.017
 114 -   0.74317 0.23985 0.01699 ( 1)  0.352  0.017
 115 -   0.74317 0.23985 0.01699 ( 1)  0.352  0.017
 116 -   0.74317 0.23985 0.01699 ( 1)  0.352  0.017
 117 -   0.74317 0.23985 0.01699 ( 1)  0.352  0.017
 118 -   0.74317 0.23985 0.01699 ( 1)  0.352  0.017
 119 -   0.74317 0.23985 0.01699 ( 1)  0.352  0.017
 120 -   0.74317 0.23985 0.01699 ( 1)  0.352  0.017
 121 -   0.74317 0.23985 0.01699 ( 1)  0.352  0.017
 122 -   0.74317 0.23985 0.01699 ( 1)  0.352  0.017
 123 -   0.74317 0.23985 0.01699 ( 1)  0.352  0.017
 124 -   0.74317 0.23985 0.01699 ( 1)  0.352  0.017
 125 -   0.74317 0.23985 0.01699 ( 1)  0.352  0.017
 126 -   0.74317 0.23985 0.01699 ( 1)  0.352  0.017
 127 -   0.74317 0.23985 0.01699 ( 1)  0.352  0.017
 128 N   0.07256 0.90823 0.01921 ( 2)  0.978  0.019
 129 V   0.04242 0.89437 0.06321 ( 2)  1.108  0.063
 130 D   0.94453 0.05539 0.00007 ( 1)  0.126  0.000
 131 K   0.37171 0.61525 0.01303 ( 2)  0.687  0.013
 132 D   0.94605 0.05388 0.00007 ( 1)  0.125  0.000
 133 C   0.92659 0.07323 0.00018 ( 1)  0.143  0.000
 134 D   0.94399 0.05593 0.00007 ( 1)  0.127  0.000
 135 V   0.93175 0.06807 0.00018 ( 1)  0.138  0.000
 136 L   0.86442 0.13397 0.00161 ( 1)  0.204  0.002
 137 V   0.95665 0.04331 0.00004 ( 1)  0.115  0.000
 138 G   0.93337 0.06650 0.00013 ( 1)  0.137  0.000
 139 Y   0.92242 0.07736 0.00022 ( 1)  0.147  0.000
 140 K   0.90599 0.09360 0.00041 ( 1)  0.163  0.000
 141 A   0.94945 0.05050 0.00005 ( 1)  0.122  0.000
 142 V   0.91492 0.08476 0.00032 ( 1)  0.154  0.000
 143 Y   0.92242 0.07736 0.00022 ( 1)  0.147  0.000
 144 R   0.87412 0.12468 0.00120 ( 1)  0.194  0.001
 145 I   0.96927 0.03072 0.00002 ( 1)  0.103  0.000
 146 N   0.00751 0.95061 0.04188 ( 2)  1.091  0.042
 147 F   0.95617 0.04379 0.00004 ( 1)  0.115  0.000
 148 A   0.95764 0.04233 0.00003 ( 1)  0.114  0.000
 149 M   0.54438 0.45358 0.00204 ( 1)  0.501  0.002
 150 A   0.95840 0.04157 0.00003 ( 1)  0.113  0.000
 151 I   0.67322 0.32600 0.00079 ( 1)  0.379  0.001
 152 F   0.95617 0.04379 0.00004 ( 1)  0.115  0.000
 153 F   0.96346 0.03652 0.00002 ( 1)  0.109  0.000
 154 F   0.61823 0.38064 0.00113 ( 1)  0.431  0.001
 155 V   0.65806 0.34117 0.00077 ( 1)  0.393  0.001
 156 F   0.96023 0.03974 0.00003 ( 1)  0.112  0.000
 157 S   0.48359 0.51257 0.00383 ( 2)  0.562  0.004
 158 L   0.86442 0.13397 0.00161 ( 1)  0.204  0.002
 159 L   0.95270 0.04725 0.00005 ( 1)  0.119  0.000
 160 M   0.97219 0.02780 0.00001 ( 1)  0.101  0.000
 161 I   0.00087 0.62014 0.37899 ( 2)  1.885  0.379
 162 K   0.90599 0.09360 0.00041 ( 1)  0.163  0.000
 163 V   0.90397 0.09555 0.00048 ( 1)  0.165  0.000
 164 K   0.90599 0.09360 0.00041 ( 1)  0.163  0.000
 165 T   0.89938 0.10008 0.00054 ( 1)  0.169  0.001
 166 S   0.94587 0.05406 0.00007 ( 1)  0.125  0.000
 167 K   0.90599 0.09360 0.00041 ( 1)  0.163  0.000
 168 D   0.94399 0.05593 0.00007 ( 1)  0.127  0.000
 169 P   0.54113 0.45664 0.00223 ( 1)  0.505  0.002
 170 R   0.87008 0.12837 0.00154 ( 1)  0.199  0.002
 171 A   0.89719 0.10223 0.00058 ( 1)  0.171  0.001
 172 A   0.89563 0.10376 0.00062 ( 1)  0.173  0.001
 173 V   0.90622 0.09330 0.00047 ( 1)  0.163  0.000
 174 H   0.93695 0.06294 0.00010 ( 1)  0.133  0.000
 175 N   0.94718 0.05276 0.00006 ( 1)  0.124  0.000
 176 G   0.90184 0.09766 0.00049 ( 1)  0.167  0.000
 177 F   0.95617 0.04379 0.00004 ( 1)  0.115  0.000
 178 W   0.88095 0.11809 0.00096 ( 1)  0.187  0.001
 179 F   0.96357 0.03641 0.00002 ( 1)  0.109  0.000
 180 F   0.96279 0.03719 0.00002 ( 1)  0.109  0.000
 181 K   0.90599 0.09360 0.00041 ( 1)  0.163  0.000
 182 I   0.96216 0.03781 0.00003 ( 1)  0.110  0.000
 183 A   0.94945 0.05050 0.00005 ( 1)  0.122  0.000
 184 A   0.95569 0.04427 0.00004 ( 1)  0.116  0.000
 185 L   0.94489 0.05504 0.00007 ( 1)  0.126  0.000
 186 I   0.11200 0.88034 0.00766 ( 2)  0.914  0.008
 187 G   0.87063 0.12804 0.00133 ( 1)  0.198  0.001
 188 I   0.96816 0.03182 0.00002 ( 1)  0.104  0.000
 189 M   0.97401 0.02598 0.00001 ( 1)  0.099  0.000
 190 V   0.95808 0.04188 0.00004 ( 1)  0.114  0.000
 191 G   0.90131 0.09815 0.00054 ( 1)  0.167  0.001
 192 S   0.53018 0.46681 0.00301 ( 1)  0.517  0.003
 193 F   0.96568 0.03431 0.00002 ( 1)  0.107  0.000
 194 Y   0.93558 0.06430 0.00012 ( 1)  0.135  0.000
 195 I   0.96916 0.03082 0.00002 ( 1)  0.103  0.000
 196 P   0.93688 0.06302 0.00011 ( 1)  0.133  0.000
 197 G   0.90231 0.09721 0.00048 ( 1)  0.166  0.000
 198 G   0.08753 0.90042 0.01204 ( 2)  0.947  0.012
 199 Y   0.05707 0.90472 0.03820 ( 2)  1.036  0.038
 200 F   0.96341 0.03657 0.00002 ( 1)  0.109  0.000
 201 S   0.61830 0.38046 0.00124 ( 1)  0.431  0.001
 202 S   0.36467 0.61921 0.01612 ( 2)  0.700  0.016
 203 A   0.63085 0.36823 0.00091 ( 1)  0.418  0.001
 204 W   0.88358 0.11554 0.00088 ( 1)  0.185  0.001
 205 F   0.95847 0.04150 0.00003 ( 1)  0.113  0.000
 206 F   0.00381 0.90894 0.08725 ( 2)  1.200  0.087
 207 V   0.00853 0.95205 0.03941 ( 2)  1.084  0.039
 208 G   0.94506 0.05487 0.00007 ( 1)  0.126  0.000
 209 M   0.97401 0.02598 0.00001 ( 1)  0.099  0.000
 210 A   0.00000 0.03886 0.96114 ( 3)  3.245  0.961
 211 G   0.90459 0.09497 0.00044 ( 1)  0.164  0.000
 212 A   0.96077 0.03921 0.00002 ( 1)  0.111  0.000
 213 A   0.09863 0.89209 0.00928 ( 2)  0.930  0.009
 214 F   0.00048 0.84912 0.15039 ( 2)  1.351  0.150
 215 F   0.96567 0.03431 0.00002 ( 1)  0.107  0.000
 216 I   0.97121 0.02877 0.00001 ( 1)  0.102  0.000
 217 L   0.95521 0.04475 0.00004 ( 1)  0.116  0.000
 218 I   0.96800 0.03199 0.00002 ( 1)  0.104  0.000
 219 Q   0.87581 0.12303 0.00116 ( 1)  0.192  0.001
 220 L   0.89312 0.10615 0.00073 ( 1)  0.175  0.001
 221 V   0.39846 0.59416 0.00738 ( 2)  0.649  0.007
 222 L   0.86488 0.13353 0.00159 ( 1)  0.204  0.002
 223 L   0.89995 0.09941 0.00063 ( 1)  0.169  0.001
 224 V   0.90891 0.09066 0.00043 ( 1)  0.160  0.000
 225 D   0.95441 0.04555 0.00004 ( 1)  0.117  0.000
 226 F   0.00671 0.94383 0.04946 ( 2)  1.109  0.049
 227 A   0.95187 0.04808 0.00005 ( 1)  0.119  0.000
 228 H   0.93552 0.06437 0.00012 ( 1)  0.135  0.000
 229 S   0.94156 0.05835 0.00008 ( 1)  0.129  0.000
 230 W   0.35785 0.62612 0.01602 ( 2)  0.706  0.016
 231 N   0.94964 0.05031 0.00005 ( 1)  0.122  0.000
 232 E   0.90319 0.09635 0.00046 ( 1)  0.165  0.000
 233 S   0.03001 0.85519 0.11479 ( 2)  1.240  0.115
 234 W   0.88177 0.11730 0.00093 ( 1)  0.186  0.001
 235 V   0.41190 0.57848 0.00962 ( 2)  0.641  0.010
 236 N   0.94795 0.05199 0.00006 ( 1)  0.123  0.000
 237 R   0.82582 0.16947 0.00471 ( 1)  0.247  0.005
 238 M   0.97436 0.02563 0.00001 ( 1)  0.099  0.000
 239 E   0.90373 0.09583 0.00045 ( 1)  0.165  0.000
 240 E   0.90373 0.09583 0.00045 ( 1)  0.165  0.000
 241 -   0.74317 0.23985 0.01699 ( 1)  0.352  0.017
 242 -   0.74317 0.23985 0.01699 ( 1)  0.352  0.017
 243 -   0.74317 0.23985 0.01699 ( 1)  0.352  0.017
 244 -   0.74317 0.23985 0.01699 ( 1)  0.352  0.017
 245 -   0.74317 0.23985 0.01699 ( 1)  0.352  0.017
 246 -   0.74317 0.23985 0.01699 ( 1)  0.352  0.017
 247 -   0.74317 0.23985 0.01699 ( 1)  0.352  0.017
 248 G   0.87193 0.12679 0.00128 ( 1)  0.196  0.001
 249 N   0.95667 0.04330 0.00003 ( 1)  0.115  0.000
 250 P   0.87974 0.11925 0.00101 ( 1)  0.188  0.001
 251 R   0.92199 0.07778 0.00022 ( 1)  0.148  0.000
 252 L   0.90656 0.09299 0.00045 ( 1)  0.162  0.000
 253 W   0.88229 0.11679 0.00092 ( 1)  0.186  0.001
 254 Y   0.47945 0.51608 0.00447 ( 2)  0.567  0.004
 255 A   0.10239 0.88878 0.00882 ( 2)  0.926  0.009
 256 A   0.09622 0.89347 0.01031 ( 2)  0.935  0.010
 257 L   0.88631 0.11281 0.00088 ( 1)  0.182  0.001
 258 L   0.86740 0.13112 0.00148 ( 1)  0.201  0.001
 259 S   0.94295 0.05697 0.00008 ( 1)  0.128  0.000
 260 F   0.10822 0.88121 0.01058 ( 2)  0.925  0.011
 261 T   0.90278 0.09674 0.00048 ( 1)  0.166  0.000
 262 S   0.61745 0.38158 0.00097 ( 1)  0.431  0.001
 263 A   0.00061 0.87260 0.12679 ( 2)  1.296  0.127
 264 F   0.95891 0.04106 0.00003 ( 1)  0.113  0.000
 265 Y   0.92675 0.07307 0.00018 ( 1)  0.143  0.000
 266 I   0.71762 0.28195 0.00043 ( 1)  0.337  0.000
 267 L   0.87124 0.12731 0.00145 ( 1)  0.197  0.001
 268 S   0.87418 0.12461 0.00121 ( 1)  0.194  0.001
 269 I   0.70348 0.29605 0.00047 ( 1)  0.350  0.000
 270 I   0.71806 0.28151 0.00042 ( 1)  0.337  0.000
 271 C   0.00384 0.87068 0.12548 ( 2)  1.290  0.125
 272 V   0.96206 0.03791 0.00003 ( 1)  0.110  0.000
 273 G   0.90485 0.09472 0.00044 ( 1)  0.164  0.000
 274 L   0.88482 0.11430 0.00088 ( 1)  0.183  0.001
 275 L   0.95707 0.04290 0.00003 ( 1)  0.115  0.000
 276 Y   0.92702 0.07280 0.00018 ( 1)  0.143  0.000
 277 T   0.41686 0.57405 0.00909 ( 2)  0.636  0.009
 278 Y   0.93472 0.06515 0.00012 ( 1)  0.136  0.000
 279 Y   0.93610 0.06379 0.00011 ( 1)  0.134  0.000
 280 T   0.96399 0.03599 0.00002 ( 1)  0.108  0.000
 281 K   0.90926 0.09037 0.00036 ( 1)  0.160  0.000
 282 P   0.37225 0.61325 0.01450 ( 2)  0.689  0.015
 283 D   0.54055 0.45721 0.00224 ( 1)  0.505  0.002
 284 G   0.94556 0.05438 0.00007 ( 1)  0.125  0.000
 285 C   0.93956 0.06035 0.00009 ( 1)  0.131  0.000
 286 T   0.90278 0.09674 0.00048 ( 1)  0.166  0.000
 287 E   0.90479 0.09476 0.00045 ( 1)  0.164  0.000
 288 N   0.95569 0.04427 0.00004 ( 1)  0.116  0.000
 289 K   0.92753 0.07231 0.00017 ( 1)  0.142  0.000
 290 F   0.96608 0.03390 0.00002 ( 1)  0.106  0.000
 291 F   0.96608 0.03390 0.00002 ( 1)  0.106  0.000
 292 I   0.97159 0.02839 0.00001 ( 1)  0.101  0.000
 293 S   0.94831 0.05164 0.00005 ( 1)  0.123  0.000
 294 I   0.96534 0.03464 0.00002 ( 1)  0.107  0.000
 295 N   0.95386 0.04610 0.00004 ( 1)  0.118  0.000
 296 L   0.86574 0.13271 0.00155 ( 1)  0.203  0.002
 297 I   0.97159 0.02839 0.00001 ( 1)  0.101  0.000
 298 L   0.57620 0.42221 0.00160 ( 1)  0.471  0.002
 299 C   0.93657 0.06332 0.00011 ( 1)  0.134  0.000
 300 V   0.10803 0.88245 0.00952 ( 2)  0.922  0.010
 301 V   0.93482 0.06503 0.00015 ( 1)  0.135  0.000
 302 V   0.59052 0.40756 0.00192 ( 1)  0.458  0.002
 303 S   0.94295 0.05697 0.00008 ( 1)  0.128  0.000
 304 I   0.00072 0.92218 0.07709 ( 2)  1.179  0.077
 305 I   0.94913 0.05081 0.00006 ( 1)  0.122  0.000
 306 S   0.88088 0.11813 0.00099 ( 1)  0.187  0.001
 307 I   0.70721 0.29234 0.00045 ( 1)  0.347  0.000
 308 H   0.94017 0.05975 0.00009 ( 1)  0.130  0.000
 309 P   0.88851 0.11071 0.00078 ( 1)  0.180  0.001
 310 K   0.90926 0.09038 0.00036 ( 1)  0.160  0.000
 311 I   0.96473 0.03524 0.00002 ( 1)  0.108  0.000
 312 Q   0.87874 0.12024 0.00102 ( 1)  0.189  0.001
 313 E   0.90479 0.09476 0.00045 ( 1)  0.164  0.000
 314 H   0.94017 0.05975 0.00009 ( 1)  0.130  0.000
 315 Q   0.87656 0.12231 0.00113 ( 1)  0.192  0.001
 316 P   0.93647 0.06342 0.00011 ( 1)  0.134  0.000
 317 R   0.49476 0.50164 0.00360 ( 2)  0.551  0.004
 318 S   0.95051 0.04944 0.00005 ( 1)  0.121  0.000
 319 G   0.94555 0.05438 0.00007 ( 1)  0.125  0.000
 320 L   0.95706 0.04291 0.00003 ( 1)  0.115  0.000
 321 L   0.88859 0.11060 0.00081 ( 1)  0.180  0.001
 322 Q   0.87863 0.12035 0.00103 ( 1)  0.190  0.001
 323 S   0.95169 0.04826 0.00005 ( 1)  0.120  0.000
 324 S   0.94604 0.05389 0.00006 ( 1)  0.125  0.000
 325 I   0.00066 0.88961 0.10973 ( 2)  1.256  0.110
 326 I   0.97159 0.02840 0.00001 ( 1)  0.101  0.000
 327 T   0.96398 0.03600 0.00002 ( 1)  0.108  0.000
 328 L   0.95706 0.04291 0.00003 ( 1)  0.115  0.000
 329 Y   0.93519 0.06469 0.00012 ( 1)  0.135  0.000
 330 T   0.95797 0.04200 0.00003 ( 1)  0.114  0.000
 331 M   0.72439 0.27536 0.00025 ( 1)  0.330  0.000
 332 Y   0.93530 0.06458 0.00012 ( 1)  0.135  0.000
 333 L   0.95624 0.04373 0.00004 ( 1)  0.115  0.000
 334 T   0.96386 0.03612 0.00002 ( 1)  0.108  0.000
 335 W   0.88409 0.11504 0.00087 ( 1)  0.184  0.001
 336 S   0.87294 0.12580 0.00126 ( 1)  0.195  0.001
 337 A   0.96120 0.03878 0.00002 ( 1)  0.111  0.000
 338 M   0.97436 0.02563 0.00001 ( 1)  0.099  0.000
 339 S   0.95169 0.04826 0.00005 ( 1)  0.120  0.000
 340 N   0.95015 0.04980 0.00005 ( 1)  0.121  0.000
 341 E   0.90373 0.09583 0.00045 ( 1)  0.165  0.000
 342 P   0.93728 0.06262 0.00010 ( 1)  0.133  0.000
 343 D   0.06155 0.91421 0.02425 ( 2)  1.000  0.024
 344 R   0.40060 0.58905 0.01035 ( 2)  0.654  0.010
 345 S   0.93477 0.06510 0.00013 ( 1)  0.136  0.000
 346 C   0.92174 0.07802 0.00023 ( 1)  0.148  0.000
 347 N   0.94164 0.05826 0.00009 ( 1)  0.129  0.000
 348 P   0.48906 0.50677 0.00416 ( 2)  0.557  0.004
 349 S   0.52827 0.46874 0.00299 ( 1)  0.518  0.003
 350 L   0.85104 0.14667 0.00229 ( 1)  0.218  0.002
 351 M   0.46122 0.53387 0.00491 ( 2)  0.585  0.005
 352 S   0.94030 0.05960 0.00010 ( 1)  0.130  0.000
 353 F   0.53069 0.46576 0.00355 ( 1)  0.517  0.004
 354 I   0.53160 0.46499 0.00341 ( 1)  0.516  0.003
 355 T   0.36355 0.62062 0.01583 ( 2)  0.701  0.016
 356 R   0.04251 0.89606 0.06143 ( 2)  1.104  0.061
 357 I   0.93207 0.06777 0.00016 ( 1)  0.138  0.000
 358 T   0.51985 0.47695 0.00320 ( 1)  0.527  0.003
 359 A   0.88092 0.11808 0.00100 ( 1)  0.187  0.001
 360 P   0.87363 0.12510 0.00127 ( 1)  0.195  0.001
 361 T   0.94061 0.05927 0.00011 ( 1)  0.130  0.000
 362 L   0.87145 0.12705 0.00150 ( 1)  0.197  0.001
 363 A   0.93549 0.06439 0.00013 ( 1)  0.135  0.000
 364 P   0.91852 0.08122 0.00026 ( 1)  0.151  0.000
 365 G   0.85831 0.13982 0.00187 ( 1)  0.210  0.002
 366 N   0.93304 0.06681 0.00014 ( 1)  0.137  0.000
 367 S   0.87498 0.12364 0.00138 ( 1)  0.194  0.001
 368 T   0.93909 0.06080 0.00011 ( 1)  0.131  0.000
 369 A   0.51967 0.47716 0.00317 ( 1)  0.527  0.003
 370 V   0.04335 0.89341 0.06324 ( 2)  1.108  0.063
 371 I   0.07215 0.90751 0.02034 ( 2)  0.981  0.020
 372 P   0.45427 0.53979 0.00594 ( 2)  0.594  0.006
 373 T   0.57622 0.42189 0.00189 ( 1)  0.471  0.002
 374 P   0.04871 0.90480 0.04649 ( 2)  1.064  0.046
 375 I   0.00001 0.34644 0.65355 ( 3)  2.527  0.654
 376 P   0.86445 0.13397 0.00158 ( 1)  0.204  0.002
 377 P   0.00179 0.68030 0.31791 ( 2)  1.741  0.318
 378 S   0.85640 0.14161 0.00199 ( 1)  0.212  0.002
 379 K   0.90927 0.09035 0.00038 ( 1)  0.160  0.000
 380 S   0.50004 0.49619 0.00377 ( 1)  0.546  0.004
 381 G   0.88696 0.11221 0.00083 ( 1)  0.181  0.001
 382 S   0.00339 0.84450 0.15210 ( 2)  1.352  0.152
 383 L   0.04604 0.89211 0.06184 ( 2)  1.102  0.062
 384 L   0.85127 0.14646 0.00227 ( 1)  0.218  0.002
 385 D   0.48784 0.50801 0.00415 ( 2)  0.558  0.004
 386 S   0.29561 0.67058 0.03381 ( 2)  0.805  0.034
 387 D   0.38362 0.60645 0.00993 ( 2)  0.668  0.010
 388 N   0.93304 0.06681 0.00014 ( 1)  0.137  0.000
 389 V   0.07221 0.90445 0.02334 ( 2)  0.988  0.023
 390 V   0.00648 0.93545 0.05807 ( 2)  1.130  0.058
 391 G   0.87161 0.12705 0.00133 ( 1)  0.197  0.001
 392 L   0.85166 0.14609 0.00225 ( 1)  0.217  0.002
 393 F   0.50047 0.49529 0.00424 ( 1)  0.547  0.004
 394 V   0.95149 0.04844 0.00007 ( 1)  0.120  0.000
 395 F   0.94276 0.05714 0.00010 ( 1)  0.128  0.000
 396 V   0.94225 0.05764 0.00011 ( 1)  0.129  0.000
 397 C   0.00035 0.76527 0.23438 ( 2)  1.547  0.234
 398 C   0.92174 0.07802 0.00023 ( 1)  0.148  0.000
 399 L   0.93091 0.06892 0.00017 ( 1)  0.139  0.000
 400 V   0.36673 0.61593 0.01735 ( 2)  0.701  0.017
 401 Y   0.90735 0.09222 0.00042 ( 1)  0.162  0.000
 402 S   0.92419 0.07559 0.00022 ( 1)  0.145  0.000
 403 S   0.94030 0.05960 0.00010 ( 1)  0.130  0.000
 404 I   0.95748 0.04247 0.00005 ( 1)  0.114  0.000
 405 R   0.91106 0.08859 0.00035 ( 1)  0.158  0.000
 406 T   0.48640 0.50852 0.00507 ( 2)  0.562  0.005
 407 S   0.07186 0.90681 0.02134 ( 2)  0.983  0.021
 408 S   0.51328 0.48287 0.00385 ( 1)  0.534  0.004
 409 N   0.93308 0.06678 0.00014 ( 1)  0.137  0.000
 410 S   0.94009 0.05981 0.00010 ( 1)  0.130  0.000
 411 Q   0.84745 0.15006 0.00250 ( 1)  0.222  0.002
 412 V   0.88854 0.11063 0.00083 ( 1)  0.180  0.001
 413 D   0.52505 0.47212 0.00283 ( 1)  0.521  0.003
 414 K   0.90924 0.09037 0.00038 ( 1)  0.160  0.000
 415 L   0.85127 0.14646 0.00227 ( 1)  0.218  0.002
 416 T   0.94817 0.05176 0.00007 ( 1)  0.123  0.000
 417 L   0.85520 0.14256 0.00225 ( 1)  0.214  0.002
 418 S   0.85640 0.14161 0.00199 ( 1)  0.212  0.002
 419 G   0.88696 0.11221 0.00083 ( 1)  0.181  0.001
 420 S   0.93111 0.06874 0.00015 ( 1)  0.139  0.000
 421 D   0.93871 0.06118 0.00011 ( 1)  0.132  0.000
 422 S   0.93878 0.06111 0.00011 ( 1)  0.132  0.000
 423 V   0.92632 0.07348 0.00020 ( 1)  0.143  0.000
 424 I   0.95647 0.04347 0.00005 ( 1)  0.115  0.000
 425 L   0.49502 0.50070 0.00429 ( 2)  0.552  0.004
 426 G   0.42221 0.56927 0.00852 ( 2)  0.629  0.009
 427 D   0.92967 0.07017 0.00017 ( 1)  0.140  0.000
 428 T   0.36068 0.62295 0.01637 ( 2)  0.705  0.016
 429 A   0.06956 0.90490 0.02555 ( 2)  0.995  0.026
 430 T   0.08473 0.89976 0.01550 ( 2)  0.958  0.016
 431 S   0.00000 0.21653 0.78347 ( 3)  2.830  0.783
 432 G   0.91205 0.08758 0.00037 ( 1)  0.157  0.000
 433 A   0.52059 0.47610 0.00330 ( 1)  0.526  0.003
 434 N   0.00529 0.91776 0.07695 ( 2)  1.175  0.077
 435 D   0.92967 0.07017 0.00017 ( 1)  0.140  0.000
 436 E   0.88712 0.11202 0.00086 ( 1)  0.181  0.001
 437 E   0.36527 0.61968 0.01506 ( 2)  0.697  0.015
 438 D   0.00462 0.90237 0.09301 ( 2)  1.213  0.093
 439 G   0.86066 0.13757 0.00177 ( 1)  0.208  0.002
 440 Q   0.86160 0.13671 0.00169 ( 1)  0.207  0.002
 441 P   0.91852 0.08122 0.00026 ( 1)  0.151  0.000
 442 R   0.85428 0.14364 0.00208 ( 1)  0.215  0.002
 443 R   0.86039 0.13784 0.00177 ( 1)  0.208  0.002
 444 -   0.74317 0.23985 0.01699 ( 1)  0.352  0.017
 445 -   0.74317 0.23985 0.01699 ( 1)  0.352  0.017
 446 -   0.74317 0.23985 0.01699 ( 1)  0.352  0.017
 447 -   0.74317 0.23985 0.01699 ( 1)  0.352  0.017
 448 -   0.74317 0.23985 0.01699 ( 1)  0.352  0.017
 449 -   0.74317 0.23985 0.01699 ( 1)  0.352  0.017
 450 -   0.74317 0.23985 0.01699 ( 1)  0.352  0.017
 451 -   0.74317 0.23985 0.01699 ( 1)  0.352  0.017
 452 -   0.74317 0.23985 0.01699 ( 1)  0.352  0.017
 453 -   0.74317 0.23985 0.01699 ( 1)  0.352  0.017
 454 -   0.74317 0.23985 0.01699 ( 1)  0.352  0.017
 455 -   0.74317 0.23985 0.01699 ( 1)  0.352  0.017
 456 -   0.74317 0.23985 0.01699 ( 1)  0.352  0.017
 457 -   0.74317 0.23985 0.01699 ( 1)  0.352  0.017
 458 -   0.74317 0.23985 0.01699 ( 1)  0.352  0.017
 459 -   0.74317 0.23985 0.01699 ( 1)  0.352  0.017
 460 -   0.74317 0.23985 0.01699 ( 1)  0.352  0.017
 461 -   0.74317 0.23985 0.01699 ( 1)  0.352  0.017
 462 -   0.74317 0.23985 0.01699 ( 1)  0.352  0.017
 463 -   0.74317 0.23985 0.01699 ( 1)  0.352  0.017
 464 -   0.74317 0.23985 0.01699 ( 1)  0.352  0.017
 465 -   0.74317 0.23985 0.01699 ( 1)  0.352  0.017
 466 -   0.74317 0.23985 0.01699 ( 1)  0.352  0.017
 467 -   0.74317 0.23985 0.01699 ( 1)  0.352  0.017
 468 -   0.74317 0.23985 0.01699 ( 1)  0.352  0.017
 469 -   0.74317 0.23985 0.01699 ( 1)  0.352  0.017
 470 -   0.74317 0.23985 0.01699 ( 1)  0.352  0.017
 471 -   0.74317 0.23985 0.01699 ( 1)  0.352  0.017
 472 -   0.74317 0.23985 0.01699 ( 1)  0.352  0.017
 473 -   0.74317 0.23985 0.01699 ( 1)  0.352  0.017
 474 -   0.74317 0.23985 0.01699 ( 1)  0.352  0.017
 475 -   0.74317 0.23985 0.01699 ( 1)  0.352  0.017
 476 -   0.74317 0.23985 0.01699 ( 1)  0.352  0.017
 477 -   0.74317 0.23985 0.01699 ( 1)  0.352  0.017
 478 -   0.74317 0.23985 0.01699 ( 1)  0.352  0.017
 479 -   0.74317 0.23985 0.01699 ( 1)  0.352  0.017
 480 A   0.93363 0.06623 0.00014 ( 1)  0.137  0.000
 481 V   0.91094 0.08866 0.00040 ( 1)  0.158  0.000
 482 D   0.93709 0.06279 0.00012 ( 1)  0.133  0.000
 483 N   0.93870 0.06118 0.00011 ( 1)  0.132  0.000
 484 E   0.89970 0.09973 0.00057 ( 1)  0.169  0.001
 485 K   0.88915 0.11008 0.00076 ( 1)  0.179  0.001
 486 E   0.90236 0.09715 0.00049 ( 1)  0.166  0.000
 487 G   0.85996 0.13823 0.00181 ( 1)  0.209  0.002
 488 V   0.91094 0.08866 0.00040 ( 1)  0.158  0.000
 489 Q   0.30251 0.66741 0.03008 ( 2)  0.790  0.030
 490 Y   0.90673 0.09283 0.00044 ( 1)  0.162  0.000
 491 S   0.93849 0.06141 0.00011 ( 1)  0.132  0.000
 492 Y   0.91615 0.08354 0.00031 ( 1)  0.153  0.000
 493 F   0.00561 0.92506 0.06934 ( 2)  1.157  0.069
 494 F   0.50294 0.49152 0.00554 ( 1)  0.548  0.006
 495 F   0.94802 0.05190 0.00008 ( 1)  0.123  0.000
 496 H   0.92040 0.07936 0.00024 ( 1)  0.149  0.000
 497 L   0.00235 0.71808 0.27957 ( 2)  1.651  0.280
 498 M   0.95952 0.04045 0.00003 ( 1)  0.112  0.000
 499 L   0.93886 0.06102 0.00012 ( 1)  0.132  0.000
 500 C   0.44503 0.54806 0.00691 ( 2)  0.604  0.007
 501 L   0.89157 0.10770 0.00073 ( 1)  0.177  0.001
 502 A   0.93363 0.06623 0.00014 ( 1)  0.137  0.000
 503 -   0.74317 0.23985 0.01699 ( 1)  0.352  0.017
 504 -   0.74317 0.23985 0.01699 ( 1)  0.352  0.017
 505 -   0.74317 0.23985 0.01699 ( 1)  0.352  0.017
 506 -   0.74317 0.23985 0.01699 ( 1)  0.352  0.017
 507 -   0.74317 0.23985 0.01699 ( 1)  0.352  0.017
 508 -   0.74317 0.23985 0.01699 ( 1)  0.352  0.017
 509 -   0.74317 0.23985 0.01699 ( 1)  0.352  0.017
 510 -   0.74317 0.23985 0.01699 ( 1)  0.352  0.017
 511 -   0.74317 0.23985 0.01699 ( 1)  0.352  0.017
 512 -   0.74317 0.23985 0.01699 ( 1)  0.352  0.017
 513 -   0.74317 0.23985 0.01699 ( 1)  0.352  0.017
 514 -   0.74317 0.23985 0.01699 ( 1)  0.352  0.017
 515 -   0.74317 0.23985 0.01699 ( 1)  0.352  0.017
 516 S   0.93752 0.06236 0.00012 ( 1)  0.133  0.000
 517 L   0.40872 0.58119 0.01009 ( 2)  0.645  0.010
 518 Y   0.45008 0.54282 0.00711 ( 2)  0.600  0.007
 519 I   0.57620 0.42141 0.00239 ( 1)  0.473  0.002
 520 M   0.93821 0.06166 0.00014 ( 1)  0.132  0.000
 521 M   0.93821 0.06166 0.00014 ( 1)  0.132  0.000
 522 T   0.92382 0.07592 0.00026 ( 1)  0.146  0.000
 523 L   0.85170 0.14563 0.00266 ( 1)  0.218  0.003
 524 T   0.92144 0.07827 0.00029 ( 1)  0.148  0.000
 525 G   0.41444 0.57530 0.01027 ( 2)  0.641  0.010
 526 W   0.28179 0.67951 0.03869 ( 2)  0.830  0.039
 527 Y   0.89227 0.10697 0.00077 ( 1)  0.176  0.001
 528 S   0.94300 0.05691 0.00009 ( 1)  0.128  0.000
 529 P   0.92152 0.07824 0.00024 ( 1)  0.148  0.000
 530 D   0.93254 0.06731 0.00015 ( 1)  0.138  0.000
 531 A   0.89489 0.10442 0.00070 ( 1)  0.174  0.001
 532 K   0.44075 0.55228 0.00697 ( 2)  0.609  0.007
 533 F   0.94998 0.04994 0.00008 ( 1)  0.121  0.000
 534 Q   0.86636 0.13216 0.00148 ( 1)  0.202  0.001
 535 S   0.49115 0.50511 0.00374 ( 2)  0.554  0.004
 536 M   0.96468 0.03530 0.00002 ( 1)  0.108  0.000
 537 T   0.95264 0.04730 0.00006 ( 1)  0.119  0.000
 538 S   0.94455 0.05537 0.00008 ( 1)  0.126  0.000
 539 K   0.91414 0.08554 0.00032 ( 1)  0.155  0.000
 540 W   0.87148 0.12724 0.00129 ( 1)  0.197  0.001
 541 P   0.87276 0.12598 0.00126 ( 1)  0.195  0.001
 542 A   0.93997 0.05992 0.00011 ( 1)  0.131  0.000
 543 V   0.90812 0.09140 0.00048 ( 1)  0.161  0.000
 544 W   0.87148 0.12724 0.00129 ( 1)  0.197  0.001
 545 V   0.95185 0.04807 0.00008 ( 1)  0.120  0.000
 546 K   0.91414 0.08554 0.00032 ( 1)  0.155  0.000
 547 I   0.96098 0.03897 0.00004 ( 1)  0.111  0.000
 548 S   0.94469 0.05523 0.00008 ( 1)  0.126  0.000
 549 T   0.07738 0.90337 0.01926 ( 2)  0.973  0.019
 550 S   0.94469 0.05523 0.00008 ( 1)  0.126  0.000
 551 W   0.87148 0.12724 0.00129 ( 1)  0.197  0.001
 552 V   0.95539 0.04455 0.00006 ( 1)  0.116  0.000
 553 C   0.92637 0.07343 0.00020 ( 1)  0.143  0.000
 554 L   0.94496 0.05495 0.00009 ( 1)  0.126  0.000
 555 L   0.90677 0.09264 0.00059 ( 1)  0.162  0.001
 556 L   0.93637 0.06349 0.00014 ( 1)  0.134  0.000
 557 Y   0.92156 0.07819 0.00025 ( 1)  0.148  0.000
 558 -   0.74317 0.23985 0.01699 ( 1)  0.352  0.017
 559 -   0.74317 0.23985 0.01699 ( 1)  0.352  0.017
 560 -   0.74317 0.23985 0.01699 ( 1)  0.352  0.017
 561 -   0.74317 0.23985 0.01699 ( 1)  0.352  0.017
 562 -   0.74317 0.23985 0.01699 ( 1)  0.352  0.017
 563 -   0.74317 0.23985 0.01699 ( 1)  0.352  0.017
 564 -   0.74317 0.23985 0.01699 ( 1)  0.352  0.017
 565 -   0.74317 0.23985 0.01699 ( 1)  0.352  0.017
 566 -   0.74317 0.23985 0.01699 ( 1)  0.352  0.017
 567 -   0.74317 0.23985 0.01699 ( 1)  0.352  0.017
 568 -   0.74317 0.23985 0.01699 ( 1)  0.352  0.017
 569 -   0.74317 0.23985 0.01699 ( 1)  0.352  0.017
 570 -   0.74317 0.23985 0.01699 ( 1)  0.352  0.017
 571 -   0.74317 0.23985 0.01699 ( 1)  0.352  0.017
 572 -   0.74317 0.23985 0.01699 ( 1)  0.352  0.017
 573 -   0.74317 0.23985 0.01699 ( 1)  0.352  0.017
 574 -   0.74317 0.23985 0.01699 ( 1)  0.352  0.017
 575 -   0.74317 0.23985 0.01699 ( 1)  0.352  0.017
 576 -   0.74317 0.23985 0.01699 ( 1)  0.352  0.017
 577 -   0.74317 0.23985 0.01699 ( 1)  0.352  0.017
 578 -   0.74317 0.23985 0.01699 ( 1)  0.352  0.017
 579 -   0.74317 0.23985 0.01699 ( 1)  0.352  0.017
 580 -   0.74317 0.23985 0.01699 ( 1)  0.352  0.017
 581 -   0.74317 0.23985 0.01699 ( 1)  0.352  0.017
 582 -   0.74317 0.23985 0.01699 ( 1)  0.352  0.017
 583 -   0.74317 0.23985 0.01699 ( 1)  0.352  0.017
 584 -   0.74317 0.23985 0.01699 ( 1)  0.352  0.017
 585 -   0.74317 0.23985 0.01699 ( 1)  0.352  0.017
 586 -   0.74317 0.23985 0.01699 ( 1)  0.352  0.017
 587 -   0.74317 0.23985 0.01699 ( 1)  0.352  0.017
 588 -   0.74317 0.23985 0.01699 ( 1)  0.352  0.017
 589 -   0.74317 0.23985 0.01699 ( 1)  0.352  0.017
 590 -   0.74317 0.23985 0.01699 ( 1)  0.352  0.017
 591 -   0.74317 0.23985 0.01699 ( 1)  0.352  0.017
 592 -   0.74317 0.23985 0.01699 ( 1)  0.352  0.017
 593 -   0.74317 0.23985 0.01699 ( 1)  0.352  0.017
 594 -   0.74317 0.23985 0.01699 ( 1)  0.352  0.017
 595 -   0.74317 0.23985 0.01699 ( 1)  0.352  0.017
 596 -   0.74317 0.23985 0.01699 ( 1)  0.352  0.017
 597 V   0.95379 0.04615 0.00007 ( 1)  0.118  0.000
 598 W   0.86980 0.12885 0.00135 ( 1)  0.198  0.001
 599 T   0.95103 0.04891 0.00006 ( 1)  0.120  0.000
 600 L   0.92777 0.07201 0.00022 ( 1)  0.142  0.000
 601 V   0.44487 0.54757 0.00757 ( 2)  0.606  0.008
 602 A   0.93823 0.06165 0.00012 ( 1)  0.132  0.000
 603 P   0.86731 0.13122 0.00148 ( 1)  0.201  0.001
 604 L   0.93468 0.06517 0.00015 ( 1)  0.136  0.000
 605 V   0.59746 0.40084 0.00170 ( 1)  0.451  0.002
 606 L   0.93913 0.06075 0.00012 ( 1)  0.131  0.000
 607 T   0.95103 0.04891 0.00006 ( 1)  0.120  0.000
 608 N   0.06610 0.90198 0.03192 ( 2)  1.013  0.032
 609 R   0.86064 0.13667 0.00269 ( 1)  0.210  0.003
 610 D   0.54591 0.45160 0.00248 ( 1)  0.501  0.002
 611 F   0.94991 0.05001 0.00008 ( 1)  0.121  0.000
 612 S   0.94280 0.05711 0.00009 ( 1)  0.128  0.000
 613 -   0.74317 0.23985 0.01699 ( 1)  0.352  0.017
 614 -   0.74317 0.23985 0.01699 ( 1)  0.352  0.017
 615 -   0.74317 0.23985 0.01699 ( 1)  0.352  0.017
 616 -   0.74317 0.23985 0.01699 ( 1)  0.352  0.017
 617 -   0.74317 0.23985 0.01699 ( 1)  0.352  0.017
 618 -   0.74317 0.23985 0.01699 ( 1)  0.352  0.017
 619 -   0.74317 0.23985 0.01699 ( 1)  0.352  0.017
 620 -   0.74317 0.23985 0.01699 ( 1)  0.352  0.017
 621 -   0.74317 0.23985 0.01699 ( 1)  0.352  0.017
 622 -   0.74317 0.23985 0.01699 ( 1)  0.352  0.017

Positively selected sites

	Prob(w>1)  mean w

   210 A      0.961*        3.245
   375 I      0.654         2.527
   431 S      0.783         2.830


lnL = -5370.572572

Bayes Empirical Bayes (BEB) probabilities for 3 classes (class) & postmean_w
(amino acids refer to 1st sequence: aotNan_SERINC3_XM_012467237)

   1 -   0.74170 0.20349 0.05481 ( 1)  0.361 +-  0.580
   2 -   0.74170 0.20349 0.05481 ( 1)  0.361 +-  0.580
   3 -   0.74170 0.20349 0.05481 ( 1)  0.361 +-  0.580
   4 -   0.74170 0.20349 0.05481 ( 1)  0.361 +-  0.580
   5 -   0.74170 0.20349 0.05481 ( 1)  0.361 +-  0.580
   6 -   0.74170 0.20349 0.05481 ( 1)  0.361 +-  0.580
   7 M   0.97590 0.02298 0.00112 ( 1)  0.083 +-  0.152
   8 G   0.89915 0.09059 0.01026 ( 1)  0.162 +-  0.316
   9 T   0.52892 0.42722 0.04386 ( 1)  0.535 +-  0.520
  10 V   0.93540 0.05953 0.00508 ( 1)  0.124 +-  0.250
  11 L   0.87396 0.11090 0.01514 ( 1)  0.190 +-  0.360
  12 G   0.94189 0.05386 0.00426 ( 1)  0.118 +-  0.236
  13 V   0.96854 0.02974 0.00172 ( 1)  0.091 +-  0.174
  14 F   0.58160 0.38264 0.03576 ( 1)  0.479 +-  0.508
  15 S   0.95426 0.04279 0.00294 ( 1)  0.105 +-  0.209
  16 L   0.95940 0.03813 0.00247 ( 1)  0.100 +-  0.197
  17 A   0.96329 0.03460 0.00211 ( 1)  0.096 +-  0.187
  18 S   0.95905 0.03848 0.00248 ( 1)  0.100 +-  0.198
  19 W   0.88752 0.10022 0.01226 ( 1)  0.175 +-  0.335
  20 -   0.74170 0.20349 0.05481 ( 1)  0.361 +-  0.580
  21 -   0.74170 0.20349 0.05481 ( 1)  0.361 +-  0.580
  22 -   0.74170 0.20349 0.05481 ( 1)  0.361 +-  0.580
  23 -   0.74170 0.20349 0.05481 ( 1)  0.361 +-  0.580
  24 -   0.74170 0.20349 0.05481 ( 1)  0.361 +-  0.580
  25 -   0.74170 0.20349 0.05481 ( 1)  0.361 +-  0.580
  26 V   0.96089 0.03673 0.00238 ( 1)  0.098 +-  0.194
  27 P   0.89347 0.09524 0.01128 ( 1)  0.169 +-  0.326
  28 C   0.94269 0.05316 0.00415 ( 1)  0.117 +-  0.235
  29 L   0.95528 0.04185 0.00287 ( 1)  0.104 +-  0.207
  30 C   0.94175 0.05399 0.00427 ( 1)  0.118 +-  0.237
  31 S   0.51811 0.43599 0.04591 ( 1)  0.546 +-  0.523
  32 G   0.93961 0.05587 0.00452 ( 1)  0.120 +-  0.241
  33 A   0.93454 0.06037 0.00509 ( 1)  0.125 +-  0.251
  34 S   0.87630 0.10922 0.01447 ( 1)  0.188 +-  0.354
  35 C   0.93327 0.06146 0.00527 ( 1)  0.126 +-  0.254
  36 L   0.91141 0.08018 0.00840 ( 1)  0.149 +-  0.295
  37 L   0.87065 0.11372 0.01563 ( 1)  0.194 +-  0.364
  38 C   0.93397 0.06083 0.00520 ( 1)  0.126 +-  0.252
  39 S   0.95115 0.04561 0.00324 ( 1)  0.108 +-  0.216
  40 C   0.94179 0.05395 0.00426 ( 1)  0.118 +-  0.237
  41 C   0.93317 0.06155 0.00528 ( 1)  0.126 +-  0.254
  42 P   0.94203 0.05373 0.00424 ( 1)  0.117 +-  0.236
  43 N   0.96067 0.03699 0.00234 ( 1)  0.099 +-  0.194
  44 S   0.06302 0.76996 0.16702 ( 2)  1.079 +-  0.451
  45 K   0.41473 0.51403 0.07124 ( 2)  0.665 +-  0.549
  46 N   0.95293 0.04400 0.00308 ( 1)  0.106 +-  0.212
  47 S   0.95440 0.04267 0.00293 ( 1)  0.105 +-  0.209
  48 T   0.44886 0.48821 0.06293 ( 2)  0.626 +-  0.545
  49 V   0.00403 0.64512 0.35085 ( 2)  1.393 +-  0.692
  50 T   0.95618 0.04104 0.00278 ( 1)  0.103 +-  0.205
  51 R   0.93265 0.06201 0.00534 ( 1)  0.127 +-  0.255
  52 L   0.95981 0.03776 0.00243 ( 1)  0.099 +-  0.196
  53 I   0.96707 0.03109 0.00184 ( 1)  0.092 +-  0.178
  54 Y   0.93051 0.06385 0.00564 ( 1)  0.129 +-  0.259
  55 A   0.95660 0.04067 0.00273 ( 1)  0.103 +-  0.204
  56 F   0.96838 0.02992 0.00171 ( 1)  0.091 +-  0.174
  57 I   0.96707 0.03109 0.00184 ( 1)  0.092 +-  0.178
  58 L   0.95856 0.03889 0.00255 ( 1)  0.101 +-  0.199
  59 I   0.54474 0.41384 0.04142 ( 1)  0.518 +-  0.517
  60 L   0.87206 0.11255 0.01539 ( 1)  0.192 +-  0.362
  61 S   0.00786 0.74450 0.24764 ( 2)  1.222 +-  0.511
  62 T   0.08452 0.77961 0.13587 ( 2)  1.024 +-  0.415
  63 A   0.00067 0.59483 0.40450 ( 2)  1.472 +-  0.735
  64 V   0.91341 0.07846 0.00813 ( 1)  0.147 +-  0.292
  65 S   0.95435 0.04272 0.00294 ( 1)  0.105 +-  0.209
  66 Y   0.04957 0.75498 0.19545 ( 2)  1.127 +-  0.492
  67 I   0.65851 0.31704 0.02445 ( 1)  0.398 +-  0.478
  68 M   0.67904 0.30005 0.02091 ( 1)  0.376 +-  0.465
  69 Q   0.27229 0.59104 0.13666 ( 2)  0.873 +-  0.624
  70 R   0.00402 0.47945 0.51653 ( 3)  1.692 +-  0.893
  71 R   0.04022 0.73189 0.22789 ( 2)  1.183 +-  0.551
  72 E   0.04832 0.75286 0.19882 ( 2)  1.133 +-  0.498
  73 M   0.66584 0.31179 0.02237 ( 1)  0.390 +-  0.471
  74 E   0.90897 0.08231 0.00872 ( 1)  0.152 +-  0.299
  75 P   0.05784 0.76524 0.17693 ( 2)  1.096 +-  0.465
  76 Y   0.00041 0.50747 0.49211 ( 2)  1.628 +-  0.834
  77 L   0.87475 0.11046 0.01479 ( 1)  0.189 +-  0.357
  78 K   0.93127 0.06321 0.00552 ( 1)  0.128 +-  0.258
  79 K   0.93127 0.06321 0.00552 ( 1)  0.128 +-  0.258
  80 I   0.96644 0.03166 0.00190 ( 1)  0.093 +-  0.180
  81 P   0.93922 0.05623 0.00455 ( 1)  0.120 +-  0.242
  82 G   0.87660 0.10902 0.01438 ( 1)  0.187 +-  0.354
  83 F   0.96470 0.03327 0.00203 ( 1)  0.095 +-  0.184
  84 C   0.93269 0.06197 0.00534 ( 1)  0.127 +-  0.255
  85 E   0.36017 0.54985 0.08999 ( 2)  0.735 +-  0.567
  86 G   0.04009 0.73448 0.22543 ( 2)  1.178 +-  0.543
  87 G   0.87660 0.10902 0.01438 ( 1)  0.187 +-  0.354
  88 F   0.96090 0.03676 0.00234 ( 1)  0.098 +-  0.194
  89 K   0.34460 0.55919 0.09621 ( 2)  0.756 +-  0.572
  90 I   0.97298 0.02563 0.00139 ( 1)  0.086 +-  0.161
  91 H   0.00038 0.48962 0.51000 ( 3)  1.662 +-  0.853
  92 E   0.00501 0.67720 0.31779 ( 2)  1.339 +-  0.645
  93 A   0.00784 0.74023 0.25193 ( 2)  1.230 +-  0.523
  94 D   0.95006 0.04657 0.00337 ( 1)  0.109 +-  0.219
  95 R   0.00592 0.69693 0.29715 ( 2)  1.305 +-  0.612
  96 -   0.74170 0.20349 0.05481 ( 1)  0.361 +-  0.580
  97 -   0.74170 0.20349 0.05481 ( 1)  0.361 +-  0.580
  98 -   0.74170 0.20349 0.05481 ( 1)  0.361 +-  0.580
  99 -   0.74170 0.20349 0.05481 ( 1)  0.361 +-  0.580
 100 -   0.74170 0.20349 0.05481 ( 1)  0.361 +-  0.580
 101 -   0.74170 0.20349 0.05481 ( 1)  0.361 +-  0.580
 102 -   0.74170 0.20349 0.05481 ( 1)  0.361 +-  0.580
 103 -   0.74170 0.20349 0.05481 ( 1)  0.361 +-  0.580
 104 -   0.74170 0.20349 0.05481 ( 1)  0.361 +-  0.580
 105 -   0.74170 0.20349 0.05481 ( 1)  0.361 +-  0.580
 106 -   0.74170 0.20349 0.05481 ( 1)  0.361 +-  0.580
 107 -   0.74170 0.20349 0.05481 ( 1)  0.361 +-  0.580
 108 -   0.74170 0.20349 0.05481 ( 1)  0.361 +-  0.580
 109 -   0.74170 0.20349 0.05481 ( 1)  0.361 +-  0.580
 110 -   0.74170 0.20349 0.05481 ( 1)  0.361 +-  0.580
 111 -   0.74170 0.20349 0.05481 ( 1)  0.361 +-  0.580
 112 -   0.74170 0.20349 0.05481 ( 1)  0.361 +-  0.580
 113 -   0.74170 0.20349 0.05481 ( 1)  0.361 +-  0.580
 114 -   0.74170 0.20349 0.05481 ( 1)  0.361 +-  0.580
 115 -   0.74170 0.20349 0.05481 ( 1)  0.361 +-  0.580
 116 -   0.74170 0.20349 0.05481 ( 1)  0.361 +-  0.580
 117 -   0.74170 0.20349 0.05481 ( 1)  0.361 +-  0.580
 118 -   0.74170 0.20349 0.05481 ( 1)  0.361 +-  0.580
 119 -   0.74170 0.20349 0.05481 ( 1)  0.361 +-  0.580
 120 -   0.74170 0.20349 0.05481 ( 1)  0.361 +-  0.580
 121 -   0.74170 0.20349 0.05481 ( 1)  0.361 +-  0.580
 122 -   0.74170 0.20349 0.05481 ( 1)  0.361 +-  0.580
 123 -   0.74170 0.20349 0.05481 ( 1)  0.361 +-  0.580
 124 -   0.74170 0.20349 0.05481 ( 1)  0.361 +-  0.580
 125 -   0.74170 0.20349 0.05481 ( 1)  0.361 +-  0.580
 126 -   0.74170 0.20349 0.05481 ( 1)  0.361 +-  0.580
 127 -   0.74170 0.20349 0.05481 ( 1)  0.361 +-  0.580
 128 N   0.06282 0.77112 0.16606 ( 2)  1.077 +-  0.447
 129 V   0.03591 0.71976 0.24433 ( 2)  1.211 +-  0.578
 130 D   0.95068 0.04601 0.00331 ( 1)  0.109 +-  0.217
 131 K   0.31921 0.57443 0.10636 ( 2)  0.791 +-  0.580
 132 D   0.95212 0.04472 0.00316 ( 1)  0.107 +-  0.214
 133 C   0.93350 0.06126 0.00524 ( 1)  0.126 +-  0.253
 134 D   0.95018 0.04648 0.00334 ( 1)  0.109 +-  0.218
 135 V   0.93842 0.05681 0.00477 ( 1)  0.121 +-  0.244
 136 L   0.87097 0.11346 0.01557 ( 1)  0.194 +-  0.363
 137 V   0.96199 0.03573 0.00228 ( 1)  0.097 +-  0.191
 138 G   0.94004 0.05549 0.00447 ( 1)  0.119 +-  0.240
 139 Y   0.92944 0.06479 0.00578 ( 1)  0.130 +-  0.261
 140 K   0.91326 0.07874 0.00800 ( 1)  0.147 +-  0.291
 141 A   0.95531 0.04185 0.00284 ( 1)  0.104 +-  0.207
 142 V   0.92206 0.07113 0.00681 ( 1)  0.138 +-  0.276
 143 Y   0.92944 0.06479 0.00578 ( 1)  0.130 +-  0.261
 144 R   0.88100 0.10548 0.01352 ( 1)  0.182 +-  0.346
 145 I   0.97355 0.02511 0.00134 ( 1)  0.086 +-  0.160
 146 N   0.00926 0.75682 0.23392 ( 2)  1.203 +-  0.490
 147 F   0.96157 0.03615 0.00228 ( 1)  0.098 +-  0.192
 148 A   0.96294 0.03492 0.00214 ( 1)  0.096 +-  0.188
 149 M   0.49172 0.45741 0.05088 ( 1)  0.575 +-  0.528
 150 A   0.96365 0.03428 0.00208 ( 1)  0.096 +-  0.187
 151 I   0.62759 0.34328 0.02913 ( 1)  0.431 +-  0.492
 152 F   0.96157 0.03615 0.00228 ( 1)  0.098 +-  0.192
 153 F   0.96828 0.03000 0.00172 ( 1)  0.091 +-  0.175
 154 F   0.56886 0.39412 0.03702 ( 1)  0.492 +-  0.510
 155 V   0.61152 0.35791 0.03056 ( 1)  0.447 +-  0.496
 156 F   0.96531 0.03272 0.00198 ( 1)  0.094 +-  0.183
 157 S   0.42978 0.50458 0.06564 ( 2)  0.646 +-  0.542
 158 L   0.87097 0.11346 0.01557 ( 1)  0.194 +-  0.363
 159 L   0.95834 0.03909 0.00258 ( 1)  0.101 +-  0.200
 160 M   0.97621 0.02269 0.00110 ( 1)  0.083 +-  0.151
 161 I   0.00097 0.45614 0.54289 ( 3)  1.727 +-  0.888
 162 K   0.91326 0.07874 0.00800 ( 1)  0.147 +-  0.291
 163 V   0.91120 0.08039 0.00840 ( 1)  0.150 +-  0.295
 164 K   0.91326 0.07874 0.00800 ( 1)  0.147 +-  0.291
 165 T   0.90664 0.08430 0.00906 ( 1)  0.154 +-  0.303
 166 S   0.95194 0.04488 0.00318 ( 1)  0.107 +-  0.215
 167 K   0.91326 0.07874 0.00800 ( 1)  0.147 +-  0.291
 168 D   0.95018 0.04648 0.00334 ( 1)  0.109 +-  0.218
 169 P   0.48823 0.45975 0.05202 ( 1)  0.579 +-  0.530
 170 R   0.87672 0.10862 0.01466 ( 1)  0.187 +-  0.356
 171 A   0.90445 0.08616 0.00939 ( 1)  0.157 +-  0.307
 172 A   0.90287 0.08747 0.00965 ( 1)  0.158 +-  0.310
 173 V   0.91341 0.07846 0.00813 ( 1)  0.147 +-  0.292
 174 H   0.94349 0.05246 0.00405 ( 1)  0.116 +-  0.233
 175 N   0.95318 0.04377 0.00305 ( 1)  0.106 +-  0.212
 176 G   0.90912 0.08223 0.00865 ( 1)  0.152 +-  0.299
 177 F   0.96157 0.03615 0.00228 ( 1)  0.098 +-  0.192
 178 W   0.88802 0.09982 0.01217 ( 1)  0.174 +-  0.334
 179 F   0.96838 0.02992 0.00171 ( 1)  0.091 +-  0.174
 180 F   0.96766 0.03057 0.00177 ( 1)  0.092 +-  0.176
 181 K   0.91326 0.07874 0.00800 ( 1)  0.147 +-  0.291
 182 I   0.96707 0.03109 0.00184 ( 1)  0.092 +-  0.178
 183 A   0.95531 0.04185 0.00284 ( 1)  0.104 +-  0.207
 184 A   0.96114 0.03656 0.00230 ( 1)  0.098 +-  0.193
 185 L   0.95100 0.04571 0.00329 ( 1)  0.108 +-  0.217
 186 I   0.09566 0.78041 0.12393 ( 2)  1.001 +-  0.406
 187 G   0.87741 0.10837 0.01422 ( 1)  0.186 +-  0.352
 188 I   0.97254 0.02603 0.00142 ( 1)  0.087 +-  0.163
 189 M   0.97785 0.02117 0.00098 ( 1)  0.081 +-  0.146
 190 V   0.96332 0.03453 0.00215 ( 1)  0.096 +-  0.188
 191 G   0.90854 0.08264 0.00883 ( 1)  0.152 +-  0.300
 192 S   0.47643 0.46737 0.05619 ( 1)  0.594 +-  0.537
 193 F   0.97031 0.02814 0.00155 ( 1)  0.089 +-  0.169
 194 Y   0.94216 0.05361 0.00422 ( 1)  0.117 +-  0.236
 195 I   0.97346 0.02520 0.00134 ( 1)  0.086 +-  0.160
 196 P   0.94341 0.05252 0.00407 ( 1)  0.116 +-  0.233
 197 G   0.90958 0.08184 0.00858 ( 1)  0.151 +-  0.298
 198 G   0.07573 0.77948 0.14479 ( 2)  1.040 +-  0.419
 199 Y   0.04884 0.74778 0.20338 ( 2)  1.140 +-  0.513
 200 F   0.96823 0.03005 0.00172 ( 1)  0.091 +-  0.175
 201 S   0.56870 0.39369 0.03761 ( 1)  0.493 +-  0.511
 202 S   0.31200 0.57523 0.11277 ( 2)  0.806 +-  0.593
 203 A   0.58246 0.38303 0.03451 ( 1)  0.477 +-  0.504
 204 W   0.89070 0.09762 0.01168 ( 1)  0.172 +-  0.330
 205 F   0.96370 0.03422 0.00209 ( 1)  0.096 +-  0.187
 206 F   0.00442 0.69004 0.30554 ( 2)  1.312 +-  0.607
 207 V   0.01061 0.76423 0.22516 ( 2)  1.192 +-  0.481
 208 G   0.95119 0.04557 0.00324 ( 1)  0.108 +-  0.216
 209 M   0.97784 0.02117 0.00099 ( 1)  0.081 +-  0.146
 210 A   0.00000 0.10042 0.89958 ( 3)  2.281 +-  0.858
 211 G   0.91186 0.07992 0.00823 ( 1)  0.149 +-  0.294
 212 A   0.96583 0.03229 0.00189 ( 1)  0.093 +-  0.181
 213 A   0.08498 0.78154 0.13348 ( 2)  1.020 +-  0.409
 214 F   0.00084 0.62078 0.37838 ( 2)  1.431 +-  0.708
 215 F   0.97031 0.02814 0.00155 ( 1)  0.089 +-  0.169
 216 I   0.97531 0.02348 0.00121 ( 1)  0.084 +-  0.154
 217 L   0.96068 0.03697 0.00235 ( 1)  0.099 +-  0.194
 218 I   0.97239 0.02618 0.00143 ( 1)  0.087 +-  0.163
 219 Q   0.88271 0.10406 0.01323 ( 1)  0.180 +-  0.344
 220 L   0.90029 0.08950 0.01021 ( 1)  0.161 +-  0.315
 221 V   0.34651 0.56487 0.08861 ( 2)  0.745 +-  0.554
 222 L   0.87145 0.11309 0.01547 ( 1)  0.193 +-  0.362
 223 L   0.90710 0.08369 0.00921 ( 1)  0.154 +-  0.304
 224 V   0.91609 0.07619 0.00772 ( 1)  0.144 +-  0.287
 225 D   0.95995 0.03766 0.00239 ( 1)  0.099 +-  0.196
 226 F   0.00816 0.74444 0.24740 ( 2)  1.223 +-  0.514
 227 A   0.95758 0.03980 0.00262 ( 1)  0.102 +-  0.202
 228 H   0.94211 0.05367 0.00421 ( 1)  0.117 +-  0.236
 229 S   0.94787 0.04854 0.00359 ( 1)  0.111 +-  0.224
 230 W   0.30568 0.58000 0.11432 ( 2)  0.813 +-  0.591
 231 N   0.95549 0.04169 0.00281 ( 1)  0.104 +-  0.206
 232 E   0.91048 0.08111 0.00841 ( 1)  0.150 +-  0.296
 233 S   0.02489 0.66912 0.30598 ( 2)  1.320 +-  0.681
 234 W   0.88885 0.09913 0.01201 ( 1)  0.174 +-  0.333
 235 V   0.35784 0.55027 0.09189 ( 2)  0.740 +-  0.571
 236 N   0.95391 0.04312 0.00297 ( 1)  0.105 +-  0.210
 237 R   0.83023 0.14382 0.02595 ( 1)  0.243 +-  0.435
 238 M   0.97816 0.02088 0.00096 ( 1)  0.081 +-  0.145
 239 E   0.91102 0.08066 0.00832 ( 1)  0.150 +-  0.295
 240 E   0.91102 0.08066 0.00832 ( 1)  0.150 +-  0.295
 241 -   0.74170 0.20349 0.05481 ( 1)  0.361 +-  0.580
 242 -   0.74170 0.20349 0.05481 ( 1)  0.361 +-  0.580
 243 -   0.74170 0.20349 0.05481 ( 1)  0.361 +-  0.580
 244 -   0.74170 0.20349 0.05481 ( 1)  0.361 +-  0.580
 245 -   0.74170 0.20349 0.05481 ( 1)  0.361 +-  0.580
 246 -   0.74170 0.20349 0.05481 ( 1)  0.361 +-  0.580
 247 -   0.74170 0.20349 0.05481 ( 1)  0.361 +-  0.580
 248 G   0.87875 0.10729 0.01396 ( 1)  0.185 +-  0.350
 249 N   0.96204 0.03574 0.00221 ( 1)  0.097 +-  0.191
 250 P   0.88677 0.10081 0.01242 ( 1)  0.176 +-  0.337
 251 R   0.92902 0.06515 0.00582 ( 1)  0.131 +-  0.262
 252 L   0.91376 0.07819 0.00805 ( 1)  0.147 +-  0.291
 253 W   0.88939 0.09870 0.01191 ( 1)  0.173 +-  0.332
 254 Y   0.42515 0.50646 0.06839 ( 2)  0.653 +-  0.547
 255 A   0.08800 0.78130 0.13071 ( 2)  1.015 +-  0.408
 256 A   0.08288 0.78030 0.13683 ( 2)  1.026 +-  0.414
 257 L   0.89340 0.09525 0.01135 ( 1)  0.169 +-  0.326
 258 L   0.87406 0.11101 0.01493 ( 1)  0.190 +-  0.358
 259 S   0.94919 0.04735 0.00346 ( 1)  0.110 +-  0.221
 260 F   0.09190 0.77539 0.13271 ( 2)  1.015 +-  0.422
 261 T   0.91005 0.08143 0.00852 ( 1)  0.151 +-  0.297
 262 S   0.56832 0.39525 0.03643 ( 1)  0.492 +-  0.508
 263 A   0.00099 0.63993 0.35908 ( 2)  1.395 +-  0.673
 264 F   0.96411 0.03384 0.00205 ( 1)  0.095 +-  0.185
 265 Y   0.93365 0.06111 0.00524 ( 1)  0.126 +-  0.253
 266 I   0.67667 0.30130 0.02204 ( 1)  0.380 +-  0.469
 267 L   0.87793 0.10770 0.01436 ( 1)  0.186 +-  0.353
 268 S   0.88105 0.10541 0.01354 ( 1)  0.182 +-  0.346
 269 I   0.66108 0.31504 0.02388 ( 1)  0.396 +-  0.476
 270 I   0.67716 0.30088 0.02196 ( 1)  0.379 +-  0.468
 271 C   0.00433 0.65679 0.33888 ( 2)  1.374 +-  0.676
 272 V   0.96700 0.03118 0.00183 ( 1)  0.092 +-  0.178
 273 G   0.91212 0.07970 0.00819 ( 1)  0.148 +-  0.293
 274 L   0.89193 0.09654 0.01153 ( 1)  0.170 +-  0.328
 275 L   0.96240 0.03540 0.00219 ( 1)  0.097 +-  0.190
 276 Y   0.93391 0.06089 0.00520 ( 1)  0.126 +-  0.253
 277 T   0.36274 0.54742 0.08984 ( 2)  0.733 +-  0.568
 278 Y   0.94134 0.05434 0.00432 ( 1)  0.118 +-  0.238
 279 Y   0.94266 0.05317 0.00417 ( 1)  0.117 +-  0.235
 280 T   0.96877 0.02957 0.00166 ( 1)  0.090 +-  0.173
 281 K   0.91652 0.07597 0.00751 ( 1)  0.144 +-  0.285
 282 P   0.31936 0.57208 0.10856 ( 2)  0.794 +-  0.587
 283 D   0.48764 0.46024 0.05211 ( 1)  0.580 +-  0.530
 284 G   0.95166 0.04515 0.00319 ( 1)  0.108 +-  0.215
 285 C   0.94598 0.05024 0.00378 ( 1)  0.113 +-  0.228
 286 T   0.91005 0.08143 0.00852 ( 1)  0.151 +-  0.297
 287 E   0.91205 0.07972 0.00823 ( 1)  0.149 +-  0.294
 288 N   0.96114 0.03657 0.00230 ( 1)  0.098 +-  0.193
 289 K   0.93442 0.06047 0.00512 ( 1)  0.125 +-  0.251
 290 F   0.97068 0.02780 0.00152 ( 1)  0.089 +-  0.168
 291 F   0.97068 0.02780 0.00152 ( 1)  0.089 +-  0.168
 292 I   0.97565 0.02317 0.00118 ( 1)  0.084 +-  0.153
 293 S   0.95425 0.04283 0.00292 ( 1)  0.105 +-  0.209
 294 I   0.96998 0.02841 0.00161 ( 1)  0.089 +-  0.170
 295 N   0.95944 0.03812 0.00244 ( 1)  0.100 +-  0.197
 296 L   0.87234 0.11238 0.01528 ( 1)  0.192 +-  0.361
 297 I   0.97565 0.02317 0.00118 ( 1)  0.084 +-  0.153
 298 L   0.52462 0.43073 0.04465 ( 1)  0.539 +-  0.521
 299 C   0.94311 0.05277 0.00411 ( 1)  0.116 +-  0.234
 300 V   0.09209 0.77782 0.13009 ( 2)  1.012 +-  0.415
 301 V   0.94138 0.05421 0.00441 ( 1)  0.118 +-  0.238
 302 V   0.53890 0.41722 0.04388 ( 1)  0.526 +-  0.523
 303 S   0.94918 0.04736 0.00346 ( 1)  0.110 +-  0.221
 304 I   0.00135 0.69736 0.30129 ( 2)  1.302 +-  0.584
 305 I   0.95500 0.04210 0.00289 ( 1)  0.104 +-  0.208
 306 S   0.88792 0.09984 0.01224 ( 1)  0.175 +-  0.335
 307 I   0.66519 0.31143 0.02337 ( 1)  0.391 +-  0.474
 308 H   0.94656 0.04973 0.00370 ( 1)  0.113 +-  0.226
 309 P   0.89568 0.09345 0.01087 ( 1)  0.166 +-  0.322
 310 K   0.91652 0.07597 0.00751 ( 1)  0.144 +-  0.285
 311 I   0.96943 0.02892 0.00164 ( 1)  0.090 +-  0.171
 312 Q   0.88576 0.10167 0.01257 ( 1)  0.177 +-  0.338
 313 E   0.91204 0.07973 0.00823 ( 1)  0.149 +-  0.294
 314 H   0.94656 0.04973 0.00370 ( 1)  0.113 +-  0.226
 315 Q   0.88349 0.10344 0.01307 ( 1)  0.180 +-  0.342
 316 P   0.94303 0.05287 0.00410 ( 1)  0.116 +-  0.234
 317 R   0.44079 0.49569 0.06353 ( 2)  0.634 +-  0.542
 318 S   0.95630 0.04095 0.00274 ( 1)  0.103 +-  0.205
 319 G   0.95165 0.04516 0.00319 ( 1)  0.108 +-  0.215
 320 L   0.96240 0.03541 0.00219 ( 1)  0.097 +-  0.190
 321 L   0.89574 0.09335 0.01091 ( 1)  0.166 +-  0.322
 322 Q   0.88564 0.10176 0.01260 ( 1)  0.177 +-  0.338
 323 S   0.95742 0.03995 0.00263 ( 1)  0.102 +-  0.202
 324 S   0.95211 0.04474 0.00315 ( 1)  0.107 +-  0.214
 325 I   0.00119 0.66530 0.33351 ( 2)  1.358 +-  0.648
 326 I   0.97565 0.02317 0.00118 ( 1)  0.084 +-  0.153
 327 T   0.96877 0.02957 0.00166 ( 1)  0.090 +-  0.173
 328 L   0.96240 0.03541 0.00219 ( 1)  0.097 +-  0.190
 329 Y   0.94179 0.05395 0.00426 ( 1)  0.118 +-  0.237
 330 T   0.96324 0.03463 0.00213 ( 1)  0.096 +-  0.188
 331 M   0.68466 0.29528 0.02006 ( 1)  0.370 +-  0.462
 332 Y   0.94190 0.05385 0.00425 ( 1)  0.118 +-  0.236
 333 L   0.96164 0.03610 0.00226 ( 1)  0.098 +-  0.192
 334 T   0.96866 0.02968 0.00167 ( 1)  0.091 +-  0.173
 335 W   0.89123 0.09719 0.01158 ( 1)  0.171 +-  0.329
 336 S   0.87977 0.10644 0.01379 ( 1)  0.184 +-  0.349
 337 A   0.96622 0.03192 0.00185 ( 1)  0.093 +-  0.180
 338 M   0.97816 0.02088 0.00096 ( 1)  0.081 +-  0.145
 339 S   0.95742 0.03995 0.00263 ( 1)  0.102 +-  0.202
 340 N   0.95597 0.04126 0.00277 ( 1)  0.103 +-  0.205
 341 E   0.91102 0.08066 0.00832 ( 1)  0.150 +-  0.295
 342 P   0.94380 0.05218 0.00402 ( 1)  0.116 +-  0.232
 343 D   0.05350 0.76581 0.18068 ( 2)  1.103 +-  0.463
 344 R   0.34693 0.55750 0.09556 ( 2)  0.753 +-  0.572
 345 S   0.94136 0.05429 0.00436 ( 1)  0.118 +-  0.238
 346 C   0.92876 0.06536 0.00588 ( 1)  0.131 +-  0.263
 347 N   0.94792 0.04845 0.00363 ( 1)  0.111 +-  0.224
 348 P   0.43479 0.49928 0.06592 ( 2)  0.642 +-  0.545
 349 S   0.47461 0.46914 0.05625 ( 1)  0.596 +-  0.537
 350 L   0.85703 0.12438 0.01859 ( 1)  0.210 +-  0.386
 351 M   0.40719 0.52028 0.07253 ( 2)  0.673 +-  0.549
 352 S   0.94666 0.04959 0.00375 ( 1)  0.113 +-  0.226
 353 F   0.47652 0.46594 0.05754 ( 1)  0.596 +-  0.541
 354 I   0.47750 0.46538 0.05712 ( 1)  0.595 +-  0.540
 355 T   0.31100 0.57635 0.11265 ( 2)  0.806 +-  0.591
 356 R   0.03601 0.72142 0.24257 ( 2)  1.207 +-  0.573
 357 I   0.93875 0.05656 0.00469 ( 1)  0.121 +-  0.243
 358 T   0.46598 0.47574 0.05828 ( 2)  0.606 +-  0.539
 359 A   0.88794 0.09979 0.01227 ( 1)  0.175 +-  0.335
 360 P   0.88046 0.10582 0.01372 ( 1)  0.183 +-  0.348
 361 T   0.94691 0.04929 0.00379 ( 1)  0.112 +-  0.226
 362 L   0.87813 0.10747 0.01439 ( 1)  0.186 +-  0.353
 363 A   0.94205 0.05367 0.00428 ( 1)  0.117 +-  0.236
 364 P   0.92561 0.06810 0.00629 ( 1)  0.134 +-  0.269
 365 G   0.86464 0.11850 0.01687 ( 1)  0.201 +-  0.373
 366 N   0.93970 0.05575 0.00455 ( 1)  0.120 +-  0.241
 367 S   0.88176 0.10454 0.01370 ( 1)  0.182 +-  0.348
 368 T   0.94548 0.05061 0.00391 ( 1)  0.114 +-  0.229
 369 A   0.46584 0.47598 0.05818 ( 2)  0.606 +-  0.539
 370 V   0.03666 0.71980 0.24354 ( 2)  1.209 +-  0.579
 371 I   0.06247 0.77007 0.16747 ( 2)  1.080 +-  0.451
 372 P   0.39986 0.52383 0.07631 ( 2)  0.684 +-  0.555
 373 T   0.52429 0.43005 0.04565 ( 1)  0.541 +-  0.524
 374 P   0.04162 0.73816 0.22023 ( 2)  1.169 +-  0.535
 375 I   0.00003 0.28677 0.71321 ( 3)  2.010 +-  0.930
 376 P   0.87102 0.11347 0.01551 ( 1)  0.193 +-  0.363
 377 P   0.00198 0.50809 0.48994 ( 2)  1.646 +-  0.869
 378 S   0.86263 0.12003 0.01734 ( 1)  0.203 +-  0.377
 379 K   0.91649 0.07594 0.00757 ( 1)  0.144 +-  0.286
 380 S   0.44590 0.49109 0.06301 ( 2)  0.629 +-  0.543
 381 G   0.89410 0.09474 0.01116 ( 1)  0.168 +-  0.325
 382 S   0.00376 0.63147 0.36477 ( 2)  1.418 +-  0.714
 383 L   0.03898 0.72218 0.23884 ( 2)  1.202 +-  0.577
 384 L   0.85727 0.12419 0.01854 ( 1)  0.209 +-  0.386
 385 D   0.43360 0.50030 0.06610 ( 2)  0.643 +-  0.545
 386 S   0.24691 0.59988 0.15321 ( 2)  0.918 +-  0.642
 387 D   0.33140 0.57092 0.09768 ( 2)  0.769 +-  0.566
 388 N   0.93970 0.05575 0.00455 ( 1)  0.120 +-  0.241
 389 V   0.06217 0.76554 0.17230 ( 2)  1.087 +-  0.465
 390 V   0.00780 0.73447 0.25774 ( 2)  1.241 +-  0.538
 391 G   0.87839 0.10751 0.01410 ( 1)  0.185 +-  0.351
 392 L   0.85768 0.12388 0.01845 ( 1)  0.209 +-  0.385
 393 F   0.44594 0.48978 0.06427 ( 2)  0.630 +-  0.547
 394 V   0.95716 0.04006 0.00278 ( 1)  0.102 +-  0.203
 395 F   0.94896 0.04748 0.00356 ( 1)  0.110 +-  0.222
 396 V   0.94845 0.04789 0.00366 ( 1)  0.111 +-  0.223
 397 C   0.00059 0.55278 0.44664 ( 2)  1.553 +-  0.799
 398 C   0.92876 0.06536 0.00588 ( 1)  0.131 +-  0.263
 399 L   0.93763 0.05755 0.00482 ( 1)  0.122 +-  0.246
 400 V   0.31371 0.57232 0.11397 ( 2)  0.807 +-  0.599
 401 Y   0.91458 0.07754 0.00788 ( 1)  0.146 +-  0.289
 402 S   0.93114 0.06327 0.00560 ( 1)  0.129 +-  0.258
 403 S   0.94666 0.04959 0.00375 ( 1)  0.113 +-  0.226
 404 I   0.96273 0.03500 0.00227 ( 1)  0.097 +-  0.190
 405 R   0.91827 0.07443 0.00730 ( 1)  0.142 +-  0.282
 406 T   0.43153 0.49968 0.06879 ( 2)  0.648 +-  0.552
 407 S   0.06207 0.76839 0.16953 ( 2)  1.083 +-  0.456
 408 S   0.45901 0.48009 0.06090 ( 2)  0.615 +-  0.544
 409 N   0.93974 0.05572 0.00454 ( 1)  0.120 +-  0.241
 410 S   0.94645 0.04977 0.00378 ( 1)  0.113 +-  0.227
 411 Q   0.85326 0.12728 0.01946 ( 1)  0.214 +-  0.392
 412 V   0.89566 0.09336 0.01098 ( 1)  0.166 +-  0.323
 413 D   0.47152 0.47215 0.05633 ( 2)  0.599 +-  0.536
 414 K   0.91647 0.07596 0.00757 ( 1)  0.144 +-  0.286
 415 L   0.85727 0.12419 0.01854 ( 1)  0.209 +-  0.386
 416 T   0.95408 0.04290 0.00302 ( 1)  0.105 +-  0.210
 417 L   0.86128 0.12080 0.01791 ( 1)  0.205 +-  0.381
 418 S   0.86263 0.12003 0.01734 ( 1)  0.203 +-  0.377
 419 G   0.89410 0.09474 0.01116 ( 1)  0.168 +-  0.325
 420 S   0.93785 0.05740 0.00475 ( 1)  0.122 +-  0.245
 421 D   0.94513 0.05094 0.00392 ( 1)  0.114 +-  0.230
 422 S   0.94519 0.05088 0.00393 ( 1)  0.114 +-  0.230
 423 V   0.93320 0.06145 0.00536 ( 1)  0.127 +-  0.254
 424 I   0.96179 0.03585 0.00235 ( 1)  0.097 +-  0.192
 425 L   0.44058 0.49425 0.06517 ( 2)  0.636 +-  0.547
 426 G   0.36799 0.54422 0.08778 ( 2)  0.726 +-  0.566
 427 D   0.93646 0.05863 0.00492 ( 1)  0.123 +-  0.248
 428 T   0.30824 0.57764 0.11412 ( 2)  0.811 +-  0.593
 429 A   0.05986 0.76307 0.17707 ( 2)  1.096 +-  0.472
 430 T   0.07302 0.77458 0.15240 ( 2)  1.053 +-  0.435
 431 S   0.00000 0.21294 0.78706 ( 3)  2.124 +-  0.916
 432 G   0.91922 0.07355 0.00722 ( 1)  0.141 +-  0.281
 433 A   0.46663 0.47491 0.05846 ( 2)  0.606 +-  0.540
 434 N   0.00621 0.70898 0.28481 ( 2)  1.283 +-  0.585
 435 D   0.93646 0.05863 0.00492 ( 1)  0.123 +-  0.248
 436 E   0.89423 0.09457 0.01121 ( 1)  0.168 +-  0.325
 437 E   0.31275 0.57617 0.11109 ( 2)  0.803 +-  0.588
 438 D   0.00532 0.68938 0.30530 ( 2)  1.316 +-  0.618
 439 G   0.86707 0.11656 0.01637 ( 1)  0.198 +-  0.369
 440 Q   0.86807 0.11583 0.01610 ( 1)  0.197 +-  0.367
 441 P   0.92561 0.06810 0.00629 ( 1)  0.134 +-  0.269
 442 R   0.86043 0.12178 0.01779 ( 1)  0.206 +-  0.380
 443 R   0.86680 0.11679 0.01640 ( 1)  0.198 +-  0.370
 444 -   0.74170 0.20349 0.05481 ( 1)  0.361 +-  0.580
 445 -   0.74170 0.20349 0.05481 ( 1)  0.361 +-  0.580
 446 -   0.74170 0.20349 0.05481 ( 1)  0.361 +-  0.580
 447 -   0.74170 0.20349 0.05481 ( 1)  0.361 +-  0.580
 448 -   0.74170 0.20349 0.05481 ( 1)  0.361 +-  0.580
 449 -   0.74170 0.20349 0.05481 ( 1)  0.361 +-  0.580
 450 -   0.74170 0.20349 0.05481 ( 1)  0.361 +-  0.580
 451 -   0.74170 0.20349 0.05481 ( 1)  0.361 +-  0.580
 452 -   0.74170 0.20349 0.05481 ( 1)  0.361 +-  0.580
 453 -   0.74170 0.20349 0.05481 ( 1)  0.361 +-  0.580
 454 -   0.74170 0.20349 0.05481 ( 1)  0.361 +-  0.580
 455 -   0.74170 0.20349 0.05481 ( 1)  0.361 +-  0.580
 456 -   0.74170 0.20349 0.05481 ( 1)  0.361 +-  0.580
 457 -   0.74170 0.20349 0.05481 ( 1)  0.361 +-  0.580
 458 -   0.74170 0.20349 0.05481 ( 1)  0.361 +-  0.580
 459 -   0.74170 0.20349 0.05481 ( 1)  0.361 +-  0.580
 460 -   0.74170 0.20349 0.05481 ( 1)  0.361 +-  0.580
 461 -   0.74170 0.20349 0.05481 ( 1)  0.361 +-  0.580
 462 -   0.74170 0.20349 0.05481 ( 1)  0.361 +-  0.580
 463 -   0.74170 0.20349 0.05481 ( 1)  0.361 +-  0.580
 464 -   0.74170 0.20349 0.05481 ( 1)  0.361 +-  0.580
 465 -   0.74170 0.20349 0.05481 ( 1)  0.361 +-  0.580
 466 -   0.74170 0.20349 0.05481 ( 1)  0.361 +-  0.580
 467 -   0.74170 0.20349 0.05481 ( 1)  0.361 +-  0.580
 468 -   0.74170 0.20349 0.05481 ( 1)  0.361 +-  0.580
 469 -   0.74170 0.20349 0.05481 ( 1)  0.361 +-  0.580
 470 -   0.74170 0.20349 0.05481 ( 1)  0.361 +-  0.580
 471 -   0.74170 0.20349 0.05481 ( 1)  0.361 +-  0.580
 472 -   0.74170 0.20349 0.05481 ( 1)  0.361 +-  0.580
 473 -   0.74170 0.20349 0.05481 ( 1)  0.361 +-  0.580
 474 -   0.74170 0.20349 0.05481 ( 1)  0.361 +-  0.580
 475 -   0.74170 0.20349 0.05481 ( 1)  0.361 +-  0.580
 476 -   0.74170 0.20349 0.05481 ( 1)  0.361 +-  0.580
 477 -   0.74170 0.20349 0.05481 ( 1)  0.361 +-  0.580
 478 -   0.74170 0.20349 0.05481 ( 1)  0.361 +-  0.580
 479 -   0.74170 0.20349 0.05481 ( 1)  0.361 +-  0.580
 480 A   0.94026 0.05525 0.00449 ( 1)  0.119 +-  0.240
 481 V   0.91809 0.07446 0.00745 ( 1)  0.142 +-  0.283
 482 D   0.94359 0.05232 0.00410 ( 1)  0.116 +-  0.233
 483 N   0.94511 0.05093 0.00395 ( 1)  0.114 +-  0.230
 484 E   0.90693 0.08399 0.00908 ( 1)  0.154 +-  0.303
 485 K   0.89634 0.09292 0.01075 ( 1)  0.165 +-  0.321
 486 E   0.90962 0.08179 0.00859 ( 1)  0.151 +-  0.298
 487 G   0.86634 0.11713 0.01653 ( 1)  0.199 +-  0.371
 488 V   0.91809 0.07446 0.00745 ( 1)  0.142 +-  0.283
 489 Q   0.25339 0.59962 0.14699 ( 2)  0.903 +-  0.631
 490 Y   0.91395 0.07806 0.00799 ( 1)  0.147 +-  0.290
 491 S   0.94492 0.05113 0.00395 ( 1)  0.114 +-  0.230
 492 Y   0.92326 0.07008 0.00665 ( 1)  0.137 +-  0.273
 493 F   0.00663 0.71811 0.27526 ( 2)  1.267 +-  0.567
 494 F   0.44776 0.48576 0.06648 ( 2)  0.632 +-  0.555
 495 F   0.95391 0.04301 0.00308 ( 1)  0.105 +-  0.211
 496 H   0.92746 0.06650 0.00604 ( 1)  0.132 +-  0.265
 497 L   0.00202 0.52163 0.47635 ( 2)  1.609 +-  0.837
 498 M   0.96465 0.03333 0.00202 ( 1)  0.095 +-  0.184
 499 L   0.94525 0.05079 0.00396 ( 1)  0.114 +-  0.230
 500 C   0.39050 0.52942 0.08008 ( 2)  0.697 +-  0.560
 501 L   0.89875 0.09086 0.01039 ( 1)  0.163 +-  0.317
 502 A   0.94026 0.05525 0.00449 ( 1)  0.119 +-  0.240
 503 -   0.74170 0.20349 0.05481 ( 1)  0.361 +-  0.580
 504 -   0.74170 0.20349 0.05481 ( 1)  0.361 +-  0.580
 505 -   0.74170 0.20349 0.05481 ( 1)  0.361 +-  0.580
 506 -   0.74170 0.20349 0.05481 ( 1)  0.361 +-  0.580
 507 -   0.74170 0.20349 0.05481 ( 1)  0.361 +-  0.580
 508 -   0.74170 0.20349 0.05481 ( 1)  0.361 +-  0.580
 509 -   0.74170 0.20349 0.05481 ( 1)  0.361 +-  0.580
 510 -   0.74170 0.20349 0.05481 ( 1)  0.361 +-  0.580
 511 -   0.74170 0.20349 0.05481 ( 1)  0.361 +-  0.580
 512 -   0.74170 0.20349 0.05481 ( 1)  0.361 +-  0.580
 513 -   0.74170 0.20349 0.05481 ( 1)  0.361 +-  0.580
 514 -   0.74170 0.20349 0.05481 ( 1)  0.361 +-  0.580
 515 -   0.74170 0.20349 0.05481 ( 1)  0.361 +-  0.580
 516 S   0.94398 0.05194 0.00408 ( 1)  0.115 +-  0.232
 517 L   0.35469 0.55196 0.09335 ( 2)  0.744 +-  0.573
 518 Y   0.39525 0.52518 0.07957 ( 2)  0.693 +-  0.562
 519 I   0.52358 0.42882 0.04760 ( 1)  0.544 +-  0.529
 520 M   0.94459 0.05132 0.00409 ( 1)  0.115 +-  0.232
 521 M   0.94459 0.05132 0.00409 ( 1)  0.115 +-  0.232
 522 T   0.93069 0.06350 0.00580 ( 1)  0.129 +-  0.260
 523 L   0.85752 0.12340 0.01908 ( 1)  0.210 +-  0.389
 524 T   0.92836 0.06552 0.00612 ( 1)  0.132 +-  0.265
 525 G   0.36001 0.54742 0.09257 ( 2)  0.739 +-  0.575
 526 W   0.23422 0.60310 0.16268 ( 2)  0.942 +-  0.654
 527 Y   0.89940 0.09020 0.01040 ( 1)  0.162 +-  0.317
 528 S   0.94921 0.04729 0.00350 ( 1)  0.110 +-  0.221
 529 P   0.92854 0.06554 0.00592 ( 1)  0.131 +-  0.263
 530 D   0.93921 0.05618 0.00461 ( 1)  0.120 +-  0.242
 531 A   0.90206 0.08801 0.00993 ( 1)  0.159 +-  0.312
 532 K   0.38635 0.53260 0.08105 ( 2)  0.702 +-  0.560
 533 F   0.95573 0.04134 0.00293 ( 1)  0.104 +-  0.207
 534 Q   0.87300 0.11192 0.01508 ( 1)  0.191 +-  0.359
 535 S   0.43723 0.49854 0.06423 ( 2)  0.638 +-  0.542
 536 M   0.96939 0.02897 0.00164 ( 1)  0.090 +-  0.172
 537 T   0.95826 0.03911 0.00263 ( 1)  0.101 +-  0.200
 538 S   0.95067 0.04598 0.00334 ( 1)  0.109 +-  0.218
 539 K   0.92130 0.07180 0.00690 ( 1)  0.139 +-  0.277
 540 W   0.87829 0.10768 0.01403 ( 1)  0.185 +-  0.351
 541 P   0.87960 0.10659 0.01381 ( 1)  0.184 +-  0.349
 542 A   0.94632 0.04986 0.00382 ( 1)  0.113 +-  0.227
 543 V   0.91525 0.07681 0.00795 ( 1)  0.145 +-  0.289
 544 W   0.87829 0.10768 0.01403 ( 1)  0.185 +-  0.351
 545 V   0.95747 0.03975 0.00279 ( 1)  0.102 +-  0.203
 546 K   0.92130 0.07180 0.00690 ( 1)  0.139 +-  0.277
 547 I   0.96594 0.03204 0.00202 ( 1)  0.093 +-  0.182
 548 S   0.95081 0.04586 0.00333 ( 1)  0.108 +-  0.217
 549 T   0.06674 0.77062 0.16263 ( 2)  1.071 +-  0.449
 550 S   0.95081 0.04586 0.00333 ( 1)  0.108 +-  0.217
 551 W   0.87829 0.10768 0.01403 ( 1)  0.185 +-  0.351
 552 V   0.96078 0.03676 0.00246 ( 1)  0.099 +-  0.195
 553 C   0.93326 0.06141 0.00532 ( 1)  0.126 +-  0.254
 554 L   0.95104 0.04561 0.00335 ( 1)  0.108 +-  0.217
 555 L   0.91380 0.07783 0.00836 ( 1)  0.147 +-  0.293
 556 L   0.94286 0.05289 0.00424 ( 1)  0.117 +-  0.235
 557 Y   0.92856 0.06549 0.00595 ( 1)  0.131 +-  0.263
 558 -   0.74170 0.20349 0.05481 ( 1)  0.361 +-  0.580
 559 -   0.74170 0.20349 0.05481 ( 1)  0.361 +-  0.580
 560 -   0.74170 0.20349 0.05481 ( 1)  0.361 +-  0.580
 561 -   0.74170 0.20349 0.05481 ( 1)  0.361 +-  0.580
 562 -   0.74170 0.20349 0.05481 ( 1)  0.361 +-  0.580
 563 -   0.74170 0.20349 0.05481 ( 1)  0.361 +-  0.580
 564 -   0.74170 0.20349 0.05481 ( 1)  0.361 +-  0.580
 565 -   0.74170 0.20349 0.05481 ( 1)  0.361 +-  0.580
 566 -   0.74170 0.20349 0.05481 ( 1)  0.361 +-  0.580
 567 -   0.74170 0.20349 0.05481 ( 1)  0.361 +-  0.580
 568 -   0.74170 0.20349 0.05481 ( 1)  0.361 +-  0.580
 569 -   0.74170 0.20349 0.05481 ( 1)  0.361 +-  0.580
 570 -   0.74170 0.20349 0.05481 ( 1)  0.361 +-  0.580
 571 -   0.74170 0.20349 0.05481 ( 1)  0.361 +-  0.580
 572 -   0.74170 0.20349 0.05481 ( 1)  0.361 +-  0.580
 573 -   0.74170 0.20349 0.05481 ( 1)  0.361 +-  0.580
 574 -   0.74170 0.20349 0.05481 ( 1)  0.361 +-  0.580
 575 -   0.74170 0.20349 0.05481 ( 1)  0.361 +-  0.580
 576 -   0.74170 0.20349 0.05481 ( 1)  0.361 +-  0.580
 577 -   0.74170 0.20349 0.05481 ( 1)  0.361 +-  0.580
 578 -   0.74170 0.20349 0.05481 ( 1)  0.361 +-  0.580
 579 -   0.74170 0.20349 0.05481 ( 1)  0.361 +-  0.580
 580 -   0.74170 0.20349 0.05481 ( 1)  0.361 +-  0.580
 581 -   0.74170 0.20349 0.05481 ( 1)  0.361 +-  0.580
 582 -   0.74170 0.20349 0.05481 ( 1)  0.361 +-  0.580
 583 -   0.74170 0.20349 0.05481 ( 1)  0.361 +-  0.580
 584 -   0.74170 0.20349 0.05481 ( 1)  0.361 +-  0.580
 585 -   0.74170 0.20349 0.05481 ( 1)  0.361 +-  0.580
 586 -   0.74170 0.20349 0.05481 ( 1)  0.361 +-  0.580
 587 -   0.74170 0.20349 0.05481 ( 1)  0.361 +-  0.580
 588 -   0.74170 0.20349 0.05481 ( 1)  0.361 +-  0.580
 589 -   0.74170 0.20349 0.05481 ( 1)  0.361 +-  0.580
 590 -   0.74170 0.20349 0.05481 ( 1)  0.361 +-  0.580
 591 -   0.74170 0.20349 0.05481 ( 1)  0.361 +-  0.580
 592 -   0.74170 0.20349 0.05481 ( 1)  0.361 +-  0.580
 593 -   0.74170 0.20349 0.05481 ( 1)  0.361 +-  0.580
 594 -   0.74170 0.20349 0.05481 ( 1)  0.361 +-  0.580
 595 -   0.74170 0.20349 0.05481 ( 1)  0.361 +-  0.580
 596 -   0.74170 0.20349 0.05481 ( 1)  0.361 +-  0.580
 597 V   0.95928 0.03811 0.00261 ( 1)  0.100 +-  0.198
 598 W   0.87656 0.10907 0.01438 ( 1)  0.187 +-  0.354
 599 T   0.95674 0.04048 0.00278 ( 1)  0.103 +-  0.204
 600 L   0.93456 0.06017 0.00527 ( 1)  0.125 +-  0.252
 601 V   0.39004 0.52848 0.08148 ( 2)  0.699 +-  0.564
 602 A   0.94466 0.05133 0.00401 ( 1)  0.115 +-  0.231
 603 P   0.87397 0.11110 0.01493 ( 1)  0.190 +-  0.358
 604 L   0.94123 0.05433 0.00444 ( 1)  0.118 +-  0.238
 605 V   0.54638 0.41153 0.04209 ( 1)  0.517 +-  0.520
 606 L   0.94550 0.05056 0.00393 ( 1)  0.114 +-  0.229
 607 T   0.95674 0.04048 0.00278 ( 1)  0.103 +-  0.204
 608 N   0.05657 0.75511 0.18832 ( 2)  1.115 +-  0.495
 609 R   0.86646 0.11555 0.01799 ( 1)  0.201 +-  0.380
 610 D   0.49282 0.45516 0.05203 ( 1)  0.575 +-  0.532
 611 F   0.95566 0.04140 0.00294 ( 1)  0.104 +-  0.207
 612 S   0.94901 0.04746 0.00352 ( 1)  0.110 +-  0.221
 613 -   0.74170 0.20349 0.05481 ( 1)  0.361 +-  0.580
 614 -   0.74170 0.20349 0.05481 ( 1)  0.361 +-  0.580
 615 -   0.74170 0.20349 0.05481 ( 1)  0.361 +-  0.580
 616 -   0.74170 0.20349 0.05481 ( 1)  0.361 +-  0.580
 617 -   0.74170 0.20349 0.05481 ( 1)  0.361 +-  0.580
 618 -   0.74170 0.20349 0.05481 ( 1)  0.361 +-  0.580
 619 -   0.74170 0.20349 0.05481 ( 1)  0.361 +-  0.580
 620 -   0.74170 0.20349 0.05481 ( 1)  0.361 +-  0.580
 621 -   0.74170 0.20349 0.05481 ( 1)  0.361 +-  0.580
 622 -   0.74170 0.20349 0.05481 ( 1)  0.361 +-  0.580

Positively selected sites

	Prob(w>1)  mean w

    70 R      0.517         1.692 +- 0.893
    91 H      0.510         1.662 +- 0.853
   161 I      0.543         1.727 +- 0.888
   210 A      0.900         2.281 +- 0.858
   375 I      0.713         2.010 +- 0.930
   431 S      0.787         2.124 +- 0.916

