Supplemental results for CODEML (seqf: algn  treef: tree)


dN/dS (w) for site classes (K=8)

p:   0.12500  0.12500  0.12500  0.12500  0.12500  0.12500  0.12500  0.12500
w:   0.00000  0.00008  0.00206  0.01760  0.08519  0.27817  0.63021  0.95313

Naive Empirical Bayes (NEB) probabilities for 8 classes & postmean_w
(amino acids refer to 1st sequence: aotNan_RSAD2_XM_012441946)

   1 -   0.12500 0.12500 0.12500 0.12500 0.12500 0.12500 0.12500 0.12500 ( 8)  0.246
   2 -   0.12500 0.12500 0.12500 0.12500 0.12500 0.12500 0.12500 0.12500 ( 8)  0.246
   3 -   0.12500 0.12500 0.12500 0.12500 0.12500 0.12500 0.12500 0.12500 ( 6)  0.246
   4 -   0.12500 0.12500 0.12500 0.12500 0.12500 0.12500 0.12500 0.12500 ( 6)  0.246
   5 -   0.12500 0.12500 0.12500 0.12500 0.12500 0.12500 0.12500 0.12500 ( 8)  0.246
   6 -   0.12500 0.12500 0.12500 0.12500 0.12500 0.12500 0.12500 0.12500 ( 6)  0.246
   7 -   0.12500 0.12500 0.12500 0.12500 0.12500 0.12500 0.12500 0.12500 ( 6)  0.246
   8 -   0.12500 0.12500 0.12500 0.12500 0.12500 0.12500 0.12500 0.12500 ( 6)  0.246
   9 -   0.12500 0.12500 0.12500 0.12500 0.12500 0.12500 0.12500 0.12500 ( 6)  0.246
  10 -   0.12500 0.12500 0.12500 0.12500 0.12500 0.12500 0.12500 0.12500 ( 8)  0.246
  11 -   0.12500 0.12500 0.12500 0.12500 0.12500 0.12500 0.12500 0.12500 ( 8)  0.246
  12 -   0.12500 0.12500 0.12500 0.12500 0.12500 0.12500 0.12500 0.12500 ( 8)  0.246
  13 -   0.12500 0.12500 0.12500 0.12500 0.12500 0.12500 0.12500 0.12500 ( 6)  0.246
  14 -   0.12500 0.12500 0.12500 0.12500 0.12500 0.12500 0.12500 0.12500 ( 6)  0.246
  15 -   0.12500 0.12500 0.12500 0.12500 0.12500 0.12500 0.12500 0.12500 ( 8)  0.246
  16 -   0.12500 0.12500 0.12500 0.12500 0.12500 0.12500 0.12500 0.12500 ( 8)  0.246
  17 -   0.12500 0.12500 0.12500 0.12500 0.12500 0.12500 0.12500 0.12500 ( 6)  0.246
  18 -   0.12500 0.12500 0.12500 0.12500 0.12500 0.12500 0.12500 0.12500 ( 8)  0.246
  19 -   0.12500 0.12500 0.12500 0.12500 0.12500 0.12500 0.12500 0.12500 ( 8)  0.246
  20 -   0.12500 0.12500 0.12500 0.12500 0.12500 0.12500 0.12500 0.12500 ( 6)  0.246
  21 -   0.12500 0.12500 0.12500 0.12500 0.12500 0.12500 0.12500 0.12500 ( 8)  0.246
  22 -   0.12500 0.12500 0.12500 0.12500 0.12500 0.12500 0.12500 0.12500 ( 8)  0.246
  23 -   0.12500 0.12500 0.12500 0.12500 0.12500 0.12500 0.12500 0.12500 ( 8)  0.246
  24 -   0.12500 0.12500 0.12500 0.12500 0.12500 0.12500 0.12500 0.12500 ( 8)  0.246
  25 -   0.12500 0.12500 0.12500 0.12500 0.12500 0.12500 0.12500 0.12500 ( 8)  0.246
  26 -   0.12500 0.12500 0.12500 0.12500 0.12500 0.12500 0.12500 0.12500 ( 8)  0.246
  27 -   0.12500 0.12500 0.12500 0.12500 0.12500 0.12500 0.12500 0.12500 ( 8)  0.246
  28 -   0.12500 0.12500 0.12500 0.12500 0.12500 0.12500 0.12500 0.12500 ( 8)  0.246
  29 -   0.12500 0.12500 0.12500 0.12500 0.12500 0.12500 0.12500 0.12500 ( 6)  0.246
  30 -   0.12500 0.12500 0.12500 0.12500 0.12500 0.12500 0.12500 0.12500 ( 6)  0.246
  31 -   0.12500 0.12500 0.12500 0.12500 0.12500 0.12500 0.12500 0.12500 ( 6)  0.246
  32 -   0.12500 0.12500 0.12500 0.12500 0.12500 0.12500 0.12500 0.12500 ( 8)  0.246
  33 -   0.12500 0.12500 0.12500 0.12500 0.12500 0.12500 0.12500 0.12500 ( 6)  0.246
  34 -   0.12500 0.12500 0.12500 0.12500 0.12500 0.12500 0.12500 0.12500 ( 8)  0.246
  35 -   0.12500 0.12500 0.12500 0.12500 0.12500 0.12500 0.12500 0.12500 ( 6)  0.246
  36 -   0.12500 0.12500 0.12500 0.12500 0.12500 0.12500 0.12500 0.12500 ( 8)  0.246
  37 -   0.12500 0.12500 0.12500 0.12500 0.12500 0.12500 0.12500 0.12500 ( 8)  0.246
  38 -   0.12500 0.12500 0.12500 0.12500 0.12500 0.12500 0.12500 0.12500 ( 6)  0.246
  39 -   0.12500 0.12500 0.12500 0.12500 0.12500 0.12500 0.12500 0.12500 ( 6)  0.246
  40 -   0.12500 0.12500 0.12500 0.12500 0.12500 0.12500 0.12500 0.12500 ( 6)  0.246
  41 -   0.12500 0.12500 0.12500 0.12500 0.12500 0.12500 0.12500 0.12500 ( 8)  0.246
  42 -   0.12500 0.12500 0.12500 0.12500 0.12500 0.12500 0.12500 0.12500 ( 8)  0.246
  43 -   0.12500 0.12500 0.12500 0.12500 0.12500 0.12500 0.12500 0.12500 ( 6)  0.246
  44 -   0.12500 0.12500 0.12500 0.12500 0.12500 0.12500 0.12500 0.12500 ( 6)  0.246
  45 -   0.12500 0.12500 0.12500 0.12500 0.12500 0.12500 0.12500 0.12500 ( 8)  0.246
  46 -   0.12500 0.12500 0.12500 0.12500 0.12500 0.12500 0.12500 0.12500 ( 6)  0.246
  47 -   0.12500 0.12500 0.12500 0.12500 0.12500 0.12500 0.12500 0.12500 ( 6)  0.246
  48 -   0.12500 0.12500 0.12500 0.12500 0.12500 0.12500 0.12500 0.12500 ( 8)  0.246
  49 -   0.12500 0.12500 0.12500 0.12500 0.12500 0.12500 0.12500 0.12500 ( 6)  0.246
  50 -   0.12500 0.12500 0.12500 0.12500 0.12500 0.12500 0.12500 0.12500 ( 6)  0.246
  51 -   0.12500 0.12500 0.12500 0.12500 0.12500 0.12500 0.12500 0.12500 ( 6)  0.246
  52 -   0.12500 0.12500 0.12500 0.12500 0.12500 0.12500 0.12500 0.12500 ( 8)  0.246
  53 -   0.12500 0.12500 0.12500 0.12500 0.12500 0.12500 0.12500 0.12500 ( 6)  0.246
  54 -   0.12500 0.12500 0.12500 0.12500 0.12500 0.12500 0.12500 0.12500 ( 6)  0.246
  55 -   0.12500 0.12500 0.12500 0.12500 0.12500 0.12500 0.12500 0.12500 ( 6)  0.246
  56 -   0.12500 0.12500 0.12500 0.12500 0.12500 0.12500 0.12500 0.12500 ( 6)  0.246
  57 -   0.12500 0.12500 0.12500 0.12500 0.12500 0.12500 0.12500 0.12500 ( 6)  0.246
  58 -   0.12500 0.12500 0.12500 0.12500 0.12500 0.12500 0.12500 0.12500 ( 8)  0.246
  59 -   0.12500 0.12500 0.12500 0.12500 0.12500 0.12500 0.12500 0.12500 ( 6)  0.246
  60 -   0.12500 0.12500 0.12500 0.12500 0.12500 0.12500 0.12500 0.12500 ( 6)  0.246
  61 -   0.12500 0.12500 0.12500 0.12500 0.12500 0.12500 0.12500 0.12500 ( 6)  0.246
  62 -   0.12500 0.12500 0.12500 0.12500 0.12500 0.12500 0.12500 0.12500 ( 6)  0.246
  63 -   0.12500 0.12500 0.12500 0.12500 0.12500 0.12500 0.12500 0.12500 ( 6)  0.246
  64 -   0.12500 0.12500 0.12500 0.12500 0.12500 0.12500 0.12500 0.12500 ( 6)  0.246
  65 -   0.12500 0.12500 0.12500 0.12500 0.12500 0.12500 0.12500 0.12500 ( 6)  0.246
  66 -   0.12500 0.12500 0.12500 0.12500 0.12500 0.12500 0.12500 0.12500 ( 6)  0.246
  67 -   0.12500 0.12500 0.12500 0.12500 0.12500 0.12500 0.12500 0.12500 ( 8)  0.246
  68 -   0.12500 0.12500 0.12500 0.12500 0.12500 0.12500 0.12500 0.12500 ( 8)  0.246
  69 -   0.12500 0.12500 0.12500 0.12500 0.12500 0.12500 0.12500 0.12500 ( 6)  0.246
  70 -   0.12500 0.12500 0.12500 0.12500 0.12500 0.12500 0.12500 0.12500 ( 6)  0.246
  71 -   0.12500 0.12500 0.12500 0.12500 0.12500 0.12500 0.12500 0.12500 ( 6)  0.246
  72 -   0.12500 0.12500 0.12500 0.12500 0.12500 0.12500 0.12500 0.12500 ( 6)  0.246
  73 -   0.12500 0.12500 0.12500 0.12500 0.12500 0.12500 0.12500 0.12500 ( 6)  0.246
  74 -   0.12500 0.12500 0.12500 0.12500 0.12500 0.12500 0.12500 0.12500 ( 6)  0.246
  75 -   0.12500 0.12500 0.12500 0.12500 0.12500 0.12500 0.12500 0.12500 ( 6)  0.246
  76 -   0.12500 0.12500 0.12500 0.12500 0.12500 0.12500 0.12500 0.12500 ( 6)  0.246
  77 -   0.12500 0.12500 0.12500 0.12500 0.12500 0.12500 0.12500 0.12500 ( 6)  0.246
  78 -   0.12500 0.12500 0.12500 0.12500 0.12500 0.12500 0.12500 0.12500 ( 6)  0.246
  79 -   0.12500 0.12500 0.12500 0.12500 0.12500 0.12500 0.12500 0.12500 ( 8)  0.246
  80 -   0.12500 0.12500 0.12500 0.12500 0.12500 0.12500 0.12500 0.12500 ( 8)  0.246
  81 -   0.12500 0.12500 0.12500 0.12500 0.12500 0.12500 0.12500 0.12500 ( 8)  0.246
  82 -   0.12500 0.12500 0.12500 0.12500 0.12500 0.12500 0.12500 0.12500 ( 8)  0.246
  83 -   0.12500 0.12500 0.12500 0.12500 0.12500 0.12500 0.12500 0.12500 ( 8)  0.246
  84 -   0.12500 0.12500 0.12500 0.12500 0.12500 0.12500 0.12500 0.12500 ( 8)  0.246
  85 -   0.12500 0.12500 0.12500 0.12500 0.12500 0.12500 0.12500 0.12500 ( 8)  0.246
  86 -   0.12500 0.12500 0.12500 0.12500 0.12500 0.12500 0.12500 0.12500 ( 6)  0.246
  87 -   0.12500 0.12500 0.12500 0.12500 0.12500 0.12500 0.12500 0.12500 ( 8)  0.246
  88 -   0.12500 0.12500 0.12500 0.12500 0.12500 0.12500 0.12500 0.12500 ( 8)  0.246
  89 -   0.13359 0.13359 0.13351 0.13290 0.13028 0.12314 0.11131 0.10167 ( 1)  0.215
  90 -   0.13221 0.13221 0.13214 0.13164 0.12947 0.12352 0.11354 0.10527 ( 1)  0.220
  91 -   0.13065 0.13064 0.13060 0.13021 0.12855 0.12396 0.11606 0.10933 ( 1)  0.225
  92 M   0.20204 0.20197 0.20014 0.18639 0.13693 0.05730 0.01215 0.00308 ( 1)  0.042
  93 W   0.16815 0.16813 0.16753 0.16294 0.14443 0.10247 0.05505 0.03130 ( 1)  0.109
  94 V   0.00000 0.00000 0.00001 0.00101 0.02138 0.16008 0.38873 0.42879 ( 8)  0.700
  95 L   0.17293 0.17290 0.17219 0.16673 0.14499 0.09751 0.04772 0.02504 ( 1)  0.097
  96 T   0.00000 0.00000 0.00000 0.00000 0.00025 0.02001 0.26536 0.71438 ( 8)  0.854
  97 P   0.16644 0.16642 0.16586 0.16156 0.14412 0.10411 0.05774 0.03376 ( 1)  0.113
  98 A   0.00000 0.00000 0.00000 0.00002 0.00203 0.05058 0.31818 0.62919 ( 8)  0.814
  99 A   0.00000 0.00000 0.00002 0.00109 0.02204 0.15557 0.37920 0.44208 ( 8)  0.706
 100 F   0.17673 0.17670 0.17589 0.16969 0.14521 0.09330 0.04203 0.02046 ( 1)  0.088
 101 P   0.00000 0.00000 0.00002 0.00112 0.02265 0.15861 0.38066 0.43695 ( 8)  0.702
 102 G   0.00000 0.00025 0.00654 0.05305 0.20439 0.35013 0.25042 0.13523 ( 6)  0.402
 103 K   0.19688 0.19682 0.19526 0.18346 0.14004 0.06541 0.01697 0.00516 ( 1)  0.049
 104 L   0.00000 0.00000 0.00000 0.00000 0.00002 0.00560 0.17936 0.81501 ( 8)  0.891
 105 L   0.16458 0.16456 0.16404 0.16001 0.14362 0.10566 0.06073 0.03680 ( 1)  0.118
 106 S   0.18776 0.18772 0.18656 0.17770 0.14388 0.07909 0.02701 0.01029 ( 1)  0.065
 107 V   0.00000 0.00000 0.00000 0.00000 0.00028 0.02140 0.27027 0.70805 ( 8)  0.851
 108 L   0.00000 0.00000 0.00002 0.00126 0.02509 0.16985 0.38435 0.41944 ( 8)  0.691
 109 S   0.00000 0.00000 0.00004 0.00243 0.04514 0.24858 0.39173 0.31208 ( 7)  0.617
 110 L   0.00000 0.00000 0.00001 0.00086 0.01786 0.13420 0.36775 0.47931 ( 8)  0.727
 111 P   0.16456 0.16454 0.16402 0.16001 0.14370 0.10580 0.06073 0.03663 ( 1)  0.118
 112 L   0.16473 0.16471 0.16418 0.16012 0.14364 0.10551 0.06050 0.03661 ( 1)  0.118
 113 S   0.00000 0.00000 0.00002 0.00154 0.03029 0.19461 0.39292 0.38062 ( 7)  0.667
 114 S   0.00000 0.00011 0.00281 0.02346 0.10218 0.24715 0.32493 0.29937 ( 7)  0.568
 115 L   0.16451 0.16449 0.16397 0.15993 0.14353 0.10562 0.06087 0.03708 ( 1)  0.118
 116 W   0.16815 0.16813 0.16753 0.16294 0.14443 0.10247 0.05505 0.03130 ( 1)  0.109
 117 R   0.00000 0.00000 0.00004 0.00257 0.04733 0.25609 0.39110 0.30288 ( 7)  0.610
 118 S   0.00000 0.00022 0.00582 0.04746 0.18661 0.33822 0.26613 0.15554 ( 6)  0.427
 119 L   0.16498 0.16496 0.16443 0.16034 0.14372 0.10532 0.06009 0.03616 ( 1)  0.117
 120 V   0.18229 0.18225 0.18127 0.17378 0.14472 0.08628 0.03430 0.01511 ( 1)  0.076
 121 L   0.00000 0.00000 0.00000 0.00002 0.00192 0.04831 0.31305 0.63671 ( 8)  0.818
 122 L   0.16456 0.16454 0.16402 0.15999 0.14362 0.10569 0.06076 0.03682 ( 1)  0.118
 123 F   0.00000 0.00000 0.00000 0.00002 0.00223 0.05457 0.32833 0.61485 ( 8)  0.808
 124 C   0.00000 0.00016 0.00408 0.03366 0.13970 0.29473 0.30330 0.22438 ( 7)  0.499
 125 W   0.16815 0.16813 0.16753 0.16294 0.14443 0.10247 0.05505 0.03130 ( 1)  0.109
 126 L   0.16534 0.16532 0.16478 0.16060 0.14368 0.10482 0.05957 0.03590 ( 1)  0.116
 127 R   0.00000 0.00000 0.00004 0.00267 0.04908 0.26220 0.39066 0.29535 ( 7)  0.605
 128 A   0.00000 0.00013 0.00341 0.02828 0.12023 0.27150 0.31572 0.26073 ( 7)  0.534
 129 T   0.00000 0.00000 0.00000 0.00003 0.00254 0.05908 0.33358 0.60477 ( 8)  0.803
 130 F   0.00000 0.00015 0.00382 0.03158 0.13212 0.28543 0.30792 0.23899 ( 7)  0.513
 131 W   0.00000 0.00012 0.00317 0.02637 0.11314 0.26227 0.31964 0.27528 ( 7)  0.547
 132 L   0.00000 0.00011 0.00285 0.02379 0.10326 0.24783 0.32353 0.29863 ( 7)  0.567
 133 P   0.00000 0.00000 0.00000 0.00001 0.00132 0.03671 0.28409 0.67786 ( 8)  0.835
 134 G   0.00000 0.00019 0.00503 0.04125 0.16576 0.31974 0.28285 0.18517 ( 6)  0.459
 135 I   0.00000 0.00000 0.00000 0.00003 0.00305 0.06767 0.34945 0.57981 ( 8)  0.792
 136 K   0.00000 0.00000 0.00000 0.00007 0.00588 0.10710 0.39454 0.49242 ( 8)  0.748
 137 R   0.00000 0.00000 0.00004 0.00255 0.04704 0.25541 0.39149 0.30348 ( 7)  0.611
 138 T   0.00000 0.00000 0.00000 0.00000 0.00000 0.00194 0.13259 0.86547 ( 8)  0.909
 139 -   0.12500 0.12500 0.12500 0.12500 0.12500 0.12500 0.12500 0.12500 ( 6)  0.246
 140 -   0.12500 0.12500 0.12500 0.12500 0.12500 0.12500 0.12500 0.12500 ( 8)  0.246
 141 -   0.12500 0.12500 0.12500 0.12500 0.12500 0.12500 0.12500 0.12500 ( 8)  0.246
 142 -   0.12500 0.12500 0.12500 0.12500 0.12500 0.12500 0.12500 0.12500 ( 8)  0.246
 143 -   0.12500 0.12500 0.12500 0.12500 0.12500 0.12500 0.12500 0.12500 ( 8)  0.246
 144 -   0.12500 0.12500 0.12500 0.12500 0.12500 0.12500 0.12500 0.12500 ( 8)  0.246
 145 -   0.12500 0.12500 0.12500 0.12500 0.12500 0.12500 0.12500 0.12500 ( 8)  0.246
 146 -   0.12500 0.12500 0.12500 0.12500 0.12500 0.12500 0.12500 0.12500 ( 8)  0.246
 147 -   0.12500 0.12500 0.12500 0.12500 0.12500 0.12500 0.12500 0.12500 ( 8)  0.246
 148 K   0.00000 0.00022 0.00566 0.04620 0.18256 0.33542 0.26974 0.16021 ( 6)  0.432
 149 K   0.00000 0.00000 0.00002 0.00139 0.02749 0.18055 0.38733 0.40322 ( 8)  0.681
 150 Q   0.00000 0.00000 0.00002 0.00108 0.02184 0.15447 0.37850 0.44409 ( 8)  0.707
 151 L   0.00000 0.00013 0.00334 0.02771 0.11792 0.26764 0.31617 0.26710 ( 7)  0.539
 152 V   0.00000 0.00000 0.00002 0.00124 0.02472 0.16683 0.38103 0.42616 ( 8)  0.695
 153 P   0.00000 0.00000 0.00000 0.00000 0.00002 0.00445 0.15744 0.83809 ( 8)  0.899
 154 R   0.00000 0.00000 0.00002 0.00126 0.02509 0.16974 0.38414 0.41976 ( 8)  0.692
 155 E   0.00000 0.00031 0.00810 0.06510 0.24056 0.36747 0.21738 0.10107 ( 6)  0.357
 156 P   0.16066 0.16064 0.16020 0.15676 0.14267 0.10909 0.06701 0.04297 ( 1)  0.129
 157 D   0.00000 0.00000 0.00000 0.00000 0.00033 0.02473 0.28855 0.68639 ( 8)  0.843
 158 K   0.00000 0.00000 0.00004 0.00289 0.05233 0.27008 0.38599 0.28866 ( 7)  0.598
 159 T   0.00000 0.00000 0.00000 0.00003 0.00262 0.06063 0.33709 0.59962 ( 8)  0.801
 160 K   0.00000 0.00000 0.00000 0.00000 0.00039 0.02703 0.29091 0.68167 ( 8)  0.841
 161 E   0.00000 0.00030 0.00785 0.06315 0.23479 0.36500 0.22265 0.10627 ( 6)  0.364
 162 E   0.00000 0.00027 0.00697 0.05643 0.21460 0.35522 0.24106 0.12545 ( 6)  0.390
 163 -   0.17055 0.17052 0.16983 0.16455 0.14359 0.09845 0.05188 0.03063 ( 1)  0.105
 164 E   0.00000 0.00000 0.00002 0.00159 0.03096 0.19475 0.38931 0.38336 ( 7)  0.668
 165 E   0.00000 0.00030 0.00792 0.06375 0.23661 0.36599 0.22106 0.10437 ( 6)  0.362
 166 D   0.19511 0.19505 0.19358 0.18241 0.14102 0.06818 0.01871 0.00594 ( 1)  0.052
 167 P   0.00000 0.00000 0.00001 0.00104 0.02093 0.14788 0.37119 0.45895 ( 8)  0.714
 168 P   0.00000 0.00000 0.00000 0.00002 0.00168 0.04383 0.30285 0.65163 ( 8)  0.824
 169 L   0.00000 0.00000 0.00000 0.00002 0.00195 0.04863 0.31289 0.63652 ( 8)  0.818
 170 S   0.00000 0.00000 0.00000 0.00002 0.00204 0.05052 0.31788 0.62953 ( 8)  0.815
 171 T   0.00000 0.00017 0.00436 0.03595 0.14781 0.30360 0.29757 0.21054 ( 6)  0.486
 172 T   0.00000 0.00017 0.00440 0.03622 0.14874 0.30458 0.29689 0.20901 ( 6)  0.484
 173 P   0.16576 0.16574 0.16519 0.16100 0.14397 0.10473 0.05882 0.03480 ( 1)  0.115
 174 T   0.17844 0.17841 0.17756 0.17101 0.14526 0.09135 0.03950 0.01847 ( 1)  0.084
 175 S   0.18980 0.18975 0.18852 0.17909 0.14333 0.07621 0.02448 0.00881 ( 1)  0.061
 176 V   0.18184 0.18180 0.18084 0.17345 0.14477 0.08686 0.03492 0.01552 ( 1)  0.077
 177 N   0.19461 0.19455 0.19311 0.18212 0.14129 0.06896 0.01920 0.00616 ( 1)  0.053
 178 Y   0.17757 0.17753 0.17670 0.17031 0.14515 0.09226 0.04085 0.01963 ( 1)  0.086
 179 H   0.18463 0.18459 0.18354 0.17551 0.14455 0.08338 0.03104 0.01277 ( 1)  0.071
 180 F   0.17953 0.17949 0.17861 0.17182 0.14519 0.09000 0.03797 0.01740 ( 1)  0.081
 181 T   0.17453 0.17450 0.17375 0.16801 0.14518 0.09585 0.04525 0.02293 ( 1)  0.093
 182 R   0.17488 0.17485 0.17409 0.16827 0.14518 0.09545 0.04475 0.02253 ( 1)  0.092
 183 Q   0.17654 0.17651 0.17571 0.16955 0.14520 0.09351 0.04231 0.02067 ( 1)  0.088
 184 C   0.17701 0.17698 0.17616 0.16992 0.14527 0.09305 0.04158 0.02003 ( 1)  0.087
 185 N   0.19421 0.19416 0.19273 0.18186 0.14144 0.06955 0.01965 0.00640 ( 1)  0.053
 186 Y   0.17823 0.17820 0.17735 0.17082 0.14516 0.09149 0.03988 0.01887 ( 1)  0.084
 187 K   0.00000 0.00021 0.00550 0.04492 0.17796 0.33008 0.27294 0.16838 ( 6)  0.440
 188 C   0.17693 0.17689 0.17608 0.16986 0.14527 0.09314 0.04170 0.02013 ( 1)  0.087
 189 G   0.18622 0.18618 0.18507 0.17661 0.14418 0.08115 0.02900 0.01158 ( 1)  0.068
 190 F   0.17953 0.17949 0.17861 0.17182 0.14519 0.09000 0.03797 0.01740 ( 1)  0.081
 191 C   0.17309 0.17306 0.17235 0.16688 0.14506 0.09741 0.04743 0.02471 ( 1)  0.096
 192 F   0.17953 0.17949 0.17861 0.17182 0.14519 0.09000 0.03797 0.01740 ( 1)  0.081
 193 H   0.18496 0.18492 0.18386 0.17576 0.14452 0.08296 0.03057 0.01245 ( 1)  0.070
 194 T   0.18113 0.18109 0.18016 0.17300 0.14507 0.08800 0.03573 0.01582 ( 1)  0.078
 195 -   0.12500 0.12500 0.12500 0.12500 0.12500 0.12500 0.12500 0.12500 ( 1)  0.246
 196 -   0.12500 0.12500 0.12500 0.12500 0.12500 0.12500 0.12500 0.12500 ( 1)  0.246
 197 -   0.12500 0.12500 0.12500 0.12500 0.12500 0.12500 0.12500 0.12500 ( 1)  0.246
 198 -   0.12500 0.12500 0.12500 0.12500 0.12500 0.12500 0.12500 0.12500 ( 1)  0.246
 199 -   0.12500 0.12500 0.12500 0.12500 0.12500 0.12500 0.12500 0.12500 ( 1)  0.246
 200 -   0.12500 0.12500 0.12500 0.12500 0.12500 0.12500 0.12500 0.12500 ( 1)  0.246
 201 -   0.12500 0.12500 0.12500 0.12500 0.12500 0.12500 0.12500 0.12500 ( 1)  0.246
 202 -   0.12500 0.12500 0.12500 0.12500 0.12500 0.12500 0.12500 0.12500 ( 1)  0.246
 203 -   0.12500 0.12500 0.12500 0.12500 0.12500 0.12500 0.12500 0.12500 ( 1)  0.246
 204 -   0.12500 0.12500 0.12500 0.12500 0.12500 0.12500 0.12500 0.12500 ( 1)  0.246
 205 -   0.12500 0.12500 0.12500 0.12500 0.12500 0.12500 0.12500 0.12500 ( 1)  0.246
 206 -   0.12500 0.12500 0.12500 0.12500 0.12500 0.12500 0.12500 0.12500 ( 1)  0.246
 207 -   0.12500 0.12500 0.12500 0.12500 0.12500 0.12500 0.12500 0.12500 ( 1)  0.246
 208 -   0.12500 0.12500 0.12500 0.12500 0.12500 0.12500 0.12500 0.12500 ( 1)  0.246
 209 -   0.12500 0.12500 0.12500 0.12500 0.12500 0.12500 0.12500 0.12500 ( 1)  0.246
 210 -   0.12500 0.12500 0.12500 0.12500 0.12500 0.12500 0.12500 0.12500 ( 1)  0.246
 211 -   0.12500 0.12500 0.12500 0.12500 0.12500 0.12500 0.12500 0.12500 ( 1)  0.246
 212 -   0.12500 0.12500 0.12500 0.12500 0.12500 0.12500 0.12500 0.12500 ( 1)  0.246
 213 -   0.12500 0.12500 0.12500 0.12500 0.12500 0.12500 0.12500 0.12500 ( 1)  0.246
 214 -   0.12500 0.12500 0.12500 0.12500 0.12500 0.12500 0.12500 0.12500 ( 1)  0.246
 215 -   0.12500 0.12500 0.12500 0.12500 0.12500 0.12500 0.12500 0.12500 ( 1)  0.246
 216 -   0.12500 0.12500 0.12500 0.12500 0.12500 0.12500 0.12500 0.12500 ( 1)  0.246
 217 -   0.12500 0.12500 0.12500 0.12500 0.12500 0.12500 0.12500 0.12500 ( 1)  0.246
 218 -   0.12500 0.12500 0.12500 0.12500 0.12500 0.12500 0.12500 0.12500 ( 1)  0.246
 219 -   0.12500 0.12500 0.12500 0.12500 0.12500 0.12500 0.12500 0.12500 ( 1)  0.246
 220 -   0.12500 0.12500 0.12500 0.12500 0.12500 0.12500 0.12500 0.12500 ( 1)  0.246
 221 -   0.12500 0.12500 0.12500 0.12500 0.12500 0.12500 0.12500 0.12500 ( 1)  0.246
 222 -   0.12500 0.12500 0.12500 0.12500 0.12500 0.12500 0.12500 0.12500 ( 1)  0.246
 223 -   0.12500 0.12500 0.12500 0.12500 0.12500 0.12500 0.12500 0.12500 ( 1)  0.246
 224 A   0.17991 0.17987 0.17898 0.17210 0.14519 0.08955 0.03742 0.01698 ( 1)  0.080
 225 K   0.18455 0.18450 0.18346 0.17543 0.14451 0.08345 0.03119 0.01291 ( 1)  0.071
 226 T   0.18120 0.18116 0.18023 0.17305 0.14506 0.08791 0.03563 0.01575 ( 1)  0.078
 227 S   0.16764 0.16762 0.16704 0.16254 0.14437 0.10300 0.05583 0.03196 ( 1)  0.110
 228 F   0.17762 0.17758 0.17675 0.17036 0.14521 0.09226 0.04074 0.01948 ( 1)  0.086
 229 V   0.18764 0.18759 0.18643 0.17753 0.14366 0.07907 0.02738 0.01070 ( 1)  0.065
 230 L   0.16456 0.16454 0.16402 0.15999 0.14362 0.10569 0.06076 0.03682 ( 1)  0.118
 231 P   0.16839 0.16837 0.16777 0.16315 0.14450 0.10228 0.05465 0.03089 ( 1)  0.108
 232 L   0.17055 0.17052 0.16987 0.16485 0.14471 0.09998 0.05137 0.02816 ( 1)  0.103
 233 E   0.00000 0.00000 0.00003 0.00209 0.03937 0.22705 0.39133 0.34013 ( 7)  0.637
 234 E   0.19132 0.19126 0.18995 0.17994 0.14236 0.07369 0.02310 0.00838 ( 1)  0.059
 235 A   0.17520 0.17517 0.17441 0.16852 0.14517 0.09505 0.04428 0.02219 ( 1)  0.091
 236 K   0.19688 0.19682 0.19526 0.18346 0.14004 0.06541 0.01697 0.00516 ( 1)  0.049
 237 R   0.17969 0.17965 0.17876 0.17190 0.14507 0.08969 0.03783 0.01741 ( 1)  0.081
 238 G   0.17493 0.17490 0.17414 0.16829 0.14511 0.09530 0.04472 0.02260 ( 1)  0.092
 239 L   0.16542 0.16540 0.16486 0.16066 0.14367 0.10470 0.05945 0.03584 ( 1)  0.116
 240 L   0.00000 0.00000 0.00001 0.00080 0.01665 0.12810 0.36488 0.48956 ( 8)  0.734
 241 L   0.16569 0.16567 0.16513 0.16093 0.14389 0.10470 0.05895 0.03503 ( 1)  0.115
 242 L   0.16840 0.16837 0.16777 0.16313 0.14440 0.10214 0.05469 0.03109 ( 1)  0.108
 243 K   0.19688 0.19682 0.19526 0.18346 0.14004 0.06541 0.01697 0.00516 ( 1)  0.049
 244 E   0.00000 0.00023 0.00601 0.04891 0.19064 0.33864 0.26177 0.15380 ( 6)  0.423
 245 A   0.17529 0.17526 0.17449 0.16860 0.14523 0.09502 0.04411 0.02200 ( 1)  0.091
 246 G   0.18073 0.18069 0.17977 0.17268 0.14503 0.08841 0.03633 0.01635 ( 1)  0.079
 247 M   0.20223 0.20216 0.20033 0.18650 0.13679 0.05699 0.01199 0.00301 ( 1)  0.042
 248 E   0.19750 0.19744 0.19585 0.18381 0.13965 0.06442 0.01639 0.00492 ( 1)  0.048
 249 K   0.19708 0.19702 0.19545 0.18358 0.13993 0.06511 0.01677 0.00507 ( 1)  0.049
 250 I   0.18670 0.18666 0.18553 0.17694 0.14406 0.08050 0.02841 0.01120 ( 1)  0.067
 251 N   0.19446 0.19440 0.19296 0.18202 0.14134 0.06919 0.01939 0.00626 ( 1)  0.053
 252 F   0.17587 0.17584 0.17506 0.16904 0.14524 0.09434 0.04327 0.02135 ( 1)  0.090
 253 S   0.15728 0.15727 0.15688 0.15388 0.14151 0.11153 0.07253 0.04911 ( 1)  0.139
 254 G   0.18425 0.18421 0.18317 0.17522 0.14456 0.08385 0.03159 0.01316 ( 1)  0.072
 255 G   0.17511 0.17508 0.17431 0.16843 0.14512 0.09510 0.04445 0.02239 ( 1)  0.092
 256 E   0.19750 0.19744 0.19585 0.18381 0.13965 0.06442 0.01639 0.00492 ( 1)  0.048
 257 P   0.16554 0.16551 0.16498 0.16081 0.14390 0.10490 0.05918 0.03518 ( 1)  0.115
 258 F   0.17779 0.17775 0.17692 0.17050 0.14521 0.09206 0.04049 0.01929 ( 1)  0.085
 259 I   0.00000 0.00000 0.00002 0.00134 0.02660 0.17593 0.38480 0.41130 ( 8)  0.686
 260 H   0.00000 0.00000 0.00000 0.00004 0.00387 0.08016 0.36691 0.54901 ( 8)  0.777
 261 D   0.19530 0.19524 0.19376 0.18253 0.14093 0.06789 0.01850 0.00584 ( 1)  0.052
 262 R   0.17699 0.17696 0.17615 0.16988 0.14519 0.09296 0.04166 0.02021 ( 1)  0.087
 263 G   0.17545 0.17542 0.17465 0.16870 0.14514 0.09472 0.04394 0.02198 ( 1)  0.091
 264 E   0.18655 0.18650 0.18538 0.17679 0.14396 0.08061 0.02872 0.01149 ( 1)  0.067
 265 Y   0.17839 0.17836 0.17751 0.17094 0.14516 0.09130 0.03964 0.01870 ( 1)  0.084
 266 L   0.00000 0.00011 0.00286 0.02388 0.10374 0.24913 0.32398 0.29629 ( 7)  0.565
 267 G   0.18595 0.18591 0.18481 0.17643 0.14426 0.08157 0.02934 0.01172 ( 1)  0.068
 268 K   0.00000 0.00000 0.00004 0.00284 0.05149 0.26804 0.38724 0.29035 ( 7)  0.600
 269 L   0.16498 0.16496 0.16443 0.16031 0.14363 0.10519 0.06013 0.03638 ( 1)  0.117
 270 V   0.18783 0.18779 0.18661 0.17767 0.14361 0.07880 0.02713 0.01055 ( 1)  0.065
 271 K   0.00000 0.00000 0.00000 0.00000 0.00075 0.04317 0.34096 0.61512 ( 8)  0.813
 272 F   0.17969 0.17965 0.17876 0.17193 0.14518 0.08980 0.03774 0.01724 ( 1)  0.081
 273 C   0.00000 0.00016 0.00417 0.03438 0.14226 0.29762 0.30155 0.21986 ( 7)  0.495
 274 K   0.18641 0.18637 0.18525 0.17671 0.14402 0.08082 0.02886 0.01154 ( 1)  0.067
 275 A   0.00000 0.00000 0.00000 0.00000 0.00003 0.00730 0.19827 0.79440 ( 8)  0.884
 276 E   0.00000 0.00032 0.00822 0.06605 0.24349 0.36921 0.21478 0.09793 ( 6)  0.353
 277 L   0.16724 0.16722 0.16664 0.16217 0.14414 0.10317 0.05653 0.03288 ( 1)  0.111
 278 Q   0.00000 0.00000 0.00000 0.00000 0.00028 0.02084 0.26374 0.71514 ( 8)  0.854
 279 L   0.16471 0.16469 0.16417 0.16011 0.14365 0.10555 0.06052 0.03660 ( 1)  0.118
 280 P   0.16839 0.16837 0.16777 0.16314 0.14448 0.10224 0.05466 0.03094 ( 1)  0.108
 281 S   0.19003 0.18999 0.18874 0.17924 0.14326 0.07588 0.02420 0.00865 ( 1)  0.060
 282 V   0.18734 0.18729 0.18614 0.17734 0.14378 0.07951 0.02771 0.01088 ( 1)  0.066
 283 S   0.19003 0.18999 0.18874 0.17924 0.14326 0.07588 0.02420 0.00865 ( 1)  0.060
 284 I   0.18633 0.18629 0.18518 0.17668 0.14412 0.08100 0.02890 0.01151 ( 1)  0.067
 285 V   0.00000 0.00014 0.00373 0.03100 0.13250 0.29470 0.31119 0.22675 ( 7)  0.506
 286 S   0.19003 0.18999 0.18874 0.17924 0.14326 0.07588 0.02420 0.00865 ( 1)  0.060
 287 N   0.19455 0.19450 0.19305 0.18208 0.14132 0.06905 0.01926 0.00619 ( 1)  0.053
 288 G   0.17841 0.17838 0.17752 0.17093 0.14505 0.09113 0.03968 0.01889 ( 1)  0.084
 289 S   0.19003 0.18999 0.18874 0.17924 0.14326 0.07588 0.02420 0.00865 ( 1)  0.060
 290 L   0.16472 0.16470 0.16417 0.16012 0.14366 0.10555 0.06051 0.03657 ( 1)  0.118
 291 I   0.18670 0.18666 0.18553 0.17694 0.14406 0.08050 0.02841 0.01120 ( 1)  0.067
 292 R   0.17563 0.17560 0.17482 0.16884 0.14515 0.09453 0.04367 0.02176 ( 1)  0.090
 293 E   0.19750 0.19744 0.19585 0.18381 0.13965 0.06442 0.01639 0.00492 ( 1)  0.048
 294 K   0.00000 0.00017 0.00449 0.03647 0.14241 0.27295 0.29329 0.25023 ( 7)  0.512
 295 W   0.16832 0.16829 0.16769 0.16308 0.14446 0.10231 0.05479 0.03106 ( 1)  0.108
 296 F   0.17971 0.17968 0.17879 0.17195 0.14519 0.08977 0.03770 0.01721 ( 1)  0.081
 297 Q   0.00000 0.00000 0.00002 0.00115 0.02312 0.16048 0.38076 0.43448 ( 8)  0.701
 298 N   0.00000 0.00025 0.00647 0.05256 0.20278 0.34885 0.25177 0.13732 ( 6)  0.405
 299 Y   0.17656 0.17653 0.17573 0.16955 0.14514 0.09342 0.04232 0.02075 ( 1)  0.088
 300 G   0.18110 0.18107 0.18013 0.17296 0.14500 0.08796 0.03582 0.01596 ( 1)  0.078
 301 E   0.00000 0.00000 0.00003 0.00192 0.03659 0.21746 0.39214 0.35186 ( 7)  0.646
 302 Y   0.00000 0.00015 0.00383 0.03166 0.13245 0.28594 0.30782 0.23816 ( 7)  0.512
 303 L   0.16560 0.16558 0.16504 0.16083 0.14379 0.10466 0.05913 0.03536 ( 1)  0.116
 304 D   0.19529 0.19523 0.19375 0.18252 0.14094 0.06791 0.01852 0.00585 ( 1)  0.052
 305 I   0.18244 0.18240 0.18143 0.17393 0.14484 0.08622 0.03399 0.01475 ( 1)  0.075
 306 L   0.17241 0.17238 0.17169 0.16633 0.14495 0.09807 0.04849 0.02567 ( 1)  0.098
 307 A   0.17794 0.17790 0.17706 0.17062 0.14524 0.09192 0.04025 0.01907 ( 1)  0.085
 308 I   0.00000 0.00021 0.00560 0.04570 0.18065 0.33278 0.27087 0.16420 ( 6)  0.436
 309 S   0.16780 0.16778 0.16720 0.16267 0.14440 0.10285 0.05558 0.03173 ( 1)  0.109
 310 C   0.17327 0.17324 0.17252 0.16702 0.14508 0.09722 0.04717 0.02449 ( 1)  0.096
 311 D   0.19530 0.19524 0.19376 0.18253 0.14093 0.06789 0.01850 0.00584 ( 1)  0.052
 312 S   0.19003 0.18999 0.18874 0.17924 0.14326 0.07588 0.02420 0.00865 ( 1)  0.060
 313 F   0.17579 0.17575 0.17498 0.16898 0.14524 0.09444 0.04338 0.02144 ( 1)  0.090
 314 D   0.00000 0.00028 0.00723 0.05844 0.22085 0.35890 0.23543 0.11888 ( 6)  0.381
 315 E   0.19747 0.19740 0.19582 0.18379 0.13967 0.06448 0.01643 0.00494 ( 1)  0.049
 316 Q   0.00000 0.00000 0.00000 0.00000 0.00057 0.02449 0.26540 0.70954 ( 8)  0.850
 317 V   0.00000 0.00018 0.00478 0.03923 0.15884 0.31325 0.28838 0.19534 ( 6)  0.469
 318 N   0.19116 0.19110 0.18981 0.17992 0.14269 0.07412 0.02305 0.00816 ( 1)  0.059
 319 V   0.18203 0.18199 0.18102 0.17359 0.14475 0.08662 0.03466 0.01533 ( 1)  0.076
 320 L   0.00000 0.00013 0.00330 0.02739 0.11690 0.26697 0.31738 0.26793 ( 7)  0.540
 321 I   0.18244 0.18240 0.18143 0.17393 0.14484 0.08622 0.03399 0.01475 ( 1)  0.075
 322 G   0.18595 0.18591 0.18481 0.17643 0.14426 0.08157 0.02934 0.01172 ( 1)  0.068
 323 R   0.17057 0.17054 0.16989 0.16488 0.14479 0.10006 0.05129 0.02797 ( 1)  0.102
 324 G   0.18550 0.18546 0.18438 0.17612 0.14435 0.08218 0.02992 0.01209 ( 1)  0.069
 325 Q   0.16619 0.16617 0.16562 0.16135 0.14404 0.10430 0.05814 0.03420 ( 1)  0.114
 326 G   0.00000 0.00014 0.00361 0.02990 0.12612 0.27871 0.31205 0.24948 ( 7)  0.523
 327 K   0.00000 0.00000 0.00004 0.00303 0.05470 0.27876 0.38603 0.27744 ( 7)  0.590
 328 K   0.19702 0.19695 0.19539 0.18354 0.13997 0.06521 0.01684 0.00510 ( 1)  0.049
 329 N   0.00000 0.00029 0.00745 0.06013 0.22612 0.36215 0.23075 0.11312 ( 6)  0.374
 330 H   0.18210 0.18206 0.18109 0.17369 0.14492 0.08671 0.03443 0.01500 ( 1)  0.076
 331 V   0.18737 0.18733 0.18617 0.17735 0.14372 0.07943 0.02771 0.01091 ( 1)  0.066
 332 E   0.18655 0.18650 0.18538 0.17679 0.14396 0.08061 0.02872 0.01149 ( 1)  0.067
 333 N   0.00000 0.00026 0.00691 0.05594 0.21333 0.35528 0.24234 0.12594 ( 6)  0.391
 334 L   0.16794 0.16792 0.16733 0.16276 0.14433 0.10259 0.05541 0.03173 ( 1)  0.109
 335 Q   0.16710 0.16708 0.16651 0.16207 0.14415 0.10335 0.05674 0.03300 ( 1)  0.111
 336 K   0.19144 0.19138 0.19008 0.18013 0.14267 0.07377 0.02266 0.00788 ( 1)  0.058
 337 L   0.16472 0.16470 0.16417 0.16012 0.14366 0.10555 0.06051 0.03657 ( 1)  0.118
 338 R   0.18858 0.18853 0.18734 0.17824 0.14363 0.07792 0.02603 0.00973 ( 1)  0.063
 339 T   0.00000 0.00000 0.00002 0.00155 0.03020 0.19223 0.38977 0.38624 ( 7)  0.670
 340 W   0.16832 0.16829 0.16769 0.16308 0.14446 0.10231 0.05479 0.03106 ( 1)  0.108
 341 C   0.17328 0.17325 0.17254 0.16703 0.14508 0.09720 0.04714 0.02447 ( 1)  0.096
 342 G   0.00000 0.00000 0.00004 0.00251 0.04631 0.25283 0.39163 0.30668 ( 7)  0.613
 343 N   0.00000 0.00000 0.00003 0.00229 0.04265 0.23884 0.39078 0.32540 ( 7)  0.627
 344 Y   0.17550 0.17547 0.17470 0.16873 0.14513 0.09465 0.04387 0.02194 ( 1)  0.091
 345 R   0.00000 0.00017 0.00439 0.03617 0.14851 0.30408 0.29689 0.20979 ( 6)  0.485
 346 V   0.00000 0.00019 0.00486 0.03989 0.16109 0.31536 0.28655 0.19206 ( 6)  0.466
 347 A   0.00000 0.00015 0.00395 0.03267 0.13619 0.29085 0.30576 0.23043 ( 7)  0.505
 348 F   0.17964 0.17961 0.17872 0.17190 0.14518 0.08985 0.03781 0.01729 ( 1)  0.081
 349 K   0.19708 0.19702 0.19545 0.18358 0.13993 0.06511 0.01677 0.00507 ( 1)  0.049
 350 I   0.19018 0.19013 0.18886 0.17918 0.14272 0.07534 0.02446 0.00912 ( 1)  0.061
 351 N   0.19078 0.19073 0.18945 0.17970 0.14290 0.07471 0.02342 0.00830 ( 1)  0.059
 352 S   0.16366 0.16364 0.16314 0.15927 0.14349 0.10661 0.06217 0.03802 ( 1)  0.120
 353 V   0.18203 0.18199 0.18102 0.17359 0.14475 0.08662 0.03466 0.01533 ( 1)  0.076
 354 I   0.00000 0.00019 0.00496 0.04066 0.16388 0.31862 0.28477 0.18693 ( 6)  0.461
 355 N   0.19188 0.19182 0.19050 0.18038 0.14241 0.07304 0.02224 0.00773 ( 1)  0.057
 356 R   0.16275 0.16274 0.16225 0.15851 0.14323 0.10734 0.06363 0.03954 ( 1)  0.123
 357 F   0.17971 0.17968 0.17879 0.17195 0.14519 0.08977 0.03770 0.01721 ( 1)  0.081
 358 N   0.19437 0.19431 0.19287 0.18196 0.14137 0.06931 0.01949 0.00632 ( 1)  0.053
 359 V   0.00000 0.00023 0.00598 0.04866 0.19009 0.33914 0.26254 0.15335 ( 6)  0.423
 360 E   0.00000 0.00000 0.00002 0.00170 0.03280 0.20212 0.39010 0.37325 ( 7)  0.661
 361 E   0.19750 0.19744 0.19585 0.18381 0.13965 0.06442 0.01639 0.00492 ( 1)  0.048
 362 D   0.19530 0.19524 0.19376 0.18253 0.14093 0.06789 0.01850 0.00584 ( 1)  0.052
 363 M   0.20223 0.20216 0.20033 0.18650 0.13679 0.05699 0.01199 0.00301 ( 1)  0.042
 364 T   0.00000 0.00000 0.00002 0.00171 0.03288 0.20123 0.38780 0.37635 ( 7)  0.662
 365 E   0.18704 0.18699 0.18585 0.17713 0.14385 0.07994 0.02810 0.01110 ( 1)  0.066
 366 Q   0.00000 0.00016 0.00414 0.03418 0.14143 0.29623 0.30180 0.22206 ( 7)  0.497
 367 I   0.18565 0.18561 0.18452 0.17620 0.14426 0.08192 0.02979 0.01206 ( 1)  0.069
 368 K   0.00000 0.00000 0.00002 0.00154 0.03007 0.19029 0.38730 0.39077 ( 8)  0.672
 369 A   0.18190 0.18186 0.18090 0.17355 0.14496 0.08699 0.03470 0.01515 ( 1)  0.076
 370 L   0.15362 0.15360 0.15328 0.15074 0.14020 0.11407 0.07854 0.05596 ( 1)  0.149
 371 N   0.00000 0.00028 0.00722 0.05835 0.22062 0.35896 0.23572 0.11885 ( 6)  0.382
 372 P   0.16693 0.16691 0.16634 0.16196 0.14422 0.10365 0.05696 0.03304 ( 1)  0.112
 373 V   0.00000 0.00019 0.00488 0.04000 0.16144 0.31557 0.28628 0.19165 ( 6)  0.465
 374 R   0.17508 0.17505 0.17429 0.16843 0.14519 0.09522 0.04445 0.02229 ( 1)  0.091
 375 W   0.16832 0.16829 0.16769 0.16308 0.14446 0.10231 0.05479 0.03106 ( 1)  0.108
 376 K   0.18474 0.18469 0.18364 0.17557 0.14448 0.08320 0.03094 0.01275 ( 1)  0.071
 377 V   0.18783 0.18779 0.18661 0.17767 0.14361 0.07880 0.02713 0.01055 ( 1)  0.065
 378 F   0.17971 0.17968 0.17879 0.17195 0.14519 0.08977 0.03770 0.01721 ( 1)  0.081
 379 Q   0.17587 0.17583 0.17505 0.16902 0.14515 0.09425 0.04333 0.02150 ( 1)  0.090
 380 C   0.17713 0.17710 0.17628 0.17001 0.14527 0.09290 0.04140 0.01990 ( 1)  0.087
 381 L   0.17373 0.17370 0.17297 0.16736 0.14506 0.09665 0.04650 0.02403 ( 1)  0.095
 382 L   0.15446 0.15445 0.15411 0.15146 0.14049 0.11347 0.07716 0.05441 ( 1)  0.147
 383 I   0.00000 0.00020 0.00515 0.04220 0.16900 0.32287 0.28047 0.18011 ( 6)  0.453
 384 E   0.19729 0.19723 0.19565 0.18368 0.13976 0.06475 0.01662 0.00503 ( 1)  0.049
 385 G   0.18155 0.18151 0.18056 0.17328 0.14495 0.08738 0.03521 0.01555 ( 1)  0.077
 386 E   0.19333 0.19327 0.19187 0.18125 0.14165 0.07078 0.02078 0.00707 ( 1)  0.055
 387 N   0.19118 0.19113 0.18983 0.17994 0.14270 0.07409 0.02300 0.00812 ( 1)  0.059
 388 T   0.00000 0.00000 0.00000 0.00002 0.00197 0.04930 0.31516 0.63354 ( 8)  0.816
 389 G   0.17679 0.17676 0.17595 0.16971 0.14510 0.09311 0.04202 0.02057 ( 1)  0.088
 390 E   0.00000 0.00021 0.00540 0.04413 0.17549 0.32861 0.27524 0.17092 ( 6)  0.444
 391 D   0.19242 0.19236 0.19101 0.18072 0.14216 0.07222 0.02166 0.00745 ( 1)  0.057
 392 A   0.17571 0.17568 0.17490 0.16892 0.14523 0.09452 0.04350 0.02153 ( 1)  0.090
 393 L   0.15463 0.15461 0.15427 0.15159 0.14050 0.11327 0.07689 0.05425 ( 1)  0.147
 394 R   0.17878 0.17875 0.17788 0.17125 0.14521 0.09090 0.03905 0.01819 ( 1)  0.083
 395 E   0.18538 0.18534 0.18426 0.17602 0.14433 0.08230 0.03012 0.01226 ( 1)  0.069
 396 A   0.17244 0.17241 0.17172 0.16636 0.14499 0.09809 0.04843 0.02556 ( 1)  0.098
 397 E   0.00000 0.00015 0.00394 0.03263 0.13650 0.29300 0.30642 0.22735 ( 7)  0.504
 398 R   0.17856 0.17853 0.17767 0.17108 0.14521 0.09116 0.03936 0.01843 ( 1)  0.083
 399 F   0.17579 0.17575 0.17498 0.16898 0.14524 0.09444 0.04338 0.02144 ( 1)  0.090
 400 V   0.00000 0.00016 0.00418 0.03445 0.14209 0.29558 0.30045 0.22309 ( 7)  0.497
 401 I   0.18275 0.18271 0.18172 0.17414 0.14476 0.08579 0.03361 0.01452 ( 1)  0.075
 402 S   0.00000 0.00000 0.00003 0.00180 0.03448 0.20938 0.39176 0.36257 ( 7)  0.654
 403 D   0.19146 0.19141 0.19010 0.18013 0.14262 0.07369 0.02266 0.00792 ( 1)  0.058
 404 E   0.18538 0.18534 0.18426 0.17602 0.14433 0.08230 0.03012 0.01226 ( 1)  0.069
 405 E   0.00000 0.00021 0.00550 0.04496 0.17825 0.33094 0.27293 0.16720 ( 6)  0.439
 406 F   0.17605 0.17602 0.17523 0.16917 0.14520 0.09408 0.04302 0.02122 ( 1)  0.089
 407 E   0.18538 0.18534 0.18426 0.17602 0.14433 0.08230 0.03012 0.01226 ( 1)  0.069
 408 R   0.00000 0.00000 0.00002 0.00113 0.02278 0.15861 0.37959 0.43787 ( 8)  0.703
 409 F   0.00000 0.00017 0.00455 0.03740 0.15283 0.30860 0.29370 0.20276 ( 6)  0.478
 410 L   0.16238 0.16236 0.16188 0.15815 0.14292 0.10734 0.06430 0.04066 ( 1)  0.124
 411 E   0.00000 0.00031 0.00798 0.06416 0.23777 0.36629 0.21995 0.10355 ( 6)  0.361
 412 R   0.17472 0.17469 0.17394 0.16815 0.14517 0.09562 0.04498 0.02272 ( 1)  0.092
 413 H   0.18515 0.18511 0.18404 0.17589 0.14449 0.08271 0.03032 0.01229 ( 1)  0.070
 414 K   0.18576 0.18572 0.18463 0.17627 0.14419 0.08173 0.02967 0.01203 ( 1)  0.069
 415 E   0.00000 0.00000 0.00002 0.00173 0.03338 0.20482 0.39100 0.36905 ( 7)  0.658
 416 V   0.18783 0.18779 0.18661 0.17767 0.14361 0.07880 0.02713 0.01055 ( 1)  0.065
 417 S   0.16780 0.16778 0.16720 0.16267 0.14440 0.10285 0.05558 0.03173 ( 1)  0.109
 418 C   0.17343 0.17340 0.17268 0.16715 0.14513 0.09709 0.04690 0.02422 ( 1)  0.095
 419 L   0.16585 0.16583 0.16528 0.16106 0.14393 0.10456 0.05870 0.03479 ( 1)  0.115
 420 V   0.18783 0.18779 0.18661 0.17767 0.14361 0.07880 0.02713 0.01055 ( 1)  0.065
 421 P   0.16437 0.16435 0.16383 0.15986 0.14367 0.10599 0.06103 0.03691 ( 1)  0.119
 422 E   0.18538 0.18534 0.18426 0.17602 0.14433 0.08230 0.03012 0.01226 ( 1)  0.069
 423 S   0.16366 0.16364 0.16314 0.15927 0.14349 0.10661 0.06217 0.03802 ( 1)  0.120
 424 N   0.19481 0.19475 0.19329 0.18224 0.14120 0.06867 0.01899 0.00605 ( 1)  0.052
 425 Q   0.17587 0.17583 0.17505 0.16902 0.14515 0.09425 0.04333 0.02150 ( 1)  0.090
 426 K   0.19708 0.19702 0.19545 0.18358 0.13993 0.06511 0.01677 0.00507 ( 1)  0.049
 427 M   0.20223 0.20216 0.20033 0.18650 0.13679 0.05699 0.01199 0.00301 ( 1)  0.042
 428 K   0.18474 0.18469 0.18364 0.17557 0.14448 0.08320 0.03094 0.01275 ( 1)  0.071
 429 D   0.19530 0.19524 0.19376 0.18253 0.14093 0.06789 0.01850 0.00584 ( 1)  0.052
 430 S   0.16780 0.16778 0.16720 0.16267 0.14440 0.10285 0.05558 0.03173 ( 1)  0.109
 431 Y   0.17873 0.17869 0.17783 0.17119 0.14514 0.09089 0.03917 0.01836 ( 1)  0.083
 432 L   0.16977 0.16974 0.16911 0.16423 0.14463 0.10080 0.05255 0.02916 ( 1)  0.105
 433 I   0.18277 0.18273 0.18174 0.17415 0.14475 0.08576 0.03358 0.01451 ( 1)  0.075
 434 L   0.16472 0.16470 0.16417 0.16012 0.14366 0.10555 0.06051 0.03657 ( 1)  0.118
 435 D   0.19135 0.19130 0.18999 0.18006 0.14266 0.07386 0.02279 0.00799 ( 1)  0.058
 436 E   0.18538 0.18534 0.18426 0.17602 0.14433 0.08230 0.03012 0.01226 ( 1)  0.069
 437 Y   0.17542 0.17539 0.17461 0.16867 0.14513 0.09475 0.04399 0.02203 ( 1)  0.091
 438 M   0.20223 0.20216 0.20033 0.18650 0.13679 0.05699 0.01199 0.00301 ( 1)  0.042
 439 R   0.17508 0.17505 0.17429 0.16843 0.14519 0.09522 0.04445 0.02229 ( 1)  0.091
 440 F   0.17607 0.17604 0.17525 0.16919 0.14520 0.09406 0.04299 0.02120 ( 1)  0.089
 441 L   0.16545 0.16542 0.16489 0.16072 0.14381 0.10488 0.05936 0.03549 ( 1)  0.116
 442 N   0.19481 0.19475 0.19329 0.18224 0.14120 0.06867 0.01899 0.00605 ( 1)  0.052
 443 C   0.17459 0.17456 0.17382 0.16806 0.14518 0.09577 0.04516 0.02286 ( 1)  0.093
 444 R   0.00000 0.00000 0.00001 0.00047 0.01078 0.10137 0.35686 0.53051 ( 8)  0.760
 445 K   0.00000 0.00000 0.00004 0.00266 0.04883 0.26119 0.39050 0.29678 ( 7)  0.606
 446 G   0.17694 0.17691 0.17609 0.16982 0.14512 0.09295 0.04179 0.02038 ( 1)  0.087
 447 R   0.17699 0.17696 0.17615 0.16988 0.14519 0.09296 0.04166 0.02021 ( 1)  0.087
 448 K   0.19605 0.19599 0.19447 0.18296 0.14047 0.06670 0.01780 0.00555 ( 1)  0.051
 449 D   0.00000 0.00000 0.00004 0.00259 0.04762 0.25651 0.39025 0.30299 ( 7)  0.610
 450 P   0.16437 0.16435 0.16383 0.15986 0.14367 0.10599 0.06103 0.03691 ( 1)  0.119
 451 S   0.16776 0.16774 0.16716 0.16264 0.14439 0.10289 0.05564 0.03179 ( 1)  0.110
 452 K   0.19708 0.19702 0.19545 0.18358 0.13993 0.06511 0.01677 0.00507 ( 1)  0.049
 453 S   0.16747 0.16745 0.16687 0.16240 0.14433 0.10316 0.05610 0.03222 ( 1)  0.110
 454 I   0.18670 0.18666 0.18553 0.17694 0.14406 0.08050 0.02841 0.01120 ( 1)  0.067
 455 L   0.16472 0.16470 0.16417 0.16012 0.14366 0.10555 0.06051 0.03657 ( 1)  0.118
 456 D   0.19135 0.19130 0.18999 0.18006 0.14266 0.07386 0.02279 0.00799 ( 1)  0.058
 457 V   0.17731 0.17728 0.17645 0.17009 0.14506 0.09244 0.04129 0.02008 ( 1)  0.087
 458 G   0.17818 0.17815 0.17730 0.17079 0.14518 0.09157 0.03993 0.01889 ( 1)  0.084
 459 V   0.17460 0.17457 0.17381 0.16800 0.14498 0.09552 0.04528 0.02324 ( 1)  0.093
 460 E   0.18655 0.18650 0.18538 0.17679 0.14396 0.08061 0.02872 0.01149 ( 1)  0.067
 461 E   0.18641 0.18636 0.18525 0.17671 0.14402 0.08082 0.02887 0.01156 ( 1)  0.067
 462 A   0.17578 0.17575 0.17497 0.16897 0.14523 0.09444 0.04341 0.02147 ( 1)  0.090
 463 I   0.19104 0.19099 0.18970 0.17988 0.14285 0.07437 0.02309 0.00809 ( 1)  0.059
 464 K   0.00000 0.00020 0.00530 0.04333 0.17283 0.32649 0.27749 0.17436 ( 6)  0.447
 465 F   0.17971 0.17968 0.17879 0.17195 0.14519 0.08977 0.03770 0.01721 ( 1)  0.081
 466 S   0.18576 0.18572 0.18463 0.17633 0.14441 0.08192 0.02949 0.01173 ( 1)  0.068
 467 G   0.17511 0.17508 0.17431 0.16843 0.14512 0.09510 0.04445 0.02239 ( 1)  0.092
 468 F   0.17605 0.17602 0.17523 0.16917 0.14520 0.09408 0.04302 0.02122 ( 1)  0.089
 469 D   0.19167 0.19161 0.19029 0.18024 0.14248 0.07335 0.02248 0.00787 ( 1)  0.058
 470 E   0.18538 0.18534 0.18426 0.17602 0.14433 0.08230 0.03012 0.01226 ( 1)  0.069
 471 K   0.19708 0.19702 0.19545 0.18358 0.13993 0.06511 0.01677 0.00507 ( 1)  0.049
 472 M   0.20223 0.20216 0.20033 0.18650 0.13679 0.05699 0.01199 0.00301 ( 1)  0.042
 473 F   0.17579 0.17575 0.17498 0.16898 0.14524 0.09444 0.04338 0.02144 ( 1)  0.090
 474 L   0.16472 0.16470 0.16417 0.16012 0.14366 0.10555 0.06051 0.03657 ( 1)  0.118
 475 K   0.19708 0.19702 0.19545 0.18358 0.13993 0.06511 0.01677 0.00507 ( 1)  0.049
 476 R   0.15515 0.15513 0.15478 0.15206 0.14078 0.11307 0.07602 0.05300 ( 1)  0.145
 477 G   0.17511 0.17508 0.17431 0.16843 0.14512 0.09510 0.04445 0.02239 ( 1)  0.092
 478 G   0.17511 0.17508 0.17431 0.16843 0.14512 0.09510 0.04445 0.02239 ( 1)  0.092
 479 K   0.18576 0.18572 0.18463 0.17627 0.14419 0.08173 0.02967 0.01203 ( 1)  0.069
 480 Y   0.17762 0.17759 0.17676 0.17036 0.14518 0.09222 0.04075 0.01951 ( 1)  0.086
 481 T   0.00000 0.00000 0.00000 0.00000 0.00000 0.00003 0.03572 0.96425 ( 8)  0.942
 482 W   0.16832 0.16829 0.16769 0.16308 0.14446 0.10231 0.05479 0.03106 ( 1)  0.108
 483 S   0.18794 0.18790 0.18673 0.17782 0.14383 0.07884 0.02678 0.01015 ( 1)  0.064
 484 K   0.19708 0.19702 0.19545 0.18358 0.13993 0.06511 0.01677 0.00507 ( 1)  0.049
 485 A   0.00000 0.00015 0.00386 0.03195 0.13359 0.28776 0.30743 0.23527 ( 7)  0.510
 486 D   0.19167 0.19161 0.19029 0.18024 0.14248 0.07335 0.02248 0.00787 ( 1)  0.058
 487 L   0.16472 0.16470 0.16417 0.16012 0.14366 0.10555 0.06051 0.03657 ( 1)  0.118
 488 K   0.19708 0.19702 0.19545 0.18358 0.13993 0.06511 0.01677 0.00507 ( 1)  0.049
 489 L   0.16472 0.16470 0.16417 0.16012 0.14366 0.10555 0.06051 0.03657 ( 1)  0.118
 490 D   0.19262 0.19257 0.19121 0.18085 0.14208 0.07192 0.02143 0.00733 ( 1)  0.056
 491 W   0.16832 0.16829 0.16769 0.16308 0.14446 0.10231 0.05479 0.03106 ( 1)  0.108


lnL = -4874.282422

