Supplemental results for CODEML (seqf: algn  treef: tree)


dN/dS (w) for site classes (K=2)

p:   0.72418  0.27582
w:   0.08764  1.00000

Naive Empirical Bayes (NEB) probabilities for 2 classes & postmean_w
(amino acids refer to 1st sequence: aotNan_TREX1_XM_012467648)

   1 -   0.72959 0.27041 ( 1)  0.334
   2 -   0.72593 0.27407 ( 1)  0.338
   3 -   0.72602 0.27398 ( 1)  0.338
   4 -   0.72824 0.27176 ( 1)  0.336
   5 -   0.72634 0.27366 ( 1)  0.337
   6 -   0.72593 0.27407 ( 1)  0.338
   7 -   0.72894 0.27106 ( 1)  0.335
   8 -   0.72646 0.27354 ( 1)  0.337
   9 -   0.72785 0.27215 ( 1)  0.336
  10 -   0.72780 0.27220 ( 1)  0.336
  11 -   0.72814 0.27186 ( 1)  0.336
  12 -   0.72894 0.27106 ( 1)  0.335
  13 -   0.72677 0.27323 ( 1)  0.337
  14 -   0.72657 0.27343 ( 1)  0.337
  15 -   0.72826 0.27174 ( 1)  0.336
  16 -   0.72615 0.27385 ( 1)  0.337
  17 -   0.72826 0.27174 ( 1)  0.336
  18 -   0.72591 0.27409 ( 1)  0.338
  19 -   0.72824 0.27176 ( 1)  0.336
  20 -   0.72728 0.27272 ( 1)  0.336
  21 -   0.72628 0.27372 ( 1)  0.337
  22 -   0.72836 0.27164 ( 1)  0.335
  23 -   0.72773 0.27227 ( 1)  0.336
  24 -   0.72628 0.27372 ( 1)  0.337
  25 -   0.72780 0.27220 ( 1)  0.336
  26 -   0.72674 0.27326 ( 1)  0.337
  27 -   0.72859 0.27141 ( 1)  0.335
  28 -   0.72615 0.27385 ( 1)  0.337
  29 -   0.72728 0.27272 ( 1)  0.336
  30 -   0.72894 0.27106 ( 1)  0.335
  31 -   0.72826 0.27174 ( 1)  0.336
  32 -   0.72893 0.27107 ( 1)  0.335
  33 -   0.72606 0.27394 ( 1)  0.338
  34 -   0.72785 0.27215 ( 1)  0.336
  35 -   0.72773 0.27227 ( 1)  0.336
  36 -   0.72728 0.27272 ( 1)  0.336
  37 -   0.72728 0.27272 ( 1)  0.336
  38 -   0.72814 0.27186 ( 1)  0.336
  39 -   0.72897 0.27103 ( 1)  0.335
  40 -   0.72615 0.27385 ( 1)  0.337
  41 -   0.72646 0.27354 ( 1)  0.337
  42 -   0.18902 0.81098 ( 2)  0.828
  43 -   0.72593 0.27407 ( 1)  0.338
  44 -   0.72824 0.27176 ( 1)  0.336
  45 -   0.72946 0.27054 ( 1)  0.334
  46 -   0.72785 0.27215 ( 1)  0.336
  47 -   0.72836 0.27164 ( 1)  0.335
  48 -   0.72674 0.27326 ( 1)  0.337
  49 -   0.72649 0.27351 ( 1)  0.337
  50 -   0.72826 0.27174 ( 1)  0.336
  51 -   0.72938 0.27062 ( 1)  0.335
  52 -   0.72681 0.27319 ( 1)  0.337
  53 -   0.72938 0.27062 ( 1)  0.335
  54 -   0.72773 0.27227 ( 1)  0.336
  55 -   0.72947 0.27053 ( 1)  0.334
  56 -   0.72657 0.27343 ( 1)  0.337
  57 -   0.72615 0.27385 ( 1)  0.337
  58 -   0.72677 0.27323 ( 1)  0.337
  59 -   0.72938 0.27062 ( 1)  0.335
  60 -   0.18832 0.81168 ( 2)  0.828
  61 -   0.72634 0.27366 ( 1)  0.337
  62 -   0.72674 0.27326 ( 1)  0.337
  63 -   0.72593 0.27407 ( 1)  0.338
  64 -   0.72653 0.27347 ( 1)  0.337
  65 -   0.72826 0.27174 ( 1)  0.336
  66 -   0.72823 0.27177 ( 1)  0.336
  67 -   0.72894 0.27106 ( 1)  0.335
  68 -   0.72634 0.27366 ( 1)  0.337
  69 -   0.72593 0.27407 ( 1)  0.338
  70 -   0.19109 0.80891 ( 2)  0.826
  71 -   0.72946 0.27054 ( 1)  0.334
  72 -   0.72931 0.27069 ( 1)  0.335
  73 -   0.72776 0.27224 ( 1)  0.336
  74 -   0.72615 0.27385 ( 1)  0.337
  75 -   0.72728 0.27272 ( 1)  0.336
  76 -   0.72823 0.27177 ( 1)  0.336
  77 -   0.72674 0.27326 ( 1)  0.337
  78 -   0.72931 0.27069 ( 1)  0.335
  79 -   0.72614 0.27386 ( 1)  0.338
  80 -   0.72628 0.27372 ( 1)  0.337
  81 -   0.72826 0.27174 ( 1)  0.336
  82 -   0.72897 0.27103 ( 1)  0.335
  83 -   0.72674 0.27326 ( 1)  0.337
  84 -   0.72621 0.27379 ( 1)  0.337
  85 -   0.72868 0.27132 ( 1)  0.335
  86 -   0.72773 0.27227 ( 1)  0.336
  87 -   0.72785 0.27215 ( 1)  0.336
  88 -   0.72886 0.27114 ( 1)  0.335
  89 -   0.72785 0.27215 ( 1)  0.336
  90 -   0.72780 0.27220 ( 1)  0.336
  91 -   0.72674 0.27326 ( 1)  0.337
  92 -   0.72785 0.27215 ( 1)  0.336
  93 -   0.72674 0.27326 ( 1)  0.337
  94 -   0.18997 0.81003 ( 2)  0.827
  95 -   0.19031 0.80969 ( 2)  0.826
  96 -   0.72593 0.27407 ( 1)  0.338
  97 -   0.72593 0.27407 ( 1)  0.338
  98 -   0.72674 0.27326 ( 1)  0.337
  99 -   0.72537 0.27463 ( 1)  0.338
 100 -   0.72814 0.27186 ( 1)  0.336
 101 -   0.72593 0.27407 ( 1)  0.338
 102 -   0.72728 0.27272 ( 1)  0.336
 103 -   0.72946 0.27054 ( 1)  0.334
 104 -   0.72776 0.27224 ( 1)  0.336
 105 -   0.72728 0.27272 ( 1)  0.336
 106 -   0.72677 0.27323 ( 1)  0.337
 107 -   0.72859 0.27141 ( 1)  0.335
 108 -   0.72814 0.27186 ( 1)  0.336
 109 -   0.72728 0.27272 ( 1)  0.336
 110 -   0.72826 0.27174 ( 1)  0.336
 111 -   0.72785 0.27215 ( 1)  0.336
 112 -   0.72642 0.27358 ( 1)  0.337
 113 -   0.72826 0.27174 ( 1)  0.336
 114 -   0.72614 0.27386 ( 1)  0.338
 115 -   0.72599 0.27401 ( 1)  0.338
 116 -   0.72785 0.27215 ( 1)  0.336
 117 -   0.72677 0.27323 ( 1)  0.337
 118 -   0.72650 0.27350 ( 1)  0.337
 119 -   0.72826 0.27174 ( 1)  0.336
 120 -   0.72785 0.27215 ( 1)  0.336
 121 -   0.72868 0.27132 ( 1)  0.335
 122 -   0.18930 0.81070 ( 2)  0.827
 123 -   0.72615 0.27385 ( 1)  0.337
 124 -   0.72638 0.27362 ( 1)  0.337
 125 -   0.72839 0.27161 ( 1)  0.335
 126 -   0.72681 0.27319 ( 1)  0.337
 127 -   0.72883 0.27117 ( 1)  0.335
 128 -   0.72781 0.27219 ( 1)  0.336
 129 -   0.72821 0.27179 ( 1)  0.336
 130 -   0.72761 0.27239 ( 1)  0.336
 131 -   0.72761 0.27239 ( 1)  0.336
 132 -   0.72728 0.27272 ( 1)  0.336
 133 -   0.72537 0.27463 ( 1)  0.338
 134 -   0.72814 0.27186 ( 1)  0.336
 135 -   0.72823 0.27177 ( 1)  0.336
 136 -   0.72729 0.27271 ( 1)  0.336
 137 -   0.72814 0.27186 ( 1)  0.336
 138 -   0.72638 0.27362 ( 1)  0.337
 139 -   0.72894 0.27106 ( 1)  0.335
 140 -   0.72728 0.27272 ( 1)  0.336
 141 -   0.72587 0.27413 ( 1)  0.338
 142 -   0.72638 0.27362 ( 1)  0.337
 143 -   0.72821 0.27179 ( 1)  0.336
 144 -   0.72735 0.27265 ( 1)  0.336
 145 -   0.72761 0.27239 ( 1)  0.336
 146 -   0.72773 0.27227 ( 1)  0.336
 147 -   0.72642 0.27358 ( 1)  0.337
 148 -   0.72938 0.27062 ( 1)  0.335
 149 -   0.72761 0.27239 ( 1)  0.336
 150 -   0.72773 0.27227 ( 1)  0.336
 151 -   0.72591 0.27409 ( 1)  0.338
 152 -   0.72729 0.27271 ( 1)  0.336
 153 -   0.72897 0.27103 ( 1)  0.335
 154 -   0.72836 0.27164 ( 1)  0.335
 155 -   0.72826 0.27174 ( 1)  0.336
 156 -   0.72776 0.27224 ( 1)  0.336
 157 -   0.72883 0.27117 ( 1)  0.335
 158 -   0.72735 0.27265 ( 1)  0.336
 159 -   0.72615 0.27385 ( 1)  0.337
 160 -   0.72946 0.27054 ( 1)  0.334
 161 -   0.74002 0.25998 ( 1)  0.325
 162 -   0.73615 0.26385 ( 1)  0.328
 163 -   0.73080 0.26920 ( 1)  0.333
 164 -   0.72935 0.27065 ( 1)  0.335
 165 -   0.73182 0.26818 ( 1)  0.332
 166 -   0.73483 0.26517 ( 1)  0.330
 167 -   0.72962 0.27038 ( 1)  0.334
 168 -   0.73330 0.26670 ( 1)  0.331
 169 -   0.73615 0.26385 ( 1)  0.328
 170 -   0.73472 0.26528 ( 1)  0.330
 171 -   0.73199 0.26801 ( 1)  0.332
 172 -   0.73810 0.26190 ( 1)  0.327
 173 -   0.73330 0.26670 ( 1)  0.331
 174 -   0.72935 0.27065 ( 1)  0.335
 175 -   0.73472 0.26528 ( 1)  0.330
 176 -   0.73080 0.26920 ( 1)  0.333
 177 -   0.73580 0.26420 ( 1)  0.329
 178 -   0.74002 0.25998 ( 1)  0.325
 179 -   0.73431 0.26569 ( 1)  0.330
 180 -   0.73658 0.26342 ( 1)  0.328
 181 -   0.73431 0.26569 ( 1)  0.330
 182 -   0.73001 0.26999 ( 1)  0.334
 183 -   0.73731 0.26269 ( 1)  0.327
 184 -   0.73080 0.26920 ( 1)  0.333
 185 -   0.73959 0.26041 ( 1)  0.325
 186 -   0.73001 0.26999 ( 1)  0.334
 187 -   0.73818 0.26182 ( 1)  0.327
 188 -   0.73080 0.26920 ( 1)  0.333
 189 -   0.73731 0.26269 ( 1)  0.327
 190 -   0.73123 0.26877 ( 1)  0.333
 191 -   0.73332 0.26668 ( 1)  0.331
 192 -   0.73919 0.26081 ( 1)  0.326
 193 -   0.72677 0.27323 ( 1)  0.337
 194 -   0.73101 0.26899 ( 1)  0.333
 195 -   0.73460 0.26540 ( 1)  0.330
 196 -   0.73615 0.26385 ( 1)  0.328
 197 -   0.73193 0.26807 ( 1)  0.332
 198 -   0.73600 0.26400 ( 1)  0.328
 199 -   0.73101 0.26899 ( 1)  0.333
 200 -   0.73731 0.26269 ( 1)  0.327
 201 -   0.73959 0.26041 ( 1)  0.325
 202 -   0.73001 0.26999 ( 1)  0.334
 203 -   0.73431 0.26569 ( 1)  0.330
 204 -   0.73784 0.26216 ( 1)  0.327
 205 -   0.73422 0.26578 ( 1)  0.330
 206 -   0.73001 0.26999 ( 1)  0.334
 207 -   0.72716 0.27284 ( 1)  0.337
 208 -   0.72514 0.27486 ( 1)  0.338
 209 -   0.72519 0.27481 ( 1)  0.338
 210 -   0.72641 0.27359 ( 1)  0.337
 211 -   0.72537 0.27463 ( 1)  0.338
 212 -   0.72514 0.27486 ( 1)  0.338
 213 -   0.72680 0.27320 ( 1)  0.337
 214 -   0.72543 0.27457 ( 1)  0.338
 215 -   0.72620 0.27380 ( 1)  0.337
 216 -   0.72617 0.27383 ( 1)  0.337
 217 -   0.72636 0.27364 ( 1)  0.337
 218 -   0.72680 0.27320 ( 1)  0.337
 219 -   0.72561 0.27439 ( 1)  0.338
 220 -   0.72549 0.27451 ( 1)  0.338
 221 -   0.72643 0.27357 ( 1)  0.337
 222 -   0.72526 0.27474 ( 1)  0.338
 223 -   0.72643 0.27357 ( 1)  0.337
 224 -   0.72513 0.27487 ( 1)  0.338
 225 -   0.72641 0.27359 ( 1)  0.337
 226 -   0.72588 0.27412 ( 1)  0.338
 227 -   0.72533 0.27467 ( 1)  0.338
 228 -   0.72648 0.27352 ( 1)  0.337
 229 -   0.72613 0.27387 ( 1)  0.338
 230 -   0.72514 0.27486 ( 1)  0.338
 231 -   0.72641 0.27359 ( 1)  0.337
 232 -   0.72558 0.27442 ( 1)  0.338
 233 -   0.72661 0.27339 ( 1)  0.337
 234 -   0.72526 0.27474 ( 1)  0.338
 235 -   0.72588 0.27412 ( 1)  0.338
 236 -   0.72483 0.27517 ( 1)  0.339
 237 -   0.72636 0.27364 ( 1)  0.337
 238 -   0.72641 0.27359 ( 1)  0.337
 239 -   0.72589 0.27411 ( 1)  0.338
 240 -   0.72636 0.27364 ( 1)  0.337
 241 -   0.72539 0.27461 ( 1)  0.338
 242 -   0.72680 0.27320 ( 1)  0.337
 243 -   0.72588 0.27412 ( 1)  0.338
 244 -   0.72641 0.27359 ( 1)  0.337
 245 -   0.72539 0.27461 ( 1)  0.338
 246 -   0.72640 0.27360 ( 1)  0.337
 247 -   0.72592 0.27408 ( 1)  0.338
 248 -   0.72607 0.27393 ( 1)  0.338
 249 -   0.72613 0.27387 ( 1)  0.338
 250 -   0.72541 0.27459 ( 1)  0.338
 251 -   0.72705 0.27295 ( 1)  0.337
 252 -   0.72607 0.27393 ( 1)  0.338
 253 -   0.72613 0.27387 ( 1)  0.338
 254 -   0.72541 0.27459 ( 1)  0.338
 255 -   0.72633 0.27367 ( 1)  0.337
 256 -   0.72418 0.27582 ( 1)  0.339
 257 -   0.72418 0.27582 ( 1)  0.339
 258 -   0.73971 0.26029 ( 1)  0.325
 259 -   0.73168 0.26832 ( 1)  0.332
 260 -   0.74035 0.25965 ( 1)  0.325
 261 -   0.73292 0.26708 ( 1)  0.331
 262 -   0.73197 0.26803 ( 1)  0.332
 263 -   0.74265 0.25735 ( 1)  0.322
 264 -   0.73626 0.26374 ( 1)  0.328
 265 -   0.73174 0.26826 ( 1)  0.332
 266 -   0.74678 0.25322 ( 1)  0.319
 267 -   0.72418 0.27582 ( 1)  0.339
 268 -   0.72418 0.27582 ( 1)  0.339
 269 -   0.72418 0.27582 ( 1)  0.339
 270 -   0.72418 0.27582 ( 1)  0.339
 271 -   0.72418 0.27582 ( 1)  0.339
 272 -   0.72418 0.27582 ( 1)  0.339
 273 -   0.72418 0.27582 ( 1)  0.339
 274 -   0.72418 0.27582 ( 1)  0.339
 275 -   0.72418 0.27582 ( 1)  0.339
 276 -   0.72418 0.27582 ( 1)  0.339
 277 -   0.72418 0.27582 ( 1)  0.339
 278 -   0.72418 0.27582 ( 1)  0.339
 279 -   0.72418 0.27582 ( 1)  0.339
 280 -   0.72418 0.27582 ( 1)  0.339
 281 -   0.72418 0.27582 ( 1)  0.339
 282 -   0.72418 0.27582 ( 1)  0.339
 283 -   0.72418 0.27582 ( 1)  0.339
 284 -   0.72418 0.27582 ( 1)  0.339
 285 -   0.72418 0.27582 ( 1)  0.339
 286 -   0.72418 0.27582 ( 1)  0.339
 287 -   0.72418 0.27582 ( 1)  0.339
 288 -   0.72418 0.27582 ( 1)  0.339
 289 -   0.72418 0.27582 ( 1)  0.339
 290 -   0.72418 0.27582 ( 1)  0.339
 291 -   0.72418 0.27582 ( 1)  0.339
 292 -   0.72418 0.27582 ( 1)  0.339
 293 -   0.72418 0.27582 ( 1)  0.339
 294 -   0.72418 0.27582 ( 1)  0.339
 295 -   0.72418 0.27582 ( 1)  0.339
 296 -   0.72418 0.27582 ( 1)  0.339
 297 -   0.72418 0.27582 ( 1)  0.339
 298 -   0.72418 0.27582 ( 1)  0.339
 299 -   0.72418 0.27582 ( 1)  0.339
 300 -   0.72418 0.27582 ( 1)  0.339
 301 -   0.72418 0.27582 ( 1)  0.339
 302 -   0.72418 0.27582 ( 1)  0.339
 303 -   0.72418 0.27582 ( 1)  0.339
 304 -   0.72418 0.27582 ( 1)  0.339
 305 -   0.72418 0.27582 ( 1)  0.339
 306 -   0.72418 0.27582 ( 1)  0.339
 307 -   0.72418 0.27582 ( 1)  0.339
 308 -   0.72418 0.27582 ( 1)  0.339
 309 -   0.72418 0.27582 ( 1)  0.339
 310 -   0.72418 0.27582 ( 1)  0.339
 311 -   0.72418 0.27582 ( 1)  0.339
 312 -   0.72418 0.27582 ( 1)  0.339
 313 -   0.72418 0.27582 ( 1)  0.339
 314 -   0.72418 0.27582 ( 1)  0.339
 315 -   0.72418 0.27582 ( 1)  0.339
 316 -   0.72418 0.27582 ( 1)  0.339
 317 -   0.72418 0.27582 ( 1)  0.339
 318 -   0.72418 0.27582 ( 1)  0.339
 319 -   0.72418 0.27582 ( 1)  0.339
 320 -   0.72418 0.27582 ( 1)  0.339
 321 -   0.72418 0.27582 ( 1)  0.339
 322 -   0.72418 0.27582 ( 1)  0.339
 323 -   0.72418 0.27582 ( 1)  0.339
 324 -   0.72418 0.27582 ( 1)  0.339
 325 -   0.72418 0.27582 ( 1)  0.339
 326 M   0.97423 0.02577 ( 1)  0.111
 327 G   0.95048 0.04952 ( 1)  0.133
 328 S   0.93548 0.06452 ( 1)  0.147
 329 Q   0.92322 0.07678 ( 1)  0.158
 330 A   0.96889 0.03111 ( 1)  0.116
 331 L   0.46979 0.53021 ( 2)  0.571
 332 P   0.65344 0.34656 ( 1)  0.404
 333 P   0.54207 0.45793 ( 1)  0.505
 334 G   0.10092 0.89908 ( 2)  0.908
 335 P   0.95721 0.04279 ( 1)  0.127
 336 M   0.97482 0.02518 ( 1)  0.111
 337 Q   0.92461 0.07539 ( 1)  0.156
 338 T   0.97204 0.02796 ( 1)  0.113
 339 L   0.69174 0.30826 ( 1)  0.369
 340 I   0.97084 0.02916 ( 1)  0.114
 341 F   0.93982 0.06018 ( 1)  0.143
 342 F   0.50430 0.49570 ( 1)  0.540
 343 D   0.95880 0.04120 ( 1)  0.125
 344 M   0.66416 0.33584 ( 1)  0.394
 345 E   0.94922 0.05078 ( 1)  0.134
 346 A   0.95711 0.04289 ( 1)  0.127
 347 T   0.90716 0.09284 ( 1)  0.172
 348 G   0.94187 0.05813 ( 1)  0.141
 349 L   0.90280 0.09720 ( 1)  0.176
 350 P   0.94904 0.05096 ( 1)  0.134
 351 F   0.95614 0.04386 ( 1)  0.128
 352 S   0.63938 0.36062 ( 1)  0.417
 353 -   0.72418 0.27582 ( 1)  0.339
 354 -   0.72418 0.27582 ( 1)  0.339
 355 -   0.72418 0.27582 ( 1)  0.339
 356 -   0.72418 0.27582 ( 1)  0.339
 357 -   0.72418 0.27582 ( 1)  0.339
 358 -   0.72418 0.27582 ( 1)  0.339
 359 -   0.72418 0.27582 ( 1)  0.339
 360 -   0.72418 0.27582 ( 1)  0.339
 361 -   0.72418 0.27582 ( 1)  0.339
 362 -   0.72418 0.27582 ( 1)  0.339
 363 -   0.72418 0.27582 ( 1)  0.339
 364 -   0.72418 0.27582 ( 1)  0.339
 365 -   0.72418 0.27582 ( 1)  0.339
 366 -   0.72418 0.27582 ( 1)  0.339
 367 -   0.72418 0.27582 ( 1)  0.339
 368 -   0.72418 0.27582 ( 1)  0.339
 369 -   0.72418 0.27582 ( 1)  0.339
 370 -   0.72418 0.27582 ( 1)  0.339
 371 -   0.72418 0.27582 ( 1)  0.339
 372 -   0.72418 0.27582 ( 1)  0.339
 373 -   0.72418 0.27582 ( 1)  0.339
 374 -   0.72418 0.27582 ( 1)  0.339
 375 -   0.72418 0.27582 ( 1)  0.339
 376 -   0.72418 0.27582 ( 1)  0.339
 377 -   0.72418 0.27582 ( 1)  0.339
 378 -   0.72418 0.27582 ( 1)  0.339
 379 -   0.72418 0.27582 ( 1)  0.339
 380 -   0.72418 0.27582 ( 1)  0.339
 381 -   0.72418 0.27582 ( 1)  0.339
 382 -   0.72418 0.27582 ( 1)  0.339
 383 -   0.72418 0.27582 ( 1)  0.339
 384 -   0.72418 0.27582 ( 1)  0.339
 385 -   0.72418 0.27582 ( 1)  0.339
 386 -   0.72418 0.27582 ( 1)  0.339
 387 -   0.72418 0.27582 ( 1)  0.339
 388 -   0.72418 0.27582 ( 1)  0.339
 389 -   0.72418 0.27582 ( 1)  0.339
 390 -   0.72418 0.27582 ( 1)  0.339
 391 -   0.72418 0.27582 ( 1)  0.339
 392 -   0.72418 0.27582 ( 1)  0.339
 393 -   0.72418 0.27582 ( 1)  0.339
 394 -   0.72418 0.27582 ( 1)  0.339
 395 -   0.72418 0.27582 ( 1)  0.339
 396 -   0.72418 0.27582 ( 1)  0.339
 397 -   0.72418 0.27582 ( 1)  0.339
 398 -   0.72418 0.27582 ( 1)  0.339
 399 -   0.72418 0.27582 ( 1)  0.339
 400 -   0.72418 0.27582 ( 1)  0.339
 401 -   0.72418 0.27582 ( 1)  0.339
 402 -   0.72418 0.27582 ( 1)  0.339
 403 -   0.72418 0.27582 ( 1)  0.339
 404 -   0.72418 0.27582 ( 1)  0.339
 405 Q   0.92461 0.07539 ( 1)  0.156
 406 P   0.95446 0.04554 ( 1)  0.129
 407 K   0.94124 0.05876 ( 1)  0.141
 408 V   0.97193 0.02807 ( 1)  0.113
 409 T   0.96069 0.03931 ( 1)  0.124
 410 E   0.94530 0.05470 ( 1)  0.138
 411 L   0.93738 0.06262 ( 1)  0.145
 412 C   0.93659 0.06341 ( 1)  0.145
 413 L   0.93315 0.06685 ( 1)  0.149
 414 L   0.93298 0.06702 ( 1)  0.149
 415 A   0.93417 0.06583 ( 1)  0.148
 416 V   0.20533 0.79467 ( 2)  0.813
 417 H   0.95067 0.04933 ( 1)  0.133
 418 R   0.86878 0.13122 ( 1)  0.207
 419 C   0.86862 0.13138 ( 1)  0.208
 420 A   0.96957 0.03043 ( 1)  0.115
 421 L   0.93738 0.06262 ( 1)  0.145
 422 E   0.94922 0.05078 ( 1)  0.134
 423 N   0.13458 0.86542 ( 2)  0.877
 424 P   0.66600 0.33400 ( 1)  0.392
 425 P   0.94478 0.05522 ( 1)  0.138
 426 T   0.74303 0.25697 ( 1)  0.322
 427 S   0.40239 0.59761 ( 2)  0.633
 428 Q   0.92058 0.07942 ( 1)  0.160
 429 G   0.93456 0.06544 ( 1)  0.147
 430 P   0.87523 0.12477 ( 1)  0.201
 431 P   0.42977 0.57023 ( 2)  0.608
 432 P   0.55469 0.44531 ( 1)  0.494
 433 I   0.00541 0.99459 ( 2)  0.995
 434 V   0.92688 0.07312 ( 1)  0.154
 435 P   0.92727 0.07273 ( 1)  0.154
 436 P   0.41777 0.58223 ( 2)  0.619
 437 P   0.87523 0.12477 ( 1)  0.201
 438 P   0.93354 0.06646 ( 1)  0.148
 439 R   0.86644 0.13356 ( 1)  0.209
 440 V   0.96433 0.03567 ( 1)  0.120
 441 V   0.68751 0.31249 ( 1)  0.373
 442 D   0.95880 0.04120 ( 1)  0.125
 443 K   0.94124 0.05876 ( 1)  0.141
 444 L   0.95613 0.04387 ( 1)  0.128
 445 S   0.96033 0.03967 ( 1)  0.124
 446 L   0.93738 0.06262 ( 1)  0.145
 447 C   0.88049 0.11951 ( 1)  0.197
 448 V   0.96433 0.03567 ( 1)  0.120
 449 A   0.90543 0.09457 ( 1)  0.174
 450 P   0.93351 0.06649 ( 1)  0.148
 451 G   0.47590 0.52410 ( 2)  0.566
 452 K   0.93592 0.06408 ( 1)  0.146
 453 A   0.18959 0.81041 ( 2)  0.827
 454 C   0.91551 0.08449 ( 1)  0.165
 455 S   0.95469 0.04531 ( 1)  0.129
 456 P   0.41028 0.58972 ( 2)  0.626
 457 A   0.89102 0.10898 ( 1)  0.187
 458 A   0.96957 0.03043 ( 1)  0.115
 459 I   0.58515 0.41485 ( 1)  0.466
 460 E   0.00106 0.99894 ( 2)  0.999
 461 I   0.96768 0.03232 ( 1)  0.117
 462 T   0.89323 0.10677 ( 1)  0.185
 463 G   0.88759 0.11241 ( 1)  0.190
 464 L   0.93673 0.06327 ( 1)  0.145
 465 S   0.95469 0.04531 ( 1)  0.129
 466 T   0.42219 0.57781 ( 2)  0.615
 467 A   0.90482 0.09518 ( 1)  0.174
 468 V   0.96103 0.03897 ( 1)  0.123
 469 L   0.93738 0.06262 ( 1)  0.145
 470 A   0.89102 0.10898 ( 1)  0.187
 471 A   0.91930 0.08070 ( 1)  0.161
 472 H   0.88608 0.11392 ( 1)  0.192
 473 G   0.94145 0.05855 ( 1)  0.141
 474 R   0.86644 0.13356 ( 1)  0.209
 475 Q   0.87630 0.12370 ( 1)  0.201
 476 C   0.45572 0.54428 ( 2)  0.584
 477 F   0.94665 0.05335 ( 1)  0.136
 478 D   0.43468 0.56532 ( 2)  0.603
 479 D   0.95880 0.04120 ( 1)  0.125
 480 N   0.60358 0.39642 ( 1)  0.449
 481 L   0.53770 0.46230 ( 1)  0.509
 482 A   0.61514 0.38486 ( 1)  0.439
 483 N   0.95212 0.04788 ( 1)  0.131
 484 L   0.93684 0.06316 ( 1)  0.145
 485 L   0.96382 0.03618 ( 1)  0.121
 486 L   0.86190 0.13810 ( 1)  0.214
 487 A   0.96957 0.03043 ( 1)  0.115
 488 F   0.95614 0.04386 ( 1)  0.128
 489 L   0.93177 0.06823 ( 1)  0.150
 490 Q   0.05370 0.94630 ( 2)  0.951
 491 R   0.93995 0.06005 ( 1)  0.142
 492 Q   0.92461 0.07539 ( 1)  0.156
 493 P   0.88562 0.11438 ( 1)  0.192
 494 Q   0.92461 0.07539 ( 1)  0.156
 495 P   0.95801 0.04199 ( 1)  0.126
 496 W   0.90503 0.09497 ( 1)  0.174
 497 C   0.93246 0.06754 ( 1)  0.149
 498 L   0.95197 0.04803 ( 1)  0.131
 499 V   0.96433 0.03567 ( 1)  0.120
 500 A   0.89701 0.10299 ( 1)  0.182
 501 H   0.95067 0.04933 ( 1)  0.133
 502 N   0.90350 0.09650 ( 1)  0.176
 503 G   0.88030 0.11970 ( 1)  0.197
 504 D   0.95880 0.04120 ( 1)  0.125
 505 R   0.93995 0.06005 ( 1)  0.142
 506 Y   0.91770 0.08230 ( 1)  0.163
 507 D   0.95880 0.04120 ( 1)  0.125
 508 F   0.95614 0.04386 ( 1)  0.128
 509 P   0.95801 0.04199 ( 1)  0.126
 510 L   0.93211 0.06789 ( 1)  0.150
 511 L   0.96176 0.03824 ( 1)  0.123
 512 Q   0.89503 0.10497 ( 1)  0.183
 513 A   0.89748 0.10252 ( 1)  0.181
 514 E   0.94922 0.05078 ( 1)  0.134
 515 L   0.93315 0.06685 ( 1)  0.149
 516 A   0.91387 0.08613 ( 1)  0.166
 517 M   0.21802 0.78198 ( 2)  0.801
 518 L   0.93705 0.06295 ( 1)  0.145
 519 G   0.95131 0.04869 ( 1)  0.132
 520 L   0.94070 0.05930 ( 1)  0.142
 521 P   0.17000 0.83000 ( 2)  0.845
 522 S   0.05553 0.94447 ( 2)  0.949
 523 A   0.42794 0.57206 ( 2)  0.610
 524 L   0.93738 0.06262 ( 1)  0.145
 525 D   0.89518 0.10482 ( 1)  0.183
 526 G   0.88760 0.11240 ( 1)  0.190
 527 A   0.96957 0.03043 ( 1)  0.115
 528 F   0.95614 0.04386 ( 1)  0.128
 529 C   0.88739 0.11261 ( 1)  0.190
 530 V   0.61494 0.38506 ( 1)  0.439
 531 D   0.89518 0.10482 ( 1)  0.183
 532 S   0.95469 0.04531 ( 1)  0.129
 533 I   0.96795 0.03205 ( 1)  0.117
 534 T   0.06848 0.93152 ( 2)  0.938
 535 A   0.94044 0.05956 ( 1)  0.142
 536 L   0.93315 0.06685 ( 1)  0.149
 537 K   0.94124 0.05876 ( 1)  0.141
 538 A   0.96957 0.03043 ( 1)  0.115
 539 L   0.56633 0.43367 ( 1)  0.483
 540 E   0.92240 0.07760 ( 1)  0.158
 541 R   0.30308 0.69692 ( 2)  0.723
 542 A   0.93805 0.06195 ( 1)  0.144
 543 D   0.00426 0.99574 ( 2)  0.996
 544 S   0.64276 0.35724 ( 1)  0.414
 545 P   0.95491 0.04509 ( 1)  0.129
 546 S   0.43909 0.56091 ( 2)  0.599
 547 E   0.48840 0.51160 ( 2)  0.554
 548 H   0.93599 0.06401 ( 1)  0.146
 549 G   0.95131 0.04869 ( 1)  0.132
 550 P   0.87523 0.12477 ( 1)  0.201
 551 R   0.93932 0.06068 ( 1)  0.143
 552 K   0.94124 0.05876 ( 1)  0.141
 553 S   0.95469 0.04531 ( 1)  0.129
 554 Y   0.92665 0.07335 ( 1)  0.155
 555 S   0.95469 0.04531 ( 1)  0.129
 556 L   0.88785 0.11215 ( 1)  0.190
 557 G   0.95131 0.04869 ( 1)  0.132
 558 S   0.64821 0.35179 ( 1)  0.409
 559 I   0.97084 0.02916 ( 1)  0.114
 560 Y   0.92719 0.07281 ( 1)  0.154
 561 T   0.43826 0.56174 ( 2)  0.600
 562 R   0.93995 0.06005 ( 1)  0.142
 563 L   0.93968 0.06032 ( 1)  0.143
 564 Y   0.88782 0.11218 ( 1)  0.190
 565 G   0.93660 0.06340 ( 1)  0.145
 566 K   0.52287 0.47713 ( 1)  0.523
 567 A   0.01172 0.98828 ( 2)  0.989
 568 P   0.92258 0.07742 ( 1)  0.158
 569 P   0.92696 0.07304 ( 1)  0.154
 570 D   0.95880 0.04120 ( 1)  0.125
 571 S   0.91021 0.08979 ( 1)  0.170
 572 H   0.95067 0.04933 ( 1)  0.133
 573 T   0.93923 0.06077 ( 1)  0.143
 574 A   0.92711 0.07289 ( 1)  0.154
 575 E   0.94922 0.05078 ( 1)  0.134
 576 G   0.90364 0.09636 ( 1)  0.176
 577 D   0.92850 0.07150 ( 1)  0.153
 578 V   0.97193 0.02807 ( 1)  0.113
 579 L   0.90469 0.09531 ( 1)  0.175
 580 A   0.96957 0.03043 ( 1)  0.115
 581 L   0.93828 0.06172 ( 1)  0.144
 582 L   0.96445 0.03555 ( 1)  0.120
 583 S   0.94606 0.05394 ( 1)  0.137
 584 I   0.97084 0.02916 ( 1)  0.114
 585 C   0.86420 0.13580 ( 1)  0.212
 586 Q   0.92461 0.07539 ( 1)  0.156
 587 W   0.90503 0.09497 ( 1)  0.174
 588 R   0.41731 0.58269 ( 2)  0.619
 589 P   0.36276 0.63724 ( 2)  0.669
 590 Q   0.92461 0.07539 ( 1)  0.156
 591 A   0.96868 0.03132 ( 1)  0.116
 592 L   0.93240 0.06760 ( 1)  0.149
 593 L   0.93738 0.06262 ( 1)  0.145
 594 R   0.49982 0.50018 ( 2)  0.544
 595 W   0.90503 0.09497 ( 1)  0.174
 596 V   0.96040 0.03960 ( 1)  0.124
 597 D   0.89559 0.10441 ( 1)  0.183
 598 A   0.90482 0.09518 ( 1)  0.174
 599 H   0.94791 0.05209 ( 1)  0.135
 600 A   0.96957 0.03043 ( 1)  0.115
 601 R   0.10517 0.89483 ( 2)  0.904
 602 P   0.63945 0.36055 ( 1)  0.417
 603 F   0.95531 0.04469 ( 1)  0.128
 604 S   0.63134 0.36866 ( 1)  0.424
 605 T   0.97204 0.02796 ( 1)  0.113
 606 I   0.18536 0.81464 ( 2)  0.831
 607 R   0.09967 0.90033 ( 2)  0.909
 608 P   0.95713 0.04287 ( 1)  0.127
 609 M   0.97482 0.02518 ( 1)  0.111
 610 Y   0.85329 0.14671 ( 1)  0.221
 611 G   0.56503 0.43497 ( 1)  0.484
 612 V   0.75101 0.24899 ( 1)  0.315
 613 T   0.89466 0.10534 ( 1)  0.184
 614 A   0.96957 0.03043 ( 1)  0.115
 615 S   0.06096 0.93904 ( 2)  0.944
 616 A   0.52940 0.47060 ( 1)  0.517
 617 R   0.01014 0.98986 ( 2)  0.991
 618 T   0.97204 0.02796 ( 1)  0.113
 619 K   0.60740 0.39260 ( 1)  0.446
 620 P   0.35960 0.64040 ( 2)  0.672
 621 R   0.87331 0.12669 ( 1)  0.203
 622 P   0.31444 0.68556 ( 2)  0.713
 623 S   0.42226 0.57774 ( 2)  0.615
 624 A   0.91111 0.08889 ( 1)  0.169
 625 V   0.97170 0.02830 ( 1)  0.113
 626 T   0.05986 0.94014 ( 2)  0.945
 627 A   0.00143 0.99857 ( 2)  0.999
 628 T   0.00499 0.99501 ( 2)  0.995
 629 V   0.05543 0.94457 ( 2)  0.949
 630 H   0.08512 0.91488 ( 2)  0.922
 631 L   0.56687 0.43313 ( 1)  0.483
 632 A   0.73039 0.26961 ( 1)  0.334
 633 T   0.40524 0.59476 ( 2)  0.630
 634 T   0.01606 0.98394 ( 2)  0.985
 635 S   0.57467 0.42533 ( 1)  0.476
 636 N   0.94714 0.05286 ( 1)  0.136
 637 V   0.06664 0.93336 ( 2)  0.939
 638 S   0.40742 0.59258 ( 2)  0.628
 639 P   0.01420 0.98580 ( 2)  0.987
 640 S   0.60859 0.39141 ( 1)  0.445
 641 L   0.05768 0.94232 ( 2)  0.947
 642 E   0.00464 0.99536 ( 2)  0.996
 643 G   0.00099 0.99901 ( 2)  0.999
 644 S   0.61977 0.38023 ( 1)  0.435
 645 R   0.93990 0.06010 ( 1)  0.142
 646 R   0.04753 0.95247 ( 2)  0.957
 647 P   0.11855 0.88145 ( 2)  0.892
 648 K   0.57397 0.42603 ( 1)  0.476
 649 D   0.05555 0.94445 ( 2)  0.949
 650 L   0.43039 0.56961 ( 2)  0.607
 651 P   0.33890 0.66110 ( 2)  0.691
 652 P   0.38348 0.61652 ( 2)  0.650
 653 V   0.00001 0.99999 ( 2)  1.000
 654 K   0.01084 0.98916 ( 2)  0.990
 655 D   0.62826 0.37174 ( 1)  0.427
 656 S   0.00526 0.99474 ( 2)  0.995
 657 E   0.00424 0.99576 ( 2)  0.996
 658 A   0.17331 0.82669 ( 2)  0.842
 659 P   0.03520 0.96480 ( 2)  0.968
 660 R   0.01307 0.98693 ( 2)  0.988
 661 R   0.09744 0.90256 ( 2)  0.911
 662 E   0.94922 0.05078 ( 1)  0.134
 663 G   0.58120 0.41880 ( 1)  0.470
 664 L   0.93089 0.06911 ( 1)  0.151
 665 L   0.93512 0.06488 ( 1)  0.147
 666 A   0.67498 0.32502 ( 1)  0.384
 667 P   0.87523 0.12477 ( 1)  0.201
 668 L   0.93738 0.06262 ( 1)  0.145
 669 G   0.88760 0.11240 ( 1)  0.190
 670 L   0.53027 0.46973 ( 1)  0.516
 671 L   0.93738 0.06262 ( 1)  0.145
 672 A   0.95817 0.04183 ( 1)  0.126
 673 V   0.00143 0.99857 ( 2)  0.999
 674 L   0.93636 0.06364 ( 1)  0.146
 675 T   0.96974 0.03026 ( 1)  0.115
 676 L   0.86115 0.13885 ( 1)  0.214
 677 A   0.89102 0.10898 ( 1)  0.187
 678 V   0.44993 0.55007 ( 2)  0.590
 679 A   0.96957 0.03043 ( 1)  0.115
 680 T   0.08823 0.91177 ( 2)  0.920
 681 L   0.92604 0.07396 ( 1)  0.155
 682 Y   0.85329 0.14671 ( 1)  0.221
 683 G   0.86365 0.13635 ( 1)  0.212
 684 L   0.86719 0.13281 ( 1)  0.209
 685 F   0.69245 0.30755 ( 1)  0.368
 686 L   0.93738 0.06262 ( 1)  0.145
 687 A   0.70373 0.29627 ( 1)  0.358
 688 T   0.00486 0.99514 ( 2)  0.996
 689 P   0.89744 0.10256 ( 1)  0.181
 690 G   0.94152 0.05848 ( 1)  0.141
 691 E   0.10422 0.89578 ( 2)  0.905


lnL = -5080.276683

