Supplemental results for CODEML (seqf: algn  treef: tree)


dN/dS (w) for site classes (K=3)

p:   0.96284  0.01976  0.01740
w:   0.01305  1.00000  1.00000

Naive Empirical Bayes (NEB) probabilities for 3 classes & postmean_w
(amino acids refer to 1st sequence: aotNan_RHO_XM_012472901)

   1 M   0.99979 0.00011 0.00010 ( 1)  0.013
   2 N   0.99336 0.00353 0.00311 ( 1)  0.020
   3 G   0.99887 0.00060 0.00053 ( 1)  0.014
   4 T   0.99356 0.00342 0.00302 ( 1)  0.019
   5 E   0.99460 0.00287 0.00253 ( 1)  0.018
   6 G   0.99980 0.00010 0.00009 ( 1)  0.013
   7 P   0.99777 0.00119 0.00104 ( 1)  0.015
   8 N   0.99985 0.00008 0.00007 ( 1)  0.013
   9 F   0.99993 0.00004 0.00003 ( 1)  0.013
  10 Y   0.99947 0.00028 0.00025 ( 1)  0.014
  11 V   0.99947 0.00028 0.00025 ( 1)  0.014
  12 P   0.99988 0.00007 0.00006 ( 1)  0.013
  13 F   0.99993 0.00004 0.00003 ( 1)  0.013
  14 S   0.99989 0.00006 0.00005 ( 1)  0.013
  15 N   0.99971 0.00015 0.00013 ( 1)  0.013
  16 A   0.99965 0.00019 0.00016 ( 1)  0.013
  17 T   0.99931 0.00037 0.00032 ( 1)  0.014
  18 G   0.99972 0.00015 0.00013 ( 1)  0.013
  19 V   0.99938 0.00033 0.00029 ( 1)  0.014
  20 V   0.99902 0.00052 0.00046 ( 1)  0.014
  21 R   0.99931 0.00037 0.00032 ( 1)  0.014
  22 S   0.99981 0.00010 0.00009 ( 1)  0.013
  23 P   0.99988 0.00007 0.00006 ( 1)  0.013
  24 F   0.99992 0.00004 0.00004 ( 1)  0.013
  25 E   0.99863 0.00073 0.00064 ( 1)  0.014
  26 Y   0.99949 0.00027 0.00024 ( 1)  0.014
  27 P   0.99775 0.00120 0.00105 ( 1)  0.015
  28 Q   0.99346 0.00348 0.00306 ( 1)  0.020
  29 Y   0.99951 0.00026 0.00023 ( 1)  0.014
  30 Y   0.99951 0.00026 0.00023 ( 1)  0.014
  31 L   0.99435 0.00300 0.00265 ( 1)  0.019
  32 A   0.99949 0.00027 0.00024 ( 1)  0.014
  33 E   0.99863 0.00073 0.00064 ( 1)  0.014
  34 P   0.97844 0.01146 0.01010 ( 1)  0.034
  35 W   0.99179 0.00436 0.00384 ( 1)  0.021
  36 Q   0.99346 0.00348 0.00306 ( 1)  0.020
  37 F   0.99993 0.00004 0.00003 ( 1)  0.013
  38 S   0.99989 0.00006 0.00005 ( 1)  0.013
  39 M   0.99979 0.00011 0.00010 ( 1)  0.013
  40 L   0.99435 0.00300 0.00265 ( 1)  0.019
  41 A   0.99997 0.00002 0.00001 ( 1)  0.013
  42 A   0.99997 0.00002 0.00001 ( 1)  0.013
  43 Y   0.99951 0.00026 0.00023 ( 1)  0.014
  44 M   0.99979 0.00011 0.00010 ( 1)  0.013
  45 F   0.99991 0.00005 0.00004 ( 1)  0.013
  46 L   0.80586 0.10322 0.09092 ( 1)  0.205
  47 L   0.99780 0.00117 0.00103 ( 1)  0.015
  48 I   0.99995 0.00002 0.00002 ( 1)  0.013
  49 V   0.99938 0.00033 0.00029 ( 1)  0.014
  50 L   0.99730 0.00144 0.00127 ( 1)  0.016
  51 G   0.99980 0.00010 0.00009 ( 1)  0.013
  52 F   0.99993 0.00004 0.00003 ( 1)  0.013
  53 P   0.99986 0.00007 0.00006 ( 1)  0.013
  54 I   0.99998 0.00001 0.00001 ( 1)  0.013
  55 N   0.99985 0.00008 0.00007 ( 1)  0.013
  56 F   0.99993 0.00004 0.00003 ( 1)  0.013
  57 L   0.99991 0.00005 0.00004 ( 1)  0.013
  58 T   0.99934 0.00035 0.00031 ( 1)  0.014
  59 L   0.99991 0.00005 0.00004 ( 1)  0.013
  60 Y   0.99946 0.00029 0.00025 ( 1)  0.014
  61 V   0.99993 0.00004 0.00003 ( 1)  0.013
  62 T   0.99996 0.00002 0.00002 ( 1)  0.013
  63 V   0.99997 0.00002 0.00002 ( 1)  0.013
  64 Q   0.99346 0.00348 0.00306 ( 1)  0.020
  65 H   0.99960 0.00021 0.00019 ( 1)  0.013
  66 K   0.99858 0.00075 0.00066 ( 1)  0.014
  67 K   0.99858 0.00075 0.00066 ( 1)  0.014
  68 L   0.99431 0.00302 0.00266 ( 1)  0.019
  69 R   0.99932 0.00036 0.00032 ( 1)  0.014
  70 T   0.99932 0.00036 0.00032 ( 1)  0.014
  71 P   0.99270 0.00388 0.00342 ( 1)  0.020
  72 L   0.99991 0.00005 0.00004 ( 1)  0.013
  73 N   0.99985 0.00008 0.00007 ( 1)  0.013
  74 Y   0.99935 0.00034 0.00030 ( 1)  0.014
  75 I   0.99998 0.00001 0.00001 ( 1)  0.013
  76 L   0.99435 0.00300 0.00265 ( 1)  0.019
  77 L   0.99991 0.00005 0.00004 ( 1)  0.013
  78 N   0.99985 0.00008 0.00007 ( 1)  0.013
  79 L   0.98624 0.00732 0.00644 ( 1)  0.027
  80 A   0.99996 0.00002 0.00002 ( 1)  0.013
  81 V   0.99938 0.00033 0.00029 ( 1)  0.014
  82 A   0.99983 0.00009 0.00008 ( 1)  0.013
  83 D   0.99985 0.00008 0.00007 ( 1)  0.013
  84 L   0.99991 0.00005 0.00004 ( 1)  0.013
  85 F   0.99993 0.00004 0.00003 ( 1)  0.013
  86 M   0.99979 0.00011 0.00010 ( 1)  0.013
  87 V   0.99997 0.00002 0.00002 ( 1)  0.013
  88 F   0.98587 0.00751 0.00662 ( 1)  0.027
  89 G   0.98400 0.00851 0.00749 ( 1)  0.029
  90 G   0.99980 0.00010 0.00009 ( 1)  0.013
  91 F   0.99993 0.00004 0.00003 ( 1)  0.013
  92 T   0.99397 0.00321 0.00283 ( 1)  0.019
  93 T   0.01595 0.52320 0.46085 ( 2)  0.984
  94 T   0.99996 0.00002 0.00002 ( 1)  0.013
  95 L   0.99989 0.00006 0.00005 ( 1)  0.013
  96 Y   0.99951 0.00026 0.00023 ( 1)  0.014
  97 T   0.99997 0.00002 0.00002 ( 1)  0.013
  98 S   0.98577 0.00757 0.00667 ( 1)  0.027
  99 L   0.99435 0.00300 0.00265 ( 1)  0.019
 100 H   0.99053 0.00504 0.00444 ( 1)  0.022
 101 G   0.97693 0.01227 0.01080 ( 1)  0.036
 102 Y   0.99951 0.00026 0.00023 ( 1)  0.014
 103 F   0.99993 0.00004 0.00003 ( 1)  0.013
 104 V   0.99730 0.00144 0.00126 ( 1)  0.016
 105 F   0.99993 0.00004 0.00003 ( 1)  0.013
 106 G   0.99796 0.00109 0.00096 ( 1)  0.015
 107 P   0.99987 0.00007 0.00006 ( 1)  0.013
 108 T   0.98447 0.00826 0.00727 ( 1)  0.028
 109 G   0.98139 0.00989 0.00871 ( 1)  0.031
 110 C   0.99949 0.00027 0.00024 ( 1)  0.014
 111 N   0.99152 0.00451 0.00397 ( 1)  0.021
 112 L   0.00001 0.53168 0.46832 ( 2)  1.000
 113 E   0.99839 0.00086 0.00076 ( 1)  0.015
 114 G   0.99980 0.00010 0.00009 ( 1)  0.013
 115 F   0.99993 0.00004 0.00003 ( 1)  0.013
 116 F   0.99275 0.00386 0.00340 ( 1)  0.020
 117 A   0.99997 0.00002 0.00001 ( 1)  0.013
 118 T   0.99993 0.00004 0.00003 ( 1)  0.013
 119 L   0.99435 0.00300 0.00265 ( 1)  0.019
 120 G   0.99977 0.00012 0.00011 ( 1)  0.013
 121 G   0.98407 0.00847 0.00746 ( 1)  0.029
 122 E   0.98612 0.00738 0.00650 ( 1)  0.027
 123 I   0.99795 0.00109 0.00096 ( 1)  0.015
 124 A   0.99997 0.00002 0.00001 ( 1)  0.013
 125 L   0.99435 0.00300 0.00265 ( 1)  0.019
 126 W   0.99179 0.00436 0.00384 ( 1)  0.021
 127 S   0.99989 0.00006 0.00005 ( 1)  0.013
 128 L   0.99664 0.00179 0.00158 ( 1)  0.016
 129 V   0.99938 0.00033 0.00029 ( 1)  0.014
 130 V   0.99995 0.00003 0.00002 ( 1)  0.013
 131 L   0.99435 0.00300 0.00265 ( 1)  0.019
 132 A   0.99997 0.00002 0.00001 ( 1)  0.013
 133 I   0.99998 0.00001 0.00001 ( 1)  0.013
 134 E   0.99805 0.00104 0.00091 ( 1)  0.015
 135 R   0.99532 0.00249 0.00219 ( 1)  0.018
 136 Y   0.99535 0.00247 0.00218 ( 1)  0.018
 137 V   0.99938 0.00033 0.00029 ( 1)  0.014
 138 V   0.99938 0.00033 0.00029 ( 1)  0.014
 139 V   0.99938 0.00033 0.00029 ( 1)  0.014
 140 C   0.98289 0.00910 0.00801 ( 1)  0.030
 141 K   0.99858 0.00075 0.00066 ( 1)  0.014
 142 P   0.99988 0.00007 0.00006 ( 1)  0.013
 143 M   0.99979 0.00011 0.00010 ( 1)  0.013
 144 S   0.99981 0.00010 0.00009 ( 1)  0.013
 145 N   0.99985 0.00008 0.00007 ( 1)  0.013
 146 F   0.99993 0.00004 0.00003 ( 1)  0.013
 147 R   0.99906 0.00050 0.00044 ( 1)  0.014
 148 F   0.99953 0.00025 0.00022 ( 1)  0.014
 149 G   0.99807 0.00103 0.00090 ( 1)  0.015
 150 E   0.99863 0.00073 0.00064 ( 1)  0.014
 151 N   0.99985 0.00008 0.00007 ( 1)  0.013
 152 H   0.98473 0.00812 0.00715 ( 1)  0.028
 153 A   0.99997 0.00002 0.00001 ( 1)  0.013
 154 I   0.99998 0.00001 0.00001 ( 1)  0.013
 155 M   0.99979 0.00011 0.00010 ( 1)  0.013
 156 G   0.99980 0.00010 0.00009 ( 1)  0.013
 157 V   0.85712 0.07596 0.06691 ( 1)  0.154
 158 A   0.77953 0.11722 0.10325 ( 1)  0.231
 159 F   0.99993 0.00004 0.00003 ( 1)  0.013
 160 T   0.99996 0.00002 0.00002 ( 1)  0.013
 161 W   0.99179 0.00436 0.00384 ( 1)  0.021
 162 V   0.99662 0.00180 0.00158 ( 1)  0.016
 163 M   0.99979 0.00011 0.00010 ( 1)  0.013
 164 A   0.99917 0.00044 0.00039 ( 1)  0.014
 165 L   0.99438 0.00299 0.00263 ( 1)  0.019
 166 A   0.99997 0.00002 0.00001 ( 1)  0.013
 167 C   0.99756 0.00130 0.00114 ( 1)  0.015
 168 A   0.99994 0.00003 0.00003 ( 1)  0.013
 169 A   0.98472 0.00813 0.00716 ( 1)  0.028
 170 P   0.99980 0.00011 0.00009 ( 1)  0.013
 171 P   0.99982 0.00010 0.00008 ( 1)  0.013
 172 L   0.99977 0.00012 0.00011 ( 1)  0.013
 173 A   0.02414 0.51884 0.45701 ( 2)  0.976
 174 G   0.99980 0.00010 0.00009 ( 1)  0.013
 175 W   0.99179 0.00436 0.00384 ( 1)  0.021
 176 S   0.99989 0.00006 0.00005 ( 1)  0.013
 177 R   0.99785 0.00114 0.00101 ( 1)  0.015
 178 Y   0.99951 0.00026 0.00023 ( 1)  0.014
 179 I   0.99996 0.00002 0.00002 ( 1)  0.013
 180 P   0.98808 0.00634 0.00558 ( 1)  0.025
 181 E   0.99863 0.00073 0.00064 ( 1)  0.014
 182 G   0.99972 0.00015 0.00013 ( 1)  0.013
 183 M   0.10798 0.47427 0.41775 ( 2)  0.893
 184 Q   0.99346 0.00348 0.00306 ( 1)  0.020
 185 C   0.99949 0.00027 0.00024 ( 1)  0.014
 186 S   0.99542 0.00243 0.00214 ( 1)  0.018
 187 C   0.99772 0.00121 0.00107 ( 1)  0.015
 188 G   0.99178 0.00437 0.00385 ( 1)  0.021
 189 I   0.99998 0.00001 0.00001 ( 1)  0.013
 190 D   0.99985 0.00008 0.00007 ( 1)  0.013
 191 Y   0.99951 0.00026 0.00023 ( 1)  0.014
 192 Y   0.99936 0.00034 0.00030 ( 1)  0.014
 193 T   0.99919 0.00043 0.00038 ( 1)  0.014
 194 L   0.99990 0.00005 0.00005 ( 1)  0.013
 195 K   0.99858 0.00075 0.00066 ( 1)  0.014
 196 P   0.99065 0.00497 0.00438 ( 1)  0.022
 197 E   0.99863 0.00073 0.00064 ( 1)  0.014
 198 V   0.99997 0.00002 0.00002 ( 1)  0.013
 199 N   0.99985 0.00008 0.00007 ( 1)  0.013
 200 N   0.99975 0.00013 0.00011 ( 1)  0.013
 201 E   0.99863 0.00073 0.00064 ( 1)  0.014
 202 S   0.99987 0.00007 0.00006 ( 1)  0.013
 203 F   0.99729 0.00144 0.00127 ( 1)  0.016
 204 V   0.99991 0.00005 0.00004 ( 1)  0.013
 205 I   0.99998 0.00001 0.00001 ( 1)  0.013
 206 Y   0.99951 0.00026 0.00023 ( 1)  0.014
 207 M   0.99979 0.00011 0.00010 ( 1)  0.013
 208 F   0.99989 0.00006 0.00005 ( 1)  0.013
 209 V   0.99938 0.00033 0.00029 ( 1)  0.014
 210 V   0.99997 0.00002 0.00002 ( 1)  0.013
 211 H   0.99960 0.00021 0.00019 ( 1)  0.013
 212 F   0.99993 0.00004 0.00003 ( 1)  0.013
 213 T   0.62476 0.19951 0.17573 ( 1)  0.383
 214 I   0.99998 0.00001 0.00001 ( 1)  0.013
 215 P   0.99988 0.00007 0.00006 ( 1)  0.013
 216 M   0.23671 0.40583 0.35747 ( 2)  0.766
 217 I   0.02536 0.51819 0.45644 ( 2)  0.975
 218 V   0.00057 0.53137 0.46805 ( 2)  0.999
 219 I   0.99998 0.00001 0.00001 ( 1)  0.013
 220 F   0.99940 0.00032 0.00028 ( 1)  0.014
 221 F   0.99988 0.00006 0.00005 ( 1)  0.013
 222 C   0.99949 0.00027 0.00024 ( 1)  0.014
 223 Y   0.99138 0.00458 0.00404 ( 1)  0.022
 224 G   0.99766 0.00125 0.00110 ( 1)  0.015
 225 Q   0.99346 0.00348 0.00306 ( 1)  0.020
 226 L   0.99931 0.00037 0.00032 ( 1)  0.014
 227 V   0.99997 0.00002 0.00002 ( 1)  0.013
 228 F   0.99993 0.00004 0.00003 ( 1)  0.013
 229 T   0.99995 0.00003 0.00002 ( 1)  0.013
 230 V   0.99995 0.00003 0.00003 ( 1)  0.013
 231 K   0.99858 0.00075 0.00066 ( 1)  0.014
 232 E   0.99863 0.00073 0.00064 ( 1)  0.014
 233 A   0.99990 0.00005 0.00005 ( 1)  0.013
 234 A   0.09043 0.48360 0.42597 ( 2)  0.911
 235 A   0.99997 0.00002 0.00001 ( 1)  0.013
 236 Q   0.99346 0.00348 0.00306 ( 1)  0.020
 237 Q   0.99291 0.00377 0.00332 ( 1)  0.020
 238 Q   0.99346 0.00348 0.00306 ( 1)  0.020
 239 E   0.99863 0.00073 0.00064 ( 1)  0.014
 240 S   0.99481 0.00276 0.00243 ( 1)  0.018
 241 A   0.99997 0.00002 0.00001 ( 1)  0.013
 242 T   0.99997 0.00002 0.00001 ( 1)  0.013
 243 T   0.98141 0.00989 0.00871 ( 1)  0.031
 244 Q   0.99346 0.00348 0.00306 ( 1)  0.020
 245 K   0.99858 0.00075 0.00066 ( 1)  0.014
 246 A   0.98299 0.00904 0.00797 ( 1)  0.030
 247 E   0.99863 0.00073 0.00064 ( 1)  0.014
 248 K   0.99684 0.00168 0.00148 ( 1)  0.016
 249 E   0.99863 0.00073 0.00064 ( 1)  0.014
 250 V   0.99997 0.00002 0.00002 ( 1)  0.013
 251 T   0.99988 0.00006 0.00005 ( 1)  0.013
 252 R   0.99876 0.00066 0.00058 ( 1)  0.014
 253 M   0.99979 0.00011 0.00010 ( 1)  0.013
 254 V   0.99997 0.00002 0.00002 ( 1)  0.013
 255 I   0.99998 0.00001 0.00001 ( 1)  0.013
 256 I   0.99998 0.00001 0.00001 ( 1)  0.013
 257 M   0.99979 0.00011 0.00010 ( 1)  0.013
 258 V   0.99997 0.00002 0.00002 ( 1)  0.013
 259 I   0.99998 0.00001 0.00001 ( 1)  0.013
 260 A   0.99808 0.00102 0.00090 ( 1)  0.015
 261 F   0.99993 0.00004 0.00003 ( 1)  0.013
 262 L   0.99435 0.00300 0.00265 ( 1)  0.019
 263 I   0.99998 0.00001 0.00001 ( 1)  0.013
 264 C   0.99822 0.00094 0.00083 ( 1)  0.015
 265 W   0.99179 0.00436 0.00384 ( 1)  0.021
 266 V   0.12063 0.46754 0.41183 ( 2)  0.881
 267 P   0.99988 0.00007 0.00006 ( 1)  0.013
 268 Y   0.99835 0.00088 0.00077 ( 1)  0.015
 269 A   0.99980 0.00011 0.00010 ( 1)  0.013
 270 S   0.35870 0.34097 0.30033 ( 1)  0.646
 271 V   0.99938 0.00033 0.00029 ( 1)  0.014
 272 A   0.98497 0.00799 0.00704 ( 1)  0.028
 273 F   0.99993 0.00004 0.00003 ( 1)  0.013
 274 Y   0.99951 0.00026 0.00023 ( 1)  0.014
 275 I   0.99998 0.00001 0.00001 ( 1)  0.013
 276 F   0.99993 0.00004 0.00003 ( 1)  0.013
 277 T   0.99989 0.00006 0.00005 ( 1)  0.013
 278 H   0.99960 0.00021 0.00019 ( 1)  0.013
 279 Q   0.99346 0.00348 0.00306 ( 1)  0.020
 280 G   0.99980 0.00010 0.00009 ( 1)  0.013
 281 S   0.99989 0.00006 0.00005 ( 1)  0.013
 282 N   0.99985 0.00008 0.00007 ( 1)  0.013
 283 F   0.99988 0.00006 0.00006 ( 1)  0.013
 284 G   0.98741 0.00669 0.00590 ( 1)  0.025
 285 P   0.99988 0.00007 0.00006 ( 1)  0.013
 286 I   0.99683 0.00168 0.00148 ( 1)  0.016
 287 F   0.99993 0.00004 0.00003 ( 1)  0.013
 288 M   0.99979 0.00011 0.00010 ( 1)  0.013
 289 T   0.99997 0.00002 0.00001 ( 1)  0.013
 290 L   0.72204 0.14779 0.13018 ( 1)  0.287
 291 P   0.99329 0.00357 0.00314 ( 1)  0.020
 292 A   0.99116 0.00470 0.00414 ( 1)  0.022
 293 F   0.99993 0.00004 0.00003 ( 1)  0.013
 294 F   0.99611 0.00207 0.00182 ( 1)  0.017
 295 A   0.99997 0.00002 0.00001 ( 1)  0.013
 296 K   0.99858 0.00075 0.00066 ( 1)  0.014
 297 S   0.97489 0.01335 0.01176 ( 1)  0.038
 298 A   0.99997 0.00002 0.00001 ( 1)  0.013
 299 S   0.02820 0.51668 0.45511 ( 2)  0.972
 300 I   0.99996 0.00002 0.00002 ( 1)  0.013
 301 Y   0.99951 0.00026 0.00023 ( 1)  0.014
 302 N   0.99985 0.00008 0.00007 ( 1)  0.013
 303 P   0.98868 0.00602 0.00530 ( 1)  0.024
 304 V   0.99997 0.00002 0.00002 ( 1)  0.013
 305 I   0.99998 0.00001 0.00001 ( 1)  0.013
 306 Y   0.98304 0.00902 0.00794 ( 1)  0.030
 307 I   0.99998 0.00001 0.00001 ( 1)  0.013
 308 M   0.99979 0.00011 0.00010 ( 1)  0.013
 309 M   0.99979 0.00011 0.00010 ( 1)  0.013
 310 N   0.99978 0.00012 0.00010 ( 1)  0.013
 311 K   0.99858 0.00075 0.00066 ( 1)  0.014
 312 Q   0.99346 0.00348 0.00306 ( 1)  0.020
 313 F   0.99993 0.00004 0.00003 ( 1)  0.013
 314 R   0.99532 0.00249 0.00219 ( 1)  0.018
 315 N   0.99126 0.00465 0.00409 ( 1)  0.022
 316 C   0.99949 0.00027 0.00024 ( 1)  0.014
 317 M   0.99979 0.00011 0.00010 ( 1)  0.013
 318 L   0.58552 0.22037 0.19411 ( 1)  0.422
 319 T   0.99997 0.00002 0.00001 ( 1)  0.013
 320 T   0.99997 0.00002 0.00001 ( 1)  0.013
 321 I   0.99627 0.00199 0.00175 ( 1)  0.017
 322 C   0.99949 0.00027 0.00024 ( 1)  0.014
 323 C   0.99854 0.00078 0.00068 ( 1)  0.014
 324 G   0.99980 0.00010 0.00009 ( 1)  0.013
 325 K   0.90045 0.05293 0.04662 ( 1)  0.111
 326 N   0.99985 0.00008 0.00007 ( 1)  0.013
 327 P   0.98935 0.00566 0.00499 ( 1)  0.024
 328 L   0.99435 0.00300 0.00265 ( 1)  0.019
 329 G   0.98407 0.00847 0.00746 ( 1)  0.029
 330 D   0.99985 0.00008 0.00007 ( 1)  0.013
 331 D   0.63652 0.19325 0.17023 ( 1)  0.372
 332 E   0.99863 0.00073 0.00064 ( 1)  0.014
 333 A   0.99997 0.00002 0.00002 ( 1)  0.013
 334 S   0.99830 0.00090 0.00080 ( 1)  0.015
 335 A   0.99308 0.00368 0.00324 ( 1)  0.020
 336 T   0.99990 0.00005 0.00005 ( 1)  0.013
 337 V   0.97985 0.01071 0.00944 ( 1)  0.033
 338 S   0.99989 0.00006 0.00005 ( 1)  0.013
 339 K   0.99858 0.00075 0.00066 ( 1)  0.014
 340 T   0.99942 0.00031 0.00027 ( 1)  0.014
 341 E   0.99863 0.00073 0.00064 ( 1)  0.014
 342 T   0.99992 0.00004 0.00004 ( 1)  0.013
 343 S   0.99981 0.00010 0.00009 ( 1)  0.013
 344 Q   0.99346 0.00348 0.00306 ( 1)  0.020
 345 V   0.99938 0.00033 0.00029 ( 1)  0.014
 346 A   0.99997 0.00002 0.00001 ( 1)  0.013
 347 P   0.99832 0.00089 0.00079 ( 1)  0.015
 348 A   0.99997 0.00002 0.00002 ( 1)  0.013

Positively selected sites

	Prob(w>1)  mean w



lnL = -2967.069678

Bayes Empirical Bayes (BEB) probabilities for 3 classes (class) & postmean_w
(amino acids refer to 1st sequence: aotNan_RHO_XM_012472901)

   1 M   0.99975 0.00024 0.00001 ( 1)  0.050 +-  0.016
   2 N   0.99150 0.00659 0.00192 ( 1)  0.059 +-  0.102
   3 G   0.99867 0.00119 0.00013 ( 1)  0.051 +-  0.037
   4 T   0.99181 0.00639 0.00180 ( 1)  0.059 +-  0.100
   5 E   0.99326 0.00538 0.00136 ( 1)  0.057 +-  0.089
   6 G   0.99977 0.00022 0.00001 ( 1)  0.050 +-  0.015
   7 P   0.99726 0.00232 0.00042 ( 1)  0.053 +-  0.055
   8 N   0.99982 0.00017 0.00001 ( 1)  0.050 +-  0.013
   9 F   0.99991 0.00008 0.00000 ( 1)  0.050 +-  0.009
  10 Y   0.99937 0.00058 0.00005 ( 1)  0.051 +-  0.025
  11 V   0.99936 0.00059 0.00006 ( 1)  0.051 +-  0.025
  12 P   0.99985 0.00014 0.00001 ( 1)  0.050 +-  0.012
  13 F   0.99991 0.00008 0.00000 ( 1)  0.050 +-  0.009
  14 S   0.99987 0.00013 0.00001 ( 1)  0.050 +-  0.011
  15 N   0.99966 0.00032 0.00002 ( 1)  0.050 +-  0.018
  16 A   0.99958 0.00039 0.00003 ( 1)  0.050 +-  0.020
  17 T   0.99918 0.00075 0.00007 ( 1)  0.051 +-  0.029
  18 G   0.99967 0.00031 0.00002 ( 1)  0.050 +-  0.018
  19 V   0.99926 0.00067 0.00006 ( 1)  0.051 +-  0.027
  20 V   0.99882 0.00105 0.00013 ( 1)  0.051 +-  0.035
  21 R   0.99919 0.00074 0.00006 ( 1)  0.051 +-  0.028
  22 S   0.99977 0.00022 0.00001 ( 1)  0.050 +-  0.015
  23 P   0.99985 0.00014 0.00001 ( 1)  0.050 +-  0.012
  24 F   0.99990 0.00009 0.00000 ( 1)  0.050 +-  0.010
  25 E   0.99838 0.00144 0.00018 ( 1)  0.052 +-  0.041
  26 Y   0.99940 0.00056 0.00005 ( 1)  0.051 +-  0.024
  27 P   0.99731 0.00232 0.00036 ( 1)  0.053 +-  0.054
  28 Q   0.99185 0.00646 0.00170 ( 1)  0.059 +-  0.098
  29 Y   0.99942 0.00053 0.00004 ( 1)  0.051 +-  0.024
  30 Y   0.99942 0.00053 0.00004 ( 1)  0.051 +-  0.024
  31 L   0.99297 0.00562 0.00141 ( 1)  0.057 +-  0.091
  32 A   0.99939 0.00056 0.00005 ( 1)  0.051 +-  0.025
  33 E   0.99838 0.00144 0.00018 ( 1)  0.052 +-  0.041
  34 P   0.96886 0.02018 0.01096 ( 1)  0.088 +-  0.233
  35 W   0.98959 0.00803 0.00238 ( 1)  0.061 +-  0.113
  36 Q   0.99185 0.00646 0.00170 ( 1)  0.059 +-  0.098
  37 F   0.99991 0.00008 0.00000 ( 1)  0.050 +-  0.009
  38 S   0.99987 0.00013 0.00001 ( 1)  0.050 +-  0.011
  39 M   0.99975 0.00024 0.00001 ( 1)  0.050 +-  0.016
  40 L   0.99297 0.00562 0.00141 ( 1)  0.057 +-  0.091
  41 A   0.99996 0.00004 0.00000 ( 1)  0.050 +-  0.006
  42 A   0.99996 0.00004 0.00000 ( 1)  0.050 +-  0.006
  43 Y   0.99942 0.00053 0.00004 ( 1)  0.051 +-  0.024
  44 M   0.99975 0.00024 0.00001 ( 1)  0.050 +-  0.016
  45 F   0.99989 0.00010 0.00000 ( 1)  0.050 +-  0.010
  46 L   0.92238 0.05933 0.01829 ( 1)  0.134 +-  0.300
  47 L   0.99731 0.00228 0.00040 ( 1)  0.053 +-  0.054
  48 I   0.99994 0.00006 0.00000 ( 1)  0.050 +-  0.008
  49 V   0.99926 0.00067 0.00006 ( 1)  0.051 +-  0.027
  50 L   0.99666 0.00279 0.00055 ( 1)  0.053 +-  0.061
  51 G   0.99977 0.00022 0.00001 ( 1)  0.050 +-  0.015
  52 F   0.99991 0.00008 0.00000 ( 1)  0.050 +-  0.009
  53 P   0.99983 0.00016 0.00001 ( 1)  0.050 +-  0.013
  54 I   0.99997 0.00003 0.00000 ( 1)  0.050 +-  0.005
  55 N   0.99982 0.00017 0.00001 ( 1)  0.050 +-  0.013
  56 F   0.99991 0.00008 0.00000 ( 1)  0.050 +-  0.009
  57 L   0.99989 0.00010 0.00000 ( 1)  0.050 +-  0.010
  58 T   0.99922 0.00071 0.00006 ( 1)  0.051 +-  0.028
  59 L   0.99989 0.00010 0.00000 ( 1)  0.050 +-  0.010
  60 Y   0.99936 0.00059 0.00005 ( 1)  0.051 +-  0.025
  61 V   0.99991 0.00009 0.00000 ( 1)  0.050 +-  0.009
  62 T   0.99995 0.00005 0.00000 ( 1)  0.050 +-  0.007
  63 V   0.99996 0.00004 0.00000 ( 1)  0.050 +-  0.006
  64 Q   0.99185 0.00646 0.00170 ( 1)  0.059 +-  0.098
  65 H   0.99953 0.00044 0.00003 ( 1)  0.050 +-  0.022
  66 K   0.99833 0.00149 0.00019 ( 1)  0.052 +-  0.042
  67 K   0.99833 0.00149 0.00019 ( 1)  0.052 +-  0.042
  68 L   0.99292 0.00566 0.00142 ( 1)  0.058 +-  0.091
  69 R   0.99920 0.00074 0.00006 ( 1)  0.051 +-  0.028
  70 T   0.99920 0.00074 0.00007 ( 1)  0.051 +-  0.028
  71 P   0.99061 0.00720 0.00219 ( 1)  0.060 +-  0.108
  72 L   0.99989 0.00010 0.00000 ( 1)  0.050 +-  0.010
  73 N   0.99982 0.00017 0.00001 ( 1)  0.050 +-  0.013
  74 Y   0.99923 0.00070 0.00006 ( 1)  0.051 +-  0.028
  75 I   0.99997 0.00003 0.00000 ( 1)  0.050 +-  0.005
  76 L   0.99297 0.00562 0.00141 ( 1)  0.057 +-  0.091
  77 L   0.99989 0.00010 0.00000 ( 1)  0.050 +-  0.010
  78 N   0.99982 0.00017 0.00001 ( 1)  0.050 +-  0.013
  79 L   0.98128 0.01318 0.00554 ( 1)  0.071 +-  0.165
  80 A   0.99995 0.00005 0.00000 ( 1)  0.050 +-  0.007
  81 V   0.99926 0.00067 0.00006 ( 1)  0.051 +-  0.027
  82 A   0.99979 0.00020 0.00001 ( 1)  0.050 +-  0.014
  83 D   0.99982 0.00017 0.00001 ( 1)  0.050 +-  0.013
  84 L   0.99989 0.00010 0.00000 ( 1)  0.050 +-  0.010
  85 F   0.99991 0.00008 0.00000 ( 1)  0.050 +-  0.009
  86 M   0.99975 0.00024 0.00001 ( 1)  0.050 +-  0.016
  87 V   0.99996 0.00004 0.00000 ( 1)  0.050 +-  0.006
  88 F   0.99524 0.00430 0.00046 ( 1)  0.055 +-  0.070
  89 G   0.97807 0.01520 0.00672 ( 1)  0.075 +-  0.179
  90 G   0.99977 0.00022 0.00001 ( 1)  0.050 +-  0.015
  91 F   0.99991 0.00008 0.00000 ( 1)  0.050 +-  0.009
  92 T   0.99800 0.00188 0.00012 ( 1)  0.052 +-  0.044
  93 T   0.40282 0.51430 0.08288 ( 2)  0.660 +-  0.521
  94 T   0.99995 0.00005 0.00000 ( 1)  0.050 +-  0.007
  95 L   0.99986 0.00013 0.00001 ( 1)  0.050 +-  0.012
  96 Y   0.99942 0.00053 0.00004 ( 1)  0.051 +-  0.024
  97 T   0.99996 0.00004 0.00000 ( 1)  0.050 +-  0.006
  98 S   0.98082 0.01360 0.00558 ( 1)  0.072 +-  0.164
  99 L   0.99297 0.00562 0.00141 ( 1)  0.057 +-  0.091
 100 H   0.98758 0.00924 0.00317 ( 1)  0.064 +-  0.127
 101 G   0.96618 0.02151 0.01231 ( 1)  0.092 +-  0.251
 102 Y   0.99942 0.00053 0.00004 ( 1)  0.051 +-  0.024
 103 F   0.99991 0.00008 0.00000 ( 1)  0.050 +-  0.009
 104 V   0.99907 0.00088 0.00005 ( 1)  0.051 +-  0.030
 105 F   0.99991 0.00008 0.00000 ( 1)  0.050 +-  0.009
 106 G   0.99758 0.00211 0.00031 ( 1)  0.052 +-  0.051
 107 P   0.99984 0.00015 0.00001 ( 1)  0.050 +-  0.012
 108 T   0.97867 0.01479 0.00654 ( 1)  0.075 +-  0.178
 109 G   0.97379 0.01755 0.00866 ( 1)  0.081 +-  0.205
 110 C   0.99940 0.00056 0.00004 ( 1)  0.051 +-  0.024
 111 N   0.98910 0.00830 0.00260 ( 1)  0.062 +-  0.117
 112 L   0.00055 0.43589 0.56356 ( 3)  1.584 +-  0.931
 113 E   0.99809 0.00169 0.00023 ( 1)  0.052 +-  0.045
 114 G   0.99977 0.00022 0.00001 ( 1)  0.050 +-  0.015
 115 F   0.99991 0.00008 0.00000 ( 1)  0.050 +-  0.009
 116 F   0.99080 0.00715 0.00205 ( 1)  0.060 +-  0.106
 117 A   0.99996 0.00004 0.00000 ( 1)  0.050 +-  0.006
 118 T   0.99991 0.00009 0.00000 ( 1)  0.050 +-  0.009
 119 L   0.99297 0.00562 0.00141 ( 1)  0.057 +-  0.091
 120 G   0.99973 0.00025 0.00001 ( 1)  0.050 +-  0.016
 121 G   0.97820 0.01514 0.00666 ( 1)  0.075 +-  0.178
 122 E   0.98140 0.01327 0.00532 ( 1)  0.071 +-  0.160
 123 I   0.99755 0.00212 0.00033 ( 1)  0.052 +-  0.051
 124 A   0.99996 0.00004 0.00000 ( 1)  0.050 +-  0.006
 125 L   0.99297 0.00562 0.00141 ( 1)  0.057 +-  0.091
 126 W   0.98959 0.00803 0.00238 ( 1)  0.061 +-  0.113
 127 S   0.99987 0.00013 0.00001 ( 1)  0.050 +-  0.011
 128 L   0.99592 0.00342 0.00066 ( 1)  0.054 +-  0.067
 129 V   0.99926 0.00067 0.00006 ( 1)  0.051 +-  0.027
 130 V   0.99994 0.00006 0.00000 ( 1)  0.050 +-  0.008
 131 L   0.99297 0.00562 0.00141 ( 1)  0.057 +-  0.091
 132 A   0.99996 0.00004 0.00000 ( 1)  0.050 +-  0.006
 133 I   0.99997 0.00003 0.00000 ( 1)  0.050 +-  0.005
 134 E   0.99767 0.00203 0.00030 ( 1)  0.052 +-  0.050
 135 R   0.99428 0.00469 0.00103 ( 1)  0.056 +-  0.081
 136 Y   0.99429 0.00466 0.00104 ( 1)  0.056 +-  0.081
 137 V   0.99926 0.00067 0.00006 ( 1)  0.051 +-  0.027
 138 V   0.99926 0.00067 0.00006 ( 1)  0.051 +-  0.027
 139 V   0.99926 0.00067 0.00006 ( 1)  0.051 +-  0.027
 140 C   0.97635 0.01620 0.00745 ( 1)  0.077 +-  0.188
 141 K   0.99833 0.00149 0.00019 ( 1)  0.052 +-  0.042
 142 P   0.99985 0.00014 0.00001 ( 1)  0.050 +-  0.012
 143 M   0.99975 0.00024 0.00001 ( 1)  0.050 +-  0.016
 144 S   0.99977 0.00022 0.00001 ( 1)  0.050 +-  0.015
 145 N   0.99982 0.00017 0.00001 ( 1)  0.050 +-  0.013
 146 F   0.99991 0.00008 0.00000 ( 1)  0.050 +-  0.009
 147 R   0.99890 0.00100 0.00010 ( 1)  0.051 +-  0.033
 148 F   0.99942 0.00053 0.00006 ( 1)  0.051 +-  0.024
 149 G   0.99771 0.00200 0.00028 ( 1)  0.052 +-  0.049
 150 E   0.99838 0.00144 0.00018 ( 1)  0.052 +-  0.041
 151 N   0.99982 0.00017 0.00001 ( 1)  0.050 +-  0.013
 152 H   0.97925 0.01454 0.00621 ( 1)  0.074 +-  0.172
 153 A   0.99996 0.00004 0.00000 ( 1)  0.050 +-  0.006
 154 I   0.99997 0.00003 0.00000 ( 1)  0.050 +-  0.005
 155 M   0.99975 0.00024 0.00001 ( 1)  0.050 +-  0.016
 156 G   0.99977 0.00022 0.00001 ( 1)  0.050 +-  0.015
 157 V   0.94115 0.04335 0.01550 ( 1)  0.116 +-  0.276
 158 A   0.97552 0.02279 0.00169 ( 1)  0.074 +-  0.154
 159 F   0.99991 0.00008 0.00000 ( 1)  0.050 +-  0.009
 160 T   0.99995 0.00005 0.00000 ( 1)  0.050 +-  0.007
 161 W   0.98959 0.00803 0.00238 ( 1)  0.061 +-  0.113
 162 V   0.99887 0.00108 0.00006 ( 1)  0.051 +-  0.033
 163 M   0.99975 0.00024 0.00001 ( 1)  0.050 +-  0.016
 164 A   0.99902 0.00089 0.00009 ( 1)  0.051 +-  0.032
 165 L   0.99301 0.00559 0.00140 ( 1)  0.057 +-  0.091
 166 A   0.99996 0.00004 0.00000 ( 1)  0.050 +-  0.006
 167 C   0.99710 0.00250 0.00039 ( 1)  0.053 +-  0.056
 168 A   0.99992 0.00008 0.00000 ( 1)  0.050 +-  0.009
 169 A   0.97906 0.01456 0.00637 ( 1)  0.074 +-  0.175
 170 P   0.99976 0.00023 0.00001 ( 1)  0.050 +-  0.015
 171 P   0.99978 0.00021 0.00001 ( 1)  0.050 +-  0.014
 172 L   0.99972 0.00026 0.00002 ( 1)  0.050 +-  0.017
 173 A   0.50519 0.43197 0.06284 ( 1)  0.552 +-  0.522
 174 G   0.99977 0.00022 0.00001 ( 1)  0.050 +-  0.015
 175 W   0.98959 0.00803 0.00238 ( 1)  0.061 +-  0.113
 176 S   0.99987 0.00013 0.00001 ( 1)  0.050 +-  0.011
 177 R   0.99745 0.00222 0.00033 ( 1)  0.053 +-  0.052
 178 Y   0.99942 0.00053 0.00004 ( 1)  0.051 +-  0.024
 179 I   0.99995 0.00004 0.00000 ( 1)  0.050 +-  0.007
 180 P   0.99613 0.00361 0.00026 ( 1)  0.054 +-  0.062
 181 E   0.99838 0.00144 0.00018 ( 1)  0.052 +-  0.041
 182 G   0.99966 0.00032 0.00002 ( 1)  0.050 +-  0.018
 183 M   0.55714 0.33207 0.11078 ( 1)  0.537 +-  0.586
 184 Q   0.99185 0.00646 0.00170 ( 1)  0.059 +-  0.098
 185 C   0.99940 0.00056 0.00004 ( 1)  0.051 +-  0.024
 186 S   0.99434 0.00460 0.00106 ( 1)  0.056 +-  0.081
 187 C   0.99727 0.00236 0.00038 ( 1)  0.053 +-  0.054
 188 G   0.98946 0.00805 0.00249 ( 1)  0.061 +-  0.115
 189 I   0.99997 0.00003 0.00000 ( 1)  0.050 +-  0.005
 190 D   0.99982 0.00017 0.00001 ( 1)  0.050 +-  0.013
 191 Y   0.99942 0.00053 0.00004 ( 1)  0.051 +-  0.024
 192 Y   0.99924 0.00070 0.00006 ( 1)  0.051 +-  0.028
 193 T   0.99903 0.00087 0.00009 ( 1)  0.051 +-  0.031
 194 L   0.99988 0.00012 0.00001 ( 1)  0.050 +-  0.011
 195 K   0.99833 0.00149 0.00019 ( 1)  0.052 +-  0.042
 196 P   0.98791 0.00911 0.00298 ( 1)  0.063 +-  0.124
 197 E   0.99838 0.00144 0.00018 ( 1)  0.052 +-  0.041
 198 V   0.99996 0.00004 0.00000 ( 1)  0.050 +-  0.006
 199 N   0.99982 0.00017 0.00001 ( 1)  0.050 +-  0.013
 200 N   0.99970 0.00028 0.00002 ( 1)  0.050 +-  0.017
 201 E   0.99838 0.00144 0.00018 ( 1)  0.052 +-  0.041
 202 S   0.99984 0.00015 0.00001 ( 1)  0.050 +-  0.012
 203 F   0.99666 0.00279 0.00055 ( 1)  0.053 +-  0.061
 204 V   0.99988 0.00011 0.00001 ( 1)  0.050 +-  0.011
 205 I   0.99997 0.00003 0.00000 ( 1)  0.050 +-  0.005
 206 Y   0.99942 0.00053 0.00004 ( 1)  0.051 +-  0.024
 207 M   0.99975 0.00024 0.00001 ( 1)  0.050 +-  0.016
 208 F   0.99987 0.00013 0.00001 ( 1)  0.050 +-  0.011
 209 V   0.99926 0.00067 0.00006 ( 1)  0.051 +-  0.027
 210 V   0.99996 0.00004 0.00000 ( 1)  0.050 +-  0.006
 211 H   0.99953 0.00044 0.00003 ( 1)  0.050 +-  0.022
 212 F   0.99991 0.00008 0.00000 ( 1)  0.050 +-  0.009
 213 T   0.95001 0.04568 0.00431 ( 1)  0.100 +-  0.219
 214 I   0.99997 0.00003 0.00000 ( 1)  0.050 +-  0.005
 215 P   0.99985 0.00014 0.00001 ( 1)  0.050 +-  0.012
 216 M   0.77690 0.18727 0.03582 ( 1)  0.281 +-  0.440
 217 I   0.18904 0.49261 0.31834 ( 2)  1.073 +-  0.725
 218 V   0.07913 0.78110 0.13977 ( 2)  0.998 +-  0.337
 219 I   0.99997 0.00003 0.00000 ( 1)  0.050 +-  0.005
 220 F   0.99927 0.00066 0.00007 ( 1)  0.051 +-  0.027
 221 F   0.99986 0.00013 0.00001 ( 1)  0.050 +-  0.012
 222 C   0.99940 0.00056 0.00004 ( 1)  0.051 +-  0.024
 223 Y   0.98896 0.00843 0.00262 ( 1)  0.062 +-  0.117
 224 G   0.99721 0.00241 0.00038 ( 1)  0.053 +-  0.055
 225 Q   0.99185 0.00646 0.00170 ( 1)  0.059 +-  0.098
 226 L   0.99917 0.00075 0.00008 ( 1)  0.051 +-  0.029
 227 V   0.99996 0.00004 0.00000 ( 1)  0.050 +-  0.006
 228 F   0.99991 0.00008 0.00000 ( 1)  0.050 +-  0.009
 229 T   0.99994 0.00006 0.00000 ( 1)  0.050 +-  0.008
 230 V   0.99993 0.00007 0.00000 ( 1)  0.050 +-  0.008
 231 K   0.99833 0.00149 0.00019 ( 1)  0.052 +-  0.042
 232 E   0.99838 0.00144 0.00018 ( 1)  0.052 +-  0.041
 233 A   0.99988 0.00012 0.00001 ( 1)  0.050 +-  0.011
 234 A   0.50338 0.36360 0.13302 ( 1)  0.603 +-  0.605
 235 A   0.99996 0.00004 0.00000 ( 1)  0.050 +-  0.006
 236 Q   0.99185 0.00646 0.00170 ( 1)  0.059 +-  0.098
 237 Q   0.99109 0.00699 0.00192 ( 1)  0.060 +-  0.103
 238 Q   0.99185 0.00646 0.00170 ( 1)  0.059 +-  0.098
 239 E   0.99838 0.00144 0.00018 ( 1)  0.052 +-  0.041
 240 S   0.99355 0.00519 0.00126 ( 1)  0.057 +-  0.087
 241 A   0.99996 0.00004 0.00000 ( 1)  0.050 +-  0.006
 242 T   0.99996 0.00004 0.00000 ( 1)  0.050 +-  0.006
 243 T   0.97390 0.01754 0.00856 ( 1)  0.081 +-  0.202
 244 Q   0.99185 0.00646 0.00170 ( 1)  0.059 +-  0.098
 245 K   0.99833 0.00149 0.00019 ( 1)  0.052 +-  0.042
 246 A   0.97645 0.01612 0.00743 ( 1)  0.077 +-  0.188
 247 E   0.99838 0.00144 0.00018 ( 1)  0.052 +-  0.041
 248 K   0.99619 0.00322 0.00059 ( 1)  0.054 +-  0.065
 249 E   0.99838 0.00144 0.00018 ( 1)  0.052 +-  0.041
 250 V   0.99996 0.00004 0.00000 ( 1)  0.050 +-  0.006
 251 T   0.99986 0.00014 0.00001 ( 1)  0.050 +-  0.012
 252 R   0.99854 0.00131 0.00015 ( 1)  0.051 +-  0.039
 253 M   0.99975 0.00024 0.00001 ( 1)  0.050 +-  0.016
 254 V   0.99996 0.00004 0.00000 ( 1)  0.050 +-  0.006
 255 I   0.99997 0.00003 0.00000 ( 1)  0.050 +-  0.005
 256 I   0.99997 0.00003 0.00000 ( 1)  0.050 +-  0.005
 257 M   0.99975 0.00024 0.00001 ( 1)  0.050 +-  0.016
 258 V   0.99996 0.00004 0.00000 ( 1)  0.050 +-  0.006
 259 I   0.99997 0.00003 0.00000 ( 1)  0.050 +-  0.005
 260 A   0.99761 0.00201 0.00038 ( 1)  0.052 +-  0.052
 261 F   0.99991 0.00008 0.00000 ( 1)  0.050 +-  0.009
 262 L   0.99297 0.00562 0.00141 ( 1)  0.057 +-  0.091
 263 I   0.99997 0.00003 0.00000 ( 1)  0.050 +-  0.005
 264 C   0.99789 0.00185 0.00026 ( 1)  0.052 +-  0.047
 265 W   0.98959 0.00803 0.00238 ( 1)  0.061 +-  0.113
 266 V   0.59709 0.31530 0.08761 ( 1)  0.481 +-  0.548
 267 P   0.99985 0.00014 0.00001 ( 1)  0.050 +-  0.012
 268 Y   0.99801 0.00173 0.00026 ( 1)  0.052 +-  0.046
 269 A   0.99975 0.00023 0.00001 ( 1)  0.050 +-  0.015
 270 S   0.86586 0.11782 0.01632 ( 1)  0.186 +-  0.351
 271 V   0.99926 0.00067 0.00006 ( 1)  0.051 +-  0.027
 272 A   0.97946 0.01433 0.00621 ( 1)  0.074 +-  0.173
 273 F   0.99991 0.00008 0.00000 ( 1)  0.050 +-  0.009
 274 Y   0.99942 0.00053 0.00004 ( 1)  0.051 +-  0.024
 275 I   0.99997 0.00003 0.00000 ( 1)  0.050 +-  0.005
 276 F   0.99991 0.00008 0.00000 ( 1)  0.050 +-  0.009
 277 T   0.99987 0.00012 0.00001 ( 1)  0.050 +-  0.011
 278 H   0.99953 0.00044 0.00003 ( 1)  0.050 +-  0.022
 279 Q   0.99185 0.00646 0.00170 ( 1)  0.059 +-  0.098
 280 G   0.99977 0.00022 0.00001 ( 1)  0.050 +-  0.015
 281 S   0.99987 0.00013 0.00001 ( 1)  0.050 +-  0.011
 282 N   0.99982 0.00017 0.00001 ( 1)  0.050 +-  0.013
 283 F   0.99985 0.00014 0.00001 ( 1)  0.050 +-  0.012
 284 G   0.98319 0.01211 0.00470 ( 1)  0.069 +-  0.152
 285 P   0.99985 0.00014 0.00001 ( 1)  0.050 +-  0.012
 286 I   0.99892 0.00102 0.00006 ( 1)  0.051 +-  0.032
 287 F   0.99991 0.00008 0.00000 ( 1)  0.050 +-  0.009
 288 M   0.99975 0.00024 0.00001 ( 1)  0.050 +-  0.016
 289 T   0.99996 0.00004 0.00000 ( 1)  0.050 +-  0.006
 290 L   0.96670 0.03051 0.00279 ( 1)  0.083 +-  0.180
 291 P   0.99150 0.00664 0.00187 ( 1)  0.059 +-  0.102
 292 A   0.98870 0.00863 0.00267 ( 1)  0.062 +-  0.118
 293 F   0.99991 0.00008 0.00000 ( 1)  0.050 +-  0.009
 294 F   0.99527 0.00393 0.00080 ( 1)  0.055 +-  0.073
 295 A   0.99996 0.00004 0.00000 ( 1)  0.050 +-  0.006
 296 K   0.99833 0.00149 0.00019 ( 1)  0.052 +-  0.042
 297 S   0.99167 0.00747 0.00086 ( 1)  0.058 +-  0.092
 298 A   0.99996 0.00004 0.00000 ( 1)  0.050 +-  0.006
 299 S   0.54921 0.40003 0.05076 ( 1)  0.504 +-  0.514
 300 I   0.99995 0.00005 0.00000 ( 1)  0.050 +-  0.007
 301 Y   0.99942 0.00053 0.00004 ( 1)  0.051 +-  0.024
 302 N   0.99982 0.00017 0.00001 ( 1)  0.050 +-  0.013
 303 P   0.98505 0.01094 0.00401 ( 1)  0.067 +-  0.141
 304 V   0.99996 0.00004 0.00000 ( 1)  0.050 +-  0.006
 305 I   0.99997 0.00003 0.00000 ( 1)  0.050 +-  0.005
 306 Y   0.97652 0.01608 0.00740 ( 1)  0.077 +-  0.188
 307 I   0.99997 0.00003 0.00000 ( 1)  0.050 +-  0.005
 308 M   0.99975 0.00024 0.00001 ( 1)  0.050 +-  0.016
 309 M   0.99975 0.00024 0.00001 ( 1)  0.050 +-  0.016
 310 N   0.99973 0.00025 0.00002 ( 1)  0.050 +-  0.016
 311 K   0.99833 0.00149 0.00019 ( 1)  0.052 +-  0.042
 312 Q   0.99185 0.00646 0.00170 ( 1)  0.059 +-  0.098
 313 F   0.99991 0.00008 0.00000 ( 1)  0.050 +-  0.009
 314 R   0.99428 0.00469 0.00103 ( 1)  0.056 +-  0.081
 315 N   0.99709 0.00270 0.00021 ( 1)  0.053 +-  0.054
 316 C   0.99940 0.00056 0.00004 ( 1)  0.051 +-  0.024
 317 M   0.99975 0.00024 0.00001 ( 1)  0.050 +-  0.016
 318 L   0.94074 0.05325 0.00602 ( 1)  0.109 +-  0.240
 319 T   0.99996 0.00004 0.00000 ( 1)  0.050 +-  0.006
 320 T   0.99996 0.00004 0.00000 ( 1)  0.050 +-  0.006
 321 I   0.99874 0.00120 0.00007 ( 1)  0.051 +-  0.035
 322 C   0.99940 0.00056 0.00004 ( 1)  0.051 +-  0.024
 323 C   0.99827 0.00153 0.00019 ( 1)  0.052 +-  0.042
 324 G   0.99977 0.00022 0.00001 ( 1)  0.050 +-  0.015
 325 K   0.96516 0.02926 0.00558 ( 1)  0.086 +-  0.193
 326 N   0.99982 0.00017 0.00001 ( 1)  0.050 +-  0.013
 327 P   0.98611 0.01031 0.00358 ( 1)  0.065 +-  0.134
 328 L   0.99297 0.00562 0.00141 ( 1)  0.057 +-  0.091
 329 G   0.97820 0.01514 0.00666 ( 1)  0.075 +-  0.178
 330 D   0.99982 0.00017 0.00001 ( 1)  0.050 +-  0.013
 331 D   0.82420 0.12130 0.05450 ( 1)  0.251 +-  0.462
 332 E   0.99838 0.00144 0.00018 ( 1)  0.052 +-  0.041
 333 A   0.99996 0.00004 0.00000 ( 1)  0.050 +-  0.006
 334 S   0.99789 0.00180 0.00032 ( 1)  0.052 +-  0.048
 335 A   0.99771 0.00215 0.00014 ( 1)  0.052 +-  0.047
 336 T   0.99987 0.00012 0.00001 ( 1)  0.050 +-  0.011
 337 V   0.99328 0.00604 0.00068 ( 1)  0.057 +-  0.083
 338 S   0.99987 0.00013 0.00001 ( 1)  0.050 +-  0.011
 339 K   0.99833 0.00149 0.00019 ( 1)  0.052 +-  0.042
 340 T   0.99931 0.00063 0.00006 ( 1)  0.051 +-  0.026
 341 E   0.99838 0.00144 0.00018 ( 1)  0.052 +-  0.041
 342 T   0.99990 0.00010 0.00000 ( 1)  0.050 +-  0.010
 343 S   0.99977 0.00022 0.00001 ( 1)  0.050 +-  0.015
 344 Q   0.99185 0.00646 0.00170 ( 1)  0.059 +-  0.098
 345 V   0.99926 0.00067 0.00006 ( 1)  0.051 +-  0.027
 346 A   0.99996 0.00004 0.00000 ( 1)  0.050 +-  0.006
 347 P   0.99801 0.00175 0.00024 ( 1)  0.052 +-  0.046
 348 A   0.99996 0.00004 0.00000 ( 1)  0.050 +-  0.006

Positively selected sites

	Prob(w>1)  mean w

   112 L      0.564         1.584 +- 0.931

