Supplemental results for CODEML (seqf: algn  treef: tree)


dN/dS (w) for site classes (K=2)

p:   0.44884  0.55116
w:   0.06170  1.00000

Naive Empirical Bayes (NEB) probabilities for 2 classes & postmean_w
(amino acids refer to 1st sequence: ateGeo_Zc3hav1_EF494431)

   1 M   0.92588 0.07412 ( 1)  0.131
   2 A   0.84044 0.15956 ( 1)  0.211
   3 D   0.92635 0.07365 ( 1)  0.131
   4 P   0.79221 0.20779 ( 1)  0.257
   5 E   0.35259 0.64741 ( 2)  0.669
   6 V   0.83656 0.16344 ( 1)  0.215
   7 C   0.84032 0.15968 ( 1)  0.212
   8 C   0.83540 0.16460 ( 1)  0.216
   9 F   0.85115 0.14885 ( 1)  0.201
  10 I   0.89365 0.10635 ( 1)  0.161
  11 T   0.87714 0.12286 ( 1)  0.177
  12 K   0.86100 0.13900 ( 1)  0.192
  13 I   0.89365 0.10635 ( 1)  0.161
  14 L   0.72275 0.27725 ( 1)  0.322
  15 C   0.84032 0.15968 ( 1)  0.212
  16 A   0.29975 0.70025 ( 2)  0.719
  17 H   0.89149 0.10851 ( 1)  0.164
  18 G   0.01957 0.98043 ( 2)  0.982
  19 G   0.87793 0.12207 ( 1)  0.176
  20 R   0.83432 0.16568 ( 1)  0.217
  21 M   0.92588 0.07412 ( 1)  0.131
  22 A   0.00121 0.99879 ( 2)  0.999
  23 M   0.17452 0.82548 ( 2)  0.836
  24 D   0.92725 0.07275 ( 1)  0.130
  25 A   0.01987 0.98013 ( 2)  0.981
  26 L   0.72247 0.27753 ( 1)  0.322
  27 L   0.82890 0.17110 ( 1)  0.222
  28 Q   0.00001 0.99999 ( 2)  1.000
  29 E   0.00185 0.99815 ( 2)  0.998
  30 I   0.89365 0.10635 ( 1)  0.161
  31 K   0.00007 0.99993 ( 2)  1.000
  32 L   0.76798 0.23202 ( 1)  0.279
  33 S   0.01443 0.98557 ( 2)  0.986
  34 E   0.89965 0.10035 ( 1)  0.156
  35 A   0.00006 0.99994 ( 2)  1.000
  36 Q   0.80564 0.19436 ( 1)  0.244
  37 L   0.82890 0.17110 ( 1)  0.222
  38 C   0.00000 1.00000 ( 2)  1.000
  39 E   0.34919 0.65081 ( 2)  0.672
  40 V   0.17949 0.82051 ( 2)  0.832
  41 L   0.72275 0.27725 ( 1)  0.322
  42 Q   0.23121 0.76879 ( 2)  0.783
  43 V   0.01365 0.98635 ( 2)  0.987
  44 A   0.87447 0.12553 ( 1)  0.179
  45 G   0.84667 0.15333 ( 1)  0.206
  46 P   0.83379 0.16621 ( 1)  0.218
  47 D   0.92560 0.07440 ( 1)  0.132
  48 R   0.83506 0.16494 ( 1)  0.216
  49 F   0.84752 0.15248 ( 1)  0.205
  50 V   0.83097 0.16903 ( 1)  0.220
  51 V   0.23967 0.76033 ( 2)  0.775
  52 L   0.72319 0.27681 ( 1)  0.321
  53 E   0.89335 0.10665 ( 1)  0.162
  54 T   0.85731 0.14269 ( 1)  0.196
  55 R   0.00010 0.99990 ( 2)  1.000
  56 G   0.02705 0.97295 ( 2)  0.975
  57 V   0.00008 0.99992 ( 2)  1.000
  58 A   0.29946 0.70054 ( 2)  0.719
  59 G   0.83679 0.16321 ( 1)  0.215
  60 V   0.27025 0.72975 ( 2)  0.746
  61 T   0.87714 0.12286 ( 1)  0.177
  62 R   0.70192 0.29808 ( 1)  0.341
  63 S   0.15839 0.84161 ( 2)  0.851
  64 V   0.83656 0.16344 ( 1)  0.215
  65 V   0.83656 0.16344 ( 1)  0.215
  66 A   0.87447 0.12553 ( 1)  0.179
  67 T   0.28287 0.71713 ( 2)  0.735
  68 T   0.86572 0.13428 ( 1)  0.188
  69 R   0.65104 0.34896 ( 1)  0.389
  70 A   0.87447 0.12553 ( 1)  0.179
  71 R   0.77117 0.22883 ( 1)  0.276
  72 V   0.87085 0.12915 ( 1)  0.183
  73 C   0.84032 0.15968 ( 1)  0.212
  74 R   0.82267 0.17733 ( 1)  0.228
  75 R   0.83506 0.16494 ( 1)  0.216
  76 K   0.90339 0.09661 ( 1)  0.152
  77 Y   0.85603 0.14397 ( 1)  0.197
  78 C   0.84032 0.15968 ( 1)  0.212
  79 R   0.01400 0.98600 ( 2)  0.987
  80 S   0.23702 0.76298 ( 2)  0.778
  81 P   0.00114 0.99886 ( 2)  0.999
  82 C   0.84015 0.15985 ( 1)  0.212
  83 D   0.41403 0.58597 ( 2)  0.612
  84 N   0.92932 0.07068 ( 1)  0.128
  85 L   0.72275 0.27725 ( 1)  0.322
  86 H   0.88440 0.11560 ( 1)  0.170
  87 L   0.82890 0.17110 ( 1)  0.222
  88 C   0.84032 0.15968 ( 1)  0.212
  89 K   0.90151 0.09849 ( 1)  0.154
  90 L   0.82890 0.17110 ( 1)  0.222
  91 N   0.92776 0.07224 ( 1)  0.129
  92 L   0.71965 0.28035 ( 1)  0.325
  93 L   0.73253 0.26747 ( 1)  0.313
  94 G   0.87762 0.12238 ( 1)  0.177
  95 R   0.77117 0.22883 ( 1)  0.276
  96 C   0.84032 0.15968 ( 1)  0.212
  97 N   0.92932 0.07068 ( 1)  0.128
  98 Y   0.84410 0.15590 ( 1)  0.208
  99 S   0.77216 0.22784 ( 1)  0.275
 100 Q   0.20450 0.79550 ( 2)  0.808
 101 S   0.75988 0.24012 ( 1)  0.287
 102 D   0.02946 0.97054 ( 2)  0.972
 103 R   0.77611 0.22389 ( 1)  0.272
 104 N   0.92014 0.07986 ( 1)  0.137
 105 L   0.10700 0.89300 ( 2)  0.900
 106 C   0.83746 0.16254 ( 1)  0.214
 107 K   0.85820 0.14180 ( 1)  0.195
 108 Y   0.84123 0.15877 ( 1)  0.211
 109 S   0.81385 0.18615 ( 1)  0.236
 110 H   0.88175 0.11825 ( 1)  0.173
 111 E   0.89714 0.10286 ( 1)  0.158
 112 V   0.85876 0.14124 ( 1)  0.194
 113 L   0.82600 0.17400 ( 1)  0.225
 114 S   0.70061 0.29939 ( 1)  0.343
 115 E   0.01886 0.98114 ( 2)  0.982
 116 D   0.03230 0.96770 ( 2)  0.970
 117 N   0.92717 0.07283 ( 1)  0.130
 118 F   0.01668 0.98332 ( 2)  0.984
 119 R   0.00007 0.99993 ( 2)  1.000
 120 V   0.02353 0.97647 ( 2)  0.978
 121 L   0.71506 0.28494 ( 1)  0.329
 122 K   0.86121 0.13879 ( 1)  0.192
 123 N   0.00000 1.00000 ( 2)  1.000
 124 H   0.88434 0.11566 ( 1)  0.170
 125 E   0.86857 0.13143 ( 1)  0.185
 126 L   0.82352 0.17648 ( 1)  0.227
 127 S   0.81385 0.18615 ( 1)  0.236
 128 G   0.77357 0.22643 ( 1)  0.274
 129 L   0.80457 0.19543 ( 1)  0.245
 130 N   0.92557 0.07443 ( 1)  0.132
 131 Q   0.18184 0.81816 ( 2)  0.829
 132 E   0.89714 0.10286 ( 1)  0.158
 133 E   0.85288 0.14712 ( 1)  0.200
 134 L   0.65992 0.34008 ( 1)  0.381
 135 A   0.00000 1.00000 ( 2)  1.000
 136 V   0.83367 0.16633 ( 1)  0.218
 137 L   0.82500 0.17500 ( 1)  0.226
 138 L   0.82581 0.17419 ( 1)  0.225
 139 V   0.01722 0.98278 ( 2)  0.984
 140 Q   0.75727 0.24273 ( 1)  0.289
 141 S   0.89891 0.10109 ( 1)  0.157
 142 D   0.91737 0.08263 ( 1)  0.139
 143 P   0.81854 0.18146 ( 1)  0.232
 144 F   0.83755 0.16245 ( 1)  0.214
 145 F   0.83746 0.16254 ( 1)  0.214
 146 M   0.92396 0.07604 ( 1)  0.133
 147 P   0.82032 0.17968 ( 1)  0.230
 148 E   0.89743 0.10257 ( 1)  0.158
 149 I   0.27664 0.72336 ( 2)  0.740
 150 C   0.01933 0.98067 ( 2)  0.982
 151 K   0.86131 0.13869 ( 1)  0.192
 152 S   0.00007 0.99993 ( 2)  1.000
 153 Y   0.84568 0.15432 ( 1)  0.206
 154 K   0.03402 0.96598 ( 2)  0.968
 155 G   0.76420 0.23580 ( 1)  0.283
 156 E   0.35370 0.64630 ( 2)  0.668
 157 G   0.86672 0.13328 ( 1)  0.187
 158 R   0.75459 0.24541 ( 1)  0.292
 159 Q   0.01693 0.98307 ( 2)  0.984
 160 Q   0.80597 0.19403 ( 1)  0.244
 161 I   0.88392 0.11608 ( 1)  0.171
 162 -   0.44884 0.55116 ( 2)  0.579
 163 -   0.44884 0.55116 ( 2)  0.579
 164 -   0.44884 0.55116 ( 2)  0.579
 165 -   0.44884 0.55116 ( 2)  0.579
 166 -   0.44884 0.55116 ( 2)  0.579
 167 -   0.44884 0.55116 ( 2)  0.579
 168 -   0.44884 0.55116 ( 2)  0.579
 169 -   0.44884 0.55116 ( 2)  0.579
 170 -   0.44884 0.55116 ( 2)  0.579
 171 -   0.44884 0.55116 ( 2)  0.579
 172 -   0.44884 0.55116 ( 2)  0.579
 173 C   0.82520 0.17480 ( 1)  0.226
 174 S   0.03570 0.96430 ( 2)  0.966
 175 Q   0.80164 0.19836 ( 1)  0.248
 176 Q   0.19909 0.80091 ( 2)  0.813
 177 P   0.75357 0.24643 ( 1)  0.293
 178 P   0.00077 0.99923 ( 2)  0.999
 179 C   0.82472 0.17528 ( 1)  0.226
 180 G   0.00048 0.99952 ( 2)  1.000
 181 R   0.81192 0.18808 ( 1)  0.238
 182 L   0.82491 0.17509 ( 1)  0.226
 183 H   0.89009 0.10991 ( 1)  0.165
 184 I   0.89393 0.10607 ( 1)  0.161
 185 C   0.82901 0.17099 ( 1)  0.222
 186 D   0.43650 0.56350 ( 2)  0.590
 187 H   0.89391 0.10609 ( 1)  0.161
 188 -   0.44884 0.55116 ( 2)  0.579
 189 -   0.44884 0.55116 ( 2)  0.579
 190 -   0.44884 0.55116 ( 2)  0.579
 191 -   0.44884 0.55116 ( 2)  0.579
 192 -   0.44884 0.55116 ( 2)  0.579
 193 -   0.44884 0.55116 ( 2)  0.579
 194 F   0.84726 0.15274 ( 1)  0.205
 195 T   0.86806 0.13194 ( 1)  0.185
 196 R   0.64811 0.35189 ( 1)  0.392
 197 G   0.84596 0.15404 ( 1)  0.206
 198 N   0.92472 0.07528 ( 1)  0.132
 199 C   0.82472 0.17528 ( 1)  0.226
 200 R   0.01824 0.98176 ( 2)  0.983
 201 F   0.23302 0.76698 ( 2)  0.781
 202 P   0.21777 0.78223 ( 2)  0.796
 203 N   0.92801 0.07199 ( 1)  0.129
 204 C   0.83547 0.16453 ( 1)  0.216
 205 L   0.23028 0.76972 ( 2)  0.784
 206 R   0.01401 0.98599 ( 2)  0.987
 207 S   0.82950 0.17050 ( 1)  0.222
 208 H   0.31951 0.68049 ( 2)  0.700
 209 N   0.44366 0.55634 ( 2)  0.584
 210 L   0.72305 0.27695 ( 1)  0.322
 211 M   0.92613 0.07387 ( 1)  0.131
 212 D   0.92750 0.07250 ( 1)  0.130
 213 R   0.81575 0.18425 ( 1)  0.235
 214 K   0.90366 0.09634 ( 1)  0.152
 215 V   0.83259 0.16741 ( 1)  0.219
 216 L   0.72305 0.27695 ( 1)  0.322
 217 A   0.26142 0.73858 ( 2)  0.755
 218 I   0.31794 0.68206 ( 2)  0.702
 219 M   0.92613 0.07387 ( 1)  0.131
 220 R   0.87231 0.12769 ( 1)  0.182
 221 E   0.02778 0.97222 ( 2)  0.974
 222 H   0.88502 0.11498 ( 1)  0.170
 223 G   0.83864 0.16136 ( 1)  0.213
 224 L   0.71912 0.28088 ( 1)  0.325
 225 S   0.00223 0.99777 ( 2)  0.998
 226 P   0.19104 0.80896 ( 2)  0.821
 227 D   0.92407 0.07593 ( 1)  0.133
 228 V   0.83259 0.16741 ( 1)  0.219
 229 V   0.86273 0.13727 ( 1)  0.190
 230 Q   0.80164 0.19836 ( 1)  0.248
 231 N   0.38418 0.61582 ( 2)  0.640
 232 I   0.89011 0.10989 ( 1)  0.165
 233 Q   0.79540 0.20460 ( 1)  0.254
 234 D   0.92426 0.07574 ( 1)  0.133
 235 I   0.89011 0.10989 ( 1)  0.165
 236 C   0.83639 0.16361 ( 1)  0.215
 237 N   0.92637 0.07363 ( 1)  0.131
 238 S   0.91065 0.08935 ( 1)  0.146
 239 K   0.36581 0.63419 ( 2)  0.657
 240 -   0.44884 0.55116 ( 2)  0.579
 241 -   0.44884 0.55116 ( 2)  0.579
 242 -   0.44884 0.55116 ( 2)  0.579
 243 -   0.44884 0.55116 ( 2)  0.579
 244 -   0.44884 0.55116 ( 2)  0.579
 245 -   0.44884 0.55116 ( 2)  0.579
 246 -   0.44884 0.55116 ( 2)  0.579
 247 -   0.44884 0.55116 ( 2)  0.579
 248 -   0.44884 0.55116 ( 2)  0.579
 249 -   0.44884 0.55116 ( 2)  0.579
 250 -   0.44884 0.55116 ( 2)  0.579
 251 -   0.44884 0.55116 ( 2)  0.579
 252 -   0.44884 0.55116 ( 2)  0.579
 253 -   0.44884 0.55116 ( 2)  0.579
 254 -   0.44884 0.55116 ( 2)  0.579
 255 -   0.44884 0.55116 ( 2)  0.579
 256 H   0.89235 0.10765 ( 1)  0.163
 257 M   0.02250 0.97750 ( 2)  0.979
 258 Q   0.17899 0.82101 ( 2)  0.832
 259 K   0.33212 0.66788 ( 2)  0.688
 260 N   0.92677 0.07323 ( 1)  0.130
 261 A   0.00000 1.00000 ( 2)  1.000
 262 M   0.00000 1.00000 ( 2)  1.000
 263 G   0.01895 0.98105 ( 2)  0.982
 264 P   0.00351 0.99649 ( 2)  0.997
 265 R   0.10545 0.89455 ( 2)  0.901
 266 A   0.86326 0.13674 ( 1)  0.190
 267 P   0.82178 0.17822 ( 1)  0.229
 268 -   0.00059 0.99941 ( 2)  0.999
 269 T   0.00003 0.99997 ( 2)  1.000
 270 H   0.88470 0.11530 ( 1)  0.170
 271 R   0.22304 0.77696 ( 2)  0.791
 272 G   0.19858 0.80142 ( 2)  0.814
 273 N   0.00205 0.99795 ( 2)  0.998
 274 M   0.00010 0.99990 ( 2)  1.000
 275 A   0.17032 0.82968 ( 2)  0.840
 276 H   0.00128 0.99872 ( 2)  0.999
 277 R   0.25588 0.74412 ( 2)  0.760
 278 P   0.00007 0.99993 ( 2)  1.000
 279 R   0.81642 0.18358 ( 1)  0.234
 280 S   0.91080 0.08920 ( 1)  0.145
 281 K   0.86541 0.13459 ( 1)  0.188
 282 S   0.90269 0.09731 ( 1)  0.153
 283 R   0.81587 0.18413 ( 1)  0.234
 284 D   0.38111 0.61889 ( 2)  0.642
 285 R   0.72734 0.27266 ( 1)  0.318
 286 F   0.85164 0.14836 ( 1)  0.201
 287 F   0.01820 0.98180 ( 2)  0.983
 288 Q   0.01594 0.98406 ( 2)  0.985
 289 G   0.12131 0.87869 ( 2)  0.886
 290 S   0.91080 0.08920 ( 1)  0.145
 291 Q   0.77600 0.22400 ( 1)  0.272
 292 E   0.85619 0.14381 ( 1)  0.197
 293 F   0.24492 0.75508 ( 2)  0.770
 294 L   0.81021 0.18979 ( 1)  0.240
 295 A   0.00083 0.99917 ( 2)  0.999
 296 S   0.81747 0.18253 ( 1)  0.233
 297 A   0.81836 0.18164 ( 1)  0.232
 298 -   0.64142 0.35858 ( 1)  0.398
 299 -   0.74991 0.25009 ( 1)  0.296
 300 -   0.80622 0.19378 ( 1)  0.244
 301 -   0.01905 0.98095 ( 2)  0.982
 302 Q   0.21392 0.78608 ( 2)  0.799
 303 R   0.87947 0.12053 ( 1)  0.175
 304 T   0.23627 0.76373 ( 2)  0.778
 305 C   0.21766 0.78234 ( 2)  0.796
 306 T   0.83838 0.16162 ( 1)  0.213
 307 P   0.82744 0.17256 ( 1)  0.224
 308 S   0.90183 0.09817 ( 1)  0.154
 309 P   0.74658 0.25342 ( 1)  0.299
 310 D   0.41158 0.58842 ( 2)  0.614
 311 K   0.00000 1.00000 ( 2)  1.000
 312 I   0.01540 0.98460 ( 2)  0.986
 313 G   0.02698 0.97302 ( 2)  0.975
 314 -   0.01974 0.98026 ( 2)  0.981
 315 -   0.28842 0.71158 ( 2)  0.729
 316 -   0.85342 0.14658 ( 1)  0.199
 317 -   0.20195 0.79805 ( 2)  0.811
 318 V   0.00000 1.00000 ( 2)  1.000
 319 E   0.00215 0.99785 ( 2)  0.998
 320 D   0.92553 0.07447 ( 1)  0.132
 321 V   0.00005 0.99995 ( 2)  1.000
 322 P   0.20827 0.79173 ( 2)  0.805
 323 V   0.81155 0.18845 ( 1)  0.239
 324 D   0.92277 0.07723 ( 1)  0.134
 325 D   0.03567 0.96433 ( 2)  0.967
 326 L   0.82720 0.17280 ( 1)  0.224
 327 T   0.87762 0.12238 ( 1)  0.177
 328 Y   0.00009 0.99991 ( 2)  1.000
 329 R   0.03069 0.96931 ( 2)  0.971
 330 F   0.85164 0.14836 ( 1)  0.201
 331 S   0.00000 1.00000 ( 2)  1.000
 332 Y   0.02093 0.97907 ( 2)  0.980
 333 L   0.72322 0.27678 ( 1)  0.321
 334 G   0.01940 0.98060 ( 2)  0.982
 335 S   0.02277 0.97723 ( 2)  0.979
 336 Q   0.80615 0.19385 ( 1)  0.244
 337 A   0.03513 0.96487 ( 2)  0.967
 338 H   0.00105 0.99895 ( 2)  0.999
 339 T   0.02125 0.97875 ( 2)  0.980
 340 R   0.16747 0.83253 ( 2)  0.843
 341 L   0.21210 0.78790 ( 2)  0.801
 342 P   0.21827 0.78173 ( 2)  0.795
 343 S   0.01022 0.98978 ( 2)  0.990
 344 G   0.00007 0.99993 ( 2)  1.000
 345 S   0.76406 0.23594 ( 1)  0.283
 346 S   0.22185 0.77815 ( 2)  0.792
 347 K   0.89862 0.10138 ( 1)  0.157
 348 P   0.00141 0.99859 ( 2)  0.999
 349 T   0.87641 0.12359 ( 1)  0.178
 350 D   0.03305 0.96695 ( 2)  0.969
 351 L   0.81888 0.18112 ( 1)  0.232
 352 G   0.16686 0.83314 ( 2)  0.843
 353 G   0.16541 0.83459 ( 2)  0.845
 354 T   0.00075 0.99925 ( 2)  0.999
 355 S   0.30951 0.69049 ( 2)  0.710
 356 Q   0.15982 0.84018 ( 2)  0.850
 357 A   0.20668 0.79332 ( 2)  0.806
 358 G   0.78053 0.21947 ( 1)  0.268
 359 A   0.01036 0.98964 ( 2)  0.990
 360 S   0.86563 0.13437 ( 1)  0.188
 361 R   0.00079 0.99921 ( 2)  0.999
 362 A   0.00009 0.99991 ( 2)  1.000
 363 F   0.84082 0.15918 ( 1)  0.211
 364 S   0.00046 0.99954 ( 2)  1.000
 365 E   0.90010 0.09990 ( 1)  0.155
 366 N   0.92608 0.07392 ( 1)  0.131
 367 G   0.27221 0.72779 ( 2)  0.745
 368 S   0.34983 0.65017 ( 2)  0.672
 369 L   0.00929 0.99071 ( 2)  0.991
 370 H   0.00119 0.99881 ( 2)  0.999
 371 G   0.02693 0.97307 ( 2)  0.975
 372 I   0.00110 0.99890 ( 2)  0.999
 373 L   0.17169 0.82831 ( 2)  0.839
 374 Y   0.00009 0.99991 ( 2)  1.000
 375 G   0.82154 0.17846 ( 1)  0.229
 376 N   0.03975 0.96025 ( 2)  0.963
 377 I   0.00004 0.99996 ( 2)  1.000
 378 G   0.31244 0.68756 ( 2)  0.707
 379 D   0.03822 0.96178 ( 2)  0.964
 380 T   0.86621 0.13379 ( 1)  0.187
 381 Y   0.85661 0.14339 ( 1)  0.196
 382 L   0.01564 0.98436 ( 2)  0.985
 383 A   0.01797 0.98203 ( 2)  0.983
 384 S   0.81614 0.18386 ( 1)  0.234
 385 D   0.03277 0.96723 ( 2)  0.969
 386 S   0.68498 0.31502 ( 1)  0.357
 387 T   0.77906 0.22094 ( 1)  0.269
 388 P   0.14310 0.85690 ( 2)  0.866
 389 A   0.87495 0.12505 ( 1)  0.179
 390 P   0.01654 0.98346 ( 2)  0.984
 391 S   0.00001 0.99999 ( 2)  1.000
 392 W   0.00912 0.99088 ( 2)  0.991
 393 K   0.90382 0.09618 ( 1)  0.152
 394 G   0.02476 0.97524 ( 2)  0.977
 395 P   0.23072 0.76928 ( 2)  0.784
 396 T   0.78601 0.21399 ( 1)  0.262
 397 S   0.21557 0.78443 ( 2)  0.798
 398 W   0.73378 0.26622 ( 1)  0.311
 399 T   0.00090 0.99910 ( 2)  0.999
 400 N   0.03605 0.96395 ( 2)  0.966
 401 D   0.92763 0.07237 ( 1)  0.130
 402 K   0.18940 0.81060 ( 2)  0.822
 403 G   0.87814 0.12186 ( 1)  0.176
 404 T   0.25905 0.74095 ( 2)  0.757
 405 G   0.02204 0.97796 ( 2)  0.979
 406 R   0.22084 0.77916 ( 2)  0.793
 407 E   0.31101 0.68899 ( 2)  0.708
 408 S   0.02067 0.97933 ( 2)  0.981
 409 V   0.00007 0.99993 ( 2)  1.000
 410 F   0.24476 0.75524 ( 2)  0.770
 411 S   0.21587 0.78413 ( 2)  0.797
 412 P   0.19692 0.80308 ( 2)  0.815
 413 T   0.01006 0.98994 ( 2)  0.991
 414 L   0.69046 0.30954 ( 1)  0.352
 415 P   0.22014 0.77986 ( 2)  0.793
 416 A   0.26662 0.73338 ( 2)  0.750
 417 A   0.00006 0.99994 ( 2)  1.000
 418 R   0.00000 1.00000 ( 2)  1.000
 419 S   0.01536 0.98464 ( 2)  0.986
 420 S   0.20058 0.79942 ( 2)  0.812
 421 L   0.80114 0.19886 ( 1)  0.248
 422 G   0.87406 0.12594 ( 1)  0.180
 423 C   0.21149 0.78851 ( 2)  0.802
 424 L   0.00956 0.99044 ( 2)  0.991
 425 Q   0.14627 0.85373 ( 2)  0.863
 426 T   0.78049 0.21951 ( 1)  0.268
 427 P   0.82339 0.17661 ( 1)  0.227
 428 E   0.23973 0.76027 ( 2)  0.775
 429 A   0.27987 0.72013 ( 2)  0.737
 430 V   0.83706 0.16294 ( 1)  0.215
 431 T   0.87762 0.12238 ( 1)  0.177
 432 T   0.02285 0.97715 ( 2)  0.979
 433 R   0.19960 0.80040 ( 2)  0.813
 434 K   0.00191 0.99809 ( 2)  0.998
 435 G   0.00173 0.99827 ( 2)  0.998
 436 A   0.01207 0.98793 ( 2)  0.989
 437 G   0.29797 0.70203 ( 2)  0.720
 438 L   0.13752 0.86248 ( 2)  0.871
 439 L   0.01666 0.98334 ( 2)  0.984
 440 S   0.01739 0.98261 ( 2)  0.984
 441 S   0.74058 0.25942 ( 1)  0.305
 442 D   0.92763 0.07237 ( 1)  0.130
 443 Y   0.01627 0.98373 ( 2)  0.985
 444 R   0.30814 0.69186 ( 2)  0.711
 445 N   0.00255 0.99745 ( 2)  0.998
 446 I   0.00009 0.99991 ( 2)  1.000
 447 D   0.00000 1.00000 ( 2)  1.000
 448 G   0.29774 0.70226 ( 2)  0.721
 449 K   0.01844 0.98156 ( 2)  0.983
 450 S   0.90183 0.09817 ( 1)  0.154
 451 G   0.16454 0.83546 ( 2)  0.846
 452 T   0.02191 0.97809 ( 2)  0.979
 453 Q   0.78807 0.21193 ( 1)  0.261
 454 D   0.92586 0.07414 ( 1)  0.131
 455 M   0.00010 0.99990 ( 2)  1.000
 456 Q   0.80615 0.19385 ( 1)  0.244
 457 P   0.01823 0.98177 ( 2)  0.983
 458 G   0.00125 0.99875 ( 2)  0.999
 459 P   0.01461 0.98539 ( 2)  0.986
 460 L   0.01569 0.98431 ( 2)  0.985
 461 F   0.01623 0.98377 ( 2)  0.985
 462 N   0.36789 0.63211 ( 2)  0.655
 463 N   0.92236 0.07764 ( 1)  0.135
 464 N   0.92238 0.07762 ( 1)  0.135
 465 A   0.86588 0.13412 ( 1)  0.188
 466 D   0.92005 0.07995 ( 1)  0.137
 467 G   0.76438 0.23562 ( 1)  0.283
 468 V   0.01820 0.98180 ( 2)  0.983
 469 A   0.87379 0.12621 ( 1)  0.180
 470 T   0.00088 0.99912 ( 2)  0.999
 471 D   0.33913 0.66087 ( 2)  0.682
 472 R   0.00000 1.00000 ( 2)  1.000
 473 T   0.02199 0.97801 ( 2)  0.979
 474 S   0.21406 0.78594 ( 2)  0.799
 475 T   0.01463 0.98537 ( 2)  0.986
 476 R   0.81642 0.18358 ( 1)  0.234
 477 S   0.21074 0.78926 ( 2)  0.802
 478 V   0.01106 0.98894 ( 2)  0.990
 479 N   0.92236 0.07764 ( 1)  0.135
 480 Y   0.26720 0.73280 ( 2)  0.749
 481 K   0.02346 0.97654 ( 2)  0.978
 482 S   0.35880 0.64120 ( 2)  0.663
 483 T   0.79064 0.20936 ( 1)  0.258
 484 N   0.00196 0.99804 ( 2)  0.998
 485 S   0.36832 0.63168 ( 2)  0.654
 486 G   0.00001 0.99999 ( 2)  1.000
 487 Q   0.20541 0.79459 ( 2)  0.807
 488 R   0.81642 0.18358 ( 1)  0.234
 489 E   0.27095 0.72905 ( 2)  0.746
 490 I   0.21770 0.78230 ( 2)  0.796
 491 -   0.68211 0.31789 ( 1)  0.360
 492 S   0.00259 0.99741 ( 2)  0.998
 493 P   0.82196 0.17804 ( 1)  0.229
 494 R   0.87947 0.12053 ( 1)  0.175
 495 N   0.00175 0.99825 ( 2)  0.998
 496 Q   0.17825 0.82175 ( 2)  0.833
 497 D   0.92189 0.07811 ( 1)  0.135
 498 A   0.27927 0.72073 ( 2)  0.738
 499 G   0.76509 0.23491 ( 1)  0.282
 500 P   0.01714 0.98286 ( 2)  0.984
 501 A   0.02142 0.97858 ( 2)  0.980
 502 S   0.21880 0.78120 ( 2)  0.795
 503 R   0.00745 0.99255 ( 2)  0.993
 504 D   0.04020 0.95980 ( 2)  0.962
 505 L   0.01853 0.98147 ( 2)  0.983
 506 Q   0.79971 0.20029 ( 1)  0.250
 507 A   0.00143 0.99857 ( 2)  0.999
 508 T   0.86636 0.13364 ( 1)  0.187
 509 G   0.02614 0.97386 ( 2)  0.975
 510 R   0.01558 0.98442 ( 2)  0.985
 511 I   0.89002 0.10998 ( 1)  0.165
 512 T   0.01490 0.98510 ( 2)  0.986
 513 D   0.03479 0.96521 ( 2)  0.967
 514 G   0.02313 0.97687 ( 2)  0.978
 515 A   0.02502 0.97498 ( 2)  0.977
 516 D   0.00011 0.99989 ( 2)  1.000
 517 P   0.15060 0.84940 ( 2)  0.859
 518 R   0.00077 0.99923 ( 2)  0.999
 519 V   0.83053 0.16947 ( 1)  0.221
 520 A   0.77595 0.22405 ( 1)  0.272
 521 L   0.00103 0.99897 ( 2)  0.999
 522 V   0.85975 0.14025 ( 1)  0.193
 523 N   0.92749 0.07251 ( 1)  0.130
 524 D   0.00000 1.00000 ( 2)  1.000
 525 -   0.44884 0.55116 ( 2)  0.579
 526 -   0.44884 0.55116 ( 2)  0.579
 527 -   0.44884 0.55116 ( 2)  0.579
 528 -   0.44884 0.55116 ( 2)  0.579
 529 -   0.44884 0.55116 ( 2)  0.579
 530 -   0.44884 0.55116 ( 2)  0.579
 531 -   0.44884 0.55116 ( 2)  0.579
 532 -   0.44884 0.55116 ( 2)  0.579
 533 -   0.44884 0.55116 ( 2)  0.579
 534 -   0.44884 0.55116 ( 2)  0.579
 535 -   0.44884 0.55116 ( 2)  0.579
 536 -   0.44884 0.55116 ( 2)  0.579
 537 -   0.44884 0.55116 ( 2)  0.579
 538 -   0.44884 0.55116 ( 2)  0.579
 539 -   0.44884 0.55116 ( 2)  0.579
 540 -   0.44884 0.55116 ( 2)  0.579
 541 -   0.44884 0.55116 ( 2)  0.579
 542 -   0.44884 0.55116 ( 2)  0.579
 543 -   0.44884 0.55116 ( 2)  0.579
 544 -   0.44884 0.55116 ( 2)  0.579
 545 -   0.44884 0.55116 ( 2)  0.579
 546 -   0.44884 0.55116 ( 2)  0.579
 547 -   0.44884 0.55116 ( 2)  0.579
 548 -   0.44884 0.55116 ( 2)  0.579
 549 -   0.44884 0.55116 ( 2)  0.579
 550 -   0.44884 0.55116 ( 2)  0.579
 551 -   0.44884 0.55116 ( 2)  0.579
 552 -   0.44884 0.55116 ( 2)  0.579
 553 -   0.44884 0.55116 ( 2)  0.579
 554 -   0.44884 0.55116 ( 2)  0.579
 555 -   0.44884 0.55116 ( 2)  0.579
 556 -   0.44884 0.55116 ( 2)  0.579
 557 -   0.44884 0.55116 ( 2)  0.579
 558 -   0.44884 0.55116 ( 2)  0.579
 559 -   0.44884 0.55116 ( 2)  0.579
 560 -   0.44884 0.55116 ( 2)  0.579
 561 -   0.44884 0.55116 ( 2)  0.579
 562 -   0.44884 0.55116 ( 2)  0.579
 563 -   0.44884 0.55116 ( 2)  0.579
 564 -   0.44884 0.55116 ( 2)  0.579
 565 -   0.44884 0.55116 ( 2)  0.579
 566 -   0.44884 0.55116 ( 2)  0.579
 567 -   0.44884 0.55116 ( 2)  0.579
 568 -   0.44884 0.55116 ( 2)  0.579
 569 -   0.44884 0.55116 ( 2)  0.579
 570 -   0.44884 0.55116 ( 2)  0.579
 571 -   0.44884 0.55116 ( 2)  0.579
 572 -   0.44884 0.55116 ( 2)  0.579
 573 -   0.44884 0.55116 ( 2)  0.579
 574 -   0.44884 0.55116 ( 2)  0.579
 575 -   0.44884 0.55116 ( 2)  0.579
 576 -   0.44884 0.55116 ( 2)  0.579
 577 -   0.44884 0.55116 ( 2)  0.579
 578 -   0.44884 0.55116 ( 2)  0.579
 579 -   0.44884 0.55116 ( 2)  0.579
 580 -   0.44884 0.55116 ( 2)  0.579
 581 -   0.44884 0.55116 ( 2)  0.579
 582 -   0.44884 0.55116 ( 2)  0.579
 583 -   0.44884 0.55116 ( 2)  0.579
 584 -   0.44884 0.55116 ( 2)  0.579
 585 -   0.44884 0.55116 ( 2)  0.579
 586 -   0.44884 0.55116 ( 2)  0.579
 587 -   0.44884 0.55116 ( 2)  0.579
 588 -   0.44884 0.55116 ( 2)  0.579
 589 -   0.44884 0.55116 ( 2)  0.579
 590 -   0.44884 0.55116 ( 2)  0.579
 591 -   0.44884 0.55116 ( 2)  0.579
 592 -   0.44884 0.55116 ( 2)  0.579
 593 -   0.44884 0.55116 ( 2)  0.579
 594 -   0.44884 0.55116 ( 2)  0.579
 595 -   0.44884 0.55116 ( 2)  0.579
 596 -   0.44884 0.55116 ( 2)  0.579
 597 -   0.44884 0.55116 ( 2)  0.579
 598 -   0.44884 0.55116 ( 2)  0.579
 599 -   0.44884 0.55116 ( 2)  0.579
 600 -   0.44884 0.55116 ( 2)  0.579
 601 -   0.44884 0.55116 ( 2)  0.579
 602 -   0.44884 0.55116 ( 2)  0.579
 603 -   0.44884 0.55116 ( 2)  0.579
 604 -   0.44884 0.55116 ( 2)  0.579
 605 -   0.44884 0.55116 ( 2)  0.579
 606 -   0.44884 0.55116 ( 2)  0.579
 607 -   0.44884 0.55116 ( 2)  0.579
 608 -   0.44884 0.55116 ( 2)  0.579
 609 -   0.44884 0.55116 ( 2)  0.579
 610 -   0.44884 0.55116 ( 2)  0.579
 611 -   0.44884 0.55116 ( 2)  0.579
 612 -   0.44884 0.55116 ( 2)  0.579
 613 -   0.44884 0.55116 ( 2)  0.579
 614 -   0.44884 0.55116 ( 2)  0.579
 615 -   0.44884 0.55116 ( 2)  0.579
 616 -   0.44884 0.55116 ( 2)  0.579
 617 -   0.44884 0.55116 ( 2)  0.579
 618 -   0.44884 0.55116 ( 2)  0.579
 619 -   0.44884 0.55116 ( 2)  0.579
 620 -   0.44884 0.55116 ( 2)  0.579
 621 -   0.44884 0.55116 ( 2)  0.579
 622 -   0.44884 0.55116 ( 2)  0.579
 623 -   0.44884 0.55116 ( 2)  0.579
 624 -   0.44884 0.55116 ( 2)  0.579
 625 -   0.44884 0.55116 ( 2)  0.579
 626 -   0.44884 0.55116 ( 2)  0.579
 627 -   0.44884 0.55116 ( 2)  0.579
 628 -   0.44884 0.55116 ( 2)  0.579
 629 -   0.44884 0.55116 ( 2)  0.579
 630 -   0.44884 0.55116 ( 2)  0.579
 631 -   0.44884 0.55116 ( 2)  0.579
 632 -   0.44884 0.55116 ( 2)  0.579
 633 -   0.44884 0.55116 ( 2)  0.579
 634 -   0.44884 0.55116 ( 2)  0.579
 635 -   0.44884 0.55116 ( 2)  0.579
 636 -   0.44884 0.55116 ( 2)  0.579
 637 -   0.44884 0.55116 ( 2)  0.579
 638 -   0.44884 0.55116 ( 2)  0.579
 639 -   0.44884 0.55116 ( 2)  0.579
 640 -   0.44884 0.55116 ( 2)  0.579
 641 -   0.44884 0.55116 ( 2)  0.579
 642 -   0.44884 0.55116 ( 2)  0.579
 643 -   0.44884 0.55116 ( 2)  0.579
 644 -   0.44884 0.55116 ( 2)  0.579
 645 -   0.44884 0.55116 ( 2)  0.579
 646 -   0.44884 0.55116 ( 2)  0.579
 647 -   0.44884 0.55116 ( 2)  0.579
 648 -   0.44884 0.55116 ( 2)  0.579
 649 -   0.44884 0.55116 ( 2)  0.579
 650 -   0.44884 0.55116 ( 2)  0.579
 651 -   0.44884 0.55116 ( 2)  0.579
 652 -   0.44884 0.55116 ( 2)  0.579
 653 -   0.44884 0.55116 ( 2)  0.579
 654 -   0.44884 0.55116 ( 2)  0.579
 655 -   0.44884 0.55116 ( 2)  0.579
 656 -   0.44884 0.55116 ( 2)  0.579
 657 -   0.44884 0.55116 ( 2)  0.579
 658 -   0.44884 0.55116 ( 2)  0.579
 659 -   0.44884 0.55116 ( 2)  0.579
 660 -   0.44884 0.55116 ( 2)  0.579
 661 -   0.44884 0.55116 ( 2)  0.579
 662 -   0.44884 0.55116 ( 2)  0.579
 663 -   0.44884 0.55116 ( 2)  0.579
 664 -   0.44884 0.55116 ( 2)  0.579
 665 -   0.44884 0.55116 ( 2)  0.579
 666 -   0.44884 0.55116 ( 2)  0.579
 667 -   0.44884 0.55116 ( 2)  0.579
 668 -   0.44884 0.55116 ( 2)  0.579
 669 -   0.44884 0.55116 ( 2)  0.579
 670 -   0.44884 0.55116 ( 2)  0.579
 671 -   0.44884 0.55116 ( 2)  0.579
 672 -   0.44884 0.55116 ( 2)  0.579
 673 -   0.44884 0.55116 ( 2)  0.579
 674 -   0.44884 0.55116 ( 2)  0.579
 675 -   0.44884 0.55116 ( 2)  0.579
 676 -   0.44884 0.55116 ( 2)  0.579
 677 -   0.44884 0.55116 ( 2)  0.579
 678 -   0.44884 0.55116 ( 2)  0.579
 679 -   0.44884 0.55116 ( 2)  0.579
 680 -   0.44884 0.55116 ( 2)  0.579
 681 -   0.44884 0.55116 ( 2)  0.579
 682 -   0.44884 0.55116 ( 2)  0.579
 683 -   0.44884 0.55116 ( 2)  0.579
 684 -   0.44884 0.55116 ( 2)  0.579
 685 -   0.44884 0.55116 ( 2)  0.579
 686 -   0.44884 0.55116 ( 2)  0.579
 687 -   0.44884 0.55116 ( 2)  0.579
 688 -   0.44884 0.55116 ( 2)  0.579
 689 -   0.44884 0.55116 ( 2)  0.579
 690 -   0.44884 0.55116 ( 2)  0.579
 691 -   0.44884 0.55116 ( 2)  0.579
 692 -   0.44884 0.55116 ( 2)  0.579
 693 -   0.44884 0.55116 ( 2)  0.579
 694 -   0.44884 0.55116 ( 2)  0.579
 695 -   0.44884 0.55116 ( 2)  0.579
 696 -   0.44884 0.55116 ( 2)  0.579
 697 -   0.44884 0.55116 ( 2)  0.579
 698 -   0.44884 0.55116 ( 2)  0.579
 699 -   0.44884 0.55116 ( 2)  0.579
 700 -   0.44884 0.55116 ( 2)  0.579
 701 -   0.44884 0.55116 ( 2)  0.579
 702 -   0.44884 0.55116 ( 2)  0.579
 703 -   0.44884 0.55116 ( 2)  0.579
 704 -   0.44884 0.55116 ( 2)  0.579
 705 -   0.44884 0.55116 ( 2)  0.579
 706 -   0.44884 0.55116 ( 2)  0.579
 707 -   0.44884 0.55116 ( 2)  0.579
 708 -   0.44884 0.55116 ( 2)  0.579
 709 -   0.44884 0.55116 ( 2)  0.579
 710 -   0.44884 0.55116 ( 2)  0.579
 711 -   0.44884 0.55116 ( 2)  0.579
 712 -   0.44884 0.55116 ( 2)  0.579
 713 -   0.44884 0.55116 ( 2)  0.579
 714 -   0.44884 0.55116 ( 2)  0.579
 715 -   0.44884 0.55116 ( 2)  0.579
 716 -   0.44884 0.55116 ( 2)  0.579
 717 -   0.44884 0.55116 ( 2)  0.579
 718 -   0.44884 0.55116 ( 2)  0.579
 719 -   0.44884 0.55116 ( 2)  0.579
 720 -   0.44884 0.55116 ( 2)  0.579
 721 -   0.44884 0.55116 ( 2)  0.579
 722 -   0.44884 0.55116 ( 2)  0.579
 723 -   0.44884 0.55116 ( 2)  0.579
 724 -   0.44884 0.55116 ( 2)  0.579
 725 -   0.44884 0.55116 ( 2)  0.579
 726 -   0.44884 0.55116 ( 2)  0.579
 727 -   0.44884 0.55116 ( 2)  0.579
 728 -   0.44884 0.55116 ( 2)  0.579
 729 -   0.44884 0.55116 ( 2)  0.579
 730 -   0.44884 0.55116 ( 2)  0.579
 731 -   0.44884 0.55116 ( 2)  0.579
 732 -   0.44884 0.55116 ( 2)  0.579
 733 -   0.44884 0.55116 ( 2)  0.579
 734 -   0.44884 0.55116 ( 2)  0.579
 735 -   0.44884 0.55116 ( 2)  0.579
 736 -   0.44884 0.55116 ( 2)  0.579
 737 -   0.44884 0.55116 ( 2)  0.579
 738 -   0.44884 0.55116 ( 2)  0.579
 739 -   0.44884 0.55116 ( 2)  0.579
 740 -   0.44884 0.55116 ( 2)  0.579
 741 -   0.44884 0.55116 ( 2)  0.579
 742 -   0.44884 0.55116 ( 2)  0.579
 743 -   0.44884 0.55116 ( 2)  0.579
 744 -   0.44884 0.55116 ( 2)  0.579
 745 -   0.44884 0.55116 ( 2)  0.579
 746 -   0.44884 0.55116 ( 2)  0.579
 747 -   0.44884 0.55116 ( 2)  0.579
 748 -   0.44884 0.55116 ( 2)  0.579
 749 -   0.44884 0.55116 ( 2)  0.579
 750 -   0.44884 0.55116 ( 2)  0.579
 751 -   0.44884 0.55116 ( 2)  0.579
 752 -   0.44884 0.55116 ( 2)  0.579
 753 -   0.44884 0.55116 ( 2)  0.579
 754 -   0.44884 0.55116 ( 2)  0.579
 755 -   0.44884 0.55116 ( 2)  0.579
 756 -   0.44884 0.55116 ( 2)  0.579
 757 -   0.44884 0.55116 ( 2)  0.579
 758 -   0.44884 0.55116 ( 2)  0.579
 759 -   0.44884 0.55116 ( 2)  0.579
 760 -   0.44884 0.55116 ( 2)  0.579
 761 -   0.44884 0.55116 ( 2)  0.579
 762 -   0.44884 0.55116 ( 2)  0.579
 763 -   0.44884 0.55116 ( 2)  0.579
 764 -   0.44884 0.55116 ( 2)  0.579
 765 -   0.44884 0.55116 ( 2)  0.579
 766 -   0.44884 0.55116 ( 2)  0.579
 767 -   0.44884 0.55116 ( 2)  0.579
 768 -   0.44884 0.55116 ( 2)  0.579
 769 -   0.46009 0.53991 ( 2)  0.568
 770 -   0.45987 0.54013 ( 2)  0.568
 771 -   0.46009 0.53991 ( 2)  0.568
 772 -   0.45930 0.54070 ( 2)  0.569
 773 -   0.46249 0.53751 ( 2)  0.566
 774 -   0.46009 0.53991 ( 2)  0.568
 775 -   0.45820 0.54180 ( 2)  0.570
 776 -   0.45930 0.54070 ( 2)  0.569
 777 -   0.46022 0.53978 ( 2)  0.568
 778 -   0.46224 0.53776 ( 2)  0.566
 779 -   0.45681 0.54319 ( 2)  0.571
 780 -   0.45910 0.54090 ( 2)  0.569
 781 -   0.46002 0.53998 ( 2)  0.568
 782 -   0.46182 0.53818 ( 2)  0.567
 783 -   0.46364 0.53636 ( 2)  0.565
 784 -   0.45692 0.54308 ( 2)  0.571
 785 -   0.45554 0.54446 ( 2)  0.573
 786 -   0.46386 0.53614 ( 2)  0.565
 787 -   0.46092 0.53908 ( 2)  0.568
 788 -   0.45821 0.54179 ( 2)  0.570
 789 -   0.46224 0.53776 ( 2)  0.566
 790 -   0.45629 0.54371 ( 2)  0.572
 791 -   0.45902 0.54098 ( 2)  0.569
 792 -   0.45681 0.54319 ( 2)  0.571
 793 -   0.46364 0.53636 ( 2)  0.565
 794 -   0.46009 0.53991 ( 2)  0.568
 795 -   0.46038 0.53962 ( 2)  0.568
 796 -   0.46038 0.53962 ( 2)  0.568
 797 -   0.46428 0.53572 ( 2)  0.564
 798 -   0.45666 0.54334 ( 2)  0.572
 799 -   0.45983 0.54017 ( 2)  0.569
 800 -   0.46009 0.53991 ( 2)  0.568
 801 -   0.46038 0.53962 ( 2)  0.568
 802 -   0.05043 0.94957 ( 2)  0.953
 803 -   0.45809 0.54191 ( 2)  0.570
 804 -   0.45307 0.54693 ( 2)  0.575
 805 -   0.45317 0.54683 ( 2)  0.575
 806 -   0.46038 0.53962 ( 2)  0.568
 807 -   0.46033 0.53967 ( 2)  0.568
 808 -   0.45910 0.54090 ( 2)  0.569
 809 -   0.46092 0.53908 ( 2)  0.568
 810 -   0.45957 0.54043 ( 2)  0.569
 811 -   0.45692 0.54308 ( 2)  0.571
 812 -   0.46399 0.53601 ( 2)  0.565
 813 -   0.04930 0.95070 ( 2)  0.954
 814 -   0.46059 0.53941 ( 2)  0.568
 815 -   0.46399 0.53601 ( 2)  0.565
 816 -   0.45902 0.54098 ( 2)  0.569
 817 -   0.46223 0.53777 ( 2)  0.566
 818 -   0.46009 0.53991 ( 2)  0.568
 819 -   0.46364 0.53636 ( 2)  0.565
 820 -   0.46249 0.53751 ( 2)  0.566
 821 -   0.45364 0.54636 ( 2)  0.574
 822 -   0.45842 0.54158 ( 2)  0.570
 823 -   0.45821 0.54179 ( 2)  0.570
 824 -   0.45643 0.54357 ( 2)  0.572
 825 -   0.46224 0.53776 ( 2)  0.566
 826 -   0.45780 0.54220 ( 2)  0.570
 827 -   0.46224 0.53776 ( 2)  0.566
 828 -   0.45523 0.54477 ( 2)  0.573
 829 -   0.46095 0.53905 ( 2)  0.567
 830 -   0.46285 0.53715 ( 2)  0.566
 831 -   0.45523 0.54477 ( 2)  0.573
 832 -   0.46059 0.53941 ( 2)  0.568
 833 -   0.45890 0.54110 ( 2)  0.569
 834 -   0.46097 0.53903 ( 2)  0.567
 835 -   0.45692 0.54308 ( 2)  0.571
 836 -   0.45841 0.54159 ( 2)  0.570
 837 -   0.45930 0.54070 ( 2)  0.569
 838 -   0.45983 0.54017 ( 2)  0.569
 839 -   0.45869 0.54131 ( 2)  0.570
 840 -   0.46038 0.53962 ( 2)  0.568
 841 -   0.46081 0.53919 ( 2)  0.568
 842 -   0.45821 0.54179 ( 2)  0.570
 843 -   0.45681 0.54319 ( 2)  0.571
 844 -   0.45629 0.54371 ( 2)  0.572
 845 -   0.46059 0.53941 ( 2)  0.568
 846 -   0.46285 0.53715 ( 2)  0.566
 847 -   0.46038 0.53962 ( 2)  0.568
 848 -   0.45523 0.54477 ( 2)  0.573
 849 -   0.45841 0.54159 ( 2)  0.570
 850 -   0.45780 0.54220 ( 2)  0.570
 851 -   0.45422 0.54578 ( 2)  0.574
 852 -   0.45841 0.54159 ( 2)  0.570
 853 -   0.46022 0.53978 ( 2)  0.568
 854 -   0.45920 0.54080 ( 2)  0.569
 855 -   0.45820 0.54180 ( 2)  0.570
 856 -   0.45869 0.54131 ( 2)  0.570
 857 -   0.45422 0.54578 ( 2)  0.574
 858 -   0.46285 0.53715 ( 2)  0.566
 859 -   0.46450 0.53550 ( 2)  0.564
 860 -   0.45816 0.54184 ( 2)  0.570
 861 -   0.46022 0.53978 ( 2)  0.568
 862 -   0.45681 0.54319 ( 2)  0.571
 863 -   0.45666 0.54334 ( 2)  0.572
 864 -   0.45549 0.54451 ( 2)  0.573
 865 -   0.46095 0.53905 ( 2)  0.567
 866 -   0.04948 0.95052 ( 2)  0.954
 867 -   0.45780 0.54220 ( 2)  0.570
 868 -   0.45930 0.54070 ( 2)  0.569
 869 -   0.45780 0.54220 ( 2)  0.570
 870 -   0.46450 0.53550 ( 2)  0.564
 871 -   0.45910 0.54090 ( 2)  0.569
 872 -   0.46097 0.53903 ( 2)  0.567
 873 -   0.45780 0.54220 ( 2)  0.570
 874 -   0.46002 0.53998 ( 2)  0.568
 875 -   0.45841 0.54159 ( 2)  0.570
 876 -   0.46002 0.53998 ( 2)  0.568
 877 -   0.45869 0.54131 ( 2)  0.570
 878 -   0.45841 0.54159 ( 2)  0.570
 879 -   0.46081 0.53919 ( 2)  0.568
 880 -   0.46224 0.53776 ( 2)  0.566
 881 -   0.46223 0.53777 ( 2)  0.566
 882 -   0.45868 0.54132 ( 2)  0.570
 883 -   0.45692 0.54308 ( 2)  0.571
 884 -   0.46095 0.53905 ( 2)  0.567
 885 -   0.46249 0.53751 ( 2)  0.566
 886 -   0.45692 0.54308 ( 2)  0.571
 887 -   0.45692 0.54308 ( 2)  0.571
 888 -   0.46092 0.53908 ( 2)  0.568
 889 -   0.45821 0.54179 ( 2)  0.570
 890 -   0.46022 0.53978 ( 2)  0.568
 891 -   0.45780 0.54220 ( 2)  0.570
 892 -   0.45933 0.54067 ( 2)  0.569
 893 -   0.44884 0.55116 ( 2)  0.579
 894 -   0.44884 0.55116 ( 2)  0.579
 895 -   0.44884 0.55116 ( 2)  0.579
 896 -   0.44884 0.55116 ( 2)  0.579
 897 -   0.44884 0.55116 ( 2)  0.579
 898 -   0.44884 0.55116 ( 2)  0.579
 899 -   0.44884 0.55116 ( 2)  0.579
 900 -   0.44884 0.55116 ( 2)  0.579
 901 -   0.44884 0.55116 ( 2)  0.579
 902 -   0.44884 0.55116 ( 2)  0.579
 903 -   0.44884 0.55116 ( 2)  0.579
 904 -   0.44884 0.55116 ( 2)  0.579
 905 -   0.44884 0.55116 ( 2)  0.579
 906 -   0.44884 0.55116 ( 2)  0.579
 907 -   0.44884 0.55116 ( 2)  0.579
 908 -   0.44884 0.55116 ( 2)  0.579
 909 -   0.44884 0.55116 ( 2)  0.579
 910 -   0.44884 0.55116 ( 2)  0.579
 911 -   0.44884 0.55116 ( 2)  0.579
 912 -   0.44884 0.55116 ( 2)  0.579
 913 -   0.44884 0.55116 ( 2)  0.579
 914 -   0.44884 0.55116 ( 2)  0.579
 915 -   0.44884 0.55116 ( 2)  0.579
 916 -   0.44884 0.55116 ( 2)  0.579
 917 -   0.44884 0.55116 ( 2)  0.579
 918 -   0.44884 0.55116 ( 2)  0.579
 919 -   0.44884 0.55116 ( 2)  0.579
 920 -   0.44884 0.55116 ( 2)  0.579
 921 -   0.44884 0.55116 ( 2)  0.579
 922 -   0.44884 0.55116 ( 2)  0.579
 923 -   0.44884 0.55116 ( 2)  0.579
 924 -   0.44884 0.55116 ( 2)  0.579
 925 -   0.44884 0.55116 ( 2)  0.579
 926 -   0.44884 0.55116 ( 2)  0.579
 927 -   0.44884 0.55116 ( 2)  0.579
 928 -   0.44884 0.55116 ( 2)  0.579
 929 -   0.44884 0.55116 ( 2)  0.579
 930 -   0.44884 0.55116 ( 2)  0.579
 931 -   0.44884 0.55116 ( 2)  0.579
 932 -   0.44884 0.55116 ( 2)  0.579
 933 -   0.44884 0.55116 ( 2)  0.579
 934 -   0.44884 0.55116 ( 2)  0.579
 935 -   0.44884 0.55116 ( 2)  0.579
 936 -   0.44884 0.55116 ( 2)  0.579
 937 -   0.44884 0.55116 ( 2)  0.579
 938 -   0.44884 0.55116 ( 2)  0.579
 939 -   0.44884 0.55116 ( 2)  0.579
 940 -   0.44884 0.55116 ( 2)  0.579
 941 -   0.44884 0.55116 ( 2)  0.579
 942 -   0.44884 0.55116 ( 2)  0.579
 943 -   0.44884 0.55116 ( 2)  0.579
 944 -   0.44884 0.55116 ( 2)  0.579
 945 -   0.44884 0.55116 ( 2)  0.579
 946 -   0.44884 0.55116 ( 2)  0.579
 947 -   0.44884 0.55116 ( 2)  0.579
 948 -   0.44884 0.55116 ( 2)  0.579
 949 -   0.44884 0.55116 ( 2)  0.579
 950 -   0.44884 0.55116 ( 2)  0.579
 951 -   0.44884 0.55116 ( 2)  0.579
 952 -   0.44884 0.55116 ( 2)  0.579
 953 -   0.44884 0.55116 ( 2)  0.579
 954 -   0.44884 0.55116 ( 2)  0.579
 955 -   0.44884 0.55116 ( 2)  0.579
 956 -   0.44884 0.55116 ( 2)  0.579
 957 -   0.44884 0.55116 ( 2)  0.579
 958 -   0.44884 0.55116 ( 2)  0.579
 959 -   0.44884 0.55116 ( 2)  0.579
 960 -   0.44884 0.55116 ( 2)  0.579
 961 -   0.44884 0.55116 ( 2)  0.579
 962 -   0.44884 0.55116 ( 2)  0.579
 963 -   0.44884 0.55116 ( 2)  0.579
 964 -   0.44884 0.55116 ( 2)  0.579
 965 -   0.44884 0.55116 ( 2)  0.579
 966 -   0.44884 0.55116 ( 2)  0.579
 967 -   0.44884 0.55116 ( 2)  0.579
 968 -   0.44884 0.55116 ( 2)  0.579
 969 -   0.44884 0.55116 ( 2)  0.579
 970 -   0.44884 0.55116 ( 2)  0.579
 971 -   0.44884 0.55116 ( 2)  0.579
 972 -   0.44884 0.55116 ( 2)  0.579
 973 -   0.44884 0.55116 ( 2)  0.579
 974 -   0.44884 0.55116 ( 2)  0.579
 975 -   0.44884 0.55116 ( 2)  0.579
 976 -   0.44884 0.55116 ( 2)  0.579
 977 -   0.44884 0.55116 ( 2)  0.579
 978 -   0.44884 0.55116 ( 2)  0.579
 979 -   0.44884 0.55116 ( 2)  0.579
 980 -   0.44884 0.55116 ( 2)  0.579
 981 -   0.44884 0.55116 ( 2)  0.579
 982 -   0.44884 0.55116 ( 2)  0.579
 983 -   0.44884 0.55116 ( 2)  0.579
 984 -   0.44884 0.55116 ( 2)  0.579
 985 -   0.44884 0.55116 ( 2)  0.579
 986 -   0.44884 0.55116 ( 2)  0.579
 987 -   0.44884 0.55116 ( 2)  0.579
 988 -   0.44884 0.55116 ( 2)  0.579
 989 -   0.44884 0.55116 ( 2)  0.579
 990 -   0.44884 0.55116 ( 2)  0.579
 991 -   0.44884 0.55116 ( 2)  0.579
 992 -   0.44884 0.55116 ( 2)  0.579
 993 -   0.44884 0.55116 ( 2)  0.579
 994 -   0.44884 0.55116 ( 2)  0.579
 995 -   0.44884 0.55116 ( 2)  0.579
 996 -   0.44884 0.55116 ( 2)  0.579
 997 -   0.44884 0.55116 ( 2)  0.579
 998 -   0.44884 0.55116 ( 2)  0.579
 999 -   0.44884 0.55116 ( 2)  0.579
1000 -   0.44884 0.55116 ( 2)  0.579
1001 -   0.44884 0.55116 ( 2)  0.579
1002 -   0.44884 0.55116 ( 2)  0.579
1003 -   0.44884 0.55116 ( 2)  0.579
1004 -   0.44884 0.55116 ( 2)  0.579
1005 -   0.44884 0.55116 ( 2)  0.579
1006 -   0.44884 0.55116 ( 2)  0.579
1007 -   0.44884 0.55116 ( 2)  0.579
1008 -   0.44884 0.55116 ( 2)  0.579
1009 -   0.44884 0.55116 ( 2)  0.579
1010 -   0.44884 0.55116 ( 2)  0.579
1011 -   0.44884 0.55116 ( 2)  0.579
1012 -   0.44884 0.55116 ( 2)  0.579
1013 -   0.44884 0.55116 ( 2)  0.579
1014 -   0.44884 0.55116 ( 2)  0.579
1015 -   0.44884 0.55116 ( 2)  0.579
1016 -   0.44884 0.55116 ( 2)  0.579
1017 -   0.44884 0.55116 ( 2)  0.579
1018 -   0.44884 0.55116 ( 2)  0.579
1019 -   0.44884 0.55116 ( 2)  0.579
1020 -   0.44884 0.55116 ( 2)  0.579
1021 -   0.44884 0.55116 ( 2)  0.579
1022 -   0.44884 0.55116 ( 2)  0.579
1023 -   0.44884 0.55116 ( 2)  0.579
1024 -   0.44884 0.55116 ( 2)  0.579
1025 -   0.44884 0.55116 ( 2)  0.579
1026 -   0.44884 0.55116 ( 2)  0.579
1027 -   0.44884 0.55116 ( 2)  0.579
1028 -   0.44884 0.55116 ( 2)  0.579
1029 -   0.44884 0.55116 ( 2)  0.579
1030 -   0.44884 0.55116 ( 2)  0.579
1031 -   0.44884 0.55116 ( 2)  0.579
1032 -   0.44884 0.55116 ( 2)  0.579
1033 -   0.44884 0.55116 ( 2)  0.579
1034 -   0.44884 0.55116 ( 2)  0.579
1035 -   0.44884 0.55116 ( 2)  0.579
1036 -   0.44884 0.55116 ( 2)  0.579
1037 -   0.44884 0.55116 ( 2)  0.579
1038 -   0.44884 0.55116 ( 2)  0.579
1039 -   0.44884 0.55116 ( 2)  0.579
1040 -   0.44884 0.55116 ( 2)  0.579
1041 -   0.44884 0.55116 ( 2)  0.579
1042 -   0.44884 0.55116 ( 2)  0.579
1043 -   0.44884 0.55116 ( 2)  0.579
1044 -   0.44884 0.55116 ( 2)  0.579
1045 -   0.44884 0.55116 ( 2)  0.579
1046 -   0.44884 0.55116 ( 2)  0.579
1047 -   0.44884 0.55116 ( 2)  0.579
1048 -   0.44884 0.55116 ( 2)  0.579
1049 -   0.44884 0.55116 ( 2)  0.579
1050 -   0.44884 0.55116 ( 2)  0.579
1051 -   0.44884 0.55116 ( 2)  0.579
1052 -   0.44884 0.55116 ( 2)  0.579
1053 -   0.44884 0.55116 ( 2)  0.579
1054 -   0.44884 0.55116 ( 2)  0.579
1055 -   0.44884 0.55116 ( 2)  0.579
1056 -   0.44884 0.55116 ( 2)  0.579
1057 -   0.44884 0.55116 ( 2)  0.579
1058 -   0.44884 0.55116 ( 2)  0.579
1059 -   0.44884 0.55116 ( 2)  0.579
1060 -   0.44884 0.55116 ( 2)  0.579
1061 -   0.44884 0.55116 ( 2)  0.579
1062 -   0.44884 0.55116 ( 2)  0.579
1063 -   0.44884 0.55116 ( 2)  0.579
1064 -   0.44884 0.55116 ( 2)  0.579
1065 -   0.44884 0.55116 ( 2)  0.579
1066 -   0.44884 0.55116 ( 2)  0.579
1067 -   0.44884 0.55116 ( 2)  0.579
1068 -   0.44884 0.55116 ( 2)  0.579
1069 -   0.44884 0.55116 ( 2)  0.579
1070 -   0.44884 0.55116 ( 2)  0.579
1071 -   0.44884 0.55116 ( 2)  0.579
1072 -   0.44884 0.55116 ( 2)  0.579
1073 -   0.44884 0.55116 ( 2)  0.579
1074 -   0.44884 0.55116 ( 2)  0.579
1075 -   0.44884 0.55116 ( 2)  0.579
1076 -   0.44884 0.55116 ( 2)  0.579
1077 -   0.44884 0.55116 ( 2)  0.579
1078 -   0.44884 0.55116 ( 2)  0.579
1079 -   0.44884 0.55116 ( 2)  0.579
1080 -   0.44884 0.55116 ( 2)  0.579
1081 -   0.44884 0.55116 ( 2)  0.579
1082 -   0.44884 0.55116 ( 2)  0.579
1083 -   0.44884 0.55116 ( 2)  0.579
1084 -   0.44884 0.55116 ( 2)  0.579
1085 -   0.44884 0.55116 ( 2)  0.579
1086 -   0.44884 0.55116 ( 2)  0.579
1087 -   0.44884 0.55116 ( 2)  0.579
1088 -   0.44884 0.55116 ( 2)  0.579
1089 -   0.44884 0.55116 ( 2)  0.579
1090 -   0.44884 0.55116 ( 2)  0.579
1091 -   0.44884 0.55116 ( 2)  0.579
1092 -   0.44884 0.55116 ( 2)  0.579
1093 -   0.44884 0.55116 ( 2)  0.579
1094 -   0.44884 0.55116 ( 2)  0.579
1095 -   0.44884 0.55116 ( 2)  0.579
1096 -   0.44884 0.55116 ( 2)  0.579
1097 -   0.44884 0.55116 ( 2)  0.579
1098 -   0.44884 0.55116 ( 2)  0.579
1099 -   0.44884 0.55116 ( 2)  0.579
1100 -   0.44884 0.55116 ( 2)  0.579
1101 -   0.44884 0.55116 ( 2)  0.579
1102 -   0.44884 0.55116 ( 2)  0.579
1103 -   0.44884 0.55116 ( 2)  0.579
1104 -   0.44884 0.55116 ( 2)  0.579
1105 -   0.44884 0.55116 ( 2)  0.579
1106 -   0.44884 0.55116 ( 2)  0.579
1107 -   0.44884 0.55116 ( 2)  0.579
1108 -   0.44884 0.55116 ( 2)  0.579
1109 -   0.44884 0.55116 ( 2)  0.579
1110 -   0.44884 0.55116 ( 2)  0.579
1111 -   0.44884 0.55116 ( 2)  0.579
1112 -   0.44884 0.55116 ( 2)  0.579
1113 -   0.44884 0.55116 ( 2)  0.579
1114 -   0.44884 0.55116 ( 2)  0.579
1115 -   0.44884 0.55116 ( 2)  0.579
1116 -   0.44884 0.55116 ( 2)  0.579
1117 -   0.44884 0.55116 ( 2)  0.579
1118 -   0.44884 0.55116 ( 2)  0.579
1119 -   0.44884 0.55116 ( 2)  0.579
1120 -   0.44884 0.55116 ( 2)  0.579
1121 -   0.44884 0.55116 ( 2)  0.579
1122 -   0.44884 0.55116 ( 2)  0.579
1123 -   0.44884 0.55116 ( 2)  0.579
1124 -   0.44884 0.55116 ( 2)  0.579
1125 -   0.44884 0.55116 ( 2)  0.579
1126 -   0.44884 0.55116 ( 2)  0.579
1127 -   0.44884 0.55116 ( 2)  0.579
1128 -   0.44884 0.55116 ( 2)  0.579
1129 -   0.44884 0.55116 ( 2)  0.579
1130 -   0.44884 0.55116 ( 2)  0.579
1131 -   0.44884 0.55116 ( 2)  0.579
1132 -   0.44884 0.55116 ( 2)  0.579
1133 -   0.44884 0.55116 ( 2)  0.579
1134 -   0.44884 0.55116 ( 2)  0.579
1135 -   0.44884 0.55116 ( 2)  0.579
1136 -   0.44884 0.55116 ( 2)  0.579
1137 -   0.44884 0.55116 ( 2)  0.579
1138 -   0.44884 0.55116 ( 2)  0.579
1139 -   0.44884 0.55116 ( 2)  0.579
1140 -   0.44884 0.55116 ( 2)  0.579
1141 -   0.44884 0.55116 ( 2)  0.579
1142 -   0.44884 0.55116 ( 2)  0.579
1143 -   0.44884 0.55116 ( 2)  0.579
1144 -   0.44884 0.55116 ( 2)  0.579
1145 -   0.46350 0.53650 ( 2)  0.565
1146 -   0.46322 0.53678 ( 2)  0.565
1147 -   0.46350 0.53650 ( 2)  0.565
1148 -   0.05050 0.94950 ( 2)  0.953
1149 -   0.46664 0.53336 ( 2)  0.562
1150 -   0.45937 0.54063 ( 2)  0.569
1151 -   0.46105 0.53895 ( 2)  0.567
1152 -   0.45751 0.54249 ( 2)  0.571
1153 -   0.46368 0.53632 ( 2)  0.565
1154 -   0.46631 0.53369 ( 2)  0.562
1155 -   0.45937 0.54063 ( 2)  0.569
1156 -   0.46222 0.53778 ( 2)  0.566
1157 -   0.46342 0.53658 ( 2)  0.565
1158 -   0.46506 0.53494 ( 2)  0.564
1159 -   0.46814 0.53186 ( 2)  0.561
1160 -   0.46348 0.53652 ( 2)  0.565
1161 -   0.45757 0.54243 ( 2)  0.571
1162 -   0.46842 0.53158 ( 2)  0.560
1163 -   0.46459 0.53541 ( 2)  0.564
1164 -   0.46106 0.53894 ( 2)  0.567
1165 -   0.46631 0.53369 ( 2)  0.562
1166 -   0.45855 0.54145 ( 2)  0.570
1167 -   0.46177 0.53823 ( 2)  0.567
1168 -   0.46211 0.53789 ( 2)  0.566
1169 -   0.46814 0.53186 ( 2)  0.561
1170 -   0.46350 0.53650 ( 2)  0.565
1171 -   0.46389 0.53611 ( 2)  0.565
1172 -   0.46389 0.53611 ( 2)  0.565
1173 -   0.46814 0.53186 ( 2)  0.561
1174 -   0.45904 0.54096 ( 2)  0.569
1175 -   0.46317 0.53683 ( 2)  0.565
1176 -   0.46350 0.53650 ( 2)  0.565
1177 -   0.46389 0.53611 ( 2)  0.565
1178 -   0.46382 0.53618 ( 2)  0.565
1179 -   0.46444 0.53556 ( 2)  0.564
1180 -   0.46389 0.53611 ( 2)  0.565
1181 -   0.46382 0.53618 ( 2)  0.565
1182 -   0.46222 0.53778 ( 2)  0.566
1183 -   0.46459 0.53541 ( 2)  0.564
1184 -   0.45509 0.54491 ( 2)  0.573
1185 -   0.45937 0.54063 ( 2)  0.569
1186 -   0.46859 0.53141 ( 2)  0.560
1187 -   0.45923 0.54077 ( 2)  0.569
1188 -   0.46416 0.53584 ( 2)  0.564
1189 -   0.46664 0.53336 ( 2)  0.562
1190 -   0.45923 0.54077 ( 2)  0.569
1191 -   0.46317 0.53683 ( 2)  0.565
1192 -   0.46350 0.53650 ( 2)  0.565
1193 -   0.46814 0.53186 ( 2)  0.561
1194 -   0.46859 0.53141 ( 2)  0.560
1195 -   0.45509 0.54491 ( 2)  0.573
1196 -   0.04994 0.95006 ( 2)  0.953
1197 -   0.46389 0.53611 ( 2)  0.565
1198 -   0.45873 0.54127 ( 2)  0.570
1199 -   0.46631 0.53369 ( 2)  0.562
1200 -   0.46052 0.53948 ( 2)  0.568
1201 -   0.46631 0.53369 ( 2)  0.562
1202 -   0.45717 0.54283 ( 2)  0.571
1203 -   0.46462 0.53538 ( 2)  0.564
1204 -   0.46926 0.53074 ( 2)  0.560
1205 -   0.45717 0.54283 ( 2)  0.571
1206 -   0.46416 0.53584 ( 2)  0.564
1207 -   0.46195 0.53805 ( 2)  0.567
1208 -   0.46466 0.53534 ( 2)  0.564
1209 -   0.45937 0.54063 ( 2)  0.569
1210 -   0.46131 0.53869 ( 2)  0.567
1211 -   0.46248 0.53752 ( 2)  0.566
1212 -   0.46317 0.53683 ( 2)  0.565
1213 -   0.46168 0.53832 ( 2)  0.567
1214 -   0.46389 0.53611 ( 2)  0.565
1215 -   0.46444 0.53556 ( 2)  0.564
1216 -   0.46131 0.53869 ( 2)  0.567
1217 -   0.45923 0.54077 ( 2)  0.569
1218 -   0.45855 0.54145 ( 2)  0.570
1219 -   0.46416 0.53584 ( 2)  0.564
1220 -   0.46710 0.53290 ( 2)  0.562
1221 -   0.46389 0.53611 ( 2)  0.565
1222 -   0.45717 0.54283 ( 2)  0.571
1223 -   0.46131 0.53869 ( 2)  0.567
1224 -   0.46052 0.53948 ( 2)  0.568
1225 -   0.04902 0.95098 ( 2)  0.954
1226 -   0.46131 0.53869 ( 2)  0.567
1227 -   0.46368 0.53632 ( 2)  0.565
1228 -   0.46444 0.53556 ( 2)  0.564
1229 -   0.46105 0.53895 ( 2)  0.567
1230 -   0.46168 0.53832 ( 2)  0.567
1231 -   0.45585 0.54415 ( 2)  0.572
1232 -   0.46710 0.53290 ( 2)  0.562
1233 -   0.05149 0.94851 ( 2)  0.952
1234 -   0.46099 0.53901 ( 2)  0.567
1235 -   0.46368 0.53632 ( 2)  0.565
1236 -   0.45923 0.54077 ( 2)  0.569
1237 -   0.46416 0.53584 ( 2)  0.564
1238 -   0.45751 0.54249 ( 2)  0.571
1239 -   0.46248 0.53752 ( 2)  0.566
1240 -   0.46444 0.53556 ( 2)  0.564
1241 -   0.45855 0.54145 ( 2)  0.570
1242 -   0.46248 0.53752 ( 2)  0.566
1243 -   0.46052 0.53948 ( 2)  0.568
1244 -   0.46926 0.53074 ( 2)  0.560
1245 -   0.46222 0.53778 ( 2)  0.566
1246 -   0.46466 0.53534 ( 2)  0.564
1247 -   0.46052 0.53948 ( 2)  0.568
1248 -   0.46342 0.53658 ( 2)  0.565
1249 -   0.46131 0.53869 ( 2)  0.567
1250 -   0.46342 0.53658 ( 2)  0.565
1251 -   0.46168 0.53832 ( 2)  0.567
1252 -   0.46106 0.53894 ( 2)  0.567
1253 -   0.46444 0.53556 ( 2)  0.564
1254 -   0.46710 0.53290 ( 2)  0.562
1255 -   0.46630 0.53370 ( 2)  0.562
1256 -   0.46168 0.53832 ( 2)  0.567
1257 -   0.45937 0.54063 ( 2)  0.569
1258 -   0.46462 0.53538 ( 2)  0.564
1259 -   0.46664 0.53336 ( 2)  0.562
1260 -   0.45937 0.54063 ( 2)  0.569
1261 -   0.45937 0.54063 ( 2)  0.569
1262 -   0.46459 0.53541 ( 2)  0.564
1263 -   0.46106 0.53894 ( 2)  0.567
1264 -   0.46368 0.53632 ( 2)  0.565
1265 -   0.46052 0.53948 ( 2)  0.568
1266 -   0.46252 0.53748 ( 2)  0.566
1267 S   0.00031 0.99969 ( 2)  1.000
1268 L   0.00004 0.99996 ( 2)  1.000
1269 S   0.00003 0.99997 ( 2)  1.000
1270 D   0.17838 0.82162 ( 2)  0.833
1271 V   0.00563 0.99437 ( 2)  0.995
1272 I   0.17850 0.82150 ( 2)  0.833
1273 -   0.59417 0.40583 ( 1)  0.442
1274 -   0.55635 0.44365 ( 1)  0.478
1275 -   0.60297 0.39703 ( 1)  0.434
1276 -   0.63213 0.36787 ( 1)  0.407
1277 -   0.60347 0.39653 ( 1)  0.434
1278 -   0.60738 0.39262 ( 1)  0.430
1279 -   0.08849 0.91151 ( 2)  0.917
1280 -   0.62396 0.37604 ( 1)  0.415
1281 -   0.09089 0.90911 ( 2)  0.915
1282 -   0.00416 0.99584 ( 2)  0.996
1283 -   0.54499 0.45501 ( 1)  0.489
1284 -   0.10160 0.89840 ( 2)  0.905
1285 -   0.61432 0.38568 ( 1)  0.424
1286 -   0.58087 0.41913 ( 1)  0.455
1287 -   0.07438 0.92562 ( 2)  0.930
1288 -   0.00508 0.99492 ( 2)  0.995
1289 -   0.61744 0.38256 ( 1)  0.421
1290 -   0.65380 0.34620 ( 1)  0.387
1291 -   0.64242 0.35758 ( 1)  0.397
1292 -   0.60347 0.39653 ( 1)  0.434
1293 -   0.60376 0.39624 ( 1)  0.433
1294 -   0.60376 0.39624 ( 1)  0.433
1295 -   0.64327 0.35673 ( 1)  0.396
1296 -   0.55999 0.44001 ( 1)  0.475
1297 -   0.44884 0.55116 ( 2)  0.579
1298 -   0.44884 0.55116 ( 2)  0.579
1299 -   0.60091 0.39909 ( 1)  0.436
1300 -   0.60347 0.39653 ( 1)  0.434
1301 -   0.60376 0.39624 ( 1)  0.433
1302 -   0.60734 0.39266 ( 1)  0.430
1303 -   0.60620 0.39380 ( 1)  0.431
1304 -   0.08752 0.91248 ( 2)  0.918
1305 -   0.60926 0.39074 ( 1)  0.428
1306 -   0.07520 0.92480 ( 2)  0.929
1307 -   0.60926 0.39074 ( 1)  0.428
1308 -   0.51907 0.48093 ( 1)  0.513
1309 -   0.60347 0.39653 ( 1)  0.434
1310 -   0.56214 0.43786 ( 1)  0.473
1311 -   0.06054 0.93946 ( 2)  0.943
1312 -   0.60473 0.39527 ( 1)  0.433
1313 -   0.08810 0.91190 ( 2)  0.917
1314 -   0.59437 0.40563 ( 1)  0.442
1315 -   0.07785 0.92215 ( 2)  0.927
1316 -   0.07018 0.92982 ( 2)  0.934
1317 -   0.64242 0.35758 ( 1)  0.397
1318 -   0.07252 0.92748 ( 2)  0.932
1319 -   0.07598 0.92402 ( 2)  0.929
1320 -   0.07815 0.92185 ( 2)  0.927
1321 -   0.58087 0.41913 ( 1)  0.455
1322 -   0.55708 0.44292 ( 1)  0.477
1323 -   0.09089 0.90911 ( 2)  0.915
1324 -   0.57584 0.42416 ( 1)  0.460
1325 -   0.63213 0.36787 ( 1)  0.407
1326 -   0.06854 0.93146 ( 2)  0.936
1327 -   0.08202 0.91798 ( 2)  0.923
1328 -   0.63894 0.36106 ( 1)  0.400
1329 -   0.57584 0.42416 ( 1)  0.460
1330 -   0.08744 0.91256 ( 2)  0.918
1331 -   0.54042 0.45958 ( 1)  0.493
1332 -   0.07066 0.92934 ( 2)  0.934
1333 -   0.56214 0.43786 ( 1)  0.473
1334 -   0.58240 0.41760 ( 1)  0.454
1335 -   0.57511 0.42489 ( 1)  0.460
1336 -   0.60091 0.39909 ( 1)  0.436
1337 -   0.61030 0.38970 ( 1)  0.427
1338 -   0.03611 0.96389 ( 2)  0.966
1339 -   0.00538 0.99462 ( 2)  0.995
1340 -   0.07900 0.92100 ( 2)  0.926
1341 -   0.57637 0.42363 ( 1)  0.459
1342 -   0.06522 0.93478 ( 2)  0.939
1343 -   0.07340 0.92660 ( 2)  0.931
1344 -   0.63894 0.36106 ( 1)  0.400
1345 -   0.61030 0.38970 ( 1)  0.427
1346 -   0.07810 0.92190 ( 2)  0.927
1347 -   0.58058 0.41942 ( 1)  0.455
1348 -   0.57584 0.42416 ( 1)  0.460
1349 -   0.52632 0.47368 ( 1)  0.506
1350 -   0.58240 0.41760 ( 1)  0.454
1351 -   0.44884 0.55116 ( 2)  0.579
1352 -   0.44884 0.55116 ( 2)  0.579
1353 -   0.58694 0.41306 ( 1)  0.449
1354 -   0.06341 0.93659 ( 2)  0.941
1355 -   0.09337 0.90663 ( 2)  0.912
1356 -   0.64928 0.35072 ( 1)  0.391
1357 -   0.58140 0.41860 ( 1)  0.454
1358 -   0.60297 0.39703 ( 1)  0.434
1359 -   0.56120 0.43880 ( 1)  0.473
1360 -   0.60957 0.39043 ( 1)  0.428
1361 -   0.06921 0.93079 ( 2)  0.935
1362 -   0.57511 0.42489 ( 1)  0.460
1363 -   0.61030 0.38970 ( 1)  0.427
1364 -   0.58058 0.41942 ( 1)  0.455
1365 -   0.06981 0.93019 ( 2)  0.934
1366 -   0.57584 0.42416 ( 1)  0.460
1367 -   0.64928 0.35072 ( 1)  0.391
1368 -   0.58694 0.41306 ( 1)  0.449
1369 -   0.60738 0.39262 ( 1)  0.430
1370 -   0.55636 0.44364 ( 1)  0.478
1371 -   0.09026 0.90974 ( 2)  0.915
1372 -   0.58240 0.41760 ( 1)  0.454
1373 -   0.08792 0.91208 ( 2)  0.918
1374 -   0.08017 0.91983 ( 2)  0.925
1375 -   0.58547 0.41453 ( 1)  0.451
1376 -   0.60957 0.39043 ( 1)  0.428
1377 S   0.02908 0.97092 ( 2)  0.973
1378 -   0.44884 0.55116 ( 2)  0.579
1379 -   0.44884 0.55116 ( 2)  0.579
1380 -   0.44884 0.55116 ( 2)  0.579
1381 -   0.44884 0.55116 ( 2)  0.579
1382 -   0.44884 0.55116 ( 2)  0.579
1383 -   0.44884 0.55116 ( 2)  0.579
1384 -   0.44884 0.55116 ( 2)  0.579
1385 -   0.44884 0.55116 ( 2)  0.579
1386 -   0.44884 0.55116 ( 2)  0.579
1387 -   0.44884 0.55116 ( 2)  0.579
1388 -   0.44884 0.55116 ( 2)  0.579
1389 -   0.44884 0.55116 ( 2)  0.579
1390 -   0.44884 0.55116 ( 2)  0.579
1391 -   0.44884 0.55116 ( 2)  0.579
1392 -   0.44884 0.55116 ( 2)  0.579
1393 -   0.44884 0.55116 ( 2)  0.579
1394 -   0.44884 0.55116 ( 2)  0.579
1395 -   0.44884 0.55116 ( 2)  0.579
1396 -   0.44884 0.55116 ( 2)  0.579
1397 -   0.44884 0.55116 ( 2)  0.579
1398 -   0.44884 0.55116 ( 2)  0.579
1399 -   0.44884 0.55116 ( 2)  0.579
1400 -   0.44884 0.55116 ( 2)  0.579
1401 -   0.44884 0.55116 ( 2)  0.579
1402 -   0.44884 0.55116 ( 2)  0.579
1403 -   0.44884 0.55116 ( 2)  0.579
1404 -   0.44884 0.55116 ( 2)  0.579
1405 -   0.44884 0.55116 ( 2)  0.579
1406 -   0.44884 0.55116 ( 2)  0.579
1407 -   0.44884 0.55116 ( 2)  0.579
1408 -   0.44884 0.55116 ( 2)  0.579
1409 T   0.87688 0.12312 ( 1)  0.177
1410 A   0.00051 0.99949 ( 2)  1.000
1411 S   0.01574 0.98426 ( 2)  0.985
1412 S   0.81648 0.18352 ( 1)  0.234
1413 R   0.27548 0.72452 ( 2)  0.742
1414 V   0.22671 0.77329 ( 2)  0.787
1415 D   0.03206 0.96794 ( 2)  0.970
1416 D   0.91943 0.08057 ( 1)  0.137
1417 H   0.02069 0.97931 ( 2)  0.981
1418 G   0.00147 0.99853 ( 2)  0.999
1419 S   0.11160 0.88840 ( 2)  0.895
1420 K   0.00187 0.99813 ( 2)  0.998
1421 E   0.24925 0.75075 ( 2)  0.766
1422 I   0.88336 0.11664 ( 1)  0.171
1423 C   0.82841 0.17159 ( 1)  0.223
1424 L   0.81620 0.18380 ( 1)  0.234
1425 D   0.92705 0.07295 ( 1)  0.130
1426 H   0.88414 0.11586 ( 1)  0.170
1427 L   0.71330 0.28670 ( 1)  0.331
1428 Y   0.01789 0.98211 ( 2)  0.983
1429 K   0.33158 0.66842 ( 2)  0.689
1430 G   0.25440 0.74560 ( 2)  0.761
1431 C   0.82841 0.17159 ( 1)  0.223
1432 P   0.16499 0.83501 ( 2)  0.845
1433 L   0.22196 0.77804 ( 2)  0.792
1434 N   0.40409 0.59591 ( 2)  0.621
1435 -   0.44884 0.55116 ( 2)  0.579
1436 -   0.44884 0.55116 ( 2)  0.579
1437 -   0.44884 0.55116 ( 2)  0.579
1438 -   0.44884 0.55116 ( 2)  0.579
1439 -   0.44884 0.55116 ( 2)  0.579
1440 -   0.44884 0.55116 ( 2)  0.579
1441 -   0.44884 0.55116 ( 2)  0.579
1442 -   0.44884 0.55116 ( 2)  0.579
1443 -   0.44884 0.55116 ( 2)  0.579
1444 -   0.44884 0.55116 ( 2)  0.579
1445 -   0.44884 0.55116 ( 2)  0.579
1446 -   0.44884 0.55116 ( 2)  0.579
1447 -   0.44884 0.55116 ( 2)  0.579
1448 -   0.44884 0.55116 ( 2)  0.579
1449 -   0.44884 0.55116 ( 2)  0.579
1450 -   0.44884 0.55116 ( 2)  0.579
1451 -   0.44884 0.55116 ( 2)  0.579
1452 -   0.44884 0.55116 ( 2)  0.579
1453 -   0.44884 0.55116 ( 2)  0.579
1454 G   0.00051 0.99949 ( 2)  1.000
1455 S   0.03449 0.96551 ( 2)  0.968
1456 C   0.83786 0.16214 ( 1)  0.214
1457 T   0.00175 0.99825 ( 2)  0.998
1458 K   0.26662 0.73338 ( 2)  0.750
1459 V   0.30345 0.69655 ( 2)  0.715
1460 H   0.89171 0.10829 ( 1)  0.163
1461 F   0.84931 0.15069 ( 1)  0.203
1462 H   0.88506 0.11494 ( 1)  0.170
1463 L   0.72020 0.27980 ( 1)  0.324
1464 P   0.82421 0.17579 ( 1)  0.227
1465 Y   0.85400 0.14600 ( 1)  0.199
1466 R   0.17025 0.82975 ( 2)  0.840
1467 W   0.73155 0.26845 ( 1)  0.314
1468 Q   0.80329 0.19671 ( 1)  0.246
1469 M   0.39218 0.60782 ( 2)  0.632
1470 L   0.01557 0.98443 ( 2)  0.985
1471 I   0.00009 0.99991 ( 2)  1.000
1472 S   0.00076 0.99924 ( 2)  0.999
1473 R   0.00000 1.00000 ( 2)  1.000
1474 T   0.00030 0.99970 ( 2)  1.000
1475 W   0.73155 0.26845 ( 1)  0.314
1476 T   0.00006 0.99994 ( 2)  1.000
1477 D   0.92584 0.07416 ( 1)  0.131
1478 F   0.24157 0.75843 ( 2)  0.773
1479 Q   0.00000 1.00000 ( 2)  1.000
1480 F   0.00000 1.00000 ( 2)  1.000
1481 M   0.92447 0.07553 ( 1)  0.133
1482 E   0.89263 0.10737 ( 1)  0.162
1483 K   0.00000 1.00000 ( 2)  1.000
1484 I   0.88757 0.11243 ( 1)  0.167
1485 E   0.89747 0.10253 ( 1)  0.158
1486 E   0.02478 0.97522 ( 2)  0.977
1487 A   0.00155 0.99845 ( 2)  0.999
1488 Y   0.85311 0.14689 ( 1)  0.200
1489 C   0.22317 0.77683 ( 2)  0.791
1490 D   0.00198 0.99802 ( 2)  0.998
1491 P   0.83190 0.16810 ( 1)  0.219
1492 Q   0.00270 0.99730 ( 2)  0.997
1493 I   0.02932 0.97068 ( 2)  0.972
1494 H   0.00000 1.00000 ( 2)  1.000
1495 L   0.00007 0.99993 ( 2)  1.000
1496 C   0.01620 0.98380 ( 2)  0.985
1497 S   0.10119 0.89881 ( 2)  0.905
1498 V   0.00000 1.00000 ( 2)  1.000
1499 G   0.76529 0.23471 ( 1)  0.282
1500 S   0.00000 1.00000 ( 2)  1.000
1501 Y   0.01680 0.98320 ( 2)  0.984
1502 T   0.16193 0.83807 ( 2)  0.848
1503 I   0.89197 0.10803 ( 1)  0.163
1504 N   0.37930 0.62070 ( 2)  0.644
1505 F   0.83857 0.16143 ( 1)  0.213
1506 R   0.01191 0.98809 ( 2)  0.989
1507 E   0.00007 0.99993 ( 2)  1.000
1508 M   0.92447 0.07553 ( 1)  0.133
1509 T   0.01884 0.98116 ( 2)  0.982
1510 C   0.22744 0.77256 ( 2)  0.787
1511 -   0.46521 0.53479 ( 2)  0.563
1512 G   0.02867 0.97133 ( 2)  0.973
1513 S   0.01744 0.98256 ( 2)  0.984
1514 N   0.00001 0.99999 ( 2)  1.000
1515 P   0.01634 0.98366 ( 2)  0.985
1516 I   0.02658 0.97342 ( 2)  0.975
1517 Q   0.11468 0.88532 ( 2)  0.892
1518 R   0.83318 0.16682 ( 1)  0.218
1519 L   0.01957 0.98043 ( 2)  0.982
1520 S   0.20828 0.79172 ( 2)  0.805
1521 T   0.86391 0.13609 ( 1)  0.189
1522 P   0.82078 0.17922 ( 1)  0.230
1523 S   0.16019 0.83981 ( 2)  0.850
1524 S   0.81604 0.18396 ( 1)  0.234
1525 V   0.00128 0.99872 ( 2)  0.999
1526 T   0.01644 0.98356 ( 2)  0.985
1527 K   0.00215 0.99785 ( 2)  0.998
1528 P   0.00065 0.99935 ( 2)  0.999
1529 A   0.00152 0.99848 ( 2)  0.999
1530 N   0.37623 0.62377 ( 2)  0.647
1531 S   0.01544 0.98456 ( 2)  0.986
1532 V   0.25670 0.74330 ( 2)  0.759
1533 F   0.84743 0.15257 ( 1)  0.205
1534 T   0.30172 0.69828 ( 2)  0.717
1535 T   0.87537 0.12463 ( 1)  0.179
1536 K   0.00027 0.99973 ( 2)  1.000
1537 W   0.73155 0.26845 ( 1)  0.314
1538 I   0.88340 0.11660 ( 1)  0.171
1539 W   0.73155 0.26845 ( 1)  0.314
1540 Y   0.84238 0.15762 ( 1)  0.210
1541 W   0.73155 0.26845 ( 1)  0.314
1542 K   0.32271 0.67729 ( 2)  0.697
1543 N   0.37865 0.62135 ( 2)  0.645
1544 E   0.85386 0.14614 ( 1)  0.199
1545 S   0.20005 0.79995 ( 2)  0.812
1546 G   0.87618 0.12382 ( 1)  0.178
1547 T   0.00097 0.99903 ( 2)  0.999
1548 W   0.73155 0.26845 ( 1)  0.314
1549 I   0.88189 0.11811 ( 1)  0.173
1550 Q   0.17036 0.82964 ( 2)  0.840
1551 Y   0.84350 0.15650 ( 1)  0.209
1552 G   0.79482 0.20518 ( 1)  0.254
1553 E   0.25729 0.74271 ( 2)  0.759
1554 E   0.34849 0.65151 ( 2)  0.673
1555 -   0.44884 0.55116 ( 2)  0.579
1556 -   0.44884 0.55116 ( 2)  0.579
1557 -   0.44884 0.55116 ( 2)  0.579
1558 -   0.44884 0.55116 ( 2)  0.579
1559 -   0.44884 0.55116 ( 2)  0.579
1560 -   0.44884 0.55116 ( 2)  0.579
1561 -   0.44884 0.55116 ( 2)  0.579
1562 -   0.44884 0.55116 ( 2)  0.579
1563 -   0.44884 0.55116 ( 2)  0.579
1564 -   0.44884 0.55116 ( 2)  0.579
1565 -   0.44884 0.55116 ( 2)  0.579
1566 -   0.44884 0.55116 ( 2)  0.579
1567 -   0.44884 0.55116 ( 2)  0.579
1568 -   0.44884 0.55116 ( 2)  0.579
1569 -   0.44884 0.55116 ( 2)  0.579
1570 -   0.44884 0.55116 ( 2)  0.579
1571 -   0.44884 0.55116 ( 2)  0.579
1572 -   0.44884 0.55116 ( 2)  0.579
1573 -   0.44884 0.55116 ( 2)  0.579
1574 -   0.44884 0.55116 ( 2)  0.579
1575 -   0.44884 0.55116 ( 2)  0.579
1576 -   0.44884 0.55116 ( 2)  0.579
1577 -   0.44884 0.55116 ( 2)  0.579
1578 -   0.44884 0.55116 ( 2)  0.579
1579 -   0.44884 0.55116 ( 2)  0.579
1580 -   0.44884 0.55116 ( 2)  0.579
1581 -   0.44884 0.55116 ( 2)  0.579
1582 -   0.44884 0.55116 ( 2)  0.579
1583 -   0.44884 0.55116 ( 2)  0.579
1584 -   0.44884 0.55116 ( 2)  0.579
1585 -   0.44884 0.55116 ( 2)  0.579
1586 -   0.44884 0.55116 ( 2)  0.579
1587 -   0.44884 0.55116 ( 2)  0.579
1588 -   0.44884 0.55116 ( 2)  0.579
1589 -   0.44884 0.55116 ( 2)  0.579
1590 -   0.44884 0.55116 ( 2)  0.579
1591 -   0.44884 0.55116 ( 2)  0.579
1592 -   0.44884 0.55116 ( 2)  0.579
1593 -   0.44884 0.55116 ( 2)  0.579
1594 -   0.44884 0.55116 ( 2)  0.579
1595 -   0.44884 0.55116 ( 2)  0.579
1596 -   0.44884 0.55116 ( 2)  0.579
1597 -   0.44884 0.55116 ( 2)  0.579
1598 -   0.44884 0.55116 ( 2)  0.579
1599 -   0.44884 0.55116 ( 2)  0.579
1600 -   0.44884 0.55116 ( 2)  0.579
1601 -   0.44884 0.55116 ( 2)  0.579
1602 -   0.44884 0.55116 ( 2)  0.579
1603 -   0.44884 0.55116 ( 2)  0.579
1604 -   0.44884 0.55116 ( 2)  0.579
1605 -   0.44884 0.55116 ( 2)  0.579
1606 -   0.44884 0.55116 ( 2)  0.579
1607 -   0.44884 0.55116 ( 2)  0.579
1608 -   0.44884 0.55116 ( 2)  0.579
1609 -   0.44884 0.55116 ( 2)  0.579
1610 -   0.44884 0.55116 ( 2)  0.579
1611 -   0.44884 0.55116 ( 2)  0.579
1612 -   0.44884 0.55116 ( 2)  0.579
1613 -   0.44884 0.55116 ( 2)  0.579
1614 -   0.44884 0.55116 ( 2)  0.579
1615 -   0.44884 0.55116 ( 2)  0.579
1616 -   0.44884 0.55116 ( 2)  0.579
1617 -   0.44884 0.55116 ( 2)  0.579
1618 -   0.44884 0.55116 ( 2)  0.579
1619 -   0.44884 0.55116 ( 2)  0.579
1620 -   0.44884 0.55116 ( 2)  0.579
1621 -   0.44884 0.55116 ( 2)  0.579
1622 -   0.44884 0.55116 ( 2)  0.579
1623 -   0.44884 0.55116 ( 2)  0.579
1624 -   0.44884 0.55116 ( 2)  0.579
1625 -   0.44884 0.55116 ( 2)  0.579
1626 -   0.44884 0.55116 ( 2)  0.579
1627 -   0.44884 0.55116 ( 2)  0.579
1628 -   0.44884 0.55116 ( 2)  0.579
1629 -   0.44884 0.55116 ( 2)  0.579
1630 -   0.44884 0.55116 ( 2)  0.579
1631 -   0.44884 0.55116 ( 2)  0.579
1632 -   0.44884 0.55116 ( 2)  0.579
1633 -   0.44884 0.55116 ( 2)  0.579
1634 -   0.44884 0.55116 ( 2)  0.579
1635 -   0.44884 0.55116 ( 2)  0.579
1636 -   0.44884 0.55116 ( 2)  0.579
1637 -   0.44884 0.55116 ( 2)  0.579
1638 -   0.44884 0.55116 ( 2)  0.579
1639 -   0.44884 0.55116 ( 2)  0.579
1640 -   0.44884 0.55116 ( 2)  0.579
1641 -   0.44884 0.55116 ( 2)  0.579
1642 -   0.44884 0.55116 ( 2)  0.579
1643 -   0.44884 0.55116 ( 2)  0.579
1644 -   0.44884 0.55116 ( 2)  0.579
1645 -   0.44884 0.55116 ( 2)  0.579
1646 -   0.44884 0.55116 ( 2)  0.579
1647 -   0.44884 0.55116 ( 2)  0.579
1648 -   0.44884 0.55116 ( 2)  0.579
1649 -   0.44884 0.55116 ( 2)  0.579
1650 -   0.44884 0.55116 ( 2)  0.579
1651 -   0.44884 0.55116 ( 2)  0.579
1652 -   0.44884 0.55116 ( 2)  0.579
1653 -   0.44884 0.55116 ( 2)  0.579
1654 -   0.44884 0.55116 ( 2)  0.579
1655 -   0.44884 0.55116 ( 2)  0.579
1656 -   0.44884 0.55116 ( 2)  0.579
1657 -   0.44884 0.55116 ( 2)  0.579
1658 -   0.44884 0.55116 ( 2)  0.579
1659 K   0.24832 0.75168 ( 2)  0.767
1660 D   0.40044 0.59956 ( 2)  0.624
1661 N   0.39691 0.60309 ( 2)  0.628
1662 Q   0.01460 0.98540 ( 2)  0.986
1663 K   0.02091 0.97909 ( 2)  0.980
1664 G   0.00001 0.99999 ( 2)  1.000
1665 S   0.68997 0.31003 ( 1)  0.353
1666 S   0.02873 0.97127 ( 2)  0.973
1667 I   0.02795 0.97205 ( 2)  0.974
1668 D   0.92523 0.07477 ( 1)  0.132
1669 S   0.81406 0.18594 ( 1)  0.236
1670 S   0.11585 0.88415 ( 2)  0.891
1671 Y   0.85349 0.14651 ( 1)  0.199
1672 L   0.72010 0.27990 ( 1)  0.324
1673 E   0.89732 0.10268 ( 1)  0.158
1674 A   0.01420 0.98580 ( 2)  0.987
1675 F   0.00007 0.99993 ( 2)  1.000
1676 Y   0.84144 0.15856 ( 1)  0.210
1677 Q   0.76021 0.23979 ( 1)  0.287
1678 S   0.01471 0.98529 ( 2)  0.986
1679 C   0.01773 0.98227 ( 2)  0.983
1680 P   0.18568 0.81432 ( 2)  0.826
1681 R   0.09812 0.90188 ( 2)  0.908
1682 G   0.76125 0.23875 ( 1)  0.286
1683 V   0.25731 0.74269 ( 2)  0.759
1684 V   0.14605 0.85395 ( 2)  0.863
1685 P   0.00004 0.99996 ( 2)  1.000
1686 F   0.83767 0.16233 ( 1)  0.214
1687 Q   0.79642 0.20358 ( 1)  0.253
1688 A   0.22398 0.77602 ( 2)  0.790
1689 G   0.86251 0.13749 ( 1)  0.191
1690 S   0.11783 0.88217 ( 2)  0.889
1691 R   0.00074 0.99926 ( 2)  0.999
1692 N   0.04231 0.95769 ( 2)  0.960
1693 Y   0.84144 0.15856 ( 1)  0.210
1694 E   0.89190 0.10810 ( 1)  0.163
1695 L   0.72029 0.27971 ( 1)  0.324
1696 S   0.89909 0.10091 ( 1)  0.156
1697 F   0.84852 0.15148 ( 1)  0.204
1698 Q   0.75747 0.24253 ( 1)  0.289
1699 G   0.84360 0.15640 ( 1)  0.208
1700 -   0.44884 0.55116 ( 2)  0.579
1701 -   0.44884 0.55116 ( 2)  0.579
1702 -   0.44884 0.55116 ( 2)  0.579
1703 -   0.44884 0.55116 ( 2)  0.579
1704 -   0.44884 0.55116 ( 2)  0.579
1705 -   0.44884 0.55116 ( 2)  0.579
1706 -   0.44884 0.55116 ( 2)  0.579
1707 -   0.44884 0.55116 ( 2)  0.579
1708 -   0.44884 0.55116 ( 2)  0.579
1709 -   0.44884 0.55116 ( 2)  0.579
1710 -   0.44884 0.55116 ( 2)  0.579
1711 -   0.44884 0.55116 ( 2)  0.579
1712 -   0.44884 0.55116 ( 2)  0.579
1713 -   0.44884 0.55116 ( 2)  0.579
1714 -   0.44884 0.55116 ( 2)  0.579
1715 -   0.44884 0.55116 ( 2)  0.579
1716 -   0.44884 0.55116 ( 2)  0.579
1717 -   0.44884 0.55116 ( 2)  0.579
1718 -   0.44884 0.55116 ( 2)  0.579
1719 -   0.44884 0.55116 ( 2)  0.579
1720 -   0.44884 0.55116 ( 2)  0.579
1721 -   0.44884 0.55116 ( 2)  0.579
1722 -   0.44884 0.55116 ( 2)  0.579
1723 -   0.44884 0.55116 ( 2)  0.579
1724 M   0.92567 0.07433 ( 1)  0.131
1725 V   0.02342 0.97658 ( 2)  0.978
1726 Q   0.80519 0.19481 ( 1)  0.244
1727 T   0.77811 0.22189 ( 1)  0.270
1728 N   0.92900 0.07100 ( 1)  0.128
1729 I   0.01982 0.98018 ( 2)  0.981
1730 A   0.00003 0.99997 ( 2)  1.000
1731 S   0.82873 0.17127 ( 1)  0.222
1732 K   0.87510 0.12490 ( 1)  0.179
1733 T   0.86338 0.13662 ( 1)  0.190
1734 Q   0.75965 0.24035 ( 1)  0.287
1735 K   0.90301 0.09699 ( 1)  0.153
1736 D   0.91920 0.08080 ( 1)  0.138
1737 V   0.86957 0.13043 ( 1)  0.184
1738 S   0.33754 0.66246 ( 2)  0.683
1739 R   0.75241 0.24759 ( 1)  0.294
1740 R   0.83976 0.16024 ( 1)  0.212
1741 P   0.73347 0.26653 ( 1)  0.312
1742 K   0.01824 0.98176 ( 2)  0.983
1743 F   0.83988 0.16012 ( 1)  0.212
1744 V   0.83612 0.16388 ( 1)  0.215
1745 S   0.20631 0.79369 ( 2)  0.806
1746 L   0.00000 1.00000 ( 2)  1.000
1747 W   0.14516 0.85484 ( 2)  0.864
1748 E   0.00222 0.99778 ( 2)  0.998
1749 V   0.01930 0.98070 ( 2)  0.982
1750 E   0.00006 0.99994 ( 2)  1.000
1751 Q   0.18680 0.81320 ( 2)  0.825
1752 M   0.00225 0.99775 ( 2)  0.998
1753 K   0.02091 0.97909 ( 2)  0.980
1754 R   0.84055 0.15945 ( 1)  0.211
1755 G   0.01540 0.98460 ( 2)  0.986
1756 P   0.17474 0.82526 ( 2)  0.836
1757 -   0.44884 0.55116 ( 2)  0.579
1758 -   0.44884 0.55116 ( 2)  0.579
1759 -   0.44884 0.55116 ( 2)  0.579
1760 -   0.44884 0.55116 ( 2)  0.579
1761 -   0.44884 0.55116 ( 2)  0.579
1762 -   0.44884 0.55116 ( 2)  0.579
1763 -   0.44884 0.55116 ( 2)  0.579
1764 -   0.44884 0.55116 ( 2)  0.579
1765 -   0.44884 0.55116 ( 2)  0.579
1766 -   0.44884 0.55116 ( 2)  0.579
1767 -   0.44884 0.55116 ( 2)  0.579
1768 -   0.44884 0.55116 ( 2)  0.579
1769 -   0.44884 0.55116 ( 2)  0.579
1770 D   0.00018 0.99982 ( 2)  1.000
1771 H   0.02013 0.97987 ( 2)  0.981
1772 Q   0.18514 0.81486 ( 2)  0.826
1773 P   0.73956 0.26044 ( 1)  0.306
1774 A   0.17685 0.82315 ( 2)  0.834
1775 Q   0.20732 0.79268 ( 2)  0.805
1776 T   0.02353 0.97647 ( 2)  0.978
1777 S   0.15166 0.84834 ( 2)  0.858
1778 S   0.11344 0.88656 ( 2)  0.894
1779 A   0.00005 0.99995 ( 2)  1.000
1780 P   0.01532 0.98468 ( 2)  0.986
1781 L   0.00739 0.99261 ( 2)  0.993
1782 T   0.25417 0.74583 ( 2)  0.762
1783 A   0.01647 0.98353 ( 2)  0.985
1784 T   0.02213 0.97787 ( 2)  0.979
1785 F   0.83910 0.16090 ( 1)  0.213
1786 L   0.01620 0.98380 ( 2)  0.985
1787 P   0.82021 0.17979 ( 1)  0.230
1788 Q   0.01320 0.98680 ( 2)  0.988
1789 Q   0.23012 0.76988 ( 2)  0.784
1790 D   0.92633 0.07367 ( 1)  0.131
1791 L   0.01520 0.98480 ( 2)  0.986
1792 C   0.01508 0.98492 ( 2)  0.986
1793 F   0.00007 0.99993 ( 2)  1.000
1794 L   0.11824 0.88176 ( 2)  0.889
1795 S   0.21179 0.78821 ( 2)  0.801
1796 S   0.69247 0.30753 ( 1)  0.350
1797 K   0.00010 0.99990 ( 2)  1.000
1798 K   0.02028 0.97972 ( 2)  0.981
1799 Y   0.22860 0.77140 ( 2)  0.786
1800 K   0.36195 0.63805 ( 2)  0.660
1801 -   0.44884 0.55116 ( 2)  0.579
1802 -   0.44884 0.55116 ( 2)  0.579
1803 -   0.44884 0.55116 ( 2)  0.579
1804 -   0.44884 0.55116 ( 2)  0.579
1805 -   0.44884 0.55116 ( 2)  0.579
1806 -   0.44884 0.55116 ( 2)  0.579
1807 -   0.44884 0.55116 ( 2)  0.579
1808 -   0.44884 0.55116 ( 2)  0.579
1809 -   0.44884 0.55116 ( 2)  0.579
1810 -   0.44884 0.55116 ( 2)  0.579
1811 -   0.44884 0.55116 ( 2)  0.579
1812 -   0.44884 0.55116 ( 2)  0.579
1813 -   0.44884 0.55116 ( 2)  0.579
1814 -   0.44884 0.55116 ( 2)  0.579
1815 -   0.44884 0.55116 ( 2)  0.579
1816 -   0.44884 0.55116 ( 2)  0.579
1817 -   0.44884 0.55116 ( 2)  0.579
1818 -   0.44884 0.55116 ( 2)  0.579
1819 -   0.44884 0.55116 ( 2)  0.579
1820 -   0.44884 0.55116 ( 2)  0.579
1821 -   0.44884 0.55116 ( 2)  0.579
1822 -   0.44884 0.55116 ( 2)  0.579
1823 -   0.44884 0.55116 ( 2)  0.579
1824 -   0.44884 0.55116 ( 2)  0.579
1825 M   0.00066 0.99934 ( 2)  0.999
1826 S   0.10838 0.89162 ( 2)  0.898
1827 E   0.89859 0.10141 ( 1)  0.157
1828 I   0.00157 0.99843 ( 2)  0.999
1829 N   0.03199 0.96801 ( 2)  0.970
1830 H   0.32456 0.67544 ( 2)  0.695
1831 L   0.00003 0.99997 ( 2)  1.000
1832 H   0.28891 0.71109 ( 2)  0.729
1833 P   0.01017 0.98983 ( 2)  0.990
1834 E   0.85449 0.14551 ( 1)  0.198
1835 Y   0.23154 0.76846 ( 2)  0.783
1836 V   0.02186 0.97814 ( 2)  0.979
1837 K   0.01831 0.98169 ( 2)  0.983
1838 V   0.16735 0.83265 ( 2)  0.843
1839 S   0.35711 0.64289 ( 2)  0.665
1840 E   0.32552 0.67448 ( 2)  0.695
1841 H   0.02318 0.97682 ( 2)  0.978
1842 F   0.83910 0.16090 ( 1)  0.213
1843 K   0.01741 0.98259 ( 2)  0.984
1844 A   0.86292 0.13708 ( 1)  0.190
1845 S   0.82794 0.17206 ( 1)  0.223
1846 M   0.92496 0.07504 ( 1)  0.132
1847 K   0.86714 0.13286 ( 1)  0.186
1848 N   0.39730 0.60270 ( 2)  0.627
1849 F   0.84994 0.15006 ( 1)  0.202
1850 R   0.35373 0.64627 ( 2)  0.668
1851 I   0.88249 0.11751 ( 1)  0.172
1852 E   0.85762 0.14238 ( 1)  0.195
1853 K   0.90233 0.09767 ( 1)  0.153
1854 I   0.86027 0.13973 ( 1)  0.193
1855 K   0.90233 0.09767 ( 1)  0.153
1856 K   0.01687 0.98313 ( 2)  0.984
1857 I   0.89255 0.10745 ( 1)  0.163
1858 Q   0.01808 0.98192 ( 2)  0.983
1859 N   0.92841 0.07159 ( 1)  0.129
1860 P   0.00002 0.99998 ( 2)  1.000
1861 E   0.02821 0.97179 ( 2)  0.974
1862 L   0.22849 0.77151 ( 2)  0.786
1863 L   0.71319 0.28681 ( 1)  0.331
1864 D   0.38558 0.61442 ( 2)  0.638
1865 C   0.00157 0.99843 ( 2)  0.999
1866 F   0.83919 0.16081 ( 1)  0.213
1867 T   0.00006 0.99994 ( 2)  1.000
1868 R   0.01467 0.98533 ( 2)  0.986
1869 -   0.44884 0.55116 ( 2)  0.579
1870 -   0.44884 0.55116 ( 2)  0.579
1871 -   0.44884 0.55116 ( 2)  0.579
1872 -   0.44884 0.55116 ( 2)  0.579
1873 -   0.44884 0.55116 ( 2)  0.579
1874 -   0.44884 0.55116 ( 2)  0.579
1875 -   0.44884 0.55116 ( 2)  0.579
1876 -   0.44884 0.55116 ( 2)  0.579
1877 -   0.44884 0.55116 ( 2)  0.579
1878 -   0.44884 0.55116 ( 2)  0.579
1879 -   0.44884 0.55116 ( 2)  0.579
1880 -   0.44884 0.55116 ( 2)  0.579
1881 -   0.44884 0.55116 ( 2)  0.579
1882 -   0.44884 0.55116 ( 2)  0.579
1883 -   0.44884 0.55116 ( 2)  0.579
1884 -   0.44884 0.55116 ( 2)  0.579
1885 -   0.44884 0.55116 ( 2)  0.579
1886 -   0.44884 0.55116 ( 2)  0.579
1887 -   0.44884 0.55116 ( 2)  0.579
1888 -   0.44884 0.55116 ( 2)  0.579
1889 -   0.44884 0.55116 ( 2)  0.579
1890 -   0.44884 0.55116 ( 2)  0.579
1891 -   0.44884 0.55116 ( 2)  0.579
1892 -   0.44884 0.55116 ( 2)  0.579
1893 -   0.44884 0.55116 ( 2)  0.579
1894 -   0.44884 0.55116 ( 2)  0.579
1895 -   0.44884 0.55116 ( 2)  0.579
1896 -   0.44884 0.55116 ( 2)  0.579
1897 -   0.44884 0.55116 ( 2)  0.579
1898 -   0.44884 0.55116 ( 2)  0.579
1899 -   0.44884 0.55116 ( 2)  0.579
1900 -   0.44884 0.55116 ( 2)  0.579
1901 -   0.44884 0.55116 ( 2)  0.579
1902 -   0.44884 0.55116 ( 2)  0.579
1903 -   0.44884 0.55116 ( 2)  0.579
1904 -   0.44884 0.55116 ( 2)  0.579
1905 K   0.90245 0.09755 ( 1)  0.153
1906 K   0.86930 0.13070 ( 1)  0.184
1907 S   0.00000 1.00000 ( 2)  1.000
1908 Q   0.80454 0.19546 ( 1)  0.245
1909 M   0.42490 0.57510 ( 2)  0.601
1910 K   0.01232 0.98768 ( 2)  0.988
1911 -   0.09944 0.90056 ( 2)  0.907
1912 V   0.00110 0.99890 ( 2)  0.999
1913 E   0.00633 0.99367 ( 2)  0.994
1914 E   0.00097 0.99903 ( 2)  0.999
1915 N   0.00185 0.99815 ( 2)  0.998
1916 L   0.82766 0.17234 ( 1)  0.223
1917 L   0.68760 0.31240 ( 1)  0.355
1918 F   0.83924 0.16076 ( 1)  0.213
1919 Y   0.84305 0.15695 ( 1)  0.209
1920 A   0.81646 0.18354 ( 1)  0.234
1921 T   0.80310 0.19690 ( 1)  0.246
1922 K   0.00000 1.00000 ( 2)  1.000
1923 R   0.01687 0.98313 ( 2)  0.984
1924 A   0.27176 0.72824 ( 2)  0.745
1925 Y   0.00000 1.00000 ( 2)  1.000
1926 I   0.01904 0.98096 ( 2)  0.982
1927 E   0.00135 0.99865 ( 2)  0.999
1928 S   0.81566 0.18434 ( 1)  0.235
1929 I   0.89268 0.10732 ( 1)  0.162
1930 C   0.82760 0.17240 ( 1)  0.223
1931 A   0.01929 0.98071 ( 2)  0.982
1932 N   0.39847 0.60153 ( 2)  0.626
1933 N   0.92111 0.07889 ( 1)  0.136
1934 F   0.83933 0.16067 ( 1)  0.212
1935 D   0.39932 0.60068 ( 2)  0.625
1936 W   0.00000 1.00000 ( 2)  1.000
1937 T   0.00000 1.00000 ( 2)  1.000
1938 L   0.00001 0.99999 ( 2)  1.000
1939 H   0.88339 0.11661 ( 1)  0.171
1940 E   0.85463 0.14537 ( 1)  0.198
1941 T   0.86468 0.13532 ( 1)  0.189
1942 H   0.88339 0.11661 ( 1)  0.171
1943 A   0.01904 0.98096 ( 2)  0.982
1944 T   0.00000 1.00000 ( 2)  1.000
1945 T   0.00122 0.99878 ( 2)  0.999
1946 Y   0.84312 0.15688 ( 1)  0.209
1947 G   0.76281 0.23719 ( 1)  0.284
1948 K   0.24398 0.75602 ( 2)  0.771
1949 G   0.76383 0.23617 ( 1)  0.283
1950 S   0.00000 1.00000 ( 2)  1.000
1951 Y   0.85505 0.14495 ( 1)  0.198
1952 F   0.84248 0.15752 ( 1)  0.209
1953 A   0.77435 0.22565 ( 1)  0.273
1954 K   0.25735 0.74265 ( 2)  0.759
1955 D   0.91879 0.08121 ( 1)  0.138
1956 A   0.87344 0.12656 ( 1)  0.180
1957 I   0.89268 0.10732 ( 1)  0.162
1958 Y   0.84302 0.15698 ( 1)  0.209
1959 S   0.77857 0.22143 ( 1)  0.269
1960 H   0.89234 0.10766 ( 1)  0.163
1961 K   0.85994 0.14006 ( 1)  0.193
1962 N   0.92111 0.07889 ( 1)  0.136
1963 C   0.83924 0.16076 ( 1)  0.213
1964 P   0.78663 0.21337 ( 1)  0.262
1965 Y   0.24814 0.75186 ( 2)  0.767
1966 D   0.40970 0.59030 ( 2)  0.616
1967 A   0.87126 0.12874 ( 1)  0.182
1968 K   0.24517 0.75483 ( 2)  0.770
1969 N   0.92851 0.07149 ( 1)  0.129
1970 I   0.31894 0.68106 ( 2)  0.701
1971 V   0.02042 0.97958 ( 2)  0.981
1972 M   0.92507 0.07493 ( 1)  0.132
1973 F   0.83924 0.16076 ( 1)  0.213
1974 V   0.00079 0.99921 ( 2)  0.999
1975 A   0.87227 0.12773 ( 1)  0.182
1976 R   0.13265 0.86735 ( 2)  0.876
1977 V   0.86616 0.13384 ( 1)  0.187
1978 L   0.72175 0.27825 ( 1)  0.323
1979 V   0.26764 0.73236 ( 2)  0.749
1980 G   0.76281 0.23719 ( 1)  0.284
1981 N   0.03512 0.96488 ( 2)  0.967
1982 F   0.83924 0.16076 ( 1)  0.213
1983 T   0.00159 0.99841 ( 2)  0.999
1984 E   0.85463 0.14537 ( 1)  0.198
1985 G   0.76281 0.23719 ( 1)  0.284
1986 N   0.00221 0.99779 ( 2)  0.998
1987 M   0.00001 0.99999 ( 2)  1.000
1988 T   0.20207 0.79793 ( 2)  0.810
1989 Y   0.26572 0.73428 ( 2)  0.751
1990 T   0.24753 0.75247 ( 2)  0.768
1991 S   0.90949 0.09051 ( 1)  0.147
1992 P   0.82051 0.17949 ( 1)  0.230
1993 P   0.81418 0.18582 ( 1)  0.236
1994 P   0.19295 0.80705 ( 2)  0.819
1995 L   0.00000 1.00000 ( 2)  1.000
1996 F   0.00118 0.99882 ( 2)  0.999
1997 N   0.00258 0.99742 ( 2)  0.998
1998 S   0.90949 0.09051 ( 1)  0.147
1999 C   0.22806 0.77194 ( 2)  0.786
2000 V   0.83546 0.16454 ( 1)  0.216
2001 D   0.92057 0.07943 ( 1)  0.136
2002 T   0.29284 0.70716 ( 2)  0.725
2003 R   0.00130 0.99870 ( 2)  0.999
2004 L   0.00054 0.99946 ( 2)  0.999
2005 S   0.00230 0.99770 ( 2)  0.998
2006 P   0.83270 0.16730 ( 1)  0.219
2007 S   0.82751 0.17249 ( 1)  0.224
2008 V   0.85819 0.14181 ( 1)  0.195
2009 F   0.83924 0.16076 ( 1)  0.213
2010 D   0.29067 0.70933 ( 2)  0.727
2011 I   0.87558 0.12442 ( 1)  0.178
2012 F   0.83924 0.16076 ( 1)  0.213
2013 Q   0.00008 0.99992 ( 2)  1.000
2014 K   0.85994 0.14006 ( 1)  0.193
2015 D   0.91879 0.08121 ( 1)  0.138
2016 Q   0.80454 0.19546 ( 1)  0.245
2017 I   0.31279 0.68721 ( 2)  0.707
2018 Y   0.85505 0.14495 ( 1)  0.198
2019 P   0.73286 0.26714 ( 1)  0.312
2020 Q   0.18616 0.81384 ( 2)  0.825
2021 Y   0.84302 0.15698 ( 1)  0.209
2022 V   0.83546 0.16454 ( 1)  0.216
2023 I   0.87474 0.12526 ( 1)  0.179
2024 E   0.85775 0.14225 ( 1)  0.195
2025 Y   0.84302 0.15698 ( 1)  0.209
2026 T   0.28110 0.71890 ( 2)  0.736
2027 E   0.28557 0.71443 ( 2)  0.732
2028 T   0.01073 0.98927 ( 2)  0.990
2029 D   0.92643 0.07357 ( 1)  0.131
2030 -   0.44884 0.55116 ( 2)  0.579
2031 -   0.44884 0.55116 ( 2)  0.579
2032 -   0.44884 0.55116 ( 2)  0.579
2033 K   0.85994 0.14006 ( 1)  0.193
2034 A   0.00010 0.99990 ( 2)  1.000
2035 C   0.83746 0.16254 ( 1)  0.214
2036 V   0.83546 0.16454 ( 1)  0.216
2037 I   0.88302 0.11698 ( 1)  0.171
2038 S   0.03344 0.96656 ( 2)  0.969
2039 -   0.44884 0.55116 ( 2)  0.579
2040 -   0.44884 0.55116 ( 2)  0.579
2041 -   0.44884 0.55116 ( 2)  0.579
2042 -   0.44884 0.55116 ( 2)  0.579
2043 -   0.44884 0.55116 ( 2)  0.579
2044 -   0.44884 0.55116 ( 2)  0.579
2045 -   0.44884 0.55116 ( 2)  0.579
2046 -   0.44884 0.55116 ( 2)  0.579
2047 -   0.44884 0.55116 ( 2)  0.579
2048 -   0.44884 0.55116 ( 2)  0.579
2049 -   0.44884 0.55116 ( 2)  0.579
2050 -   0.44884 0.55116 ( 2)  0.579
2051 -   0.44884 0.55116 ( 2)  0.579
2052 -   0.44884 0.55116 ( 2)  0.579
2053 -   0.44884 0.55116 ( 2)  0.579
2054 -   0.44884 0.55116 ( 2)  0.579
2055 -   0.44884 0.55116 ( 2)  0.579
2056 -   0.44884 0.55116 ( 2)  0.579
2057 -   0.44884 0.55116 ( 2)  0.579
2058 -   0.44884 0.55116 ( 2)  0.579
2059 -   0.44884 0.55116 ( 2)  0.579
2060 -   0.44884 0.55116 ( 2)  0.579
2061 -   0.44884 0.55116 ( 2)  0.579
2062 -   0.44884 0.55116 ( 2)  0.579
2063 -   0.44884 0.55116 ( 2)  0.579
2064 -   0.44884 0.55116 ( 2)  0.579
2065 -   0.44884 0.55116 ( 2)  0.579
2066 -   0.44884 0.55116 ( 2)  0.579
2067 -   0.44884 0.55116 ( 2)  0.579
2068 -   0.44884 0.55116 ( 2)  0.579
2069 -   0.44884 0.55116 ( 2)  0.579
2070 -   0.44884 0.55116 ( 2)  0.579
2071 -   0.44884 0.55116 ( 2)  0.579
2072 -   0.44884 0.55116 ( 2)  0.579
2073 -   0.44884 0.55116 ( 2)  0.579
2074 -   0.44884 0.55116 ( 2)  0.579
2075 -   0.44884 0.55116 ( 2)  0.579
2076 -   0.44884 0.55116 ( 2)  0.579
2077 -   0.44884 0.55116 ( 2)  0.579
2078 -   0.44884 0.55116 ( 2)  0.579
2079 -   0.44884 0.55116 ( 2)  0.579
2080 -   0.44884 0.55116 ( 2)  0.579
2081 -   0.44884 0.55116 ( 2)  0.579
2082 -   0.44884 0.55116 ( 2)  0.579
2083 -   0.44884 0.55116 ( 2)  0.579
2084 -   0.44884 0.55116 ( 2)  0.579
2085 -   0.44884 0.55116 ( 2)  0.579
2086 -   0.44884 0.55116 ( 2)  0.579
2087 -   0.44884 0.55116 ( 2)  0.579
2088 -   0.44884 0.55116 ( 2)  0.579
2089 -   0.44884 0.55116 ( 2)  0.579
2090 -   0.44884 0.55116 ( 2)  0.579
2091 -   0.44884 0.55116 ( 2)  0.579
2092 -   0.44884 0.55116 ( 2)  0.579
2093 -   0.44884 0.55116 ( 2)  0.579
2094 -   0.44884 0.55116 ( 2)  0.579
2095 -   0.44884 0.55116 ( 2)  0.579
2096 -   0.44884 0.55116 ( 2)  0.579
2097 -   0.44884 0.55116 ( 2)  0.579


lnL = -17617.281493

