Supplemental results for CODEML (seqf: algn  treef: tree)


dN/dS (w) for site classes (K=8)

p:   0.12500  0.12500  0.12500  0.12500  0.12500  0.12500  0.12500  0.12500
w:   0.00000  0.00000  0.00001  0.00018  0.00234  0.01852  0.10440  0.47271

Naive Empirical Bayes (NEB) probabilities for 8 classes & postmean_w
(amino acids refer to 1st sequence: aotNan_GADD45A_XM_012442688)

   1 M   0.14162 0.14162 0.14162 0.14156 0.14084 0.13554 0.11062 0.04657 ( 1)  0.036
   2 T   0.13099 0.13099 0.13099 0.13097 0.13078 0.12931 0.12177 0.09420 ( 1)  0.060
   3 L   0.13379 0.13379 0.13379 0.13376 0.13345 0.13115 0.11959 0.08067 ( 1)  0.053
   4 E   0.13957 0.13957 0.13957 0.13952 0.13892 0.13452 0.11341 0.05492 ( 1)  0.041
   5 E   0.13334 0.13334 0.13334 0.13332 0.13303 0.13087 0.11999 0.08277 ( 1)  0.054
   6 F   0.13735 0.13735 0.13735 0.13732 0.13684 0.13332 0.11612 0.06435 ( 1)  0.045
   7 S   0.13487 0.13487 0.13487 0.13484 0.13448 0.13184 0.11864 0.07559 ( 1)  0.051
   8 A   0.00000 0.00000 0.00001 0.00040 0.00533 0.04170 0.21908 0.73348 ( 8)  0.370
   9 G   0.12910 0.12910 0.12910 0.12909 0.12896 0.12800 0.12298 0.10366 ( 1)  0.065
  10 E   0.14247 0.14247 0.14247 0.14241 0.14163 0.13591 0.10926 0.04338 ( 1)  0.035
  11 Q   0.13919 0.13919 0.13919 0.13915 0.13857 0.13432 0.11391 0.05647 ( 1)  0.041
  12 K   0.13997 0.13997 0.13997 0.13992 0.13930 0.13472 0.11287 0.05328 ( 1)  0.040
  13 T   0.13644 0.13644 0.13644 0.13640 0.13597 0.13278 0.11709 0.06844 ( 1)  0.047
  14 E   0.13334 0.13334 0.13334 0.13332 0.13303 0.13087 0.11999 0.08277 ( 1)  0.054
  15 R   0.00000 0.00000 0.00000 0.00000 0.00000 0.00000 0.00096 0.99904 ( 8)  0.472
  16 M   0.14631 0.14631 0.14631 0.14623 0.14515 0.13732 0.10246 0.02991 ( 1)  0.028
  17 D   0.14232 0.14232 0.14231 0.14225 0.14146 0.13571 0.10911 0.04452 ( 1)  0.035
  18 K   0.14540 0.14540 0.14540 0.14532 0.14431 0.13702 0.10417 0.03299 ( 1)  0.029
  19 V   0.14467 0.14467 0.14467 0.14459 0.14364 0.13669 0.10529 0.03577 ( 1)  0.031
  20 G   0.14470 0.14470 0.14470 0.14463 0.14368 0.13678 0.10545 0.03537 ( 1)  0.031
  21 D   0.14224 0.14224 0.14224 0.14217 0.14139 0.13568 0.10923 0.04480 ( 1)  0.035
  22 A   0.14306 0.14306 0.14306 0.14299 0.14217 0.13612 0.10821 0.04132 ( 1)  0.034
  23 L   0.13612 0.13612 0.13612 0.13609 0.13567 0.13259 0.11738 0.06991 ( 1)  0.048
  24 E   0.14160 0.14160 0.14159 0.14154 0.14081 0.13550 0.11057 0.04679 ( 1)  0.037
  25 E   0.13284 0.13284 0.13284 0.13282 0.13255 0.13054 0.12040 0.08519 ( 1)  0.056
  26 V   0.13958 0.13958 0.13958 0.13953 0.13893 0.13451 0.11334 0.05493 ( 1)  0.041
  27 L   0.13648 0.13648 0.13648 0.13645 0.13601 0.13280 0.11701 0.06829 ( 1)  0.047
  28 S   0.13659 0.13659 0.13659 0.13656 0.13612 0.13288 0.11693 0.06773 ( 1)  0.047
  29 K   0.13104 0.13104 0.13104 0.13102 0.13082 0.12934 0.12174 0.09396 ( 1)  0.060
  30 A   0.13812 0.13812 0.13811 0.13807 0.13755 0.13374 0.11520 0.06109 ( 1)  0.044
  31 L   0.13612 0.13612 0.13612 0.13609 0.13567 0.13259 0.11738 0.06991 ( 1)  0.048
  32 S   0.13149 0.13149 0.13149 0.13147 0.13125 0.12964 0.12143 0.09175 ( 1)  0.059
  33 Q   0.13843 0.13843 0.13843 0.13838 0.13785 0.13391 0.11484 0.05974 ( 1)  0.043
  34 R   0.13583 0.13583 0.13583 0.13580 0.13540 0.13242 0.11770 0.07119 ( 1)  0.049
  35 T   0.13621 0.13621 0.13621 0.13618 0.13576 0.13264 0.11730 0.06948 ( 1)  0.048
  36 I   0.13859 0.13859 0.13859 0.13855 0.13800 0.13400 0.11466 0.05902 ( 1)  0.043
  37 T   0.13304 0.13304 0.13304 0.13302 0.13274 0.13067 0.12020 0.08424 ( 1)  0.055
  38 V   0.13815 0.13815 0.13815 0.13810 0.13758 0.13374 0.11513 0.06100 ( 1)  0.044
  39 G   0.13943 0.13943 0.13942 0.13938 0.13879 0.13445 0.11361 0.05550 ( 1)  0.041
  40 V   0.13958 0.13958 0.13958 0.13953 0.13893 0.13451 0.11334 0.05493 ( 1)  0.041
  41 Y   0.13619 0.13619 0.13619 0.13615 0.13573 0.13263 0.11735 0.06957 ( 1)  0.048
  42 E   0.13883 0.13883 0.13883 0.13879 0.13823 0.13410 0.11424 0.05814 ( 1)  0.042
  43 A   0.13946 0.13946 0.13946 0.13941 0.13882 0.13446 0.11355 0.05540 ( 1)  0.041
  44 A   0.13807 0.13807 0.13807 0.13803 0.13751 0.13371 0.11525 0.06127 ( 1)  0.044
  45 K   0.13874 0.13874 0.13874 0.13870 0.13814 0.13407 0.11444 0.05842 ( 1)  0.042
  46 L   0.13530 0.13530 0.13530 0.13527 0.13489 0.13209 0.11820 0.07366 ( 1)  0.050
  47 L   0.13648 0.13648 0.13648 0.13645 0.13601 0.13280 0.11701 0.06829 ( 1)  0.047
  48 N   0.13895 0.13895 0.13894 0.13890 0.13834 0.13418 0.11419 0.05756 ( 1)  0.042
  49 V   0.13810 0.13810 0.13810 0.13806 0.13754 0.13372 0.11518 0.06120 ( 1)  0.044
  50 D   0.14164 0.14164 0.14164 0.14158 0.14086 0.13553 0.11052 0.04658 ( 1)  0.036
  51 P   0.13625 0.13625 0.13625 0.13621 0.13579 0.13267 0.11726 0.06932 ( 1)  0.048
  52 D   0.13645 0.13645 0.13645 0.13641 0.13598 0.13277 0.11702 0.06847 ( 1)  0.047
  53 N   0.14011 0.14011 0.14011 0.14006 0.13943 0.13480 0.11272 0.05264 ( 1)  0.039
  54 V   0.14040 0.14040 0.14039 0.14034 0.13969 0.13493 0.11228 0.05157 ( 1)  0.039
  55 V   0.14040 0.14040 0.14039 0.14034 0.13969 0.13493 0.11228 0.05157 ( 1)  0.039
  56 L   0.13565 0.13565 0.13565 0.13562 0.13522 0.13230 0.11783 0.07207 ( 1)  0.049
  57 C   0.13450 0.13450 0.13450 0.13448 0.13414 0.13161 0.11898 0.07728 ( 1)  0.052
  58 L   0.14117 0.14117 0.14117 0.14111 0.14041 0.13527 0.11110 0.04860 ( 1)  0.037
  59 -   0.12500 0.12500 0.12500 0.12500 0.12500 0.12500 0.12500 0.12500 ( 8)  0.075
  60 -   0.12500 0.12500 0.12500 0.12500 0.12500 0.12500 0.12500 0.12500 ( 1)  0.075
  61 -   0.12500 0.12500 0.12500 0.12500 0.12500 0.12500 0.12500 0.12500 ( 1)  0.075
  62 -   0.12500 0.12500 0.12500 0.12500 0.12500 0.12500 0.12500 0.12500 ( 8)  0.075
  63 -   0.12500 0.12500 0.12500 0.12500 0.12500 0.12500 0.12500 0.12500 ( 1)  0.075
  64 -   0.12500 0.12500 0.12500 0.12500 0.12500 0.12500 0.12500 0.12500 ( 8)  0.075
  65 L   0.14117 0.14117 0.14117 0.14111 0.14041 0.13527 0.11110 0.04860 ( 1)  0.037
  66 A   0.14540 0.14540 0.14540 0.14532 0.14432 0.13701 0.10413 0.03302 ( 1)  0.029
  67 A   0.14506 0.14506 0.14506 0.14498 0.14400 0.13690 0.10478 0.03415 ( 1)  0.030
  68 D   0.14708 0.14708 0.14708 0.14699 0.14583 0.13749 0.10078 0.02767 ( 1)  0.027
  69 E   0.14783 0.14783 0.14783 0.14773 0.14651 0.13766 0.09915 0.02546 ( 1)  0.025
  70 D   0.14708 0.14708 0.14708 0.14699 0.14583 0.13749 0.10078 0.02767 ( 1)  0.027
  71 D   0.14708 0.14708 0.14708 0.14699 0.14583 0.13749 0.10078 0.02767 ( 1)  0.027
  72 D   0.14708 0.14708 0.14708 0.14699 0.14583 0.13749 0.10078 0.02767 ( 1)  0.027
  73 R   0.13978 0.13978 0.13977 0.13973 0.13911 0.13461 0.11309 0.05414 ( 1)  0.040
  74 D   0.14271 0.14271 0.14271 0.14264 0.14183 0.13589 0.10852 0.04298 ( 1)  0.035
  75 V   0.14543 0.14543 0.14543 0.14535 0.14433 0.13697 0.10393 0.03312 ( 1)  0.029
  76 A   0.13730 0.13730 0.13730 0.13726 0.13678 0.13323 0.11595 0.06489 ( 1)  0.046
  77 L   0.14109 0.14109 0.14109 0.14103 0.14034 0.13523 0.11119 0.04895 ( 1)  0.038
  78 Q   0.14411 0.14411 0.14411 0.14403 0.14313 0.13656 0.10650 0.03746 ( 1)  0.032
  79 I   0.00000 0.00000 0.00002 0.00079 0.01048 0.07931 0.34956 0.55983 ( 8)  0.303
  80 H   0.14459 0.14459 0.14459 0.14452 0.14358 0.13674 0.10565 0.03573 ( 1)  0.031
  81 F   0.14194 0.14194 0.14194 0.14188 0.14114 0.13568 0.11012 0.04534 ( 1)  0.036
  82 T   0.14137 0.14137 0.14137 0.14131 0.14060 0.13540 0.11090 0.04769 ( 1)  0.037
  83 L   0.14117 0.14117 0.14117 0.14111 0.14041 0.13527 0.11110 0.04860 ( 1)  0.037
  84 I   0.14428 0.14428 0.14428 0.14421 0.14330 0.13664 0.10625 0.03676 ( 1)  0.031
  85 Q   0.14411 0.14411 0.14411 0.14403 0.14313 0.13656 0.10650 0.03746 ( 1)  0.032
  86 A   0.14486 0.14486 0.14486 0.14478 0.14382 0.13681 0.10510 0.03489 ( 1)  0.030
  87 F   0.14133 0.14133 0.14133 0.14128 0.14057 0.13540 0.11101 0.04774 ( 1)  0.037
  88 C   0.13836 0.13836 0.13836 0.13832 0.13779 0.13388 0.11495 0.05997 ( 1)  0.043
  89 C   0.13806 0.13806 0.13805 0.13801 0.13750 0.13371 0.11530 0.06132 ( 1)  0.044
  90 E   0.14783 0.14783 0.14783 0.14773 0.14651 0.13766 0.09915 0.02546 ( 1)  0.025
  91 N   0.00000 0.00000 0.00003 0.00087 0.01149 0.08652 0.37098 0.53011 ( 8)  0.291
  92 D   0.14708 0.14708 0.14708 0.14699 0.14583 0.13749 0.10078 0.02767 ( 1)  0.027
  93 I   0.14433 0.14433 0.14433 0.14426 0.14334 0.13666 0.10617 0.03659 ( 1)  0.031
  94 N   0.00000 0.00000 0.00003 0.00087 0.01149 0.08652 0.37098 0.53011 ( 8)  0.291
  95 I   0.14373 0.14373 0.14373 0.14366 0.14279 0.13641 0.10715 0.03879 ( 1)  0.032
  96 L   0.14117 0.14117 0.14117 0.14111 0.14041 0.13527 0.11110 0.04860 ( 1)  0.037
  97 R   0.14081 0.14081 0.14081 0.14075 0.14008 0.13513 0.11173 0.04989 ( 1)  0.038
  98 V   0.14380 0.14380 0.14379 0.14373 0.14284 0.13639 0.10690 0.03876 ( 1)  0.032
  99 S   0.14185 0.14185 0.14185 0.14179 0.14105 0.13564 0.11025 0.04570 ( 1)  0.036
 100 N   0.14531 0.14531 0.14531 0.14523 0.14424 0.13701 0.10438 0.03320 ( 1)  0.029
 101 P   0.00000 0.00000 0.00002 0.00069 0.00917 0.06990 0.32001 0.60021 ( 8)  0.318
 102 G   0.14359 0.14359 0.14358 0.14352 0.14265 0.13636 0.10742 0.03929 ( 1)  0.033
 103 R   0.14127 0.14127 0.14127 0.14122 0.14051 0.13535 0.11105 0.04806 ( 1)  0.037
 104 L   0.14109 0.14109 0.14109 0.14103 0.14034 0.13523 0.11119 0.04895 ( 1)  0.038
 105 A   0.14442 0.14442 0.14442 0.14434 0.14342 0.13667 0.10596 0.03636 ( 1)  0.031
 106 E   0.14783 0.14783 0.14783 0.14773 0.14651 0.13766 0.09915 0.02546 ( 1)  0.025
 107 L   0.14150 0.14150 0.14150 0.14144 0.14072 0.13544 0.11065 0.04724 ( 1)  0.037
 108 L   0.14100 0.14100 0.14100 0.14094 0.14025 0.13519 0.11134 0.04928 ( 1)  0.038
 109 L   0.14142 0.14142 0.14142 0.14137 0.14065 0.13540 0.11074 0.04757 ( 1)  0.037
 110 L   0.13799 0.13799 0.13799 0.13795 0.13743 0.13362 0.11518 0.06184 ( 1)  0.044
 111 E   0.00000 0.00000 0.00003 0.00097 0.01287 0.09613 0.39623 0.49377 ( 8)  0.277
 112 T   0.00000 0.00000 0.00002 0.00060 0.00793 0.06084 0.28934 0.64128 ( 8)  0.334
 113 D   0.14686 0.14686 0.14686 0.14677 0.14564 0.13743 0.10120 0.02838 ( 1)  0.027
 114 A   0.00000 0.00000 0.00000 0.00000 0.00006 0.00378 0.09880 0.89736 ( 8)  0.435
 115 G   0.00000 0.00000 0.00002 0.00076 0.01007 0.07637 0.34031 0.57246 ( 8)  0.308
 116 P   0.14156 0.14156 0.14156 0.14150 0.14078 0.13548 0.11060 0.04696 ( 1)  0.037
 117 A   0.00000 0.00000 0.00000 0.00000 0.00009 0.00534 0.12983 0.86474 ( 8)  0.422
 118 A   0.14420 0.14420 0.14420 0.14413 0.14322 0.13659 0.10633 0.03712 ( 1)  0.032
 119 S   0.00000 0.00000 0.00000 0.00000 0.00007 0.00398 0.10331 0.89264 ( 8)  0.433
 120 E   0.14783 0.14783 0.14783 0.14773 0.14651 0.13766 0.09915 0.02546 ( 1)  0.025
 121 G   0.14359 0.14359 0.14358 0.14352 0.14265 0.13636 0.10742 0.03929 ( 1)  0.033
 122 A   0.14377 0.14377 0.14376 0.14369 0.14282 0.13642 0.10707 0.03871 ( 1)  0.032
 123 E   0.00000 0.00000 0.00000 0.00000 0.00009 0.00536 0.13002 0.86453 ( 8)  0.422
 124 Q   0.14382 0.14382 0.14382 0.14375 0.14286 0.13643 0.10697 0.03853 ( 1)  0.032
 125 P   0.14110 0.14110 0.14110 0.14105 0.14035 0.13527 0.11128 0.04874 ( 1)  0.038
 126 P   0.14246 0.14246 0.14246 0.14240 0.14162 0.13589 0.10923 0.04347 ( 1)  0.035
 127 D   0.14708 0.14708 0.14708 0.14699 0.14583 0.13749 0.10078 0.02767 ( 1)  0.027
 128 L   0.14117 0.14117 0.14117 0.14111 0.14041 0.13527 0.11110 0.04860 ( 1)  0.037
 129 H   0.14459 0.14459 0.14459 0.14452 0.14358 0.13674 0.10565 0.03573 ( 1)  0.031
 130 C   0.13836 0.13836 0.13836 0.13832 0.13779 0.13388 0.11495 0.05997 ( 1)  0.043
 131 V   0.14543 0.14543 0.14543 0.14535 0.14433 0.13697 0.10393 0.03312 ( 1)  0.029
 132 L   0.14117 0.14117 0.14117 0.14111 0.14041 0.13527 0.11110 0.04860 ( 1)  0.037
 133 V   0.14543 0.14543 0.14543 0.14535 0.14433 0.13697 0.10393 0.03312 ( 1)  0.029
 134 T   0.14293 0.14293 0.14292 0.14286 0.14205 0.13610 0.10854 0.04168 ( 1)  0.034
 135 N   0.13795 0.13795 0.13794 0.13790 0.13740 0.13364 0.11541 0.06181 ( 1)  0.044
 136 P   0.13019 0.13019 0.13019 0.13018 0.13001 0.12875 0.12230 0.09819 ( 1)  0.062
 137 H   0.13789 0.13789 0.13789 0.13785 0.13734 0.13361 0.11546 0.06209 ( 1)  0.044
 138 S   0.13133 0.13133 0.13133 0.13131 0.13110 0.12951 0.12146 0.09264 ( 1)  0.059
 139 S   0.13337 0.13337 0.13337 0.13335 0.13305 0.13086 0.11988 0.08275 ( 1)  0.054
 140 Q   0.13424 0.13424 0.13424 0.13422 0.13389 0.13144 0.11920 0.07853 ( 1)  0.052
 141 W   0.13708 0.13708 0.13708 0.13705 0.13658 0.13316 0.11640 0.06556 ( 1)  0.046
 142 K   0.14603 0.14603 0.14603 0.14595 0.14489 0.13723 0.10298 0.03085 ( 1)  0.028
 143 D   0.14022 0.14022 0.14021 0.14016 0.13952 0.13483 0.11251 0.05232 ( 1)  0.039
 144 P   0.13356 0.13356 0.13356 0.13354 0.13324 0.13100 0.11977 0.08176 ( 1)  0.054
 145 A   0.14366 0.14366 0.14366 0.14359 0.14272 0.13637 0.10724 0.03909 ( 1)  0.033
 146 L   0.00000 0.00000 0.00001 0.00035 0.00469 0.03692 0.19959 0.75843 ( 8)  0.380
 147 S   0.13502 0.13502 0.13502 0.13499 0.13463 0.13193 0.11849 0.07491 ( 1)  0.051
 148 Q   0.13424 0.13424 0.13424 0.13422 0.13389 0.13144 0.11920 0.07853 ( 1)  0.052
 149 L   0.13538 0.13538 0.13537 0.13534 0.13496 0.13211 0.11802 0.07344 ( 1)  0.050
 150 I   0.13825 0.13825 0.13824 0.13820 0.13767 0.13376 0.11489 0.06074 ( 1)  0.044
 151 C   0.13235 0.13235 0.13235 0.13233 0.13208 0.13022 0.12078 0.08752 ( 1)  0.057
 152 F   0.13501 0.13501 0.13501 0.13498 0.13462 0.13192 0.11850 0.07493 ( 1)  0.051
 153 C   0.13836 0.13836 0.13836 0.13832 0.13779 0.13388 0.11495 0.05997 ( 1)  0.043
 154 R   0.14141 0.14141 0.14141 0.14135 0.14064 0.13541 0.11084 0.04753 ( 1)  0.037
 155 E   0.00000 0.00000 0.00001 0.00048 0.00637 0.04943 0.24879 0.69492 ( 8)  0.355
 156 S   0.13680 0.13680 0.13680 0.13676 0.13631 0.13296 0.11658 0.06699 ( 1)  0.047
 157 R   0.14081 0.14081 0.14081 0.14075 0.14008 0.13513 0.11173 0.04989 ( 1)  0.038
 158 Y   0.14132 0.14132 0.14132 0.14127 0.14056 0.13539 0.11101 0.04780 ( 1)  0.037
 159 M   0.14696 0.14696 0.14695 0.14686 0.14573 0.13752 0.10119 0.02784 ( 1)  0.027
 160 D   0.14022 0.14022 0.14021 0.14016 0.13952 0.13483 0.11251 0.05232 ( 1)  0.039
 161 Q   0.00000 0.00000 0.00002 0.00072 0.00955 0.07261 0.32860 0.58851 ( 8)  0.314
 162 W   0.13708 0.13708 0.13708 0.13705 0.13658 0.13316 0.11640 0.06556 ( 1)  0.046
 163 V   0.13534 0.13534 0.13534 0.13531 0.13493 0.13210 0.11810 0.07355 ( 1)  0.050
 164 P   0.13218 0.13218 0.13218 0.13216 0.13192 0.13011 0.12091 0.08837 ( 1)  0.057
 165 V   0.14543 0.14543 0.14543 0.14535 0.14433 0.13697 0.10393 0.03312 ( 1)  0.029
 166 I   0.13688 0.13688 0.13688 0.13684 0.13639 0.13304 0.11660 0.06650 ( 1)  0.046
 167 N   0.13834 0.13834 0.13833 0.13829 0.13776 0.13385 0.11491 0.06018 ( 1)  0.043
 168 L   0.14057 0.14057 0.14056 0.14051 0.13985 0.13500 0.11202 0.05092 ( 1)  0.039
 169 P   0.13356 0.13356 0.13356 0.13354 0.13324 0.13100 0.11977 0.08176 ( 1)  0.054
 170 E   0.13687 0.13687 0.13687 0.13683 0.13638 0.13303 0.11660 0.06655 ( 1)  0.046
 171 R   0.00000 0.00000 0.00002 0.00064 0.00847 0.06483 0.30345 0.62260 ( 8)  0.327


lnL = -1292.059245

