Supplemental results for CODEML (seqf: algn  treef: tree)


dN/dS (w) for site classes (K=2)

p:   0.54098  0.45902
w:   0.00000  1.00000

Naive Empirical Bayes (NEB) probabilities for 2 classes & postmean_w
(amino acids refer to 1st sequence: colAngPal_LOC105527770_XM_011964207)

   1 M   0.72249 0.27751 ( 1)  0.278
   2 K   0.00000 1.00000 ( 2)  1.000
   3 P   0.63003 0.36997 ( 1)  0.370
   4 P   0.00000 1.00000 ( 2)  1.000
   5 Y   0.00000 1.00000 ( 2)  1.000
   6 R   0.63412 0.36588 ( 1)  0.366
   7 -   0.54098 0.45902 ( 1)  0.459
   8 -   0.54098 0.45902 ( 1)  0.459
   9 -   0.54098 0.45902 ( 1)  0.459
  10 -   0.54098 0.45902 ( 1)  0.459
  11 -   0.54098 0.45902 ( 1)  0.459
  12 -   0.54098 0.45902 ( 1)  0.459
  13 -   0.54098 0.45902 ( 1)  0.459
  14 -   0.54098 0.45902 ( 1)  0.459
  15 -   0.54098 0.45902 ( 1)  0.459
  16 -   0.54098 0.45902 ( 1)  0.459
  17 -   0.54098 0.45902 ( 1)  0.459
  18 -   0.54098 0.45902 ( 1)  0.459
  19 -   0.54098 0.45902 ( 1)  0.459
  20 -   0.54098 0.45902 ( 1)  0.459
  21 -   0.54098 0.45902 ( 1)  0.459
  22 -   0.54098 0.45902 ( 1)  0.459
  23 -   0.54098 0.45902 ( 1)  0.459
  24 -   0.54208 0.45792 ( 1)  0.458
  25 -   0.54208 0.45792 ( 1)  0.458
  26 -   0.54142 0.45858 ( 1)  0.459
  27 -   0.54143 0.45857 ( 1)  0.459
  28 -   0.54208 0.45792 ( 1)  0.458
  29 -   0.54155 0.45845 ( 1)  0.458
  30 -   0.54176 0.45824 ( 1)  0.458
  31 -   0.54166 0.45834 ( 1)  0.458
  32 -   0.54154 0.45846 ( 1)  0.458
  33 -   0.54225 0.45775 ( 1)  0.458
  34 -   0.54151 0.45849 ( 1)  0.458
  35 -   0.54152 0.45848 ( 1)  0.458
  36 -   0.54161 0.45839 ( 1)  0.458
  37 -   0.54208 0.45792 ( 1)  0.458
  38 -   0.54176 0.45824 ( 1)  0.458
  39 -   0.54166 0.45834 ( 1)  0.458
  40 -   0.54127 0.45873 ( 1)  0.459
  41 N   0.75276 0.24724 ( 1)  0.247
  42 T   0.62019 0.37981 ( 1)  0.380
  43 V   0.67329 0.32671 ( 1)  0.327
  44 E   0.70224 0.29776 ( 1)  0.298
  45 Q   0.00000 1.00000 ( 2)  1.000
  46 M   0.72816 0.27184 ( 1)  0.272
  47 Y   0.64961 0.35039 ( 1)  0.350
  48 Q   0.00000 1.00000 ( 2)  1.000
  49 R   0.00000 1.00000 ( 2)  1.000
  50 T   0.62292 0.37708 ( 1)  0.377
  51 F   0.73636 0.26364 ( 1)  0.264
  52 F   0.73636 0.26364 ( 1)  0.264
  53 Y   0.73223 0.26777 ( 1)  0.268
  54 N   0.75911 0.24089 ( 1)  0.241
  55 F   0.66214 0.33786 ( 1)  0.338
  56 N   0.67889 0.32111 ( 1)  0.321
  57 N   0.75911 0.24089 ( 1)  0.241
  58 R   0.63729 0.36271 ( 1)  0.363
  59 P   0.70571 0.29429 ( 1)  0.294
  60 I   0.73242 0.26758 ( 1)  0.268
  61 L   0.63866 0.36134 ( 1)  0.361
  62 S   0.63670 0.36330 ( 1)  0.363
  63 R   0.63796 0.36204 ( 1)  0.362
  64 R   0.66200 0.33800 ( 1)  0.338
  65 N   0.67889 0.32111 ( 1)  0.321
  66 T   0.71384 0.28616 ( 1)  0.286
  67 V   0.72082 0.27918 ( 1)  0.279
  68 W   0.64282 0.35718 ( 1)  0.357
  69 L   0.62735 0.37265 ( 1)  0.373
  70 C   0.72999 0.27001 ( 1)  0.270
  71 Y   0.73223 0.26777 ( 1)  0.268
  72 E   0.00000 1.00000 ( 2)  1.000
  73 V   0.67769 0.32231 ( 1)  0.322
  74 K   0.66000 0.34000 ( 1)  0.340
  75 T   0.62292 0.37708 ( 1)  0.377
  76 R   0.69084 0.30916 ( 1)  0.309
  77 G   0.72019 0.27981 ( 1)  0.280
  78 P   0.70571 0.29429 ( 1)  0.294
  79 S   0.60433 0.39567 ( 1)  0.396
  80 M   0.00000 1.00000 ( 2)  1.000
  81 P   0.68826 0.31174 ( 1)  0.312
  82 T   0.63803 0.36197 ( 1)  0.362
  83 W   0.64282 0.35718 ( 1)  0.357
  84 G   0.00000 1.00000 ( 2)  1.000
  85 A   0.00000 1.00000 ( 2)  1.000
  86 K   0.70726 0.29274 ( 1)  0.293
  87 I   0.73242 0.26758 ( 1)  0.268
  88 F   0.66214 0.33786 ( 1)  0.338
  89 R   0.59420 0.40580 ( 1)  0.406
  90 G   0.72317 0.27683 ( 1)  0.277
  91 Q   0.66201 0.33799 ( 1)  0.338
  92 V   0.67593 0.32407 ( 1)  0.324
  93 Y   0.00000 1.00000 ( 2)  1.000
  94 F   0.00000 1.00000 ( 2)  1.000
  95 E   0.00000 1.00000 ( 2)  1.000
  96 P   0.63358 0.36642 ( 1)  0.366
  97 Q   0.00000 1.00000 ( 2)  1.000
  98 Y   0.00000 1.00000 ( 2)  1.000
  99 H   0.75229 0.24771 ( 1)  0.248
 100 A   0.62305 0.37695 ( 1)  0.377
 101 E   0.66019 0.33981 ( 1)  0.340
 102 M   0.72816 0.27184 ( 1)  0.272
 103 C   0.72999 0.27001 ( 1)  0.270
 104 F   0.73636 0.26364 ( 1)  0.264
 105 L   0.71480 0.28520 ( 1)  0.285
 106 S   0.63670 0.36330 ( 1)  0.363
 107 W   0.00000 1.00000 ( 2)  1.000
 108 F   0.73636 0.26364 ( 1)  0.264
 109 C   0.65277 0.34723 ( 1)  0.347
 110 G   0.72317 0.27683 ( 1)  0.277
 111 N   0.75911 0.24089 ( 1)  0.241
 112 Q   0.66201 0.33799 ( 1)  0.338
 113 L   0.62773 0.37227 ( 1)  0.372
 114 P   0.63308 0.36692 ( 1)  0.367
 115 A   0.00000 1.00000 ( 2)  1.000
 116 Y   0.73223 0.26777 ( 1)  0.268
 117 K   0.70726 0.29274 ( 1)  0.293
 118 C   0.00000 1.00000 ( 2)  1.000
 119 F   0.73636 0.26364 ( 1)  0.264
 120 Q   0.66201 0.33799 ( 1)  0.338
 121 I   0.73242 0.26758 ( 1)  0.268
 122 T   0.71384 0.28616 ( 1)  0.286
 123 W   0.64282 0.35718 ( 1)  0.357
 124 F   0.66214 0.33786 ( 1)  0.338
 125 V   0.62667 0.37333 ( 1)  0.373
 126 S   0.71165 0.28835 ( 1)  0.288
 127 W   0.64282 0.35718 ( 1)  0.357
 128 T   0.00000 1.00000 ( 2)  1.000
 129 P   0.70571 0.29429 ( 1)  0.294
 130 C   0.72999 0.27001 ( 1)  0.270
 131 P   0.00000 1.00000 ( 2)  1.000
 132 D   0.75923 0.24077 ( 1)  0.241
 133 C   0.65277 0.34723 ( 1)  0.347
 134 V   0.67769 0.32231 ( 1)  0.322
 135 G   0.00000 1.00000 ( 2)  1.000
 136 K   0.70555 0.29445 ( 1)  0.294
 137 V   0.67769 0.32231 ( 1)  0.322
 138 A   0.00000 1.00000 ( 2)  1.000
 139 E   0.66019 0.33981 ( 1)  0.340
 140 F   0.73636 0.26364 ( 1)  0.264
 141 L   0.59966 0.40034 ( 1)  0.400
 142 A   0.63818 0.36182 ( 1)  0.362
 143 E   0.70743 0.29257 ( 1)  0.293
 144 H   0.75229 0.24771 ( 1)  0.248
 145 P   0.63308 0.36692 ( 1)  0.367
 146 N   0.67889 0.32111 ( 1)  0.321
 147 V   0.72082 0.27918 ( 1)  0.279
 148 T   0.71384 0.28616 ( 1)  0.286
 149 L   0.62735 0.37265 ( 1)  0.373
 150 T   0.71384 0.28616 ( 1)  0.286
 151 I   0.73242 0.26758 ( 1)  0.268
 152 S   0.66362 0.33638 ( 1)  0.336
 153 A   0.70599 0.29401 ( 1)  0.294
 154 A   0.71408 0.28592 ( 1)  0.286
 155 R   0.71379 0.28621 ( 1)  0.286
 156 L   0.71480 0.28520 ( 1)  0.285
 157 Y   0.73223 0.26777 ( 1)  0.268
 158 Y   0.73223 0.26777 ( 1)  0.268
 159 Y   0.73223 0.26777 ( 1)  0.268
 160 W   0.64282 0.35718 ( 1)  0.357
 161 E   0.00000 1.00000 ( 2)  1.000
 162 T   0.00000 1.00000 ( 2)  1.000
 163 D   0.67904 0.32096 ( 1)  0.321
 164 Y   0.00000 1.00000 ( 2)  1.000
 165 R   0.70726 0.29274 ( 1)  0.293
 166 R   0.69084 0.30916 ( 1)  0.309
 167 A   0.67222 0.32778 ( 1)  0.328
 168 L   0.71480 0.28520 ( 1)  0.285
 169 C   0.00000 1.00000 ( 2)  1.000
 170 R   0.69084 0.30916 ( 1)  0.309
 171 L   0.62735 0.37265 ( 1)  0.373
 172 R   0.00000 1.00000 ( 2)  1.000
 173 Q   0.66201 0.33799 ( 1)  0.338
 174 A   0.62305 0.37695 ( 1)  0.377
 175 G   0.67949 0.32051 ( 1)  0.321
 176 A   0.65550 0.34450 ( 1)  0.345
 177 R   0.00000 1.00000 ( 2)  1.000
 178 V   0.67769 0.32231 ( 1)  0.322
 179 K   0.70726 0.29274 ( 1)  0.293
 180 I   0.73242 0.26758 ( 1)  0.268
 181 M   0.72816 0.27184 ( 1)  0.272
 182 D   0.75923 0.24077 ( 1)  0.241
 183 D   0.00000 1.00000 ( 2)  1.000
 184 E   0.66019 0.33981 ( 1)  0.340
 185 E   0.66019 0.33981 ( 1)  0.340
 186 F   0.66214 0.33786 ( 1)  0.338
 187 A   0.62305 0.37695 ( 1)  0.377
 188 Y   0.73223 0.26777 ( 1)  0.268
 189 C   0.72999 0.27001 ( 1)  0.270
 190 W   0.64282 0.35718 ( 1)  0.357
 191 E   0.66019 0.33981 ( 1)  0.340
 192 N   0.75911 0.24089 ( 1)  0.241
 193 F   0.66214 0.33786 ( 1)  0.338
 194 V   0.67769 0.32231 ( 1)  0.322
 195 Y   0.73223 0.26777 ( 1)  0.268
 196 N   0.67889 0.32111 ( 1)  0.321
 197 E   0.66019 0.33981 ( 1)  0.340
 198 G   0.00000 1.00000 ( 2)  1.000
 199 Q   0.66201 0.33799 ( 1)  0.338
 200 S   0.60433 0.39567 ( 1)  0.396
 201 F   0.73636 0.26364 ( 1)  0.264
 202 M   0.00000 1.00000 ( 2)  1.000
 203 P   0.63308 0.36692 ( 1)  0.367
 204 W   0.64282 0.35718 ( 1)  0.357
 205 D   0.75923 0.24077 ( 1)  0.241
 206 K   0.66000 0.34000 ( 1)  0.340
 207 F   0.73636 0.26364 ( 1)  0.264
 208 D   0.00000 1.00000 ( 2)  1.000
 209 D   0.75923 0.24077 ( 1)  0.241
 210 N   0.67889 0.32111 ( 1)  0.321
 211 Y   0.64961 0.35039 ( 1)  0.350
 212 A   0.62305 0.37695 ( 1)  0.377
 213 F   0.73636 0.26364 ( 1)  0.264
 214 L   0.62735 0.37265 ( 1)  0.373
 215 H   0.75229 0.24771 ( 1)  0.248
 216 S   0.00000 1.00000 ( 2)  1.000
 217 K   0.00000 1.00000 ( 2)  1.000
 218 L   0.59434 0.40566 ( 1)  0.406
 219 K   0.70726 0.29274 ( 1)  0.293
 220 E   0.70743 0.29257 ( 1)  0.293
 221 I   0.65578 0.34422 ( 1)  0.344
 222 L   0.71480 0.28520 ( 1)  0.285
 223 R   0.63729 0.36271 ( 1)  0.363
 224 N   0.75911 0.24089 ( 1)  0.241
 225 P   0.62961 0.37039 ( 1)  0.370
 226 M   0.00000 1.00000 ( 2)  1.000
 227 E   0.70743 0.29257 ( 1)  0.293
 228 T   0.00000 1.00000 ( 2)  1.000
 229 M   0.00000 1.00000 ( 2)  1.000
 230 Y   0.00000 1.00000 ( 2)  1.000
 231 P   0.61869 0.38131 ( 1)  0.381
 232 H   0.00000 1.00000 ( 2)  1.000
 233 T   0.00000 1.00000 ( 2)  1.000
 234 F   0.73636 0.26364 ( 1)  0.264
 235 Y   0.73223 0.26777 ( 1)  0.268
 236 F   0.73636 0.26364 ( 1)  0.264
 237 H   0.75229 0.24771 ( 1)  0.248
 238 F   0.66214 0.33786 ( 1)  0.338
 239 K   0.66000 0.34000 ( 1)  0.340
 240 N   0.75911 0.24089 ( 1)  0.241
 241 L   0.59434 0.40566 ( 1)  0.406
 242 R   0.66200 0.33800 ( 1)  0.338
 243 K   0.66000 0.34000 ( 1)  0.340
 244 A   0.71408 0.28592 ( 1)  0.286
 245 Y   0.64961 0.35039 ( 1)  0.350
 246 G   0.64374 0.35626 ( 1)  0.356
 247 R   0.66200 0.33800 ( 1)  0.338
 248 N   0.75123 0.24877 ( 1)  0.249
 249 E   0.66019 0.33981 ( 1)  0.340
 250 T   0.00000 1.00000 ( 2)  1.000
 251 W   0.00000 1.00000 ( 2)  1.000
 252 L   0.62735 0.37265 ( 1)  0.373
 253 C   0.72999 0.27001 ( 1)  0.270
 254 F   0.73636 0.26364 ( 1)  0.264
 255 T   0.71384 0.28616 ( 1)  0.286
 256 V   0.00000 1.00000 ( 2)  1.000
 257 E   0.66019 0.33981 ( 1)  0.340
 258 I   0.65578 0.34422 ( 1)  0.344
 259 I   0.00000 1.00000 ( 2)  1.000
 260 K   0.70726 0.29274 ( 1)  0.293
 261 H   0.00000 1.00000 ( 2)  1.000
 262 C   0.00000 1.00000 ( 2)  1.000
 263 S   0.60433 0.39567 ( 1)  0.396
 264 T   0.63803 0.36197 ( 1)  0.362
 265 V   0.72082 0.27918 ( 1)  0.279
 266 S   0.71165 0.28835 ( 1)  0.288
 267 W   0.64282 0.35718 ( 1)  0.357
 268 K   0.00000 1.00000 ( 2)  1.000
 269 R   0.00000 1.00000 ( 2)  1.000
 270 G   0.72317 0.27683 ( 1)  0.277
 271 V   0.72082 0.27918 ( 1)  0.279
 272 F   0.73636 0.26364 ( 1)  0.264
 273 R   0.59420 0.40580 ( 1)  0.406
 274 N   0.75911 0.24089 ( 1)  0.241
 275 Q   0.66201 0.33799 ( 1)  0.338
 276 V   0.67998 0.32002 ( 1)  0.320
 277 D   0.00000 1.00000 ( 2)  1.000
 278 P   0.63308 0.36692 ( 1)  0.367
 279 E   0.00000 1.00000 ( 2)  1.000
 280 T   0.00000 1.00000 ( 2)  1.000
 281 H   0.00000 1.00000 ( 2)  1.000
 282 C   0.65441 0.34559 ( 1)  0.346
 283 H   0.67308 0.32692 ( 1)  0.327
 284 A   0.62305 0.37695 ( 1)  0.377
 285 E   0.66019 0.33981 ( 1)  0.340
 286 R   0.00000 1.00000 ( 2)  1.000
 287 C   0.72999 0.27001 ( 1)  0.270
 288 F   0.73636 0.26364 ( 1)  0.264
 289 L   0.71480 0.28520 ( 1)  0.285
 290 S   0.67230 0.32770 ( 1)  0.328
 291 W   0.64282 0.35718 ( 1)  0.357
 292 F   0.73636 0.26364 ( 1)  0.264
 293 C   0.00000 1.00000 ( 2)  1.000
 294 E   0.00000 1.00000 ( 2)  1.000
 295 D   0.00000 1.00000 ( 2)  1.000
 296 I   0.00000 1.00000 ( 2)  1.000
 297 L   0.62735 0.37265 ( 1)  0.373
 298 S   0.63922 0.36078 ( 1)  0.361
 299 P   0.63308 0.36692 ( 1)  0.367
 300 N   0.00000 1.00000 ( 2)  1.000
 301 T   0.00000 1.00000 ( 2)  1.000
 302 N   0.00000 1.00000 ( 2)  1.000
 303 Y   0.73223 0.26777 ( 1)  0.268
 304 Q   0.00000 1.00000 ( 2)  1.000
 305 V   0.72082 0.27918 ( 1)  0.279
 306 T   0.71384 0.28616 ( 1)  0.286
 307 W   0.64282 0.35718 ( 1)  0.357
 308 Y   0.73223 0.26777 ( 1)  0.268
 309 T   0.62292 0.37708 ( 1)  0.377
 310 S   0.63670 0.36330 ( 1)  0.363
 311 W   0.64282 0.35718 ( 1)  0.357
 312 S   0.73706 0.26294 ( 1)  0.263
 313 P   0.63308 0.36692 ( 1)  0.367
 314 C   0.72039 0.27961 ( 1)  0.280
 315 L   0.00000 1.00000 ( 2)  1.000
 316 D   0.00000 1.00000 ( 2)  1.000
 317 C   0.65277 0.34723 ( 1)  0.347
 318 A   0.62305 0.37695 ( 1)  0.377
 319 G   0.67949 0.32051 ( 1)  0.321
 320 E   0.70189 0.29811 ( 1)  0.298
 321 V   0.67769 0.32231 ( 1)  0.322
 322 A   0.70257 0.29743 ( 1)  0.297
 323 E   0.70743 0.29257 ( 1)  0.293
 324 F   0.73636 0.26364 ( 1)  0.264
 325 L   0.62735 0.37265 ( 1)  0.373
 326 A   0.71408 0.28592 ( 1)  0.286
 327 R   0.69084 0.30916 ( 1)  0.309
 328 H   0.00000 1.00000 ( 2)  1.000
 329 S   0.67989 0.32011 ( 1)  0.320
 330 N   0.69956 0.30044 ( 1)  0.300
 331 V   0.67769 0.32231 ( 1)  0.322
 332 K   0.00000 1.00000 ( 2)  1.000
 333 L   0.71480 0.28520 ( 1)  0.285
 334 A   0.00000 1.00000 ( 2)  1.000
 335 I   0.73242 0.26758 ( 1)  0.268
 336 F   0.00000 1.00000 ( 2)  1.000
 337 A   0.00000 1.00000 ( 2)  1.000
 338 A   0.71408 0.28592 ( 1)  0.286
 339 R   0.71379 0.28621 ( 1)  0.286
 340 L   0.71257 0.28743 ( 1)  0.287
 341 Y   0.73223 0.26777 ( 1)  0.268
 342 Y   0.73223 0.26777 ( 1)  0.268
 343 F   0.73636 0.26364 ( 1)  0.264
 344 W   0.64282 0.35718 ( 1)  0.357
 345 D   0.67904 0.32096 ( 1)  0.321
 346 T   0.00000 1.00000 ( 2)  1.000
 347 D   0.00000 1.00000 ( 2)  1.000
 348 Y   0.73223 0.26777 ( 1)  0.268
 349 Q   0.66201 0.33799 ( 1)  0.338
 350 Q   0.00000 1.00000 ( 2)  1.000
 351 G   0.67949 0.32051 ( 1)  0.321
 352 L   0.71480 0.28520 ( 1)  0.285
 353 R   0.71379 0.28621 ( 1)  0.286
 354 S   0.73706 0.26294 ( 1)  0.263
 355 L   0.62322 0.37678 ( 1)  0.377
 356 S   0.65992 0.34008 ( 1)  0.340
 357 E   0.70743 0.29257 ( 1)  0.293
 358 E   0.00000 1.00000 ( 2)  1.000
 359 G   0.67949 0.32051 ( 1)  0.321
 360 A   0.71408 0.28592 ( 1)  0.286
 361 S   0.71165 0.28835 ( 1)  0.288
 362 V   0.00000 1.00000 ( 2)  1.000
 363 E   0.00000 1.00000 ( 2)  1.000
 364 I   0.73242 0.26758 ( 1)  0.268
 365 M   0.72816 0.27184 ( 1)  0.272
 366 G   0.00000 1.00000 ( 2)  1.000
 367 Y   0.00000 1.00000 ( 2)  1.000
 368 E   0.00000 1.00000 ( 2)  1.000
 369 D   0.67903 0.32097 ( 1)  0.321
 370 F   0.66213 0.33787 ( 1)  0.338
 371 K   0.66000 0.34000 ( 1)  0.340
 372 Y   0.64961 0.35039 ( 1)  0.350
 373 C   0.65277 0.34723 ( 1)  0.347
 374 W   0.64282 0.35718 ( 1)  0.357
 375 E   0.66019 0.33981 ( 1)  0.340
 376 N   0.75911 0.24089 ( 1)  0.241
 377 F   0.66213 0.33787 ( 1)  0.338
 378 V   0.67768 0.32232 ( 1)  0.322
 379 Y   0.73222 0.26778 ( 1)  0.268
 380 N   0.68135 0.31865 ( 1)  0.319
 381 G   0.64374 0.35626 ( 1)  0.356
 382 D   0.67903 0.32097 ( 1)  0.321
 383 E   0.70743 0.29257 ( 1)  0.293
 384 P   0.00000 1.00000 ( 2)  1.000
 385 F   0.73635 0.26365 ( 1)  0.264
 386 K   0.70725 0.29275 ( 1)  0.293
 387 P   0.63307 0.36693 ( 1)  0.367
 388 W   0.64282 0.35718 ( 1)  0.357
 389 K   0.70725 0.29275 ( 1)  0.293
 390 G   0.62128 0.37872 ( 1)  0.379
 391 L   0.59434 0.40566 ( 1)  0.406
 392 K   0.66000 0.34000 ( 1)  0.340
 393 Y   0.73222 0.26778 ( 1)  0.268
 394 N   0.75911 0.24089 ( 1)  0.241
 395 F   0.66213 0.33787 ( 1)  0.338
 396 L   0.59434 0.40566 ( 1)  0.406
 397 F   0.73635 0.26365 ( 1)  0.264
 398 L   0.62735 0.37265 ( 1)  0.373
 399 D   0.75923 0.24077 ( 1)  0.241
 400 S   0.73706 0.26294 ( 1)  0.263
 401 K   0.69534 0.30466 ( 1)  0.305
 402 L   0.62735 0.37265 ( 1)  0.373
 403 Q   0.66201 0.33799 ( 1)  0.338
 404 E   0.70743 0.29257 ( 1)  0.293
 405 I   0.65578 0.34422 ( 1)  0.344
 406 L   0.71222 0.28778 ( 1)  0.288
 407 E   0.70728 0.29272 ( 1)  0.293
 408 -   0.54770 0.45230 ( 1)  0.452
 409 -   0.54098 0.45902 ( 1)  0.459
 410 -   0.54098 0.45902 ( 1)  0.459
 411 -   0.54098 0.45902 ( 1)  0.459
 412 -   0.54098 0.45902 ( 1)  0.459
 413 -   0.54098 0.45902 ( 1)  0.459
 414 -   0.54098 0.45902 ( 1)  0.459
 415 -   0.54098 0.45902 ( 1)  0.459
 416 -   0.54098 0.45902 ( 1)  0.459
 417 -   0.54098 0.45902 ( 1)  0.459
 418 -   0.54098 0.45902 ( 1)  0.459
 419 -   0.54098 0.45902 ( 1)  0.459
 420 -   0.54098 0.45902 ( 1)  0.459
 421 -   0.54098 0.45902 ( 1)  0.459
 422 -   0.54098 0.45902 ( 1)  0.459
 423 -   0.54098 0.45902 ( 1)  0.459
 424 -   0.54098 0.45902 ( 1)  0.459
 425 -   0.54098 0.45902 ( 1)  0.459
 426 -   0.54098 0.45902 ( 1)  0.459
 427 -   0.54098 0.45902 ( 1)  0.459
 428 -   0.54098 0.45902 ( 1)  0.459
 429 -   0.54098 0.45902 ( 1)  0.459
 430 -   0.54098 0.45902 ( 1)  0.459
 431 -   0.54098 0.45902 ( 1)  0.459
 432 -   0.54098 0.45902 ( 1)  0.459
 433 -   0.54098 0.45902 ( 1)  0.459
 434 -   0.54098 0.45902 ( 1)  0.459
 435 -   0.54098 0.45902 ( 1)  0.459
 436 -   0.54098 0.45902 ( 1)  0.459
 437 -   0.54098 0.45902 ( 1)  0.459
 438 -   0.54098 0.45902 ( 1)  0.459
 439 -   0.54098 0.45902 ( 1)  0.459
 440 -   0.54098 0.45902 ( 1)  0.459
 441 -   0.54098 0.45902 ( 1)  0.459
 442 -   0.54098 0.45902 ( 1)  0.459
 443 -   0.54098 0.45902 ( 1)  0.459
 444 -   0.54098 0.45902 ( 1)  0.459
 445 -   0.54098 0.45902 ( 1)  0.459
 446 -   0.54098 0.45902 ( 1)  0.459
 447 -   0.54099 0.45901 ( 1)  0.459
 448 -   0.54098 0.45902 ( 1)  0.459
 449 -   0.54098 0.45902 ( 1)  0.459
 450 -   0.54098 0.45902 ( 1)  0.459
 451 -   0.54098 0.45902 ( 1)  0.459
 452 -   0.54098 0.45902 ( 1)  0.459
 453 -   0.54098 0.45902 ( 1)  0.459
 454 -   0.54098 0.45902 ( 1)  0.459
 455 -   0.54098 0.45902 ( 1)  0.459
 456 -   0.54099 0.45901 ( 1)  0.459
 457 -   0.54098 0.45902 ( 1)  0.459
 458 -   0.54098 0.45902 ( 1)  0.459
 459 -   0.54098 0.45902 ( 1)  0.459
 460 -   0.54098 0.45902 ( 1)  0.459
 461 -   0.54098 0.45902 ( 1)  0.459
 462 -   0.54099 0.45901 ( 1)  0.459
 463 -   0.54099 0.45901 ( 1)  0.459
 464 -   0.54099 0.45901 ( 1)  0.459
 465 -   0.54098 0.45902 ( 1)  0.459
 466 -   0.54098 0.45902 ( 1)  0.459
 467 -   0.54099 0.45901 ( 1)  0.459
 468 -   0.54098 0.45902 ( 1)  0.459
 469 -   0.54098 0.45902 ( 1)  0.459
 470 -   0.54098 0.45902 ( 1)  0.459
 471 -   0.54098 0.45902 ( 1)  0.459
 472 -   0.54098 0.45902 ( 1)  0.459
 473 -   0.54098 0.45902 ( 1)  0.459
 474 -   0.54098 0.45902 ( 1)  0.459
 475 -   0.54098 0.45902 ( 1)  0.459
 476 -   0.54098 0.45902 ( 1)  0.459
 477 -   0.54098 0.45902 ( 1)  0.459
 478 -   0.54098 0.45902 ( 1)  0.459
 479 -   0.54675 0.45325 ( 1)  0.453
 480 -   0.54826 0.45174 ( 1)  0.452
 481 -   0.54652 0.45348 ( 1)  0.453
 482 -   0.54098 0.45902 ( 1)  0.459
 483 -   0.54098 0.45902 ( 1)  0.459
 484 -   0.54098 0.45902 ( 1)  0.459
 485 -   0.54098 0.45902 ( 1)  0.459
 486 -   0.54098 0.45902 ( 1)  0.459
 487 -   0.54098 0.45902 ( 1)  0.459
 488 -   0.54098 0.45902 ( 1)  0.459
 489 -   0.54098 0.45902 ( 1)  0.459
 490 -   0.54098 0.45902 ( 1)  0.459
 491 -   0.54098 0.45902 ( 1)  0.459
 492 -   0.54098 0.45902 ( 1)  0.459
 493 -   0.54098 0.45902 ( 1)  0.459
 494 -   0.54098 0.45902 ( 1)  0.459
 495 -   0.54098 0.45902 ( 1)  0.459
 496 -   0.54098 0.45902 ( 1)  0.459
 497 -   0.54098 0.45902 ( 1)  0.459
 498 -   0.54098 0.45902 ( 1)  0.459
 499 -   0.54098 0.45902 ( 1)  0.459
 500 -   0.54098 0.45902 ( 1)  0.459
 501 -   0.54098 0.45902 ( 1)  0.459
 502 -   0.54098 0.45902 ( 1)  0.459
 503 -   0.54098 0.45902 ( 1)  0.459
 504 -   0.54098 0.45902 ( 1)  0.459
 505 -   0.54098 0.45902 ( 1)  0.459
 506 -   0.54098 0.45902 ( 1)  0.459
 507 -   0.54098 0.45902 ( 1)  0.459
 508 -   0.54098 0.45902 ( 1)  0.459
 509 -   0.54098 0.45902 ( 1)  0.459
 510 -   0.54098 0.45902 ( 1)  0.459
 511 -   0.54098 0.45902 ( 1)  0.459
 512 -   0.54098 0.45902 ( 1)  0.459
 513 -   0.54098 0.45902 ( 1)  0.459
 514 -   0.54098 0.45902 ( 1)  0.459
 515 -   0.54098 0.45902 ( 1)  0.459
 516 -   0.54098 0.45902 ( 1)  0.459
 517 -   0.54098 0.45902 ( 1)  0.459
 518 -   0.54098 0.45902 ( 1)  0.459
 519 -   0.54098 0.45902 ( 1)  0.459
 520 -   0.54098 0.45902 ( 1)  0.459
 521 -   0.54098 0.45902 ( 1)  0.459
 522 -   0.54098 0.45902 ( 1)  0.459
 523 -   0.54098 0.45902 ( 1)  0.459
 524 -   0.54098 0.45902 ( 1)  0.459
 525 -   0.54098 0.45902 ( 1)  0.459
 526 -   0.54098 0.45902 ( 1)  0.459
 527 -   0.54098 0.45902 ( 1)  0.459
 528 -   0.54098 0.45902 ( 1)  0.459
 529 -   0.54098 0.45902 ( 1)  0.459
 530 -   0.54098 0.45902 ( 1)  0.459
 531 -   0.54098 0.45902 ( 1)  0.459
 532 -   0.54098 0.45902 ( 1)  0.459
 533 -   0.54098 0.45902 ( 1)  0.459
 534 -   0.54098 0.45902 ( 1)  0.459
 535 -   0.54098 0.45902 ( 1)  0.459
 536 -   0.54098 0.45902 ( 1)  0.459
 537 -   0.54098 0.45902 ( 1)  0.459
 538 -   0.54098 0.45902 ( 1)  0.459
 539 -   0.54098 0.45902 ( 1)  0.459
 540 -   0.54098 0.45902 ( 1)  0.459
 541 -   0.54098 0.45902 ( 1)  0.459
 542 -   0.54098 0.45902 ( 1)  0.459
 543 -   0.54098 0.45902 ( 1)  0.459
 544 -   0.54098 0.45902 ( 1)  0.459
 545 -   0.55433 0.44567 ( 1)  0.446
 546 -   0.00000 1.00000 ( 2)  1.000
 547 -   0.54770 0.45230 ( 1)  0.452
 548 -   0.54098 0.45902 ( 1)  0.459
 549 -   0.54098 0.45902 ( 1)  0.459
 550 -   0.54098 0.45902 ( 1)  0.459
 551 -   0.54098 0.45902 ( 1)  0.459
 552 -   0.54099 0.45901 ( 1)  0.459
 553 -   0.54098 0.45902 ( 1)  0.459
 554 -   0.54098 0.45902 ( 1)  0.459
 555 -   0.54098 0.45902 ( 1)  0.459
 556 -   0.54098 0.45902 ( 1)  0.459
 557 -   0.54098 0.45902 ( 1)  0.459
 558 -   0.54098 0.45902 ( 1)  0.459
 559 -   0.54098 0.45902 ( 1)  0.459
 560 -   0.54098 0.45902 ( 1)  0.459
 561 -   0.54098 0.45902 ( 1)  0.459
 562 -   0.54098 0.45902 ( 1)  0.459
 563 -   0.54098 0.45902 ( 1)  0.459
 564 -   0.54098 0.45902 ( 1)  0.459
 565 -   0.54098 0.45902 ( 1)  0.459
 566 -   0.54098 0.45902 ( 1)  0.459
 567 -   0.54098 0.45902 ( 1)  0.459
 568 -   0.54098 0.45902 ( 1)  0.459
 569 -   0.54098 0.45902 ( 1)  0.459
 570 -   0.54098 0.45902 ( 1)  0.459
 571 -   0.54098 0.45902 ( 1)  0.459
 572 -   0.54098 0.45902 ( 1)  0.459
 573 -   0.54098 0.45902 ( 1)  0.459
 574 -   0.54098 0.45902 ( 1)  0.459
 575 -   0.54098 0.45902 ( 1)  0.459
 576 -   0.54098 0.45902 ( 1)  0.459
 577 -   0.54098 0.45902 ( 1)  0.459
 578 -   0.54098 0.45902 ( 1)  0.459
 579 -   0.54098 0.45902 ( 1)  0.459
 580 -   0.54098 0.45902 ( 1)  0.459
 581 -   0.54098 0.45902 ( 1)  0.459
 582 -   0.54098 0.45902 ( 1)  0.459
 583 -   0.54098 0.45902 ( 1)  0.459
 584 -   0.54098 0.45902 ( 1)  0.459
 585 -   0.54098 0.45902 ( 1)  0.459
 586 -   0.54098 0.45902 ( 1)  0.459
 587 -   0.54098 0.45902 ( 1)  0.459
 588 -   0.54098 0.45902 ( 1)  0.459
 589 -   0.54098 0.45902 ( 1)  0.459
 590 -   0.54098 0.45902 ( 1)  0.459
 591 -   0.54098 0.45902 ( 1)  0.459
 592 -   0.54098 0.45902 ( 1)  0.459
 593 -   0.54098 0.45902 ( 1)  0.459
 594 -   0.54098 0.45902 ( 1)  0.459
 595 -   0.54098 0.45902 ( 1)  0.459
 596 -   0.54098 0.45902 ( 1)  0.459
 597 -   0.54098 0.45902 ( 1)  0.459
 598 -   0.54098 0.45902 ( 1)  0.459
 599 -   0.54098 0.45902 ( 1)  0.459
 600 -   0.54098 0.45902 ( 1)  0.459
 601 -   0.54098 0.45902 ( 1)  0.459
 602 -   0.54098 0.45902 ( 1)  0.459
 603 -   0.54098 0.45902 ( 1)  0.459
 604 -   0.54098 0.45902 ( 1)  0.459
 605 -   0.54098 0.45902 ( 1)  0.459
 606 -   0.54098 0.45902 ( 1)  0.459
 607 -   0.54098 0.45902 ( 1)  0.459
 608 -   0.54098 0.45902 ( 1)  0.459
 609 -   0.54099 0.45901 ( 1)  0.459
 610 -   0.54098 0.45902 ( 1)  0.459
 611 -   0.54099 0.45901 ( 1)  0.459
 612 -   0.54098 0.45902 ( 1)  0.459
 613 -   0.54099 0.45901 ( 1)  0.459
 614 -   0.54098 0.45902 ( 1)  0.459
 615 -   0.54098 0.45902 ( 1)  0.459
 616 -   0.54099 0.45901 ( 1)  0.459
 617 -   0.54099 0.45901 ( 1)  0.459
 618 -   0.54098 0.45902 ( 1)  0.459
 619 -   0.54098 0.45902 ( 1)  0.459
 620 -   0.54098 0.45902 ( 1)  0.459
 621 -   0.54098 0.45902 ( 1)  0.459
 622 -   0.54098 0.45902 ( 1)  0.459
 623 -   0.54098 0.45902 ( 1)  0.459
 624 -   0.54098 0.45902 ( 1)  0.459
 625 -   0.54098 0.45902 ( 1)  0.459
 626 -   0.54098 0.45902 ( 1)  0.459
 627 -   0.54098 0.45902 ( 1)  0.459
 628 -   0.54098 0.45902 ( 1)  0.459
 629 -   0.54098 0.45902 ( 1)  0.459
 630 -   0.54098 0.45902 ( 1)  0.459
 631 -   0.54098 0.45902 ( 1)  0.459
 632 -   0.54098 0.45902 ( 1)  0.459
 633 -   0.54098 0.45902 ( 1)  0.459
 634 -   0.54098 0.45902 ( 1)  0.459
 635 -   0.54098 0.45902 ( 1)  0.459
 636 -   0.54098 0.45902 ( 1)  0.459
 637 -   0.54098 0.45902 ( 1)  0.459
 638 -   0.54098 0.45902 ( 1)  0.459
 639 -   0.54098 0.45902 ( 1)  0.459
 640 -   0.54098 0.45902 ( 1)  0.459
 641 -   0.54099 0.45901 ( 1)  0.459
 642 -   0.54099 0.45901 ( 1)  0.459
 643 -   0.54099 0.45901 ( 1)  0.459
 644 -   0.54098 0.45902 ( 1)  0.459
 645 -   0.54098 0.45902 ( 1)  0.459
 646 -   0.54098 0.45902 ( 1)  0.459
 647 -   0.54098 0.45902 ( 1)  0.459
 648 -   0.54098 0.45902 ( 1)  0.459
 649 -   0.54098 0.45902 ( 1)  0.459
 650 -   0.54098 0.45902 ( 1)  0.459
 651 -   0.54098 0.45902 ( 1)  0.459
 652 -   0.54098 0.45902 ( 1)  0.459
 653 -   0.54098 0.45902 ( 1)  0.459
 654 -   0.54098 0.45902 ( 1)  0.459
 655 -   0.54098 0.45902 ( 1)  0.459
 656 -   0.54098 0.45902 ( 1)  0.459
 657 -   0.54098 0.45902 ( 1)  0.459
 658 -   0.54098 0.45902 ( 1)  0.459
 659 -   0.54098 0.45902 ( 1)  0.459
 660 -   0.54098 0.45902 ( 1)  0.459
 661 -   0.54099 0.45901 ( 1)  0.459
 662 -   0.54098 0.45902 ( 1)  0.459
 663 -   0.54098 0.45902 ( 1)  0.459
 664 -   0.54099 0.45901 ( 1)  0.459
 665 -   0.54098 0.45902 ( 1)  0.459
 666 -   0.54098 0.45902 ( 1)  0.459
 667 -   0.54098 0.45902 ( 1)  0.459
 668 -   0.54098 0.45902 ( 1)  0.459
 669 -   0.54098 0.45902 ( 1)  0.459
 670 -   0.54098 0.45902 ( 1)  0.459
 671 -   0.54098 0.45902 ( 1)  0.459
 672 -   0.54098 0.45902 ( 1)  0.459
 673 -   0.54098 0.45902 ( 1)  0.459
 674 -   0.54098 0.45902 ( 1)  0.459
 675 -   0.54098 0.45902 ( 1)  0.459
 676 -   0.54098 0.45902 ( 1)  0.459
 677 -   0.54098 0.45902 ( 1)  0.459
 678 -   0.54099 0.45901 ( 1)  0.459
 679 -   0.54098 0.45902 ( 1)  0.459
 680 -   0.54098 0.45902 ( 1)  0.459
 681 -   0.54098 0.45902 ( 1)  0.459
 682 -   0.54098 0.45902 ( 1)  0.459
 683 -   0.54098 0.45902 ( 1)  0.459
 684 -   0.54098 0.45902 ( 1)  0.459
 685 -   0.54098 0.45902 ( 1)  0.459
 686 -   0.54098 0.45902 ( 1)  0.459
 687 -   0.54098 0.45902 ( 1)  0.459
 688 -   0.54099 0.45901 ( 1)  0.459
 689 -   0.54098 0.45902 ( 1)  0.459
 690 -   0.54099 0.45901 ( 1)  0.459
 691 -   0.54099 0.45901 ( 1)  0.459
 692 -   0.54098 0.45902 ( 1)  0.459
 693 -   0.54098 0.45902 ( 1)  0.459
 694 -   0.54098 0.45902 ( 1)  0.459
 695 -   0.54098 0.45902 ( 1)  0.459
 696 -   0.54098 0.45902 ( 1)  0.459
 697 -   0.54098 0.45902 ( 1)  0.459
 698 -   0.54098 0.45902 ( 1)  0.459
 699 -   0.54099 0.45901 ( 1)  0.459
 700 -   0.54098 0.45902 ( 1)  0.459
 701 -   0.54098 0.45902 ( 1)  0.459
 702 -   0.54099 0.45901 ( 1)  0.459
 703 -   0.54098 0.45902 ( 1)  0.459
 704 -   0.54098 0.45902 ( 1)  0.459


lnL = -3945.633719

