Supplemental results for CODEML (seqf: algn  treef: tree)


dN/dS (w) for site classes (K=8)

p:   0.12500  0.12500  0.12500  0.12500  0.12500  0.12500  0.12500  0.12500
w:   0.00000  0.00000  0.00000  0.00000  0.00000  0.00028  0.01022  0.22908

Naive Empirical Bayes (NEB) probabilities for 8 classes & postmean_w
(amino acids refer to 1st sequence: aotNan_RHO_XM_012472901)

   1 M   0.13912 0.13912 0.13912 0.13912 0.13912 0.13889 0.13069 0.03482 ( 1)  0.009
   2 N   0.13164 0.13164 0.13164 0.13164 0.13163 0.13156 0.12877 0.08149 ( 1)  0.020
   3 G   0.13595 0.13595 0.13595 0.13595 0.13595 0.13580 0.13043 0.05404 ( 1)  0.014
   4 T   0.13158 0.13158 0.13158 0.13158 0.13158 0.13150 0.12876 0.08183 ( 1)  0.020
   5 E   0.13201 0.13201 0.13201 0.13201 0.13201 0.13193 0.12899 0.07902 ( 1)  0.019
   6 G   0.13910 0.13910 0.13910 0.13910 0.13910 0.13887 0.13071 0.03492 ( 1)  0.009
   7 P   0.13458 0.13458 0.13458 0.13458 0.13458 0.13446 0.12998 0.06264 ( 1)  0.016
   8 N   0.13967 0.13967 0.13967 0.13967 0.13967 0.13942 0.13060 0.03161 ( 1)  0.009
   9 F   0.14077 0.14077 0.14077 0.14077 0.14076 0.14047 0.13025 0.02544 ( 1)  0.007
  10 Y   0.13750 0.13750 0.13750 0.13750 0.13750 0.13732 0.13068 0.04448 ( 1)  0.012
  11 V   0.13766 0.13766 0.13766 0.13766 0.13766 0.13747 0.13067 0.04358 ( 1)  0.011
  12 P   0.13982 0.13982 0.13982 0.13982 0.13982 0.13956 0.13059 0.03075 ( 1)  0.008
  13 F   0.14077 0.14077 0.14077 0.14077 0.14076 0.14047 0.13025 0.02544 ( 1)  0.007
  14 S   0.14004 0.14004 0.14004 0.14004 0.14004 0.13978 0.13052 0.02949 ( 1)  0.008
  15 N   0.13870 0.13870 0.13870 0.13870 0.13870 0.13848 0.13070 0.03730 ( 1)  0.010
  16 A   0.13837 0.13837 0.13837 0.13837 0.13837 0.13816 0.13070 0.03927 ( 1)  0.010
  17 T   0.13694 0.13694 0.13694 0.13694 0.13694 0.13676 0.13062 0.04793 ( 1)  0.012
  18 G   0.13858 0.13858 0.13858 0.13858 0.13857 0.13836 0.13074 0.03802 ( 1)  0.010
  19 V   0.13733 0.13733 0.13733 0.13733 0.13732 0.13714 0.13064 0.04558 ( 1)  0.012
  20 V   0.13642 0.13642 0.13642 0.13642 0.13642 0.13626 0.13049 0.05116 ( 1)  0.013
  21 R   0.13687 0.13687 0.13687 0.13687 0.13687 0.13670 0.13062 0.04832 ( 1)  0.012
  22 S   0.13911 0.13911 0.13911 0.13911 0.13911 0.13888 0.13071 0.03484 ( 1)  0.009
  23 P   0.13982 0.13982 0.13982 0.13982 0.13982 0.13956 0.13059 0.03075 ( 1)  0.008
  24 F   0.14068 0.14068 0.14068 0.14068 0.14067 0.14038 0.13029 0.02596 ( 1)  0.007
  25 E   0.13551 0.13551 0.13551 0.13551 0.13551 0.13537 0.13031 0.05678 ( 1)  0.014
  26 Y   0.13759 0.13759 0.13759 0.13759 0.13759 0.13740 0.13069 0.04396 ( 1)  0.011
  27 P   0.13429 0.13429 0.13429 0.13429 0.13429 0.13417 0.12994 0.06445 ( 1)  0.016
  28 Q   0.13136 0.13136 0.13136 0.13136 0.13136 0.13129 0.12870 0.08321 ( 1)  0.020
  29 Y   0.13767 0.13767 0.13767 0.13767 0.13767 0.13748 0.13070 0.04346 ( 1)  0.011
  30 Y   0.13767 0.13767 0.13767 0.13767 0.13767 0.13748 0.13070 0.04346 ( 1)  0.011
  31 L   0.13185 0.13185 0.13185 0.13185 0.13185 0.13177 0.12893 0.08003 ( 1)  0.020
  32 A   0.13788 0.13788 0.13788 0.13788 0.13788 0.13768 0.13063 0.04229 ( 1)  0.011
  33 E   0.13551 0.13551 0.13551 0.13551 0.13551 0.13537 0.13031 0.05678 ( 1)  0.014
  34 P   0.12721 0.12721 0.12721 0.12721 0.12721 0.12719 0.12641 0.11033 ( 1)  0.027
  35 W   0.13063 0.13063 0.13063 0.13063 0.13063 0.13057 0.12834 0.08792 ( 1)  0.021
  36 Q   0.13136 0.13136 0.13136 0.13136 0.13136 0.13129 0.12870 0.08321 ( 1)  0.020
  37 F   0.14077 0.14077 0.14077 0.14077 0.14076 0.14047 0.13025 0.02544 ( 1)  0.007
  38 S   0.14004 0.14004 0.14004 0.14004 0.14004 0.13978 0.13052 0.02949 ( 1)  0.008
  39 M   0.13912 0.13912 0.13912 0.13912 0.13912 0.13889 0.13069 0.03482 ( 1)  0.009
  40 L   0.13185 0.13185 0.13185 0.13185 0.13185 0.13177 0.12893 0.08003 ( 1)  0.020
  41 A   0.14171 0.14171 0.14171 0.14171 0.14171 0.14138 0.12975 0.02030 ( 1)  0.006
  42 A   0.14171 0.14171 0.14171 0.14171 0.14171 0.14138 0.12975 0.02030 ( 1)  0.006
  43 Y   0.13767 0.13767 0.13767 0.13767 0.13767 0.13748 0.13070 0.04346 ( 1)  0.011
  44 M   0.13912 0.13912 0.13912 0.13912 0.13912 0.13889 0.13069 0.03482 ( 1)  0.009
  45 F   0.14053 0.14053 0.14053 0.14053 0.14053 0.14025 0.13034 0.02676 ( 1)  0.008
  46 L   0.00000 0.00000 0.00000 0.00000 0.00003 0.00216 0.07779 0.92002 ( 8)  0.212
  47 L   0.13464 0.13464 0.13464 0.13464 0.13463 0.13451 0.13001 0.06230 ( 1)  0.016
  48 I   0.14152 0.14152 0.14152 0.14152 0.14152 0.14119 0.12980 0.02140 ( 1)  0.006
  49 V   0.13733 0.13733 0.13733 0.13733 0.13732 0.13714 0.13064 0.04558 ( 1)  0.012
  50 L   0.13417 0.13417 0.13417 0.13417 0.13417 0.13405 0.12983 0.06527 ( 1)  0.016
  51 G   0.13910 0.13910 0.13910 0.13910 0.13910 0.13887 0.13071 0.03492 ( 1)  0.009
  52 F   0.14077 0.14077 0.14077 0.14077 0.14076 0.14047 0.13025 0.02544 ( 1)  0.007
  53 P   0.13968 0.13968 0.13968 0.13968 0.13967 0.13942 0.13062 0.03158 ( 1)  0.009
  54 I   0.14222 0.14222 0.14222 0.14222 0.14222 0.14186 0.12932 0.01772 ( 1)  0.005
  55 N   0.13967 0.13967 0.13967 0.13967 0.13967 0.13942 0.13060 0.03161 ( 1)  0.009
  56 F   0.14077 0.14077 0.14077 0.14077 0.14076 0.14047 0.13025 0.02544 ( 1)  0.007
  57 L   0.14045 0.14045 0.14045 0.14045 0.14044 0.14017 0.13038 0.02722 ( 1)  0.008
  58 T   0.13703 0.13703 0.13703 0.13703 0.13703 0.13685 0.13063 0.04736 ( 1)  0.012
  59 L   0.14045 0.14045 0.14045 0.14045 0.14044 0.14017 0.13038 0.02722 ( 1)  0.008
  60 Y   0.13747 0.13747 0.13747 0.13747 0.13747 0.13728 0.13068 0.04470 ( 1)  0.012
  61 V   0.14081 0.14081 0.14081 0.14081 0.14081 0.14051 0.13019 0.02524 ( 1)  0.007
  62 T   0.14141 0.14141 0.14141 0.14141 0.14141 0.14109 0.12994 0.02190 ( 1)  0.006
  63 V   0.14186 0.14186 0.14186 0.14186 0.14185 0.14151 0.12958 0.01963 ( 1)  0.006
  64 Q   0.13136 0.13136 0.13136 0.13136 0.13136 0.13129 0.12870 0.08321 ( 1)  0.020
  65 H   0.13798 0.13798 0.13798 0.13798 0.13798 0.13778 0.13073 0.04158 ( 1)  0.011
  66 K   0.13542 0.13542 0.13542 0.13542 0.13542 0.13528 0.13029 0.05734 ( 1)  0.015
  67 K   0.13542 0.13542 0.13542 0.13542 0.13542 0.13528 0.13029 0.05734 ( 1)  0.015
  68 L   0.13183 0.13183 0.13183 0.13183 0.13183 0.13175 0.12892 0.08017 ( 1)  0.020
  69 R   0.13688 0.13688 0.13688 0.13688 0.13688 0.13671 0.13063 0.04824 ( 1)  0.012
  70 T   0.13697 0.13697 0.13697 0.13697 0.13697 0.13679 0.13062 0.04775 ( 1)  0.012
  71 P   0.13120 0.13120 0.13120 0.13120 0.13120 0.13113 0.12859 0.08430 ( 1)  0.021
  72 L   0.14045 0.14045 0.14045 0.14045 0.14044 0.14017 0.13038 0.02722 ( 1)  0.008
  73 N   0.13967 0.13967 0.13967 0.13967 0.13967 0.13942 0.13060 0.03161 ( 1)  0.009
  74 Y   0.13715 0.13715 0.13715 0.13715 0.13715 0.13697 0.13064 0.04663 ( 1)  0.012
  75 I   0.14222 0.14222 0.14222 0.14222 0.14222 0.14186 0.12932 0.01772 ( 1)  0.005
  76 L   0.13185 0.13185 0.13185 0.13185 0.13185 0.13177 0.12893 0.08003 ( 1)  0.020
  77 L   0.14045 0.14045 0.14045 0.14045 0.14044 0.14017 0.13038 0.02722 ( 1)  0.008
  78 N   0.13967 0.13967 0.13967 0.13967 0.13967 0.13942 0.13060 0.03161 ( 1)  0.009
  79 L   0.12895 0.12895 0.12895 0.12895 0.12895 0.12891 0.12742 0.09889 ( 1)  0.024
  80 A   0.14136 0.14136 0.14136 0.14136 0.14136 0.14104 0.12996 0.02219 ( 1)  0.006
  81 V   0.13733 0.13733 0.13733 0.13733 0.13732 0.13714 0.13064 0.04558 ( 1)  0.012
  82 A   0.13989 0.13989 0.13989 0.13989 0.13988 0.13962 0.13044 0.03051 ( 1)  0.008
  83 D   0.13971 0.13971 0.13971 0.13971 0.13971 0.13945 0.13059 0.03142 ( 1)  0.009
  84 L   0.14045 0.14045 0.14045 0.14045 0.14044 0.14017 0.13038 0.02722 ( 1)  0.008
  85 F   0.14077 0.14077 0.14077 0.14077 0.14076 0.14047 0.13025 0.02544 ( 1)  0.007
  86 M   0.13912 0.13912 0.13912 0.13912 0.13912 0.13889 0.13069 0.03482 ( 1)  0.009
  87 V   0.14186 0.14186 0.14186 0.14186 0.14185 0.14151 0.12958 0.01963 ( 1)  0.006
  88 F   0.00000 0.00000 0.00000 0.00000 0.00006 0.00442 0.15366 0.84186 ( 8)  0.194
  89 G   0.12835 0.12835 0.12835 0.12835 0.12834 0.12831 0.12708 0.10288 ( 1)  0.025
  90 G   0.13910 0.13910 0.13910 0.13910 0.13910 0.13887 0.13071 0.03492 ( 1)  0.009
  91 F   0.14077 0.14077 0.14077 0.14077 0.14076 0.14047 0.13025 0.02544 ( 1)  0.007
  92 T   0.00000 0.00000 0.00000 0.00000 0.00007 0.00525 0.18086 0.81382 ( 8)  0.188
  93 T   0.00000 0.00000 0.00000 0.00000 0.00000 0.00000 0.00038 0.99962 ( 8)  0.229
  94 T   0.14141 0.14141 0.14141 0.14141 0.14140 0.14109 0.12995 0.02194 ( 1)  0.006
  95 L   0.14012 0.14012 0.14012 0.14012 0.14012 0.13985 0.13048 0.02908 ( 1)  0.008
  96 Y   0.13767 0.13767 0.13767 0.13767 0.13767 0.13748 0.13070 0.04346 ( 1)  0.011
  97 T   0.14156 0.14156 0.14156 0.14156 0.14156 0.14124 0.12985 0.02110 ( 1)  0.006
  98 S   0.12875 0.12875 0.12875 0.12875 0.12875 0.12872 0.12732 0.10019 ( 1)  0.024
  99 L   0.13185 0.13185 0.13185 0.13185 0.13185 0.13177 0.12893 0.08003 ( 1)  0.020
 100 H   0.13038 0.13038 0.13038 0.13038 0.13038 0.13032 0.12817 0.08963 ( 1)  0.022
 101 G   0.12695 0.12695 0.12695 0.12695 0.12695 0.12693 0.12625 0.11206 ( 1)  0.027
 102 Y   0.13767 0.13767 0.13767 0.13767 0.13767 0.13748 0.13070 0.04346 ( 1)  0.011
 103 F   0.14077 0.14077 0.14077 0.14077 0.14076 0.14047 0.13025 0.02544 ( 1)  0.007
 104 V   0.00000 0.00000 0.00000 0.00000 0.00009 0.00660 0.22448 0.76884 ( 8)  0.178
 105 F   0.14077 0.14077 0.14077 0.14077 0.14076 0.14047 0.13025 0.02544 ( 1)  0.007
 106 G   0.13450 0.13450 0.13450 0.13450 0.13450 0.13438 0.13001 0.06310 ( 1)  0.016
 107 P   0.13974 0.13974 0.13974 0.13974 0.13973 0.13948 0.13060 0.03122 ( 1)  0.009
 108 T   0.12848 0.12848 0.12848 0.12848 0.12848 0.12845 0.12716 0.10198 ( 1)  0.025
 109 G   0.12780 0.12780 0.12780 0.12780 0.12780 0.12777 0.12676 0.10649 ( 1)  0.026
 110 C   0.13746 0.13746 0.13746 0.13746 0.13746 0.13727 0.13070 0.04473 ( 1)  0.012
 111 N   0.13062 0.13062 0.13062 0.13062 0.13062 0.13056 0.12832 0.08802 ( 1)  0.022
 112 L   0.00000 0.00000 0.00000 0.00000 0.00000 0.00000 0.00001 0.99999 ( 8)  0.229
 113 E   0.13514 0.13514 0.13514 0.13514 0.13514 0.13501 0.13021 0.05906 ( 1)  0.015
 114 G   0.13910 0.13910 0.13910 0.13910 0.13910 0.13887 0.13071 0.03492 ( 1)  0.009
 115 F   0.14077 0.14077 0.14077 0.14077 0.14076 0.14047 0.13025 0.02544 ( 1)  0.007
 116 F   0.13114 0.13114 0.13114 0.13114 0.13114 0.13107 0.12857 0.08466 ( 1)  0.021
 117 A   0.14171 0.14171 0.14171 0.14171 0.14171 0.14138 0.12975 0.02030 ( 1)  0.006
 118 T   0.14072 0.14072 0.14072 0.14072 0.14072 0.14043 0.13024 0.02572 ( 1)  0.007
 119 L   0.13185 0.13185 0.13185 0.13185 0.13185 0.13177 0.12893 0.08003 ( 1)  0.020
 120 G   0.13890 0.13890 0.13890 0.13890 0.13889 0.13867 0.13073 0.03613 ( 1)  0.010
 121 G   0.12835 0.12835 0.12835 0.12835 0.12835 0.12831 0.12708 0.10287 ( 1)  0.025
 122 E   0.12886 0.12886 0.12886 0.12886 0.12886 0.12882 0.12738 0.09952 ( 1)  0.024
 123 I   0.13472 0.13472 0.13472 0.13472 0.13472 0.13459 0.13005 0.06178 ( 1)  0.016
 124 A   0.14171 0.14171 0.14171 0.14171 0.14171 0.14138 0.12975 0.02030 ( 1)  0.006
 125 L   0.13185 0.13185 0.13185 0.13185 0.13185 0.13177 0.12893 0.08003 ( 1)  0.020
 126 W   0.13063 0.13063 0.13063 0.13063 0.13063 0.13057 0.12834 0.08792 ( 1)  0.021
 127 S   0.14004 0.14004 0.14004 0.14004 0.14004 0.13978 0.13052 0.02949 ( 1)  0.008
 128 L   0.13334 0.13334 0.13334 0.13334 0.13334 0.13323 0.12957 0.07050 ( 1)  0.018
 129 V   0.13733 0.13733 0.13733 0.13733 0.13732 0.13714 0.13064 0.04558 ( 1)  0.012
 130 V   0.14144 0.14144 0.14144 0.14144 0.14143 0.14111 0.12985 0.02185 ( 1)  0.006
 131 L   0.13185 0.13185 0.13185 0.13185 0.13185 0.13177 0.12893 0.08003 ( 1)  0.020
 132 A   0.14171 0.14171 0.14171 0.14171 0.14171 0.14138 0.12975 0.02030 ( 1)  0.006
 133 I   0.14220 0.14220 0.14220 0.14220 0.14220 0.14184 0.12934 0.01780 ( 1)  0.005
 134 E   0.13470 0.13470 0.13470 0.13470 0.13470 0.13457 0.13007 0.06185 ( 1)  0.016
 135 R   0.13230 0.13230 0.13230 0.13230 0.13230 0.13221 0.12914 0.07715 ( 1)  0.019
 136 Y   0.13245 0.13245 0.13245 0.13245 0.13245 0.13236 0.12919 0.07622 ( 1)  0.019
 137 V   0.13733 0.13733 0.13733 0.13733 0.13732 0.13714 0.13064 0.04558 ( 1)  0.012
 138 V   0.13733 0.13733 0.13733 0.13733 0.13732 0.13714 0.13064 0.04558 ( 1)  0.012
 139 V   0.13733 0.13733 0.13733 0.13733 0.13732 0.13714 0.13064 0.04558 ( 1)  0.012
 140 C   0.12809 0.12809 0.12809 0.12809 0.12809 0.12806 0.12693 0.10455 ( 1)  0.025
 141 K   0.13542 0.13542 0.13542 0.13542 0.13542 0.13528 0.13029 0.05734 ( 1)  0.015
 142 P   0.13982 0.13982 0.13982 0.13982 0.13982 0.13956 0.13059 0.03075 ( 1)  0.008
 143 M   0.13912 0.13912 0.13912 0.13912 0.13912 0.13889 0.13069 0.03482 ( 1)  0.009
 144 S   0.13911 0.13911 0.13911 0.13911 0.13911 0.13888 0.13071 0.03484 ( 1)  0.009
 145 N   0.13967 0.13967 0.13967 0.13967 0.13967 0.13942 0.13060 0.03161 ( 1)  0.009
 146 F   0.14077 0.14077 0.14077 0.14077 0.14076 0.14047 0.13025 0.02544 ( 1)  0.007
 147 R   0.13628 0.13628 0.13628 0.13628 0.13627 0.13612 0.13051 0.05199 ( 1)  0.013
 148 F   0.13854 0.13854 0.13854 0.13854 0.13853 0.13831 0.13050 0.03851 ( 1)  0.010
 149 G   0.13464 0.13464 0.13464 0.13464 0.13464 0.13451 0.13006 0.06223 ( 1)  0.016
 150 E   0.13551 0.13551 0.13551 0.13551 0.13551 0.13537 0.13031 0.05678 ( 1)  0.014
 151 N   0.13967 0.13967 0.13967 0.13967 0.13967 0.13942 0.13060 0.03161 ( 1)  0.009
 152 H   0.12851 0.12851 0.12851 0.12851 0.12851 0.12848 0.12718 0.10179 ( 1)  0.025
 153 A   0.14171 0.14171 0.14171 0.14171 0.14171 0.14138 0.12975 0.02030 ( 1)  0.006
 154 I   0.14222 0.14222 0.14222 0.14222 0.14222 0.14186 0.12932 0.01772 ( 1)  0.005
 155 M   0.13912 0.13912 0.13912 0.13912 0.13912 0.13889 0.13069 0.03482 ( 1)  0.009
 156 G   0.13910 0.13910 0.13910 0.13910 0.13910 0.13887 0.13071 0.03492 ( 1)  0.009
 157 V   0.00000 0.00000 0.00000 0.00000 0.00003 0.00258 0.09213 0.90526 ( 8)  0.208
 158 A   0.00000 0.00000 0.00000 0.00000 0.00000 0.00001 0.01096 0.98903 ( 8)  0.227
 159 F   0.14077 0.14077 0.14077 0.14077 0.14076 0.14047 0.13025 0.02544 ( 1)  0.007
 160 T   0.14143 0.14143 0.14143 0.14143 0.14143 0.14111 0.12993 0.02180 ( 1)  0.006
 161 W   0.13063 0.13063 0.13063 0.13063 0.13063 0.13057 0.12834 0.08792 ( 1)  0.021
 162 V   0.00000 0.00000 0.00000 0.00000 0.00008 0.00595 0.20391 0.79005 ( 8)  0.183
 163 M   0.13912 0.13912 0.13912 0.13912 0.13912 0.13889 0.13069 0.03482 ( 1)  0.009
 164 A   0.13663 0.13663 0.13663 0.13663 0.13663 0.13647 0.13055 0.04981 ( 1)  0.013
 165 L   0.13187 0.13187 0.13187 0.13187 0.13187 0.13179 0.12894 0.07993 ( 1)  0.020
 166 A   0.14171 0.14171 0.14171 0.14171 0.14171 0.14138 0.12975 0.02030 ( 1)  0.006
 167 C   0.13410 0.13410 0.13410 0.13410 0.13410 0.13399 0.12988 0.06562 ( 1)  0.016
 168 A   0.14092 0.14092 0.14092 0.14092 0.14092 0.14062 0.13015 0.02461 ( 1)  0.007
 169 A   0.12855 0.12855 0.12855 0.12855 0.12855 0.12851 0.12719 0.10157 ( 1)  0.025
 170 P   0.13914 0.13914 0.13914 0.13914 0.13914 0.13891 0.13069 0.03468 ( 1)  0.009
 171 P   0.13930 0.13930 0.13930 0.13930 0.13930 0.13906 0.13067 0.03378 ( 1)  0.009
 172 L   0.13900 0.13900 0.13900 0.13900 0.13900 0.13877 0.13069 0.03556 ( 1)  0.010
 173 A   0.00000 0.00000 0.00000 0.00000 0.00000 0.00000 0.00044 0.99956 ( 8)  0.229
 174 G   0.13910 0.13910 0.13910 0.13910 0.13910 0.13887 0.13071 0.03492 ( 1)  0.009
 175 W   0.13063 0.13063 0.13063 0.13063 0.13063 0.13057 0.12834 0.08792 ( 1)  0.021
 176 S   0.14004 0.14004 0.14004 0.14004 0.14004 0.13978 0.13052 0.02949 ( 1)  0.008
 177 R   0.13437 0.13437 0.13437 0.13437 0.13437 0.13425 0.12997 0.06394 ( 1)  0.016
 178 Y   0.13767 0.13767 0.13767 0.13767 0.13767 0.13748 0.13070 0.04346 ( 1)  0.011
 179 I   0.14172 0.14172 0.14172 0.14172 0.14172 0.14138 0.12968 0.02034 ( 1)  0.006
 180 P   0.00000 0.00000 0.00000 0.00000 0.00006 0.00433 0.15079 0.84483 ( 8)  0.195
 181 E   0.13551 0.13551 0.13551 0.13551 0.13551 0.13537 0.13031 0.05678 ( 1)  0.014
 182 G   0.13857 0.13857 0.13857 0.13857 0.13857 0.13835 0.13073 0.03807 ( 1)  0.010
 183 M   0.00000 0.00000 0.00000 0.00000 0.00000 0.00000 0.00466 0.99533 ( 8)  0.228
 184 Q   0.13136 0.13136 0.13136 0.13136 0.13136 0.13129 0.12870 0.08321 ( 1)  0.020
 185 C   0.13746 0.13746 0.13746 0.13746 0.13746 0.13727 0.13070 0.04473 ( 1)  0.012
 186 S   0.13250 0.13250 0.13250 0.13250 0.13250 0.13241 0.12921 0.07590 ( 1)  0.019
 187 C   0.13439 0.13439 0.13439 0.13439 0.13439 0.13427 0.12995 0.06384 ( 1)  0.016
 188 G   0.13064 0.13064 0.13064 0.13064 0.13064 0.13058 0.12833 0.08789 ( 1)  0.021
 189 I   0.14212 0.14212 0.14212 0.14212 0.14212 0.14177 0.12940 0.01822 ( 1)  0.006
 190 D   0.13971 0.13971 0.13971 0.13971 0.13971 0.13945 0.13059 0.03142 ( 1)  0.009
 191 Y   0.13767 0.13767 0.13767 0.13767 0.13767 0.13748 0.13070 0.04346 ( 1)  0.011
 192 Y   0.13717 0.13717 0.13717 0.13717 0.13717 0.13699 0.13064 0.04652 ( 1)  0.012
 193 T   0.13673 0.13673 0.13673 0.13673 0.13672 0.13656 0.13056 0.04925 ( 1)  0.013
 194 L   0.14031 0.14031 0.14031 0.14031 0.14030 0.14003 0.13043 0.02802 ( 1)  0.008
 195 K   0.13542 0.13542 0.13542 0.13542 0.13542 0.13528 0.13029 0.05734 ( 1)  0.015
 196 P   0.13027 0.13027 0.13027 0.13027 0.13027 0.13021 0.12814 0.09030 ( 1)  0.022
 197 E   0.13551 0.13551 0.13551 0.13551 0.13551 0.13537 0.13031 0.05678 ( 1)  0.014
 198 V   0.14186 0.14186 0.14186 0.14186 0.14185 0.14151 0.12958 0.01963 ( 1)  0.006
 199 N   0.13967 0.13967 0.13967 0.13967 0.13967 0.13942 0.13060 0.03161 ( 1)  0.009
 200 N   0.13895 0.13895 0.13895 0.13895 0.13895 0.13872 0.13068 0.03583 ( 1)  0.010
 201 E   0.13551 0.13551 0.13551 0.13551 0.13551 0.13537 0.13031 0.05678 ( 1)  0.014
 202 S   0.13979 0.13979 0.13979 0.13979 0.13979 0.13954 0.13058 0.03092 ( 1)  0.008
 203 F   0.13416 0.13416 0.13416 0.13416 0.13416 0.13404 0.12983 0.06533 ( 1)  0.016
 204 V   0.14082 0.14082 0.14082 0.14082 0.14082 0.14052 0.13013 0.02526 ( 1)  0.007
 205 I   0.14222 0.14222 0.14222 0.14222 0.14222 0.14186 0.12932 0.01772 ( 1)  0.005
 206 Y   0.13767 0.13767 0.13767 0.13767 0.13767 0.13748 0.13070 0.04346 ( 1)  0.011
 207 M   0.13912 0.13912 0.13912 0.13912 0.13912 0.13889 0.13069 0.03482 ( 1)  0.009
 208 F   0.14023 0.14023 0.14023 0.14023 0.14022 0.13995 0.13043 0.02849 ( 1)  0.008
 209 V   0.13733 0.13733 0.13733 0.13733 0.13732 0.13714 0.13064 0.04558 ( 1)  0.012
 210 V   0.14186 0.14186 0.14186 0.14186 0.14185 0.14151 0.12958 0.01963 ( 1)  0.006
 211 H   0.13798 0.13798 0.13798 0.13798 0.13798 0.13778 0.13073 0.04158 ( 1)  0.011
 212 F   0.14077 0.14077 0.14077 0.14077 0.14076 0.14047 0.13025 0.02544 ( 1)  0.007
 213 T   0.00000 0.00000 0.00000 0.00000 0.00000 0.00001 0.00903 0.99096 ( 8)  0.227
 214 I   0.14222 0.14222 0.14222 0.14222 0.14222 0.14186 0.12932 0.01772 ( 1)  0.005
 215 P   0.13982 0.13982 0.13982 0.13982 0.13982 0.13956 0.13059 0.03075 ( 1)  0.008
 216 M   0.00000 0.00000 0.00000 0.00000 0.00000 0.00000 0.00587 0.99412 ( 8)  0.228
 217 I   0.00000 0.00000 0.00000 0.00000 0.00000 0.00000 0.00316 0.99684 ( 8)  0.228
 218 V   0.00000 0.00000 0.00000 0.00000 0.00000 0.00000 0.00002 0.99998 ( 8)  0.229
 219 I   0.14219 0.14219 0.14219 0.14219 0.14218 0.14183 0.12935 0.01789 ( 1)  0.005
 220 F   0.13769 0.13769 0.13769 0.13769 0.13769 0.13749 0.13057 0.04349 ( 1)  0.011
 221 F   0.14018 0.14018 0.14018 0.14018 0.14017 0.13990 0.13043 0.02879 ( 1)  0.008
 222 C   0.13746 0.13746 0.13746 0.13746 0.13746 0.13727 0.13070 0.04473 ( 1)  0.012
 223 Y   0.13052 0.13052 0.13052 0.13052 0.13052 0.13046 0.12827 0.08865 ( 1)  0.022
 224 G   0.13418 0.13418 0.13418 0.13418 0.13417 0.13406 0.12990 0.06517 ( 1)  0.016
 225 Q   0.13136 0.13136 0.13136 0.13136 0.13136 0.13129 0.12870 0.08321 ( 1)  0.020
 226 L   0.13718 0.13718 0.13718 0.13718 0.13718 0.13700 0.13061 0.04650 ( 1)  0.012
 227 V   0.14186 0.14186 0.14186 0.14186 0.14185 0.14151 0.12958 0.01963 ( 1)  0.006
 228 F   0.14077 0.14077 0.14077 0.14077 0.14076 0.14047 0.13025 0.02544 ( 1)  0.007
 229 T   0.14112 0.14112 0.14112 0.14112 0.14112 0.14081 0.13010 0.02347 ( 1)  0.007
 230 V   0.14134 0.14134 0.14134 0.14134 0.14134 0.14102 0.12989 0.02238 ( 1)  0.006
 231 K   0.13542 0.13542 0.13542 0.13542 0.13542 0.13528 0.13029 0.05734 ( 1)  0.015
 232 E   0.13551 0.13551 0.13551 0.13551 0.13551 0.13537 0.13031 0.05678 ( 1)  0.014
 233 A   0.14027 0.14027 0.14027 0.14027 0.14026 0.13999 0.13042 0.02826 ( 1)  0.008
 234 A   0.00000 0.00000 0.00000 0.00000 0.00000 0.00000 0.00449 0.99550 ( 8)  0.228
 235 A   0.14171 0.14171 0.14171 0.14171 0.14171 0.14138 0.12975 0.02030 ( 1)  0.006
 236 Q   0.13136 0.13136 0.13136 0.13136 0.13136 0.13129 0.12870 0.08321 ( 1)  0.020
 237 Q   0.13112 0.13112 0.13112 0.13112 0.13112 0.13105 0.12858 0.08478 ( 1)  0.021
 238 Q   0.13136 0.13136 0.13136 0.13136 0.13136 0.13129 0.12870 0.08321 ( 1)  0.020
 239 E   0.13551 0.13551 0.13551 0.13551 0.13551 0.13537 0.13031 0.05678 ( 1)  0.014
 240 S   0.13213 0.13213 0.13213 0.13213 0.13213 0.13205 0.12905 0.07824 ( 1)  0.019
 241 A   0.14171 0.14171 0.14171 0.14171 0.14171 0.14138 0.12975 0.02030 ( 1)  0.006
 242 T   0.14159 0.14159 0.14159 0.14159 0.14159 0.14126 0.12984 0.02094 ( 1)  0.006
 243 T   0.12778 0.12778 0.12778 0.12778 0.12778 0.12775 0.12675 0.10663 ( 1)  0.026
 244 Q   0.13136 0.13136 0.13136 0.13136 0.13136 0.13129 0.12870 0.08321 ( 1)  0.020
 245 K   0.13542 0.13542 0.13542 0.13542 0.13542 0.13528 0.13029 0.05734 ( 1)  0.015
 246 A   0.12812 0.12812 0.12812 0.12812 0.12812 0.12808 0.12695 0.10439 ( 1)  0.025
 247 E   0.13551 0.13551 0.13551 0.13551 0.13551 0.13537 0.13031 0.05678 ( 1)  0.014
 248 K   0.13350 0.13350 0.13350 0.13350 0.13350 0.13340 0.12964 0.06947 ( 1)  0.017
 249 E   0.13551 0.13551 0.13551 0.13551 0.13551 0.13537 0.13031 0.05678 ( 1)  0.014
 250 V   0.14186 0.14186 0.14186 0.14186 0.14185 0.14151 0.12958 0.01963 ( 1)  0.006
 251 T   0.14023 0.14023 0.14023 0.14023 0.14023 0.13996 0.13039 0.02851 ( 1)  0.008
 252 R   0.13569 0.13569 0.13569 0.13569 0.13569 0.13554 0.13036 0.05566 ( 1)  0.014
 253 M   0.13912 0.13912 0.13912 0.13912 0.13912 0.13889 0.13069 0.03482 ( 1)  0.009
 254 V   0.14186 0.14186 0.14186 0.14186 0.14185 0.14151 0.12958 0.01963 ( 1)  0.006
 255 I   0.14222 0.14222 0.14222 0.14222 0.14222 0.14186 0.12932 0.01772 ( 1)  0.005
 256 I   0.14222 0.14222 0.14222 0.14222 0.14222 0.14186 0.12932 0.01772 ( 1)  0.005
 257 M   0.13912 0.13912 0.13912 0.13912 0.13912 0.13889 0.13069 0.03482 ( 1)  0.009
 258 V   0.14186 0.14186 0.14186 0.14186 0.14185 0.14151 0.12958 0.01963 ( 1)  0.006
 259 I   0.14222 0.14222 0.14222 0.14222 0.14222 0.14186 0.12932 0.01772 ( 1)  0.005
 260 A   0.13529 0.13529 0.13529 0.13529 0.13529 0.13515 0.13014 0.05824 ( 1)  0.015
 261 F   0.14077 0.14077 0.14077 0.14077 0.14076 0.14047 0.13025 0.02544 ( 1)  0.007
 262 L   0.13185 0.13185 0.13185 0.13185 0.13185 0.13177 0.12893 0.08003 ( 1)  0.020
 263 I   0.14222 0.14222 0.14222 0.14222 0.14222 0.14186 0.12932 0.01772 ( 1)  0.005
 264 C   0.13496 0.13496 0.13496 0.13496 0.13496 0.13483 0.13014 0.06022 ( 1)  0.015
 265 W   0.13063 0.13063 0.13063 0.13063 0.13063 0.13057 0.12834 0.08792 ( 1)  0.021
 266 V   0.00000 0.00000 0.00000 0.00000 0.00000 0.00000 0.00478 0.99522 ( 8)  0.228
 267 P   0.13982 0.13982 0.13982 0.13982 0.13982 0.13956 0.13059 0.03075 ( 1)  0.008
 268 Y   0.13527 0.13527 0.13527 0.13527 0.13527 0.13513 0.13021 0.05830 ( 1)  0.015
 269 A   0.13932 0.13932 0.13932 0.13932 0.13932 0.13908 0.13059 0.03373 ( 1)  0.009
 270 S   0.00000 0.00000 0.00000 0.00000 0.00000 0.00001 0.00666 0.99333 ( 8)  0.228
 271 V   0.13733 0.13733 0.13733 0.13733 0.13732 0.13714 0.13064 0.04558 ( 1)  0.012
 272 A   0.12861 0.12861 0.12861 0.12861 0.12861 0.12857 0.12723 0.10114 ( 1)  0.025
 273 F   0.14077 0.14077 0.14077 0.14077 0.14076 0.14047 0.13025 0.02544 ( 1)  0.007
 274 Y   0.13767 0.13767 0.13767 0.13767 0.13767 0.13748 0.13070 0.04346 ( 1)  0.011
 275 I   0.14222 0.14222 0.14222 0.14222 0.14222 0.14186 0.12932 0.01772 ( 1)  0.005
 276 F   0.14077 0.14077 0.14077 0.14077 0.14076 0.14047 0.13025 0.02544 ( 1)  0.007
 277 T   0.14024 0.14024 0.14024 0.14024 0.14023 0.13996 0.13043 0.02842 ( 1)  0.008
 278 H   0.13798 0.13798 0.13798 0.13798 0.13798 0.13778 0.13073 0.04158 ( 1)  0.011
 279 Q   0.13136 0.13136 0.13136 0.13136 0.13136 0.13129 0.12870 0.08321 ( 1)  0.020
 280 G   0.13910 0.13910 0.13910 0.13910 0.13910 0.13887 0.13071 0.03492 ( 1)  0.009
 281 S   0.14004 0.14004 0.14004 0.14004 0.14004 0.13978 0.13052 0.02949 ( 1)  0.008
 282 N   0.13967 0.13967 0.13967 0.13967 0.13967 0.13942 0.13060 0.03161 ( 1)  0.009
 283 F   0.14011 0.14011 0.14011 0.14011 0.14010 0.13984 0.13046 0.02917 ( 1)  0.008
 284 G   0.12925 0.12925 0.12925 0.12925 0.12925 0.12920 0.12759 0.09697 ( 1)  0.024
 285 P   0.13982 0.13982 0.13982 0.13982 0.13982 0.13956 0.13059 0.03075 ( 1)  0.008
 286 I   0.00000 0.00000 0.00000 0.00000 0.00008 0.00628 0.21439 0.77925 ( 8)  0.181
 287 F   0.14077 0.14077 0.14077 0.14077 0.14076 0.14047 0.13025 0.02544 ( 1)  0.007
 288 M   0.13912 0.13912 0.13912 0.13912 0.13912 0.13889 0.13069 0.03482 ( 1)  0.009
 289 T   0.14159 0.14159 0.14159 0.14159 0.14159 0.14126 0.12984 0.02094 ( 1)  0.006
 290 L   0.00000 0.00000 0.00000 0.00000 0.00000 0.00001 0.01044 0.98955 ( 8)  0.227
 291 P   0.13130 0.13130 0.13130 0.13130 0.13130 0.13123 0.12866 0.08360 ( 1)  0.021
 292 A   0.13039 0.13039 0.13039 0.13039 0.13038 0.13033 0.12821 0.08954 ( 1)  0.022
 293 F   0.14077 0.14077 0.14077 0.14077 0.14076 0.14047 0.13025 0.02544 ( 1)  0.007
 294 F   0.13293 0.13293 0.13293 0.13293 0.13293 0.13284 0.12941 0.07310 ( 1)  0.018
 295 A   0.14171 0.14171 0.14171 0.14171 0.14171 0.14138 0.12975 0.02030 ( 1)  0.006
 296 K   0.13542 0.13542 0.13542 0.13542 0.13542 0.13528 0.13029 0.05734 ( 1)  0.015
 297 S   0.00000 0.00000 0.00000 0.00000 0.00005 0.00373 0.13087 0.86536 ( 8)  0.200
 298 A   0.14171 0.14171 0.14171 0.14171 0.14171 0.14138 0.12975 0.02030 ( 1)  0.006
 299 S   0.00000 0.00000 0.00000 0.00000 0.00000 0.00000 0.00044 0.99956 ( 8)  0.229
 300 I   0.14163 0.14163 0.14163 0.14163 0.14163 0.14130 0.12972 0.02081 ( 1)  0.006
 301 Y   0.13767 0.13767 0.13767 0.13767 0.13767 0.13748 0.13070 0.04346 ( 1)  0.011
 302 N   0.13965 0.13965 0.13965 0.13965 0.13964 0.13939 0.13061 0.03178 ( 1)  0.009
 303 P   0.12963 0.12963 0.12963 0.12963 0.12963 0.12958 0.12780 0.09447 ( 1)  0.023
 304 V   0.14186 0.14186 0.14186 0.14186 0.14185 0.14151 0.12958 0.01963 ( 1)  0.006
 305 I   0.14222 0.14222 0.14222 0.14222 0.14222 0.14186 0.12932 0.01772 ( 1)  0.005
 306 Y   0.12814 0.12814 0.12814 0.12814 0.12814 0.12811 0.12696 0.10423 ( 1)  0.025
 307 I   0.14213 0.14213 0.14213 0.14213 0.14213 0.14177 0.12939 0.01818 ( 1)  0.006
 308 M   0.13912 0.13912 0.13912 0.13912 0.13912 0.13889 0.13069 0.03482 ( 1)  0.009
 309 M   0.13912 0.13912 0.13912 0.13912 0.13912 0.13889 0.13069 0.03482 ( 1)  0.009
 310 N   0.13910 0.13910 0.13910 0.13910 0.13910 0.13887 0.13067 0.03495 ( 1)  0.009
 311 K   0.13542 0.13542 0.13542 0.13542 0.13542 0.13528 0.13029 0.05734 ( 1)  0.015
 312 Q   0.13136 0.13136 0.13136 0.13136 0.13136 0.13129 0.12870 0.08321 ( 1)  0.020
 313 F   0.14077 0.14077 0.14077 0.14077 0.14076 0.14047 0.13025 0.02544 ( 1)  0.007
 314 R   0.13230 0.13230 0.13230 0.13230 0.13230 0.13221 0.12914 0.07715 ( 1)  0.019
 315 N   0.00000 0.00000 0.00000 0.00000 0.00006 0.00487 0.16854 0.82652 ( 8)  0.191
 316 C   0.13746 0.13746 0.13746 0.13746 0.13746 0.13727 0.13070 0.04473 ( 1)  0.012
 317 M   0.13912 0.13912 0.13912 0.13912 0.13912 0.13889 0.13069 0.03482 ( 1)  0.009
 318 L   0.00000 0.00000 0.00000 0.00000 0.00000 0.00001 0.00888 0.99112 ( 8)  0.227
 319 T   0.14159 0.14159 0.14159 0.14159 0.14159 0.14126 0.12984 0.02094 ( 1)  0.006
 320 T   0.14159 0.14159 0.14159 0.14159 0.14159 0.14126 0.12984 0.02094 ( 1)  0.006
 321 I   0.00000 0.00000 0.00000 0.00000 0.00008 0.00605 0.20699 0.78688 ( 8)  0.182
 322 C   0.13746 0.13746 0.13746 0.13746 0.13746 0.13727 0.13070 0.04473 ( 1)  0.012
 323 C   0.13534 0.13534 0.13534 0.13534 0.13534 0.13520 0.13027 0.05784 ( 1)  0.015
 324 G   0.13910 0.13910 0.13910 0.13910 0.13910 0.13887 0.13071 0.03492 ( 1)  0.009
 325 K   0.00000 0.00000 0.00000 0.00000 0.00003 0.00256 0.09147 0.90594 ( 8)  0.208
 326 N   0.13967 0.13967 0.13967 0.13967 0.13967 0.13942 0.13060 0.03161 ( 1)  0.009
 327 P   0.12982 0.12982 0.12982 0.12982 0.12982 0.12977 0.12791 0.09323 ( 1)  0.023
 328 L   0.13185 0.13185 0.13185 0.13185 0.13185 0.13177 0.12893 0.08003 ( 1)  0.020
 329 G   0.12835 0.12835 0.12835 0.12835 0.12835 0.12831 0.12708 0.10287 ( 1)  0.025
 330 D   0.13971 0.13971 0.13971 0.13971 0.13971 0.13945 0.13059 0.03142 ( 1)  0.009
 331 D   0.00000 0.00000 0.00000 0.00000 0.00002 0.00174 0.06333 0.93491 ( 8)  0.215
 332 E   0.13551 0.13551 0.13551 0.13551 0.13551 0.13537 0.13031 0.05678 ( 1)  0.014
 333 A   0.14158 0.14158 0.14158 0.14158 0.14158 0.14125 0.12983 0.02101 ( 1)  0.006
 334 S   0.13550 0.13550 0.13550 0.13550 0.13550 0.13536 0.13020 0.05692 ( 1)  0.014
 335 A   0.00000 0.00000 0.00000 0.00000 0.00007 0.00508 0.17539 0.81947 ( 8)  0.190
 336 T   0.14038 0.14038 0.14038 0.14038 0.14037 0.14010 0.13034 0.02767 ( 1)  0.008
 337 V   0.00000 0.00000 0.00000 0.00000 0.00005 0.00394 0.13792 0.85809 ( 8)  0.198
 338 S   0.14004 0.14004 0.14004 0.14004 0.14004 0.13978 0.13052 0.02949 ( 1)  0.008
 339 K   0.13542 0.13542 0.13542 0.13542 0.13542 0.13528 0.13029 0.05734 ( 1)  0.015
 340 T   0.13733 0.13733 0.13733 0.13733 0.13733 0.13715 0.13066 0.04554 ( 1)  0.012
 341 E   0.13551 0.13551 0.13551 0.13551 0.13551 0.13537 0.13031 0.05678 ( 1)  0.014
 342 T   0.14054 0.14054 0.14054 0.14054 0.14054 0.14025 0.13033 0.02672 ( 1)  0.007
 343 S   0.13911 0.13911 0.13911 0.13911 0.13911 0.13888 0.13071 0.03484 ( 1)  0.009
 344 Q   0.13136 0.13136 0.13136 0.13136 0.13136 0.13129 0.12870 0.08321 ( 1)  0.020
 345 V   0.13733 0.13733 0.13733 0.13733 0.13732 0.13714 0.13064 0.04558 ( 1)  0.012
 346 A   0.14165 0.14165 0.14165 0.14165 0.14164 0.14132 0.12979 0.02065 ( 1)  0.006
 347 P   0.13498 0.13498 0.13498 0.13498 0.13498 0.13485 0.13017 0.06007 ( 1)  0.015
 348 A   0.14158 0.14158 0.14158 0.14158 0.14158 0.14125 0.12983 0.02101 ( 1)  0.006


lnL = -2953.690883

