Supplemental results for CODEML (seqf: algn  treef: tree)


dN/dS (w) for site classes (K=3)

p:   0.96775  0.01252  0.01973
w:   0.03188  1.00000  1.00000

Naive Empirical Bayes (NEB) probabilities for 3 classes & postmean_w
(amino acids refer to 1st sequence: aotNan_GMPR_XM_012476587)

   1 M   0.99920 0.00031 0.00049 ( 1)  0.033
   2 P   0.99464 0.00208 0.00328 ( 1)  0.037
   3 R   0.84442 0.06041 0.09518 ( 1)  0.183
   4 I   0.99752 0.00096 0.00152 ( 1)  0.034
   5 D   0.99814 0.00072 0.00114 ( 1)  0.034
   6 A   0.99784 0.00084 0.00132 ( 1)  0.034
   7 D   0.99879 0.00047 0.00074 ( 1)  0.033
   8 L   0.99533 0.00181 0.00286 ( 1)  0.036
   9 K   0.99818 0.00071 0.00111 ( 1)  0.034
  10 L   0.99515 0.00188 0.00297 ( 1)  0.037
  11 D   0.99879 0.00047 0.00074 ( 1)  0.033
  12 F   0.99615 0.00149 0.00236 ( 1)  0.036
  13 K   0.99803 0.00077 0.00121 ( 1)  0.034
  14 D   0.99708 0.00113 0.00179 ( 1)  0.035
  15 V   0.99809 0.00074 0.00117 ( 1)  0.034
  16 L   0.99183 0.00317 0.00500 ( 1)  0.040
  17 L   0.99515 0.00188 0.00297 ( 1)  0.037
  18 R   0.98382 0.00628 0.00990 ( 1)  0.048
  19 P   0.99160 0.00326 0.00514 ( 1)  0.040
  20 K   0.99818 0.00071 0.00111 ( 1)  0.034
  21 R   0.99233 0.00298 0.00469 ( 1)  0.039
  22 S   0.99805 0.00076 0.00119 ( 1)  0.034
  23 S   0.99805 0.00076 0.00119 ( 1)  0.034
  24 L   0.99533 0.00181 0.00286 ( 1)  0.036
  25 K   0.99818 0.00071 0.00111 ( 1)  0.034
  26 S   0.99805 0.00076 0.00119 ( 1)  0.034
  27 R   0.98802 0.00465 0.00733 ( 1)  0.043
  28 A   0.93454 0.02541 0.04004 ( 1)  0.095
  29 E   0.99848 0.00059 0.00093 ( 1)  0.033
  30 V   0.99779 0.00086 0.00135 ( 1)  0.034
  31 D   0.99690 0.00120 0.00189 ( 1)  0.035
  32 L   0.99110 0.00346 0.00545 ( 1)  0.041
  33 E   0.99739 0.00101 0.00159 ( 1)  0.034
  34 R   0.79882 0.07811 0.12307 ( 1)  0.227
  35 T   0.99773 0.00088 0.00139 ( 1)  0.034
  36 F   0.99593 0.00158 0.00249 ( 1)  0.036
  37 T   0.99715 0.00111 0.00174 ( 1)  0.035
  38 F   0.99242 0.00294 0.00463 ( 1)  0.039
  39 R   0.98467 0.00595 0.00938 ( 1)  0.047
  40 N   0.99755 0.00095 0.00150 ( 1)  0.034
  41 S   0.98736 0.00491 0.00773 ( 1)  0.044
  42 K   0.99818 0.00071 0.00111 ( 1)  0.034
  43 Q   0.99338 0.00257 0.00405 ( 1)  0.038
  44 T   0.99755 0.00095 0.00150 ( 1)  0.034
  45 Y   0.99459 0.00210 0.00331 ( 1)  0.037
  46 S   0.69479 0.11850 0.18671 ( 1)  0.327
  47 G   0.99761 0.00093 0.00146 ( 1)  0.034
  48 I   0.99603 0.00154 0.00243 ( 1)  0.036
  49 P   0.99470 0.00206 0.00324 ( 1)  0.037
  50 I   0.99832 0.00065 0.00103 ( 1)  0.034
  51 I   0.99805 0.00076 0.00119 ( 1)  0.034
  52 V   0.99779 0.00086 0.00135 ( 1)  0.034
  53 A   0.99815 0.00072 0.00113 ( 1)  0.034
  54 N   0.99857 0.00056 0.00088 ( 1)  0.033
  55 M   0.99925 0.00029 0.00046 ( 1)  0.033
  56 D   0.99886 0.00044 0.00070 ( 1)  0.033
  57 T   0.99463 0.00209 0.00329 ( 1)  0.037
  58 V   0.99773 0.00088 0.00139 ( 1)  0.034
  59 G   0.99795 0.00080 0.00126 ( 1)  0.034
  60 T   0.99514 0.00189 0.00297 ( 1)  0.037
  61 F   0.99272 0.00283 0.00446 ( 1)  0.039
  62 E   0.99856 0.00056 0.00088 ( 1)  0.033
  63 M   0.99925 0.00029 0.00046 ( 1)  0.033
  64 A   0.99410 0.00229 0.00361 ( 1)  0.038
  65 A   0.99622 0.00147 0.00231 ( 1)  0.036
  66 V   0.99790 0.00081 0.00128 ( 1)  0.034
  67 M   0.99925 0.00029 0.00046 ( 1)  0.033
  68 S   0.98636 0.00529 0.00834 ( 1)  0.045
  69 Q   0.99379 0.00241 0.00380 ( 1)  0.038
  70 H   0.99632 0.00143 0.00225 ( 1)  0.035
  71 S   0.99136 0.00335 0.00528 ( 1)  0.040
  72 M   0.97464 0.00985 0.01551 ( 1)  0.056
  73 F   0.99261 0.00287 0.00452 ( 1)  0.039
  74 T   0.99363 0.00247 0.00390 ( 1)  0.038
  75 A   0.99445 0.00215 0.00339 ( 1)  0.037
  76 I   0.99617 0.00149 0.00234 ( 1)  0.036
  77 H   0.99340 0.00256 0.00404 ( 1)  0.038
  78 K   0.99810 0.00074 0.00116 ( 1)  0.034
  79 H   0.99400 0.00233 0.00367 ( 1)  0.038
  80 Y   0.99498 0.00195 0.00307 ( 1)  0.037
  81 S   0.86174 0.05368 0.08458 ( 1)  0.166
  82 L   0.99199 0.00311 0.00490 ( 1)  0.040
  83 D   0.99703 0.00115 0.00182 ( 1)  0.035
  84 D   0.99886 0.00044 0.00070 ( 1)  0.033
  85 W   0.99049 0.00369 0.00582 ( 1)  0.041
  86 K   0.99827 0.00067 0.00106 ( 1)  0.034
  87 L   0.99533 0.00181 0.00285 ( 1)  0.036
  88 F   0.99261 0.00287 0.00452 ( 1)  0.039
  89 A   0.99818 0.00071 0.00111 ( 1)  0.034
  90 A   0.11611 0.34317 0.54072 ( 3)  0.888
  91 N   0.99647 0.00137 0.00216 ( 1)  0.035
  92 H   0.99632 0.00143 0.00225 ( 1)  0.035
  93 P   0.74015 0.10089 0.15896 ( 1)  0.283
  94 E   0.99631 0.00143 0.00226 ( 1)  0.035
  95 C   0.99406 0.00231 0.00364 ( 1)  0.038
  96 L   0.99202 0.00310 0.00488 ( 1)  0.040
  97 Q   0.99379 0.00241 0.00380 ( 1)  0.038
  98 H   0.86843 0.05108 0.08049 ( 1)  0.159
  99 V   0.14955 0.33019 0.52026 ( 3)  0.855
 100 A   0.99724 0.00107 0.00169 ( 1)  0.035
 101 V   0.99783 0.00084 0.00133 ( 1)  0.034
 102 S   0.99542 0.00178 0.00280 ( 1)  0.036
 103 S   0.98933 0.00414 0.00653 ( 1)  0.042
 104 G   0.99803 0.00076 0.00120 ( 1)  0.034
 105 S   0.99562 0.00170 0.00268 ( 1)  0.036
 106 G   0.99771 0.00089 0.00140 ( 1)  0.034
 107 Q   0.99379 0.00241 0.00380 ( 1)  0.038
 108 N   0.99848 0.00059 0.00093 ( 1)  0.033
 109 D   0.99703 0.00115 0.00182 ( 1)  0.035
 110 L   0.99197 0.00312 0.00491 ( 1)  0.040
 111 E   0.99648 0.00137 0.00215 ( 1)  0.035
 112 K   0.99827 0.00067 0.00106 ( 1)  0.034
 113 M   0.99925 0.00029 0.00046 ( 1)  0.033
 114 S   0.93514 0.02518 0.03968 ( 1)  0.095
 115 S   0.99808 0.00074 0.00117 ( 1)  0.034
 116 I   0.39832 0.23361 0.36808 ( 1)  0.614
 117 L   0.99191 0.00314 0.00495 ( 1)  0.040
 118 D   0.24987 0.29124 0.45889 ( 3)  0.758
 119 A   0.99577 0.00164 0.00259 ( 1)  0.036
 120 V   0.92468 0.02924 0.04607 ( 1)  0.105
 121 P   0.98887 0.00432 0.00681 ( 1)  0.043
 122 Q   0.83641 0.06351 0.10007 ( 1)  0.190
 123 V   0.15589 0.32773 0.51639 ( 3)  0.849
 124 K   0.99824 0.00068 0.00108 ( 1)  0.034
 125 F   0.99285 0.00278 0.00437 ( 1)  0.039
 126 I   0.99617 0.00149 0.00234 ( 1)  0.036
 127 C   0.99406 0.00231 0.00364 ( 1)  0.038
 128 L   0.99202 0.00310 0.00488 ( 1)  0.040
 129 D   0.99703 0.00115 0.00182 ( 1)  0.035
 130 V   0.99789 0.00082 0.00129 ( 1)  0.034
 131 A   0.99771 0.00089 0.00140 ( 1)  0.034
 132 N   0.99718 0.00109 0.00172 ( 1)  0.035
 133 G   0.99767 0.00091 0.00143 ( 1)  0.034
 134 Y   0.99027 0.00378 0.00595 ( 1)  0.041
 135 S   0.98789 0.00470 0.00741 ( 1)  0.044
 136 E   0.99702 0.00116 0.00182 ( 1)  0.035
 137 H   0.99282 0.00279 0.00439 ( 1)  0.039
 138 F   0.99261 0.00287 0.00452 ( 1)  0.039
 139 V   0.99785 0.00084 0.00132 ( 1)  0.034
 140 E   0.99657 0.00133 0.00210 ( 1)  0.035
 141 F   0.99609 0.00152 0.00239 ( 1)  0.036
 142 V   0.99789 0.00082 0.00129 ( 1)  0.034
 143 K   0.99558 0.00172 0.00270 ( 1)  0.036
 144 L   0.99539 0.00179 0.00282 ( 1)  0.036
 145 V   0.99819 0.00070 0.00111 ( 1)  0.034
 146 R   0.98941 0.00411 0.00648 ( 1)  0.042
 147 A   0.99824 0.00068 0.00108 ( 1)  0.034
 148 K   0.87053 0.05027 0.07920 ( 1)  0.157
 149 F   0.99261 0.00287 0.00452 ( 1)  0.039
 150 P   0.99091 0.00353 0.00556 ( 1)  0.041
 151 E   0.89643 0.04021 0.06336 ( 1)  0.132
 152 H   0.99630 0.00144 0.00226 ( 1)  0.035
 153 T   0.99774 0.00088 0.00138 ( 1)  0.034
 154 I   0.99617 0.00149 0.00234 ( 1)  0.036
 155 M   0.99925 0.00029 0.00046 ( 1)  0.033
 156 A   0.99410 0.00229 0.00361 ( 1)  0.038
 157 G   0.99767 0.00091 0.00143 ( 1)  0.034
 158 N   0.99853 0.00057 0.00090 ( 1)  0.033
 159 V   0.99789 0.00082 0.00129 ( 1)  0.034
 160 V   0.99774 0.00088 0.00139 ( 1)  0.034
 161 T   0.99423 0.00224 0.00353 ( 1)  0.037
 162 G   0.99332 0.00259 0.00408 ( 1)  0.038
 163 E   0.99749 0.00098 0.00154 ( 1)  0.034
 164 M   0.99925 0.00029 0.00046 ( 1)  0.033
 165 V   0.99447 0.00215 0.00338 ( 1)  0.037
 166 E   0.99652 0.00135 0.00213 ( 1)  0.035
 167 E   0.99843 0.00061 0.00096 ( 1)  0.033
 168 L   0.99093 0.00352 0.00555 ( 1)  0.041
 169 I   0.99626 0.00145 0.00229 ( 1)  0.036
 170 L   0.99123 0.00341 0.00537 ( 1)  0.040
 171 S   0.99322 0.00263 0.00415 ( 1)  0.038
 172 G   0.99332 0.00259 0.00408 ( 1)  0.038
 173 A   0.99410 0.00229 0.00361 ( 1)  0.038
 174 D   0.99709 0.00113 0.00178 ( 1)  0.035
 175 I   0.99858 0.00055 0.00087 ( 1)  0.033
 176 I   0.95329 0.01814 0.02858 ( 1)  0.077
 177 K   0.99558 0.00172 0.00270 ( 1)  0.036
 178 V   0.99789 0.00082 0.00129 ( 1)  0.034
 179 G   0.99377 0.00242 0.00381 ( 1)  0.038
 180 V   0.86841 0.05109 0.08050 ( 1)  0.159
 181 G   0.99332 0.00259 0.00408 ( 1)  0.038
 182 P   0.98887 0.00432 0.00681 ( 1)  0.043
 183 G   0.99476 0.00204 0.00321 ( 1)  0.037
 184 S   0.99065 0.00363 0.00572 ( 1)  0.041
 185 V   0.99789 0.00082 0.00129 ( 1)  0.034
 186 C   0.99317 0.00265 0.00418 ( 1)  0.038
 187 T   0.99783 0.00084 0.00133 ( 1)  0.034
 188 T   0.99782 0.00085 0.00133 ( 1)  0.034
 189 R   0.99427 0.00222 0.00350 ( 1)  0.037
 190 T   0.99783 0.00084 0.00133 ( 1)  0.034
 191 K   0.99827 0.00067 0.00106 ( 1)  0.034
 192 T   0.99669 0.00128 0.00202 ( 1)  0.035
 193 G   0.99391 0.00236 0.00372 ( 1)  0.038
 194 V   0.99777 0.00087 0.00136 ( 1)  0.034
 195 G   0.99794 0.00080 0.00126 ( 1)  0.034
 196 Y   0.99498 0.00195 0.00307 ( 1)  0.037
 197 P   0.99486 0.00199 0.00314 ( 1)  0.037
 198 Q   0.99379 0.00241 0.00380 ( 1)  0.038
 199 L   0.99202 0.00310 0.00488 ( 1)  0.040
 200 S   0.99609 0.00152 0.00239 ( 1)  0.036
 201 A   0.99583 0.00162 0.00255 ( 1)  0.036
 202 V   0.99811 0.00073 0.00116 ( 1)  0.034
 203 I   0.99769 0.00090 0.00141 ( 1)  0.034
 204 E   0.99856 0.00056 0.00088 ( 1)  0.033
 205 C   0.99336 0.00258 0.00406 ( 1)  0.038
 206 A   0.99584 0.00161 0.00254 ( 1)  0.036
 207 D   0.99886 0.00044 0.00070 ( 1)  0.033
 208 S   0.99049 0.00369 0.00582 ( 1)  0.041
 209 A   0.99810 0.00074 0.00116 ( 1)  0.034
 210 H   0.99494 0.00196 0.00309 ( 1)  0.037
 211 G   0.99803 0.00076 0.00120 ( 1)  0.034
 212 L   0.99202 0.00310 0.00488 ( 1)  0.040
 213 K   0.93831 0.02395 0.03774 ( 1)  0.092
 214 G   0.99789 0.00082 0.00129 ( 1)  0.034
 215 H   0.99632 0.00143 0.00225 ( 1)  0.035
 216 I   0.99858 0.00055 0.00087 ( 1)  0.033
 217 I   0.99858 0.00055 0.00087 ( 1)  0.033
 218 S   0.98938 0.00412 0.00649 ( 1)  0.042
 219 D   0.99703 0.00115 0.00182 ( 1)  0.035
 220 G   0.99332 0.00259 0.00408 ( 1)  0.038
 221 G   0.99803 0.00076 0.00120 ( 1)  0.034
 222 C   0.99351 0.00252 0.00397 ( 1)  0.038
 223 T   0.99669 0.00129 0.00203 ( 1)  0.035
 224 C   0.98948 0.00408 0.00643 ( 1)  0.042
 225 P   0.98900 0.00427 0.00673 ( 1)  0.043
 226 G   0.99629 0.00144 0.00227 ( 1)  0.035
 227 D   0.99706 0.00114 0.00180 ( 1)  0.035
 228 V   0.99819 0.00070 0.00111 ( 1)  0.034
 229 A   0.99824 0.00068 0.00108 ( 1)  0.034
 230 K   0.99558 0.00172 0.00270 ( 1)  0.036
 231 A   0.99794 0.00080 0.00126 ( 1)  0.034
 232 F   0.99261 0.00287 0.00452 ( 1)  0.039
 233 -   0.96775 0.01252 0.01973 ( 1)  0.063
 234 -   0.96775 0.01252 0.01973 ( 1)  0.063
 235 -   0.96775 0.01252 0.01973 ( 1)  0.063
 236 -   0.96775 0.01252 0.01973 ( 1)  0.063
 237 -   0.96775 0.01252 0.01973 ( 1)  0.063
 238 -   0.96775 0.01252 0.01973 ( 1)  0.063
 239 -   0.96775 0.01252 0.01973 ( 1)  0.063
 240 -   0.96775 0.01252 0.01973 ( 1)  0.063
 241 -   0.96775 0.01252 0.01973 ( 1)  0.063
 242 -   0.96775 0.01252 0.01973 ( 1)  0.063
 243 -   0.96775 0.01252 0.01973 ( 1)  0.063
 244 -   0.96775 0.01252 0.01973 ( 1)  0.063
 245 -   0.96775 0.01252 0.01973 ( 1)  0.063
 246 -   0.96775 0.01252 0.01973 ( 1)  0.063
 247 -   0.96775 0.01252 0.01973 ( 1)  0.063
 248 -   0.96775 0.01252 0.01973 ( 1)  0.063
 249 -   0.96775 0.01252 0.01973 ( 1)  0.063
 250 -   0.96775 0.01252 0.01973 ( 1)  0.063
 251 -   0.96775 0.01252 0.01973 ( 1)  0.063
 252 -   0.96775 0.01252 0.01973 ( 1)  0.063
 253 -   0.96775 0.01252 0.01973 ( 1)  0.063
 254 -   0.96775 0.01252 0.01973 ( 1)  0.063
 255 -   0.96775 0.01252 0.01973 ( 1)  0.063
 256 -   0.96775 0.01252 0.01973 ( 1)  0.063
 257 -   0.96775 0.01252 0.01973 ( 1)  0.063
 258 -   0.96775 0.01252 0.01973 ( 1)  0.063
 259 -   0.96775 0.01252 0.01973 ( 1)  0.063
 260 -   0.96775 0.01252 0.01973 ( 1)  0.063
 261 -   0.96775 0.01252 0.01973 ( 1)  0.063
 262 -   0.96775 0.01252 0.01973 ( 1)  0.063
 263 -   0.96775 0.01252 0.01973 ( 1)  0.063
 264 -   0.96775 0.01252 0.01973 ( 1)  0.063
 265 -   0.96775 0.01252 0.01973 ( 1)  0.063
 266 -   0.96775 0.01252 0.01973 ( 1)  0.063
 267 -   0.96775 0.01252 0.01973 ( 1)  0.063
 268 -   0.96775 0.01252 0.01973 ( 1)  0.063
 269 -   0.96775 0.01252 0.01973 ( 1)  0.063
 270 -   0.96775 0.01252 0.01973 ( 1)  0.063
 271 -   0.96775 0.01252 0.01973 ( 1)  0.063
 272 -   0.96775 0.01252 0.01973 ( 1)  0.063
 273 -   0.96775 0.01252 0.01973 ( 1)  0.063
 274 -   0.96775 0.01252 0.01973 ( 1)  0.063
 275 -   0.96775 0.01252 0.01973 ( 1)  0.063
 276 -   0.96775 0.01252 0.01973 ( 1)  0.063
 277 -   0.96775 0.01252 0.01973 ( 1)  0.063
 278 -   0.96775 0.01252 0.01973 ( 1)  0.063
 279 -   0.96775 0.01252 0.01973 ( 1)  0.063
 280 -   0.96775 0.01252 0.01973 ( 1)  0.063
 281 -   0.96775 0.01252 0.01973 ( 1)  0.063
 282 -   0.96775 0.01252 0.01973 ( 1)  0.063
 283 -   0.96775 0.01252 0.01973 ( 1)  0.063
 284 -   0.96775 0.01252 0.01973 ( 1)  0.063
 285 -   0.96775 0.01252 0.01973 ( 1)  0.063
 286 -   0.96775 0.01252 0.01973 ( 1)  0.063
 287 -   0.96775 0.01252 0.01973 ( 1)  0.063
 288 -   0.96775 0.01252 0.01973 ( 1)  0.063
 289 -   0.96775 0.01252 0.01973 ( 1)  0.063
 290 -   0.96775 0.01252 0.01973 ( 1)  0.063
 291 -   0.96775 0.01252 0.01973 ( 1)  0.063
 292 -   0.96775 0.01252 0.01973 ( 1)  0.063
 293 -   0.96775 0.01252 0.01973 ( 1)  0.063
 294 -   0.96775 0.01252 0.01973 ( 1)  0.063
 295 -   0.96775 0.01252 0.01973 ( 1)  0.063
 296 -   0.96775 0.01252 0.01973 ( 1)  0.063
 297 -   0.96775 0.01252 0.01973 ( 1)  0.063
 298 -   0.96775 0.01252 0.01973 ( 1)  0.063
 299 -   0.96775 0.01252 0.01973 ( 1)  0.063
 300 -   0.96775 0.01252 0.01973 ( 1)  0.063
 301 -   0.96775 0.01252 0.01973 ( 1)  0.063
 302 -   0.96775 0.01252 0.01973 ( 1)  0.063
 303 -   0.96775 0.01252 0.01973 ( 1)  0.063
 304 -   0.96775 0.01252 0.01973 ( 1)  0.063
 305 -   0.96775 0.01252 0.01973 ( 1)  0.063
 306 -   0.96775 0.01252 0.01973 ( 1)  0.063
 307 -   0.96775 0.01252 0.01973 ( 1)  0.063
 308 -   0.96775 0.01252 0.01973 ( 1)  0.063
 309 -   0.96775 0.01252 0.01973 ( 1)  0.063
 310 -   0.96775 0.01252 0.01973 ( 1)  0.063
 311 -   0.96775 0.01252 0.01973 ( 1)  0.063
 312 -   0.96775 0.01252 0.01973 ( 1)  0.063
 313 -   0.96775 0.01252 0.01973 ( 1)  0.063
 314 -   0.96775 0.01252 0.01973 ( 1)  0.063
 315 -   0.96775 0.01252 0.01973 ( 1)  0.063
 316 G   0.99332 0.00259 0.00408 ( 1)  0.038
 317 A   0.99513 0.00189 0.00298 ( 1)  0.037
 318 G   0.99345 0.00254 0.00401 ( 1)  0.038
 319 A   0.99590 0.00159 0.00251 ( 1)  0.036
 320 D   0.99719 0.00109 0.00172 ( 1)  0.035
 321 F   0.99292 0.00275 0.00433 ( 1)  0.039
 322 V   0.99818 0.00071 0.00111 ( 1)  0.034
 323 M   0.99925 0.00029 0.00046 ( 1)  0.033
 324 L   0.99202 0.00310 0.00488 ( 1)  0.040
 325 G   0.99332 0.00259 0.00408 ( 1)  0.038
 326 G   0.99687 0.00122 0.00191 ( 1)  0.035
 327 M   0.99925 0.00029 0.00046 ( 1)  0.033
 328 F   0.99261 0.00287 0.00452 ( 1)  0.039
 329 S   0.99154 0.00328 0.00517 ( 1)  0.040
 330 G   0.99657 0.00133 0.00210 ( 1)  0.035
 331 H   0.99293 0.00274 0.00432 ( 1)  0.039
 332 T   0.99708 0.00113 0.00178 ( 1)  0.035
 333 E   0.99816 0.00072 0.00113 ( 1)  0.034
 334 C   0.98978 0.00397 0.00625 ( 1)  0.042
 335 A   0.99551 0.00175 0.00275 ( 1)  0.036
 336 G   0.99332 0.00259 0.00408 ( 1)  0.038
 337 E   0.99702 0.00116 0.00182 ( 1)  0.035
 338 V   0.90445 0.03710 0.05845 ( 1)  0.124
 339 I   0.89815 0.03954 0.06231 ( 1)  0.130
 340 E   0.99856 0.00056 0.00088 ( 1)  0.033
 341 R   0.99765 0.00091 0.00144 ( 1)  0.034
 342 N   0.99857 0.00055 0.00087 ( 1)  0.033
 343 G   0.99381 0.00240 0.00379 ( 1)  0.038
 344 Q   0.11423 0.34390 0.54187 ( 3)  0.889
 345 K   0.99827 0.00067 0.00106 ( 1)  0.034
 346 L   0.99511 0.00190 0.00299 ( 1)  0.037
 347 K   0.93952 0.02348 0.03700 ( 1)  0.090
 348 L   0.99509 0.00191 0.00301 ( 1)  0.037
 349 F   0.99624 0.00146 0.00230 ( 1)  0.036
 350 Y   0.99412 0.00228 0.00360 ( 1)  0.038
 351 G   0.99752 0.00096 0.00152 ( 1)  0.034
 352 M   0.99925 0.00029 0.00046 ( 1)  0.033
 353 S   0.99814 0.00072 0.00114 ( 1)  0.034
 354 S   0.98907 0.00424 0.00669 ( 1)  0.042
 355 D   0.37615 0.24221 0.38164 ( 3)  0.636
 356 T   0.99753 0.00096 0.00151 ( 1)  0.034
 357 A   0.99824 0.00068 0.00108 ( 1)  0.034
 358 M   0.99925 0.00029 0.00046 ( 1)  0.033
 359 K   0.94368 0.02187 0.03446 ( 1)  0.086
 360 K   0.99827 0.00067 0.00106 ( 1)  0.034
 361 H   0.99621 0.00147 0.00232 ( 1)  0.036
 362 A   0.99619 0.00148 0.00233 ( 1)  0.036
 363 G   0.99332 0.00259 0.00408 ( 1)  0.038
 364 G   0.99372 0.00244 0.00384 ( 1)  0.038
 365 V   0.99657 0.00133 0.00210 ( 1)  0.035
 366 A   0.99525 0.00184 0.00290 ( 1)  0.036
 367 E   0.41441 0.22736 0.35824 ( 1)  0.599
 368 Y   0.00020 0.38817 0.61162 ( 3)  1.000
 369 R   0.99371 0.00244 0.00385 ( 1)  0.038
 370 A   0.99805 0.00076 0.00119 ( 1)  0.034
 371 S   0.99019 0.00381 0.00600 ( 1)  0.041
 372 E   0.99793 0.00080 0.00126 ( 1)  0.034
 373 G   0.99453 0.00212 0.00335 ( 1)  0.037
 374 K   0.99808 0.00074 0.00117 ( 1)  0.034
 375 T   0.99404 0.00231 0.00365 ( 1)  0.038
 376 V   0.99768 0.00090 0.00142 ( 1)  0.034
 377 E   0.99602 0.00154 0.00243 ( 1)  0.036
 378 V   0.99738 0.00102 0.00160 ( 1)  0.034
 379 P   0.99002 0.00387 0.00611 ( 1)  0.042
 380 Y   0.99465 0.00208 0.00327 ( 1)  0.037
 381 K   0.86267 0.05332 0.08401 ( 1)  0.165
 382 G   0.99423 0.00224 0.00353 ( 1)  0.037
 383 D   0.99732 0.00104 0.00164 ( 1)  0.034
 384 V   0.99638 0.00141 0.00222 ( 1)  0.035
 385 E   0.99660 0.00132 0.00208 ( 1)  0.035
 386 N   0.94581 0.02104 0.03315 ( 1)  0.084
 387 T   0.99576 0.00164 0.00259 ( 1)  0.036
 388 I   0.99795 0.00079 0.00125 ( 1)  0.034
 389 L   0.99162 0.00325 0.00513 ( 1)  0.040
 390 D   0.99677 0.00125 0.00197 ( 1)  0.035
 391 I   0.99588 0.00160 0.00252 ( 1)  0.036
 392 L   0.99489 0.00198 0.00313 ( 1)  0.037
 393 G   0.99669 0.00128 0.00202 ( 1)  0.035
 394 G   0.99296 0.00273 0.00431 ( 1)  0.039
 395 L   0.99163 0.00325 0.00512 ( 1)  0.040
 396 R   0.99701 0.00116 0.00183 ( 1)  0.035
 397 S   0.99189 0.00315 0.00496 ( 1)  0.040
 398 T   0.99734 0.00103 0.00163 ( 1)  0.034
 399 C   0.99371 0.00244 0.00385 ( 1)  0.038
 400 T   0.99762 0.00092 0.00146 ( 1)  0.034
 401 Y   0.99364 0.00247 0.00389 ( 1)  0.038
 402 V   0.99768 0.00090 0.00142 ( 1)  0.034
 403 G   0.99730 0.00105 0.00165 ( 1)  0.034
 404 A   0.99802 0.00077 0.00121 ( 1)  0.034
 405 A   0.99805 0.00076 0.00119 ( 1)  0.034
 406 K   0.99527 0.00184 0.00289 ( 1)  0.036
 407 L   0.99517 0.00188 0.00296 ( 1)  0.037
 408 K   0.99708 0.00113 0.00179 ( 1)  0.035
 409 E   0.99840 0.00062 0.00098 ( 1)  0.033
 410 L   0.99517 0.00188 0.00296 ( 1)  0.037
 411 S   0.99795 0.00080 0.00125 ( 1)  0.034
 412 R   0.99696 0.00118 0.00186 ( 1)  0.035
 413 R   0.99743 0.00100 0.00158 ( 1)  0.034
 414 A   0.99542 0.00178 0.00280 ( 1)  0.036
 415 T   0.99714 0.00111 0.00175 ( 1)  0.035
 416 F   0.99600 0.00155 0.00245 ( 1)  0.036
 417 I   0.99842 0.00061 0.00097 ( 1)  0.033
 418 R   0.99203 0.00309 0.00487 ( 1)  0.040
 419 V   0.99770 0.00089 0.00141 ( 1)  0.034
 420 T   0.99762 0.00092 0.00146 ( 1)  0.034
 421 Q   0.99244 0.00293 0.00462 ( 1)  0.039
 422 Q   0.99313 0.00267 0.00420 ( 1)  0.039
 423 H   0.99599 0.00156 0.00245 ( 1)  0.036
 424 N   0.99849 0.00059 0.00093 ( 1)  0.033
 425 T   0.91686 0.03228 0.05086 ( 1)  0.112
 426 V   0.91961 0.03121 0.04918 ( 1)  0.110
 427 F   0.99600 0.00155 0.00245 ( 1)  0.036
 428 S   0.99795 0.00080 0.00125 ( 1)  0.034

Positively selected sites

	Prob(w>1)  mean w



lnL = -3425.815027

Bayes Empirical Bayes (BEB) probabilities for 3 classes (class) & postmean_w
(amino acids refer to 1st sequence: aotNan_GMPR_XM_012476587)

   1 M   0.99894 0.00092 0.00013 ( 1)  0.051 +-  0.033
   2 P   0.99193 0.00593 0.00214 ( 1)  0.059 +-  0.099
   3 R   0.83055 0.10807 0.06138 ( 1)  0.243 +-  0.442
   4 I   0.99652 0.00279 0.00069 ( 1)  0.054 +-  0.063
   5 D   0.99742 0.00210 0.00047 ( 1)  0.053 +-  0.054
   6 A   0.99699 0.00244 0.00057 ( 1)  0.053 +-  0.058
   7 D   0.99837 0.00138 0.00025 ( 1)  0.052 +-  0.042
   8 L   0.99306 0.00519 0.00176 ( 1)  0.057 +-  0.092
   9 K   0.99750 0.00206 0.00044 ( 1)  0.053 +-  0.053
  10 L   0.99277 0.00538 0.00186 ( 1)  0.058 +-  0.094
  11 D   0.99837 0.00138 0.00025 ( 1)  0.052 +-  0.042
  12 F   0.99440 0.00429 0.00130 ( 1)  0.056 +-  0.081
  13 K   0.99727 0.00223 0.00050 ( 1)  0.053 +-  0.055
  14 D   0.99583 0.00328 0.00090 ( 1)  0.054 +-  0.070
  15 V   0.99735 0.00216 0.00049 ( 1)  0.053 +-  0.055
  16 L   0.98702 0.00895 0.00403 ( 1)  0.064 +-  0.129
  17 L   0.99277 0.00538 0.00186 ( 1)  0.058 +-  0.094
  18 R   0.97136 0.01735 0.01129 ( 1)  0.083 +-  0.201
  19 P   0.98661 0.00919 0.00420 ( 1)  0.065 +-  0.131
  20 K   0.99750 0.00206 0.00044 ( 1)  0.053 +-  0.053
  21 R   0.98793 0.00841 0.00367 ( 1)  0.063 +-  0.124
  22 S   0.99731 0.00221 0.00048 ( 1)  0.053 +-  0.055
  23 S   0.99731 0.00221 0.00048 ( 1)  0.053 +-  0.055
  24 L   0.99306 0.00519 0.00176 ( 1)  0.057 +-  0.092
  25 K   0.99750 0.00206 0.00044 ( 1)  0.053 +-  0.053
  26 S   0.99731 0.00221 0.00048 ( 1)  0.053 +-  0.055
  27 R   0.97983 0.01298 0.00719 ( 1)  0.073 +-  0.165
  28 A   0.93578 0.04719 0.01703 ( 1)  0.120 +-  0.273
  29 E   0.99793 0.00172 0.00035 ( 1)  0.052 +-  0.048
  30 V   0.99689 0.00250 0.00061 ( 1)  0.053 +-  0.060
  31 D   0.99557 0.00347 0.00096 ( 1)  0.055 +-  0.072
  32 L   0.98568 0.00973 0.00459 ( 1)  0.066 +-  0.136
  33 E   0.99629 0.00293 0.00077 ( 1)  0.054 +-  0.065
  34 R   0.77228 0.13653 0.09119 ( 1)  0.315 +-  0.508
  35 T   0.99683 0.00256 0.00061 ( 1)  0.053 +-  0.060
  36 F   0.99405 0.00453 0.00142 ( 1)  0.056 +-  0.084
  37 T   0.99595 0.00320 0.00085 ( 1)  0.054 +-  0.068
  38 F   0.98811 0.00831 0.00358 ( 1)  0.063 +-  0.123
  39 R   0.97312 0.01647 0.01041 ( 1)  0.081 +-  0.194
  40 N   0.99655 0.00275 0.00069 ( 1)  0.054 +-  0.063
  41 S   0.97855 0.01367 0.00778 ( 1)  0.075 +-  0.171
  42 K   0.99750 0.00206 0.00044 ( 1)  0.053 +-  0.053
  43 Q   0.98977 0.00729 0.00294 ( 1)  0.061 +-  0.113
  44 T   0.99657 0.00275 0.00068 ( 1)  0.054 +-  0.063
  45 Y   0.99184 0.00599 0.00217 ( 1)  0.059 +-  0.100
  46 S   0.63164 0.19274 0.17562 ( 1)  0.501 +-  0.631
  47 G   0.99664 0.00270 0.00066 ( 1)  0.054 +-  0.062
  48 I   0.99420 0.00442 0.00138 ( 1)  0.056 +-  0.083
  49 P   0.99203 0.00586 0.00210 ( 1)  0.059 +-  0.099
  50 I   0.99770 0.00190 0.00040 ( 1)  0.052 +-  0.051
  51 I   0.99730 0.00221 0.00049 ( 1)  0.053 +-  0.055
  52 V   0.99689 0.00250 0.00061 ( 1)  0.053 +-  0.060
  53 A   0.99744 0.00210 0.00046 ( 1)  0.053 +-  0.053
  54 N   0.99806 0.00163 0.00031 ( 1)  0.052 +-  0.046
  55 M   0.99901 0.00087 0.00012 ( 1)  0.051 +-  0.032
  56 D   0.99847 0.00130 0.00023 ( 1)  0.052 +-  0.041
  57 T   0.99190 0.00594 0.00216 ( 1)  0.059 +-  0.100
  58 V   0.99681 0.00256 0.00063 ( 1)  0.053 +-  0.060
  59 G   0.99715 0.00232 0.00053 ( 1)  0.053 +-  0.057
  60 T   0.99275 0.00539 0.00187 ( 1)  0.058 +-  0.094
  61 F   0.98862 0.00800 0.00338 ( 1)  0.063 +-  0.120
  62 E   0.99804 0.00164 0.00032 ( 1)  0.052 +-  0.046
  63 M   0.99901 0.00087 0.00012 ( 1)  0.051 +-  0.032
  64 A   0.99100 0.00651 0.00249 ( 1)  0.060 +-  0.106
  65 A   0.99449 0.00421 0.00129 ( 1)  0.056 +-  0.081
  66 V   0.99707 0.00237 0.00056 ( 1)  0.053 +-  0.058
  67 M   0.99901 0.00087 0.00012 ( 1)  0.051 +-  0.032
  68 S   0.97659 0.01471 0.00870 ( 1)  0.077 +-  0.179
  69 Q   0.99049 0.00685 0.00266 ( 1)  0.060 +-  0.109
  70 H   0.99468 0.00410 0.00122 ( 1)  0.056 +-  0.079
  71 S   0.98621 0.00944 0.00435 ( 1)  0.065 +-  0.133
  72 M   0.97723 0.01866 0.00412 ( 1)  0.074 +-  0.158
  73 F   0.98844 0.00812 0.00345 ( 1)  0.063 +-  0.121
  74 T   0.99020 0.00702 0.00278 ( 1)  0.061 +-  0.111
  75 A   0.99159 0.00613 0.00228 ( 1)  0.059 +-  0.102
  76 I   0.99442 0.00427 0.00131 ( 1)  0.056 +-  0.081
  77 H   0.98981 0.00727 0.00292 ( 1)  0.061 +-  0.113
  78 K   0.99737 0.00215 0.00047 ( 1)  0.053 +-  0.054
  79 H   0.99082 0.00662 0.00255 ( 1)  0.060 +-  0.107
  80 Y   0.99249 0.00557 0.00194 ( 1)  0.058 +-  0.096
  81 S   0.85077 0.09671 0.05253 ( 1)  0.219 +-  0.418
  82 L   0.98730 0.00878 0.00392 ( 1)  0.064 +-  0.128
  83 D   0.99576 0.00333 0.00090 ( 1)  0.054 +-  0.070
  84 D   0.99847 0.00130 0.00023 ( 1)  0.052 +-  0.041
  85 W   0.98460 0.01037 0.00503 ( 1)  0.067 +-  0.142
  86 K   0.99762 0.00197 0.00041 ( 1)  0.052 +-  0.051
  87 L   0.99307 0.00518 0.00175 ( 1)  0.057 +-  0.092
  88 F   0.98844 0.00812 0.00345 ( 1)  0.063 +-  0.121
  89 A   0.99750 0.00206 0.00045 ( 1)  0.053 +-  0.053
  90 A   0.12768 0.43550 0.43681 ( 3)  1.131 +-  0.538
  91 N   0.99491 0.00394 0.00115 ( 1)  0.055 +-  0.077
  92 H   0.99468 0.00410 0.00122 ( 1)  0.056 +-  0.079
  93 P   0.69354 0.16986 0.13660 ( 1)  0.417 +-  0.582
  94 E   0.99464 0.00412 0.00124 ( 1)  0.056 +-  0.080
  95 C   0.99096 0.00656 0.00248 ( 1)  0.060 +-  0.106
  96 L   0.98736 0.00875 0.00389 ( 1)  0.064 +-  0.127
  97 Q   0.99049 0.00685 0.00266 ( 1)  0.060 +-  0.109
  98 H   0.85990 0.09236 0.04774 ( 1)  0.208 +-  0.404
  99 V   0.17382 0.44540 0.38078 ( 2)  1.047 +-  0.548
 100 A   0.99609 0.00310 0.00081 ( 1)  0.054 +-  0.067
 101 V   0.99696 0.00245 0.00059 ( 1)  0.053 +-  0.059
 102 S   0.99322 0.00509 0.00169 ( 1)  0.057 +-  0.090
 103 S   0.98240 0.01160 0.00600 ( 1)  0.070 +-  0.153
 104 G   0.99728 0.00223 0.00050 ( 1)  0.053 +-  0.055
 105 S   0.99354 0.00487 0.00159 ( 1)  0.057 +-  0.088
 106 G   0.99680 0.00258 0.00062 ( 1)  0.053 +-  0.060
 107 Q   0.99049 0.00685 0.00266 ( 1)  0.060 +-  0.109
 108 N   0.99793 0.00173 0.00034 ( 1)  0.052 +-  0.048
 109 D   0.99576 0.00333 0.00090 ( 1)  0.054 +-  0.070
 110 L   0.98725 0.00880 0.00395 ( 1)  0.064 +-  0.128
 111 E   0.99490 0.00393 0.00117 ( 1)  0.055 +-  0.078
 112 K   0.99762 0.00197 0.00041 ( 1)  0.052 +-  0.051
 113 M   0.99901 0.00087 0.00012 ( 1)  0.051 +-  0.032
 114 S   0.93676 0.04677 0.01648 ( 1)  0.118 +-  0.270
 115 S   0.99736 0.00217 0.00047 ( 1)  0.053 +-  0.054
 116 I   0.49755 0.34753 0.15492 ( 1)  0.607 +-  0.582
 117 L   0.98716 0.00886 0.00398 ( 1)  0.064 +-  0.128
 118 D   0.31208 0.42732 0.26060 ( 2)  0.841 +-  0.581
 119 A   0.99377 0.00471 0.00152 ( 1)  0.057 +-  0.086
 120 V   0.92461 0.05408 0.02132 ( 1)  0.133 +-  0.297
 121 P   0.98152 0.01208 0.00640 ( 1)  0.071 +-  0.157
 122 Q   0.82049 0.11319 0.06631 ( 1)  0.256 +-  0.455
 123 V   0.18320 0.44732 0.36948 ( 2)  1.031 +-  0.549
 124 K   0.99759 0.00199 0.00042 ( 1)  0.053 +-  0.052
 125 F   0.98886 0.00785 0.00329 ( 1)  0.062 +-  0.119
 126 I   0.99442 0.00427 0.00131 ( 1)  0.056 +-  0.081
 127 C   0.99096 0.00656 0.00248 ( 1)  0.060 +-  0.106
 128 L   0.98736 0.00875 0.00389 ( 1)  0.064 +-  0.127
 129 D   0.99576 0.00333 0.00090 ( 1)  0.054 +-  0.070
 130 V   0.99705 0.00239 0.00057 ( 1)  0.053 +-  0.058
 131 A   0.99680 0.00258 0.00062 ( 1)  0.053 +-  0.060
 132 N   0.99599 0.00316 0.00085 ( 1)  0.054 +-  0.068
 133 G   0.99674 0.00263 0.00064 ( 1)  0.053 +-  0.061
 134 Y   0.98418 0.01060 0.00522 ( 1)  0.068 +-  0.144
 135 S   0.97959 0.01311 0.00730 ( 1)  0.073 +-  0.166
 136 E   0.99573 0.00334 0.00093 ( 1)  0.055 +-  0.071
 137 H   0.98881 0.00788 0.00330 ( 1)  0.062 +-  0.119
 138 F   0.98844 0.00812 0.00345 ( 1)  0.063 +-  0.121
 139 V   0.99699 0.00243 0.00058 ( 1)  0.053 +-  0.059
 140 E   0.99503 0.00383 0.00113 ( 1)  0.055 +-  0.077
 141 F   0.99431 0.00435 0.00134 ( 1)  0.056 +-  0.082
 142 V   0.99705 0.00239 0.00057 ( 1)  0.053 +-  0.058
 143 K   0.99348 0.00491 0.00161 ( 1)  0.057 +-  0.089
 144 L   0.99317 0.00511 0.00172 ( 1)  0.057 +-  0.091
 145 V   0.99749 0.00206 0.00046 ( 1)  0.053 +-  0.053
 146 R   0.98256 0.01151 0.00593 ( 1)  0.070 +-  0.152
 147 A   0.99758 0.00200 0.00043 ( 1)  0.053 +-  0.052
 148 K   0.86246 0.09097 0.04657 ( 1)  0.205 +-  0.400
 149 F   0.98844 0.00812 0.00345 ( 1)  0.063 +-  0.121
 150 P   0.98535 0.00992 0.00472 ( 1)  0.066 +-  0.138
 151 E   0.89321 0.07355 0.03325 ( 1)  0.169 +-  0.353
 152 H   0.99464 0.00412 0.00123 ( 1)  0.056 +-  0.080
 153 T   0.99685 0.00254 0.00060 ( 1)  0.053 +-  0.060
 154 I   0.99442 0.00427 0.00131 ( 1)  0.056 +-  0.081
 155 M   0.99901 0.00087 0.00012 ( 1)  0.051 +-  0.032
 156 A   0.99100 0.00651 0.00249 ( 1)  0.060 +-  0.106
 157 G   0.99674 0.00263 0.00064 ( 1)  0.053 +-  0.061
 158 N   0.99800 0.00167 0.00032 ( 1)  0.052 +-  0.047
 159 V   0.99705 0.00239 0.00057 ( 1)  0.053 +-  0.058
 160 V   0.99682 0.00255 0.00063 ( 1)  0.053 +-  0.060
 161 T   0.99121 0.00637 0.00242 ( 1)  0.060 +-  0.104
 162 G   0.98967 0.00735 0.00299 ( 1)  0.061 +-  0.114
 163 E   0.99644 0.00283 0.00073 ( 1)  0.054 +-  0.064
 164 M   0.99901 0.00087 0.00012 ( 1)  0.051 +-  0.032
 165 V   0.99158 0.00612 0.00230 ( 1)  0.059 +-  0.102
 166 E   0.99495 0.00389 0.00115 ( 1)  0.055 +-  0.077
 167 E   0.99785 0.00179 0.00037 ( 1)  0.052 +-  0.049
 168 L   0.98539 0.00990 0.00471 ( 1)  0.066 +-  0.138
 169 I   0.99456 0.00417 0.00127 ( 1)  0.056 +-  0.080
 170 L   0.98592 0.00959 0.00449 ( 1)  0.066 +-  0.135
 171 S   0.98951 0.00746 0.00304 ( 1)  0.062 +-  0.115
 172 G   0.98967 0.00735 0.00299 ( 1)  0.061 +-  0.114
 173 A   0.99100 0.00651 0.00249 ( 1)  0.060 +-  0.106
 174 D   0.99586 0.00326 0.00088 ( 1)  0.054 +-  0.069
 175 I   0.99807 0.00162 0.00031 ( 1)  0.052 +-  0.046
 176 I   0.95580 0.03395 0.01025 ( 1)  0.097 +-  0.224
 177 K   0.99348 0.00491 0.00161 ( 1)  0.057 +-  0.089
 178 V   0.99705 0.00239 0.00057 ( 1)  0.053 +-  0.058
 179 G   0.99042 0.00687 0.00271 ( 1)  0.060 +-  0.109
 180 V   0.85893 0.09232 0.04875 ( 1)  0.210 +-  0.406
 181 G   0.98967 0.00735 0.00299 ( 1)  0.061 +-  0.114
 182 P   0.98152 0.01208 0.00640 ( 1)  0.071 +-  0.157
 183 G   0.99211 0.00580 0.00208 ( 1)  0.059 +-  0.098
 184 S   0.98485 0.01021 0.00494 ( 1)  0.067 +-  0.141
 185 V   0.99705 0.00239 0.00057 ( 1)  0.053 +-  0.058
 186 C   0.98941 0.00752 0.00308 ( 1)  0.062 +-  0.115
 187 T   0.99698 0.00245 0.00057 ( 1)  0.053 +-  0.058
 188 T   0.99697 0.00246 0.00057 ( 1)  0.053 +-  0.058
 189 R   0.99132 0.00632 0.00236 ( 1)  0.059 +-  0.103
 190 T   0.99698 0.00245 0.00057 ( 1)  0.053 +-  0.058
 191 K   0.99762 0.00197 0.00041 ( 1)  0.052 +-  0.051
 192 T   0.99523 0.00370 0.00107 ( 1)  0.055 +-  0.075
 193 G   0.99066 0.00671 0.00263 ( 1)  0.060 +-  0.108
 194 V   0.99687 0.00252 0.00062 ( 1)  0.053 +-  0.060
 195 G   0.99715 0.00232 0.00053 ( 1)  0.053 +-  0.057
 196 Y   0.99249 0.00557 0.00194 ( 1)  0.058 +-  0.096
 197 P   0.99230 0.00569 0.00201 ( 1)  0.058 +-  0.097
 198 Q   0.99049 0.00685 0.00266 ( 1)  0.060 +-  0.109
 199 L   0.98736 0.00875 0.00389 ( 1)  0.064 +-  0.127
 200 S   0.99430 0.00436 0.00134 ( 1)  0.056 +-  0.082
 201 A   0.99388 0.00464 0.00148 ( 1)  0.057 +-  0.086
 202 V   0.99737 0.00214 0.00049 ( 1)  0.053 +-  0.054
 203 I   0.99675 0.00260 0.00064 ( 1)  0.053 +-  0.061
 204 E   0.99804 0.00164 0.00032 ( 1)  0.052 +-  0.046
 205 C   0.98976 0.00730 0.00294 ( 1)  0.061 +-  0.113
 206 A   0.99388 0.00463 0.00149 ( 1)  0.057 +-  0.086
 207 D   0.99847 0.00130 0.00023 ( 1)  0.052 +-  0.041
 208 S   0.98458 0.01038 0.00504 ( 1)  0.067 +-  0.142
 209 A   0.99737 0.00215 0.00048 ( 1)  0.053 +-  0.054
 210 H   0.99241 0.00560 0.00199 ( 1)  0.058 +-  0.096
 211 G   0.99728 0.00223 0.00050 ( 1)  0.053 +-  0.055
 212 L   0.98736 0.00875 0.00389 ( 1)  0.064 +-  0.127
 213 K   0.94004 0.04454 0.01542 ( 1)  0.115 +-  0.263
 214 G   0.99706 0.00239 0.00055 ( 1)  0.053 +-  0.058
 215 H   0.99468 0.00410 0.00122 ( 1)  0.056 +-  0.079
 216 I   0.99807 0.00162 0.00031 ( 1)  0.052 +-  0.046
 217 I   0.99807 0.00162 0.00031 ( 1)  0.052 +-  0.046
 218 S   0.98251 0.01154 0.00595 ( 1)  0.070 +-  0.152
 219 D   0.99576 0.00333 0.00090 ( 1)  0.054 +-  0.070
 220 G   0.98967 0.00735 0.00299 ( 1)  0.061 +-  0.114
 221 G   0.99728 0.00223 0.00050 ( 1)  0.053 +-  0.055
 222 C   0.99001 0.00715 0.00284 ( 1)  0.061 +-  0.112
 223 T   0.99523 0.00370 0.00106 ( 1)  0.055 +-  0.075
 224 C   0.98271 0.01144 0.00586 ( 1)  0.070 +-  0.151
 225 P   0.98177 0.01195 0.00628 ( 1)  0.071 +-  0.156
 226 G   0.99463 0.00413 0.00124 ( 1)  0.056 +-  0.080
 227 D   0.99581 0.00330 0.00089 ( 1)  0.054 +-  0.070
 228 V   0.99749 0.00206 0.00046 ( 1)  0.053 +-  0.053
 229 A   0.99758 0.00200 0.00043 ( 1)  0.053 +-  0.052
 230 K   0.99348 0.00491 0.00161 ( 1)  0.057 +-  0.089
 231 A   0.99713 0.00233 0.00054 ( 1)  0.053 +-  0.057
 232 F   0.98844 0.00812 0.00345 ( 1)  0.063 +-  0.121
 233 -   0.93333 0.03333 0.03333 ( 1)  0.137 +-  0.373
 234 -   0.93333 0.03333 0.03333 ( 1)  0.137 +-  0.373
 235 -   0.93333 0.03333 0.03333 ( 1)  0.137 +-  0.373
 236 -   0.93333 0.03333 0.03333 ( 1)  0.137 +-  0.373
 237 -   0.93333 0.03333 0.03333 ( 1)  0.137 +-  0.373
 238 -   0.93333 0.03333 0.03333 ( 1)  0.137 +-  0.373
 239 -   0.93333 0.03333 0.03333 ( 1)  0.137 +-  0.373
 240 -   0.93333 0.03333 0.03333 ( 1)  0.137 +-  0.373
 241 -   0.93333 0.03333 0.03333 ( 1)  0.137 +-  0.373
 242 -   0.93333 0.03333 0.03333 ( 1)  0.137 +-  0.373
 243 -   0.93333 0.03333 0.03333 ( 1)  0.137 +-  0.373
 244 -   0.93333 0.03333 0.03333 ( 1)  0.137 +-  0.373
 245 -   0.93333 0.03333 0.03333 ( 1)  0.137 +-  0.373
 246 -   0.93333 0.03333 0.03333 ( 1)  0.137 +-  0.373
 247 -   0.93333 0.03333 0.03333 ( 1)  0.137 +-  0.373
 248 -   0.93333 0.03333 0.03333 ( 1)  0.137 +-  0.373
 249 -   0.93333 0.03333 0.03333 ( 1)  0.137 +-  0.373
 250 -   0.93333 0.03333 0.03333 ( 1)  0.137 +-  0.373
 251 -   0.93333 0.03333 0.03333 ( 1)  0.137 +-  0.373
 252 -   0.93333 0.03333 0.03333 ( 1)  0.137 +-  0.373
 253 -   0.93333 0.03333 0.03333 ( 1)  0.137 +-  0.373
 254 -   0.93333 0.03333 0.03333 ( 1)  0.137 +-  0.373
 255 -   0.93333 0.03333 0.03333 ( 1)  0.137 +-  0.373
 256 -   0.93333 0.03333 0.03333 ( 1)  0.137 +-  0.373
 257 -   0.93333 0.03333 0.03333 ( 1)  0.137 +-  0.373
 258 -   0.93333 0.03333 0.03333 ( 1)  0.137 +-  0.373
 259 -   0.93333 0.03333 0.03333 ( 1)  0.137 +-  0.373
 260 -   0.93333 0.03333 0.03333 ( 1)  0.137 +-  0.373
 261 -   0.93333 0.03333 0.03333 ( 1)  0.137 +-  0.373
 262 -   0.93333 0.03333 0.03333 ( 1)  0.137 +-  0.373
 263 -   0.93333 0.03333 0.03333 ( 1)  0.137 +-  0.373
 264 -   0.93333 0.03333 0.03333 ( 1)  0.137 +-  0.373
 265 -   0.93333 0.03333 0.03333 ( 1)  0.137 +-  0.373
 266 -   0.93333 0.03333 0.03333 ( 1)  0.137 +-  0.373
 267 -   0.93333 0.03333 0.03333 ( 1)  0.137 +-  0.373
 268 -   0.93333 0.03333 0.03333 ( 1)  0.137 +-  0.373
 269 -   0.93333 0.03333 0.03333 ( 1)  0.137 +-  0.373
 270 -   0.93333 0.03333 0.03333 ( 1)  0.137 +-  0.373
 271 -   0.93333 0.03333 0.03333 ( 1)  0.137 +-  0.373
 272 -   0.93333 0.03333 0.03333 ( 1)  0.137 +-  0.373
 273 -   0.93333 0.03333 0.03333 ( 1)  0.137 +-  0.373
 274 -   0.93333 0.03333 0.03333 ( 1)  0.137 +-  0.373
 275 -   0.93333 0.03333 0.03333 ( 1)  0.137 +-  0.373
 276 -   0.93333 0.03333 0.03333 ( 1)  0.137 +-  0.373
 277 -   0.93333 0.03333 0.03333 ( 1)  0.137 +-  0.373
 278 -   0.93333 0.03333 0.03333 ( 1)  0.137 +-  0.373
 279 -   0.93333 0.03333 0.03333 ( 1)  0.137 +-  0.373
 280 -   0.93333 0.03333 0.03333 ( 1)  0.137 +-  0.373
 281 -   0.93333 0.03333 0.03333 ( 1)  0.137 +-  0.373
 282 -   0.93333 0.03333 0.03333 ( 1)  0.137 +-  0.373
 283 -   0.93333 0.03333 0.03333 ( 1)  0.137 +-  0.373
 284 -   0.93333 0.03333 0.03333 ( 1)  0.137 +-  0.373
 285 -   0.93333 0.03333 0.03333 ( 1)  0.137 +-  0.373
 286 -   0.93333 0.03333 0.03333 ( 1)  0.137 +-  0.373
 287 -   0.93333 0.03333 0.03333 ( 1)  0.137 +-  0.373
 288 -   0.93333 0.03333 0.03333 ( 1)  0.137 +-  0.373
 289 -   0.93333 0.03333 0.03333 ( 1)  0.137 +-  0.373
 290 -   0.93333 0.03333 0.03333 ( 1)  0.137 +-  0.373
 291 -   0.93333 0.03333 0.03333 ( 1)  0.137 +-  0.373
 292 -   0.93333 0.03333 0.03333 ( 1)  0.137 +-  0.373
 293 -   0.93333 0.03333 0.03333 ( 1)  0.137 +-  0.373
 294 -   0.93333 0.03333 0.03333 ( 1)  0.137 +-  0.373
 295 -   0.93333 0.03333 0.03333 ( 1)  0.137 +-  0.373
 296 -   0.93333 0.03333 0.03333 ( 1)  0.137 +-  0.373
 297 -   0.93333 0.03333 0.03333 ( 1)  0.137 +-  0.373
 298 -   0.93333 0.03333 0.03333 ( 1)  0.137 +-  0.373
 299 -   0.93333 0.03333 0.03333 ( 1)  0.137 +-  0.373
 300 -   0.93333 0.03333 0.03333 ( 1)  0.137 +-  0.373
 301 -   0.93333 0.03333 0.03333 ( 1)  0.137 +-  0.373
 302 -   0.93333 0.03333 0.03333 ( 1)  0.137 +-  0.373
 303 -   0.93333 0.03333 0.03333 ( 1)  0.137 +-  0.373
 304 -   0.93333 0.03333 0.03333 ( 1)  0.137 +-  0.373
 305 -   0.93333 0.03333 0.03333 ( 1)  0.137 +-  0.373
 306 -   0.93333 0.03333 0.03333 ( 1)  0.137 +-  0.373
 307 -   0.93333 0.03333 0.03333 ( 1)  0.137 +-  0.373
 308 -   0.93333 0.03333 0.03333 ( 1)  0.137 +-  0.373
 309 -   0.93333 0.03333 0.03333 ( 1)  0.137 +-  0.373
 310 -   0.93333 0.03333 0.03333 ( 1)  0.137 +-  0.373
 311 -   0.93333 0.03333 0.03333 ( 1)  0.137 +-  0.373
 312 -   0.93333 0.03333 0.03333 ( 1)  0.137 +-  0.373
 313 -   0.93333 0.03333 0.03333 ( 1)  0.137 +-  0.373
 314 -   0.93333 0.03333 0.03333 ( 1)  0.137 +-  0.373
 315 -   0.93333 0.03333 0.03333 ( 1)  0.137 +-  0.373
 316 G   0.98967 0.00735 0.00299 ( 1)  0.061 +-  0.114
 317 A   0.99272 0.00541 0.00188 ( 1)  0.058 +-  0.094
 318 G   0.98988 0.00721 0.00290 ( 1)  0.061 +-  0.113
 319 A   0.99396 0.00457 0.00147 ( 1)  0.056 +-  0.085
 320 D   0.99600 0.00316 0.00085 ( 1)  0.054 +-  0.068
 321 F   0.98897 0.00778 0.00325 ( 1)  0.062 +-  0.118
 322 V   0.99748 0.00206 0.00046 ( 1)  0.053 +-  0.053
 323 M   0.99901 0.00087 0.00012 ( 1)  0.051 +-  0.032
 324 L   0.98736 0.00875 0.00389 ( 1)  0.064 +-  0.127
 325 G   0.98967 0.00735 0.00299 ( 1)  0.061 +-  0.114
 326 G   0.99551 0.00350 0.00099 ( 1)  0.055 +-  0.072
 327 M   0.99901 0.00087 0.00012 ( 1)  0.051 +-  0.032
 328 F   0.98844 0.00812 0.00345 ( 1)  0.063 +-  0.121
 329 S   0.98651 0.00925 0.00424 ( 1)  0.065 +-  0.132
 330 G   0.99503 0.00384 0.00113 ( 1)  0.055 +-  0.077
 331 H   0.98900 0.00777 0.00323 ( 1)  0.062 +-  0.118
 332 T   0.99584 0.00327 0.00088 ( 1)  0.054 +-  0.069
 333 E   0.99746 0.00209 0.00045 ( 1)  0.053 +-  0.053
 334 C   0.98326 0.01112 0.00562 ( 1)  0.069 +-  0.149
 335 A   0.99333 0.00499 0.00168 ( 1)  0.057 +-  0.090
 336 G   0.98967 0.00735 0.00299 ( 1)  0.061 +-  0.114
 337 E   0.99573 0.00334 0.00093 ( 1)  0.055 +-  0.071
 338 V   0.90173 0.06806 0.03021 ( 1)  0.159 +-  0.339
 339 I   0.89489 0.07237 0.03274 ( 1)  0.167 +-  0.350
 340 E   0.99804 0.00164 0.00032 ( 1)  0.052 +-  0.046
 341 R   0.99671 0.00265 0.00063 ( 1)  0.053 +-  0.061
 342 N   0.99807 0.00162 0.00031 ( 1)  0.052 +-  0.046
 343 G   0.99049 0.00683 0.00268 ( 1)  0.060 +-  0.109
 344 Q   0.12567 0.43637 0.43796 ( 3)  1.133 +-  0.533
 345 K   0.99762 0.00197 0.00041 ( 1)  0.052 +-  0.051
 346 L   0.99270 0.00542 0.00188 ( 1)  0.058 +-  0.094
 347 K   0.94126 0.04369 0.01505 ( 1)  0.113 +-  0.260
 348 L   0.99267 0.00545 0.00189 ( 1)  0.058 +-  0.094
 349 F   0.99454 0.00420 0.00126 ( 1)  0.056 +-  0.080
 350 Y   0.99105 0.00649 0.00246 ( 1)  0.060 +-  0.105
 351 G   0.99650 0.00279 0.00070 ( 1)  0.054 +-  0.063
 352 M   0.99901 0.00087 0.00012 ( 1)  0.051 +-  0.032
 353 S   0.99745 0.00211 0.00045 ( 1)  0.053 +-  0.053
 354 S   0.98188 0.01188 0.00624 ( 1)  0.071 +-  0.155
 355 D   0.47226 0.36144 0.16630 ( 1)  0.637 +-  0.584
 356 T   0.99653 0.00278 0.00069 ( 1)  0.054 +-  0.063
 357 A   0.99758 0.00200 0.00043 ( 1)  0.053 +-  0.052
 358 M   0.99901 0.00087 0.00012 ( 1)  0.051 +-  0.032
 359 K   0.94580 0.04076 0.01344 ( 1)  0.108 +-  0.249
 360 K   0.99762 0.00197 0.00041 ( 1)  0.052 +-  0.051
 361 H   0.99449 0.00422 0.00128 ( 1)  0.056 +-  0.081
 362 A   0.99442 0.00425 0.00133 ( 1)  0.056 +-  0.082
 363 G   0.98967 0.00735 0.00299 ( 1)  0.061 +-  0.114
 364 G   0.99034 0.00693 0.00274 ( 1)  0.061 +-  0.110
 365 V   0.99500 0.00383 0.00117 ( 1)  0.055 +-  0.077
 366 A   0.99293 0.00527 0.00181 ( 1)  0.058 +-  0.093
 367 E   0.51586 0.33754 0.14661 ( 1)  0.585 +-  0.579
 368 Y   0.00038 0.34697 0.65264 ( 3)  1.402 +-  0.451
 369 R   0.99036 0.00693 0.00271 ( 1)  0.061 +-  0.110
 370 A   0.99730 0.00220 0.00050 ( 1)  0.053 +-  0.055
 371 S   0.98404 0.01069 0.00528 ( 1)  0.068 +-  0.145
 372 E   0.99712 0.00234 0.00055 ( 1)  0.053 +-  0.057
 373 G   0.99172 0.00605 0.00223 ( 1)  0.059 +-  0.101
 374 K   0.99735 0.00217 0.00048 ( 1)  0.053 +-  0.054
 375 T   0.99090 0.00658 0.00252 ( 1)  0.060 +-  0.106
 376 V   0.99673 0.00262 0.00066 ( 1)  0.053 +-  0.061
 377 E   0.99418 0.00443 0.00139 ( 1)  0.056 +-  0.083
 378 V   0.99628 0.00294 0.00078 ( 1)  0.054 +-  0.066
 379 P   0.98370 0.01087 0.00543 ( 1)  0.068 +-  0.147
 380 Y   0.99195 0.00592 0.00213 ( 1)  0.059 +-  0.099
 381 K   0.85281 0.09616 0.05104 ( 1)  0.217 +-  0.414
 382 G   0.99118 0.00638 0.00244 ( 1)  0.060 +-  0.105
 383 D   0.99618 0.00301 0.00081 ( 1)  0.054 +-  0.067
 384 V   0.99473 0.00405 0.00122 ( 1)  0.056 +-  0.079
 385 E   0.99506 0.00380 0.00114 ( 1)  0.055 +-  0.076
 386 N   0.94784 0.03925 0.01291 ( 1)  0.106 +-  0.245
 387 T   0.99374 0.00471 0.00155 ( 1)  0.057 +-  0.087
 388 I   0.99716 0.00231 0.00053 ( 1)  0.053 +-  0.057
 389 L   0.98664 0.00917 0.00419 ( 1)  0.065 +-  0.131
 390 D   0.99537 0.00361 0.00102 ( 1)  0.055 +-  0.074
 391 I   0.99396 0.00458 0.00146 ( 1)  0.056 +-  0.085
 392 L   0.99233 0.00566 0.00201 ( 1)  0.058 +-  0.097
 393 G   0.99524 0.00370 0.00106 ( 1)  0.055 +-  0.075
 394 G   0.98902 0.00774 0.00324 ( 1)  0.062 +-  0.118
 395 L   0.98666 0.00916 0.00418 ( 1)  0.065 +-  0.131
 396 R   0.99569 0.00335 0.00096 ( 1)  0.055 +-  0.071
 397 S   0.98716 0.00888 0.00396 ( 1)  0.064 +-  0.128
 398 T   0.99623 0.00299 0.00077 ( 1)  0.054 +-  0.066
 399 C   0.99035 0.00694 0.00271 ( 1)  0.061 +-  0.110
 400 T   0.99667 0.00268 0.00065 ( 1)  0.053 +-  0.062
 401 Y   0.99023 0.00701 0.00276 ( 1)  0.061 +-  0.110
 402 V   0.99673 0.00262 0.00066 ( 1)  0.053 +-  0.061
 403 G   0.99618 0.00303 0.00079 ( 1)  0.054 +-  0.066
 404 A   0.99725 0.00224 0.00051 ( 1)  0.053 +-  0.056
 405 A   0.99730 0.00220 0.00050 ( 1)  0.053 +-  0.055
 406 K   0.99297 0.00525 0.00178 ( 1)  0.058 +-  0.092
 407 L   0.99279 0.00536 0.00185 ( 1)  0.058 +-  0.094
 408 K   0.99585 0.00328 0.00088 ( 1)  0.054 +-  0.069
 409 E   0.99781 0.00182 0.00037 ( 1)  0.052 +-  0.049
 410 L   0.99279 0.00536 0.00185 ( 1)  0.058 +-  0.094
 411 S   0.99717 0.00232 0.00052 ( 1)  0.053 +-  0.056
 412 R   0.99560 0.00341 0.00099 ( 1)  0.055 +-  0.072
 413 R   0.99638 0.00289 0.00072 ( 1)  0.054 +-  0.064
 414 A   0.99320 0.00508 0.00172 ( 1)  0.057 +-  0.091
 415 T   0.99594 0.00321 0.00085 ( 1)  0.054 +-  0.069
 416 F   0.99417 0.00445 0.00138 ( 1)  0.056 +-  0.083
 417 I   0.99784 0.00180 0.00036 ( 1)  0.052 +-  0.049
 418 R   0.98739 0.00873 0.00388 ( 1)  0.064 +-  0.127
 419 V   0.99675 0.00260 0.00065 ( 1)  0.053 +-  0.061
 420 T   0.99667 0.00268 0.00065 ( 1)  0.053 +-  0.062
 421 Q   0.98812 0.00829 0.00359 ( 1)  0.063 +-  0.123
 422 Q   0.98933 0.00756 0.00311 ( 1)  0.062 +-  0.116
 423 H   0.99414 0.00447 0.00140 ( 1)  0.056 +-  0.084
 424 N   0.99794 0.00172 0.00034 ( 1)  0.052 +-  0.048
 425 T   0.91637 0.05951 0.02412 ( 1)  0.142 +-  0.312
 426 V   0.91862 0.05760 0.02378 ( 1)  0.140 +-  0.309
 427 F   0.99417 0.00445 0.00138 ( 1)  0.056 +-  0.083
 428 S   0.99717 0.00232 0.00052 ( 1)  0.053 +-  0.056

Positively selected sites

	Prob(w>1)  mean w

   368 Y      0.653         1.402 +- 0.451

