Supplemental results for CODEML (seqf: algn  treef: tree)


dN/dS (w) for site classes (K=8)

p:   0.12500  0.12500  0.12500  0.12500  0.12500  0.12500  0.12500  0.12500
w:   0.00000  0.00002  0.00068  0.00675  0.03731  0.14237  0.40551  0.84032

Naive Empirical Bayes (NEB) probabilities for 8 classes & postmean_w
(amino acids refer to 1st sequence: calJac_ISG20_XM_002749142)

   1 -   0.12500 0.12500 0.12500 0.12500 0.12500 0.12500 0.12500 0.12500 ( 8)  0.179
   2 -   0.12500 0.12500 0.12500 0.12500 0.12500 0.12500 0.12500 0.12500 ( 8)  0.179
   3 -   0.12500 0.12500 0.12500 0.12500 0.12500 0.12500 0.12500 0.12500 ( 8)  0.179
   4 -   0.12500 0.12500 0.12500 0.12500 0.12500 0.12500 0.12500 0.12500 ( 8)  0.179
   5 -   0.12500 0.12500 0.12500 0.12500 0.12500 0.12500 0.12500 0.12500 ( 8)  0.179
   6 -   0.12500 0.12500 0.12500 0.12500 0.12500 0.12500 0.12500 0.12500 ( 8)  0.179
   7 -   0.12500 0.12500 0.12500 0.12500 0.12500 0.12500 0.12500 0.12500 ( 2)  0.179
   8 -   0.12500 0.12500 0.12500 0.12500 0.12500 0.12500 0.12500 0.12500 ( 8)  0.179
   9 -   0.12500 0.12500 0.12500 0.12500 0.12500 0.12500 0.12500 0.12500 ( 8)  0.179
  10 -   0.12500 0.12500 0.12500 0.12500 0.12500 0.12500 0.12500 0.12500 ( 8)  0.179
  11 -   0.12500 0.12500 0.12500 0.12500 0.12500 0.12500 0.12500 0.12500 ( 8)  0.179
  12 -   0.12500 0.12500 0.12500 0.12500 0.12500 0.12500 0.12500 0.12500 ( 8)  0.179
  13 -   0.12500 0.12500 0.12500 0.12500 0.12500 0.12500 0.12500 0.12500 ( 2)  0.179
  14 -   0.12500 0.12500 0.12500 0.12500 0.12500 0.12500 0.12500 0.12500 ( 3)  0.179
  15 -   0.12500 0.12500 0.12500 0.12500 0.12500 0.12500 0.12500 0.12500 ( 8)  0.179
  16 -   0.12500 0.12500 0.12500 0.12500 0.12500 0.12500 0.12500 0.12500 ( 8)  0.179
  17 -   0.12500 0.12500 0.12500 0.12500 0.12500 0.12500 0.12500 0.12500 ( 2)  0.179
  18 -   0.12500 0.12500 0.12500 0.12500 0.12500 0.12500 0.12500 0.12500 ( 8)  0.179
  19 -   0.12500 0.12500 0.12500 0.12500 0.12500 0.12500 0.12500 0.12500 ( 8)  0.179
  20 -   0.12500 0.12500 0.12500 0.12500 0.12500 0.12500 0.12500 0.12500 ( 8)  0.179
  21 -   0.12500 0.12500 0.12500 0.12500 0.12500 0.12500 0.12500 0.12500 ( 8)  0.179
  22 -   0.12500 0.12500 0.12500 0.12500 0.12500 0.12500 0.12500 0.12500 ( 2)  0.179
  23 -   0.12500 0.12500 0.12500 0.12500 0.12500 0.12500 0.12500 0.12500 ( 8)  0.179
  24 -   0.12500 0.12500 0.12500 0.12500 0.12500 0.12500 0.12500 0.12500 ( 8)  0.179
  25 -   0.12500 0.12500 0.12500 0.12500 0.12500 0.12500 0.12500 0.12500 ( 8)  0.179
  26 -   0.12500 0.12500 0.12500 0.12500 0.12500 0.12500 0.12500 0.12500 ( 2)  0.179
  27 -   0.12500 0.12500 0.12500 0.12500 0.12500 0.12500 0.12500 0.12500 ( 8)  0.179
  28 -   0.12500 0.12500 0.12500 0.12500 0.12500 0.12500 0.12500 0.12500 ( 8)  0.179
  29 -   0.12500 0.12500 0.12500 0.12500 0.12500 0.12500 0.12500 0.12500 ( 2)  0.179
  30 -   0.12500 0.12500 0.12500 0.12500 0.12500 0.12500 0.12500 0.12500 ( 8)  0.179
  31 -   0.12500 0.12500 0.12500 0.12500 0.12500 0.12500 0.12500 0.12500 ( 2)  0.179
  32 -   0.12500 0.12500 0.12500 0.12500 0.12500 0.12500 0.12500 0.12500 ( 8)  0.179
  33 -   0.12500 0.12500 0.12500 0.12500 0.12500 0.12500 0.12500 0.12500 ( 8)  0.179
  34 -   0.12500 0.12500 0.12500 0.12500 0.12500 0.12500 0.12500 0.12500 ( 8)  0.179
  35 -   0.12500 0.12500 0.12500 0.12500 0.12500 0.12500 0.12500 0.12500 ( 8)  0.179
  36 -   0.12500 0.12500 0.12500 0.12500 0.12500 0.12500 0.12500 0.12500 ( 2)  0.179
  37 -   0.12500 0.12500 0.12500 0.12500 0.12500 0.12500 0.12500 0.12500 ( 8)  0.179
  38 -   0.12500 0.12500 0.12500 0.12500 0.12500 0.12500 0.12500 0.12500 ( 8)  0.179
  39 -   0.12500 0.12500 0.12500 0.12500 0.12500 0.12500 0.12500 0.12500 ( 8)  0.179
  40 -   0.12500 0.12500 0.12500 0.12500 0.12500 0.12500 0.12500 0.12500 ( 8)  0.179
  41 -   0.12500 0.12500 0.12500 0.12500 0.12500 0.12500 0.12500 0.12500 ( 8)  0.179
  42 -   0.12500 0.12500 0.12500 0.12500 0.12500 0.12500 0.12500 0.12500 ( 8)  0.179
  43 -   0.12500 0.12500 0.12500 0.12500 0.12500 0.12500 0.12500 0.12500 ( 8)  0.179
  44 -   0.12500 0.12500 0.12500 0.12500 0.12500 0.12500 0.12500 0.12500 ( 8)  0.179
  45 -   0.12500 0.12500 0.12500 0.12500 0.12500 0.12500 0.12500 0.12500 ( 8)  0.179
  46 -   0.12500 0.12500 0.12500 0.12500 0.12500 0.12500 0.12500 0.12500 ( 6)  0.179
  47 -   0.12500 0.12500 0.12500 0.12500 0.12500 0.12500 0.12500 0.12500 ( 8)  0.179
  48 -   0.12500 0.12500 0.12500 0.12500 0.12500 0.12500 0.12500 0.12500 ( 8)  0.179
  49 -   0.12500 0.12500 0.12500 0.12500 0.12500 0.12500 0.12500 0.12500 ( 8)  0.179
  50 -   0.12500 0.12500 0.12500 0.12500 0.12500 0.12500 0.12500 0.12500 ( 2)  0.179
  51 -   0.12500 0.12500 0.12500 0.12500 0.12500 0.12500 0.12500 0.12500 ( 8)  0.179
  52 -   0.12500 0.12500 0.12500 0.12500 0.12500 0.12500 0.12500 0.12500 ( 8)  0.179
  53 -   0.12500 0.12500 0.12500 0.12500 0.12500 0.12500 0.12500 0.12500 ( 8)  0.179
  54 -   0.12500 0.12500 0.12500 0.12500 0.12500 0.12500 0.12500 0.12500 ( 8)  0.179
  55 -   0.12500 0.12500 0.12500 0.12500 0.12500 0.12500 0.12500 0.12500 ( 8)  0.179
  56 -   0.12500 0.12500 0.12500 0.12500 0.12500 0.12500 0.12500 0.12500 ( 8)  0.179
  57 -   0.12500 0.12500 0.12500 0.12500 0.12500 0.12500 0.12500 0.12500 ( 2)  0.179
  58 -   0.12500 0.12500 0.12500 0.12500 0.12500 0.12500 0.12500 0.12500 ( 8)  0.179
  59 -   0.12500 0.12500 0.12500 0.12500 0.12500 0.12500 0.12500 0.12500 ( 8)  0.179
  60 -   0.12500 0.12500 0.12500 0.12500 0.12500 0.12500 0.12500 0.12500 ( 8)  0.179
  61 -   0.12500 0.12500 0.12500 0.12500 0.12500 0.12500 0.12500 0.12500 ( 8)  0.179
  62 -   0.12500 0.12500 0.12500 0.12500 0.12500 0.12500 0.12500 0.12500 ( 8)  0.179
  63 -   0.12500 0.12500 0.12500 0.12500 0.12500 0.12500 0.12500 0.12500 ( 8)  0.179
  64 -   0.12500 0.12500 0.12500 0.12500 0.12500 0.12500 0.12500 0.12500 ( 8)  0.179
  65 -   0.12500 0.12500 0.12500 0.12500 0.12500 0.12500 0.12500 0.12500 ( 8)  0.179
  66 -   0.12500 0.12500 0.12500 0.12500 0.12500 0.12500 0.12500 0.12500 ( 8)  0.179
  67 -   0.12500 0.12500 0.12500 0.12500 0.12500 0.12500 0.12500 0.12500 ( 8)  0.179
  68 -   0.12500 0.12500 0.12500 0.12500 0.12500 0.12500 0.12500 0.12500 ( 8)  0.179
  69 -   0.12500 0.12500 0.12500 0.12500 0.12500 0.12500 0.12500 0.12500 ( 8)  0.179
  70 -   0.12500 0.12500 0.12500 0.12500 0.12500 0.12500 0.12500 0.12500 ( 8)  0.179
  71 -   0.12500 0.12500 0.12500 0.12500 0.12500 0.12500 0.12500 0.12500 ( 8)  0.179
  72 -   0.12500 0.12500 0.12500 0.12500 0.12500 0.12500 0.12500 0.12500 ( 8)  0.179
  73 -   0.12500 0.12500 0.12500 0.12500 0.12500 0.12500 0.12500 0.12500 ( 8)  0.179
  74 -   0.12500 0.12500 0.12500 0.12500 0.12500 0.12500 0.12500 0.12500 ( 8)  0.179
  75 -   0.12500 0.12500 0.12500 0.12500 0.12500 0.12500 0.12500 0.12500 ( 2)  0.179
  76 -   0.12500 0.12500 0.12500 0.12500 0.12500 0.12500 0.12500 0.12500 ( 8)  0.179
  77 -   0.12500 0.12500 0.12500 0.12500 0.12500 0.12500 0.12500 0.12500 ( 2)  0.179
  78 -   0.12500 0.12500 0.12500 0.12500 0.12500 0.12500 0.12500 0.12500 ( 2)  0.179
  79 -   0.12500 0.12500 0.12500 0.12500 0.12500 0.12500 0.12500 0.12500 ( 8)  0.179
  80 -   0.12500 0.12500 0.12500 0.12500 0.12500 0.12500 0.12500 0.12500 ( 8)  0.179
  81 -   0.12500 0.12500 0.12500 0.12500 0.12500 0.12500 0.12500 0.12500 ( 8)  0.179
  82 -   0.12500 0.12500 0.12500 0.12500 0.12500 0.12500 0.12500 0.12500 ( 2)  0.179
  83 -   0.12500 0.12500 0.12500 0.12500 0.12500 0.12500 0.12500 0.12500 ( 8)  0.179
  84 -   0.12500 0.12500 0.12500 0.12500 0.12500 0.12500 0.12500 0.12500 ( 8)  0.179
  85 -   0.12500 0.12500 0.12500 0.12500 0.12500 0.12500 0.12500 0.12500 ( 8)  0.179
  86 -   0.12500 0.12500 0.12500 0.12500 0.12500 0.12500 0.12500 0.12500 ( 8)  0.179
  87 -   0.12500 0.12500 0.12500 0.12500 0.12500 0.12500 0.12500 0.12500 ( 3)  0.179
  88 -   0.12500 0.12500 0.12500 0.12500 0.12500 0.12500 0.12500 0.12500 ( 8)  0.179
  89 -   0.12500 0.12500 0.12500 0.12500 0.12500 0.12500 0.12500 0.12500 ( 8)  0.179
  90 -   0.12500 0.12500 0.12500 0.12500 0.12500 0.12500 0.12500 0.12500 ( 8)  0.179
  91 -   0.12500 0.12500 0.12500 0.12500 0.12500 0.12500 0.12500 0.12500 ( 8)  0.179
  92 -   0.12500 0.12500 0.12500 0.12500 0.12500 0.12500 0.12500 0.12500 ( 8)  0.179
  93 -   0.12500 0.12500 0.12500 0.12500 0.12500 0.12500 0.12500 0.12500 ( 2)  0.179
  94 -   0.12500 0.12500 0.12500 0.12500 0.12500 0.12500 0.12500 0.12500 ( 8)  0.179
  95 -   0.12500 0.12500 0.12500 0.12500 0.12500 0.12500 0.12500 0.12500 ( 8)  0.179
  96 -   0.12500 0.12500 0.12500 0.12500 0.12500 0.12500 0.12500 0.12500 ( 2)  0.179
  97 -   0.12500 0.12500 0.12500 0.12500 0.12500 0.12500 0.12500 0.12500 ( 3)  0.179
  98 -   0.12500 0.12500 0.12500 0.12500 0.12500 0.12500 0.12500 0.12500 ( 8)  0.179
  99 -   0.12500 0.12500 0.12500 0.12500 0.12500 0.12500 0.12500 0.12500 ( 2)  0.179
 100 -   0.12500 0.12500 0.12500 0.12500 0.12500 0.12500 0.12500 0.12500 ( 8)  0.179
 101 -   0.12500 0.12500 0.12500 0.12500 0.12500 0.12500 0.12500 0.12500 ( 8)  0.179
 102 -   0.12500 0.12500 0.12500 0.12500 0.12500 0.12500 0.12500 0.12500 ( 8)  0.179
 103 -   0.12500 0.12500 0.12500 0.12500 0.12500 0.12500 0.12500 0.12500 ( 8)  0.179
 104 -   0.12500 0.12500 0.12500 0.12500 0.12500 0.12500 0.12500 0.12500 ( 8)  0.179
 105 -   0.12500 0.12500 0.12500 0.12500 0.12500 0.12500 0.12500 0.12500 ( 8)  0.179
 106 -   0.12500 0.12500 0.12500 0.12500 0.12500 0.12500 0.12500 0.12500 ( 8)  0.179
 107 -   0.12500 0.12500 0.12500 0.12500 0.12500 0.12500 0.12500 0.12500 ( 8)  0.179
 108 -   0.12500 0.12500 0.12500 0.12500 0.12500 0.12500 0.12500 0.12500 ( 8)  0.179
 109 -   0.12500 0.12500 0.12500 0.12500 0.12500 0.12500 0.12500 0.12500 ( 2)  0.179
 110 -   0.12500 0.12500 0.12500 0.12500 0.12500 0.12500 0.12500 0.12500 ( 8)  0.179
 111 -   0.12500 0.12500 0.12500 0.12500 0.12500 0.12500 0.12500 0.12500 ( 8)  0.179
 112 -   0.12500 0.12500 0.12500 0.12500 0.12500 0.12500 0.12500 0.12500 ( 8)  0.179
 113 -   0.12500 0.12500 0.12500 0.12500 0.12500 0.12500 0.12500 0.12500 ( 8)  0.179
 114 -   0.12500 0.12500 0.12500 0.12500 0.12500 0.12500 0.12500 0.12500 ( 8)  0.179
 115 -   0.12500 0.12500 0.12500 0.12500 0.12500 0.12500 0.12500 0.12500 ( 8)  0.179
 116 -   0.12500 0.12500 0.12500 0.12500 0.12500 0.12500 0.12500 0.12500 ( 8)  0.179
 117 -   0.12500 0.12500 0.12500 0.12500 0.12500 0.12500 0.12500 0.12500 ( 8)  0.179
 118 M   0.18743 0.18741 0.18671 0.18037 0.15167 0.08411 0.02009 0.00221 ( 1)  0.029
 119 A   0.15198 0.15197 0.15182 0.15044 0.14369 0.12277 0.08313 0.04419 ( 1)  0.095
 120 G   0.18203 0.18201 0.18144 0.17626 0.15243 0.09308 0.02824 0.00452 ( 1)  0.036
 121 S   0.00000 0.00000 0.00001 0.00079 0.02089 0.18822 0.47178 0.31831 ( 7)  0.486
 122 R   0.14811 0.14811 0.14799 0.14688 0.14142 0.12420 0.08999 0.05331 ( 1)  0.105
 123 E   0.00000 0.00008 0.00278 0.02703 0.13206 0.33226 0.34788 0.15790 ( 7)  0.326
 124 V   0.00000 0.00006 0.00198 0.01933 0.09754 0.27389 0.36996 0.23725 ( 7)  0.392
 125 V   0.18114 0.18112 0.18056 0.17552 0.15229 0.09420 0.02985 0.00533 ( 1)  0.037
 126 A   0.17813 0.17812 0.17763 0.17321 0.15263 0.09916 0.03455 0.00657 ( 1)  0.041
 127 M   0.00000 0.00012 0.00403 0.03883 0.18236 0.40037 0.29743 0.07686 ( 6)  0.249
 128 D   0.18289 0.18287 0.18228 0.17693 0.15238 0.09173 0.02686 0.00406 ( 1)  0.034
 129 C   0.16317 0.16316 0.16290 0.16052 0.14909 0.11585 0.06227 0.02305 ( 1)  0.068
 130 E   0.18551 0.18549 0.18484 0.17891 0.15196 0.08732 0.02296 0.00301 ( 1)  0.031
 131 M   0.18743 0.18741 0.18671 0.18037 0.15167 0.08411 0.02009 0.00221 ( 1)  0.029
 132 V   0.18114 0.18112 0.18056 0.17552 0.15229 0.09420 0.02985 0.00533 ( 1)  0.037
 133 G   0.17608 0.17606 0.17561 0.17147 0.15217 0.10150 0.03834 0.00877 ( 1)  0.044
 134 L   0.00000 0.00006 0.00199 0.01945 0.09815 0.27525 0.36964 0.23546 ( 7)  0.391
 135 G   0.18253 0.18251 0.18193 0.17665 0.15240 0.09227 0.02741 0.00429 ( 1)  0.035
 136 P   0.00000 0.00007 0.00227 0.02217 0.11080 0.30018 0.36730 0.19721 ( 7)  0.362
 137 L   0.00000 0.00000 0.00000 0.00001 0.00110 0.04047 0.33890 0.61952 ( 8)  0.664
 138 R   0.17180 0.17179 0.17141 0.16795 0.15160 0.10702 0.04599 0.01245 ( 1)  0.051
 139 E   0.00000 0.00012 0.00393 0.03795 0.17846 0.39432 0.30094 0.08428 ( 6)  0.256
 140 S   0.18117 0.18115 0.18060 0.17563 0.15266 0.09467 0.02944 0.00469 ( 1)  0.036
 141 G   0.17907 0.17905 0.17855 0.17393 0.15254 0.09762 0.03305 0.00619 ( 1)  0.039
 142 L   0.16790 0.16789 0.16757 0.16462 0.15061 0.11127 0.05325 0.01688 ( 1)  0.058
 143 A   0.15247 0.15246 0.15231 0.15089 0.14399 0.12263 0.08228 0.04298 ( 1)  0.093
 144 R   0.15257 0.15257 0.15241 0.15095 0.14383 0.12204 0.08184 0.04380 ( 1)  0.094
 145 C   0.17210 0.17209 0.17171 0.16828 0.15204 0.10737 0.04528 0.01114 ( 1)  0.050
 146 S   0.18263 0.18261 0.18203 0.17677 0.15259 0.09240 0.02707 0.00391 ( 1)  0.034
 147 L   0.00000 0.00006 0.00200 0.01952 0.09848 0.27590 0.36958 0.23446 ( 7)  0.390
 148 V   0.18114 0.18112 0.18056 0.17552 0.15229 0.09420 0.02985 0.00533 ( 1)  0.037
 149 N   0.18370 0.18368 0.18308 0.17758 0.15242 0.09057 0.02546 0.00350 ( 1)  0.033
 150 V   0.00000 0.00000 0.00000 0.00000 0.00005 0.00711 0.18702 0.80582 ( 8)  0.754
 151 Y   0.00000 0.00000 0.00000 0.00040 0.01103 0.11507 0.40927 0.46423 ( 8)  0.573
 152 G   0.16225 0.16225 0.16199 0.15963 0.14833 0.11575 0.06395 0.02585 ( 1)  0.071
 153 A   0.00000 0.00000 0.00000 0.00000 0.00017 0.00929 0.16607 0.82447 ( 8)  0.761
 154 V   0.17962 0.17960 0.17908 0.17432 0.15234 0.09651 0.03233 0.00621 ( 1)  0.039
 155 L   0.17138 0.17137 0.17100 0.16759 0.15148 0.10745 0.04676 0.01296 ( 1)  0.052
 156 Y   0.17284 0.17282 0.17244 0.16889 0.15216 0.10645 0.04392 0.01048 ( 1)  0.049
 157 D   0.18552 0.18550 0.18485 0.17893 0.15199 0.08733 0.02291 0.00297 ( 1)  0.031
 158 K   0.18079 0.18077 0.18023 0.17531 0.15261 0.09517 0.03013 0.00499 ( 1)  0.037
 159 F   0.17632 0.17631 0.17586 0.17179 0.15269 0.10199 0.03755 0.00748 ( 1)  0.043
 160 I   0.18350 0.18348 0.18288 0.17742 0.15239 0.09083 0.02581 0.00367 ( 1)  0.033
 161 R   0.00000 0.00008 0.00248 0.02416 0.11953 0.31347 0.35900 0.18129 ( 7)  0.347
 162 P   0.15924 0.15924 0.15902 0.15699 0.14724 0.11836 0.06959 0.03032 ( 1)  0.077
 163 E   0.18551 0.18549 0.18484 0.17891 0.15196 0.08732 0.02296 0.00301 ( 1)  0.031
 164 G   0.17171 0.17170 0.17131 0.16779 0.15121 0.10645 0.04631 0.01353 ( 1)  0.052
 165 E   0.00000 0.00012 0.00394 0.03797 0.17861 0.39496 0.30118 0.08323 ( 6)  0.255
 166 I   0.18350 0.18348 0.18288 0.17742 0.15239 0.09083 0.02581 0.00367 ( 1)  0.033
 167 T   0.17712 0.17710 0.17664 0.17241 0.15264 0.10070 0.03622 0.00716 ( 1)  0.042
 168 D   0.16120 0.16120 0.16096 0.15879 0.14835 0.11752 0.06600 0.02598 ( 1)  0.072
 169 Y   0.17316 0.17315 0.17276 0.16917 0.15223 0.10606 0.04331 0.01016 ( 1)  0.048
 170 R   0.15422 0.15422 0.15405 0.15249 0.14490 0.12168 0.07903 0.03942 ( 1)  0.089
 171 T   0.17574 0.17573 0.17529 0.17128 0.15251 0.10259 0.03869 0.00817 ( 1)  0.044
 172 R   0.17397 0.17395 0.17354 0.16976 0.15204 0.10449 0.04201 0.01024 ( 1)  0.047
 173 V   0.18033 0.18031 0.17977 0.17488 0.15233 0.09545 0.03114 0.00579 ( 1)  0.038
 174 S   0.17996 0.17994 0.17942 0.17467 0.15270 0.09654 0.03143 0.00535 ( 1)  0.038
 175 G   0.18271 0.18269 0.18210 0.17678 0.15236 0.09197 0.02718 0.00421 ( 1)  0.035
 176 V   0.18033 0.18031 0.17977 0.17488 0.15233 0.09545 0.03114 0.00579 ( 1)  0.038
 177 T   0.17740 0.17738 0.17691 0.17264 0.15269 0.10037 0.03574 0.00686 ( 1)  0.042
 178 P   0.15065 0.15065 0.15051 0.14922 0.14292 0.12328 0.08548 0.04729 ( 1)  0.098
 179 Q   0.00000 0.00000 0.00000 0.00023 0.00646 0.07469 0.34173 0.57690 ( 8)  0.634
 180 H   0.17914 0.17912 0.17862 0.17401 0.15261 0.09762 0.03286 0.00603 ( 1)  0.039
 181 M   0.18743 0.18741 0.18671 0.18037 0.15167 0.08411 0.02009 0.00221 ( 1)  0.029
 182 V   0.18114 0.18112 0.18056 0.17552 0.15229 0.09420 0.02985 0.00533 ( 1)  0.037
 183 G   0.00000 0.00009 0.00310 0.03002 0.14520 0.35281 0.33793 0.13085 ( 6)  0.303
 184 A   0.18102 0.18100 0.18046 0.17551 0.15266 0.09489 0.02968 0.00478 ( 1)  0.037
 185 T   0.14550 0.14550 0.14540 0.14446 0.13982 0.12500 0.09453 0.05980 ( 1)  0.113
 186 P   0.00000 0.00004 0.00126 0.01238 0.06455 0.20253 0.35956 0.35970 ( 8)  0.479
 187 F   0.15364 0.15364 0.15348 0.15197 0.14462 0.12204 0.08011 0.04049 ( 1)  0.090
 188 A   0.17062 0.17061 0.17025 0.16694 0.15131 0.10836 0.04825 0.01365 ( 1)  0.053
 189 V   0.18114 0.18112 0.18056 0.17552 0.15229 0.09420 0.02985 0.00533 ( 1)  0.037
 190 A   0.18102 0.18100 0.18046 0.17551 0.15266 0.09489 0.02968 0.00478 ( 1)  0.037
 191 R   0.17921 0.17919 0.17868 0.17406 0.15260 0.09751 0.03277 0.00598 ( 1)  0.039
 192 L   0.00000 0.00003 0.00089 0.00879 0.04694 0.15956 0.34098 0.44281 ( 8)  0.535
 193 E   0.18551 0.18549 0.18484 0.17891 0.15196 0.08732 0.02296 0.00301 ( 1)  0.031
 194 -   0.12500 0.12500 0.12500 0.12500 0.12500 0.12500 0.12500 0.12500 ( 8)  0.179
 195 -   0.12500 0.12500 0.12500 0.12500 0.12500 0.12500 0.12500 0.12500 ( 2)  0.179
 196 -   0.12500 0.12500 0.12500 0.12500 0.12500 0.12500 0.12500 0.12500 ( 8)  0.179
 197 -   0.12500 0.12500 0.12500 0.12500 0.12500 0.12500 0.12500 0.12500 ( 8)  0.179
 198 -   0.12500 0.12500 0.12500 0.12500 0.12500 0.12500 0.12500 0.12500 ( 8)  0.179
 199 -   0.12500 0.12500 0.12500 0.12500 0.12500 0.12500 0.12500 0.12500 ( 8)  0.179
 200 -   0.12500 0.12500 0.12500 0.12500 0.12500 0.12500 0.12500 0.12500 ( 2)  0.179
 201 -   0.12500 0.12500 0.12500 0.12500 0.12500 0.12500 0.12500 0.12500 ( 8)  0.179
 202 -   0.12500 0.12500 0.12500 0.12500 0.12500 0.12500 0.12500 0.12500 ( 8)  0.179
 203 -   0.12500 0.12500 0.12500 0.12500 0.12500 0.12500 0.12500 0.12500 ( 8)  0.179
 204 -   0.12500 0.12500 0.12500 0.12500 0.12500 0.12500 0.12500 0.12500 ( 8)  0.179
 205 -   0.12500 0.12500 0.12500 0.12500 0.12500 0.12500 0.12500 0.12500 ( 2)  0.179
 206 -   0.12500 0.12500 0.12500 0.12500 0.12500 0.12500 0.12500 0.12500 ( 2)  0.179
 207 -   0.12500 0.12500 0.12500 0.12500 0.12500 0.12500 0.12500 0.12500 ( 3)  0.179
 208 -   0.12500 0.12500 0.12500 0.12500 0.12500 0.12500 0.12500 0.12500 ( 8)  0.179
 209 -   0.12500 0.12500 0.12500 0.12500 0.12500 0.12500 0.12500 0.12500 ( 2)  0.179
 210 -   0.12500 0.12500 0.12500 0.12500 0.12500 0.12500 0.12500 0.12500 ( 2)  0.179
 211 -   0.12500 0.12500 0.12500 0.12500 0.12500 0.12500 0.12500 0.12500 ( 8)  0.179
 212 -   0.12500 0.12500 0.12500 0.12500 0.12500 0.12500 0.12500 0.12500 ( 8)  0.179
 213 -   0.12500 0.12500 0.12500 0.12500 0.12500 0.12500 0.12500 0.12500 ( 8)  0.179
 214 -   0.12500 0.12500 0.12500 0.12500 0.12500 0.12500 0.12500 0.12500 ( 8)  0.179
 215 -   0.12500 0.12500 0.12500 0.12500 0.12500 0.12500 0.12500 0.12500 ( 2)  0.179
 216 -   0.12500 0.12500 0.12500 0.12500 0.12500 0.12500 0.12500 0.12500 ( 8)  0.179
 217 -   0.12500 0.12500 0.12500 0.12500 0.12500 0.12500 0.12500 0.12500 ( 8)  0.179
 218 -   0.12500 0.12500 0.12500 0.12500 0.12500 0.12500 0.12500 0.12500 ( 8)  0.179
 219 -   0.12500 0.12500 0.12500 0.12500 0.12500 0.12500 0.12500 0.12500 ( 2)  0.179
 220 -   0.12500 0.12500 0.12500 0.12500 0.12500 0.12500 0.12500 0.12500 ( 8)  0.179
 221 -   0.12500 0.12500 0.12500 0.12500 0.12500 0.12500 0.12500 0.12500 ( 8)  0.179
 222 -   0.12500 0.12500 0.12500 0.12500 0.12500 0.12500 0.12500 0.12500 ( 2)  0.179
 223 -   0.12500 0.12500 0.12500 0.12500 0.12500 0.12500 0.12500 0.12500 ( 8)  0.179
 224 -   0.12500 0.12500 0.12500 0.12500 0.12500 0.12500 0.12500 0.12500 ( 2)  0.179
 225 -   0.12500 0.12500 0.12500 0.12500 0.12500 0.12500 0.12500 0.12500 ( 8)  0.179
 226 -   0.12500 0.12500 0.12500 0.12500 0.12500 0.12500 0.12500 0.12500 ( 8)  0.179
 227 -   0.12500 0.12500 0.12500 0.12500 0.12500 0.12500 0.12500 0.12500 ( 8)  0.179
 228 -   0.12500 0.12500 0.12500 0.12500 0.12500 0.12500 0.12500 0.12500 ( 8)  0.179
 229 -   0.12500 0.12500 0.12500 0.12500 0.12500 0.12500 0.12500 0.12500 ( 8)  0.179
 230 -   0.12500 0.12500 0.12500 0.12500 0.12500 0.12500 0.12500 0.12500 ( 8)  0.179
 231 -   0.12500 0.12500 0.12500 0.12500 0.12500 0.12500 0.12500 0.12500 ( 3)  0.179
 232 -   0.12500 0.12500 0.12500 0.12500 0.12500 0.12500 0.12500 0.12500 ( 8)  0.179
 233 -   0.12500 0.12500 0.12500 0.12500 0.12500 0.12500 0.12500 0.12500 ( 8)  0.179
 234 -   0.12500 0.12500 0.12500 0.12500 0.12500 0.12500 0.12500 0.12500 ( 8)  0.179
 235 -   0.12500 0.12500 0.12500 0.12500 0.12500 0.12500 0.12500 0.12500 ( 8)  0.179
 236 -   0.12500 0.12500 0.12500 0.12500 0.12500 0.12500 0.12500 0.12500 ( 8)  0.179
 237 -   0.12500 0.12500 0.12500 0.12500 0.12500 0.12500 0.12500 0.12500 ( 8)  0.179
 238 -   0.12500 0.12500 0.12500 0.12500 0.12500 0.12500 0.12500 0.12500 ( 8)  0.179
 239 -   0.12500 0.12500 0.12500 0.12500 0.12500 0.12500 0.12500 0.12500 ( 8)  0.179
 240 -   0.12500 0.12500 0.12500 0.12500 0.12500 0.12500 0.12500 0.12500 ( 8)  0.179
 241 -   0.12500 0.12500 0.12500 0.12500 0.12500 0.12500 0.12500 0.12500 ( 8)  0.179
 242 -   0.12500 0.12500 0.12500 0.12500 0.12500 0.12500 0.12500 0.12500 ( 8)  0.179
 243 -   0.12500 0.12500 0.12500 0.12500 0.12500 0.12500 0.12500 0.12500 ( 2)  0.179
 244 -   0.12500 0.12500 0.12500 0.12500 0.12500 0.12500 0.12500 0.12500 ( 8)  0.179
 245 -   0.12500 0.12500 0.12500 0.12500 0.12500 0.12500 0.12500 0.12500 ( 8)  0.179
 246 -   0.12562 0.12562 0.12562 0.12560 0.12549 0.12512 0.12421 0.12272 ( 1)  0.177
 247 -   0.12518 0.12518 0.12518 0.12517 0.12514 0.12504 0.12478 0.12435 ( 1)  0.178
 248 -   0.12508 0.12508 0.12508 0.12508 0.12506 0.12502 0.12490 0.12470 ( 1)  0.179
 249 -   0.12507 0.12507 0.12507 0.12507 0.12505 0.12501 0.12491 0.12475 ( 1)  0.179
 250 -   0.12517 0.12517 0.12517 0.12516 0.12513 0.12503 0.12479 0.12438 ( 1)  0.179
 251 -   0.12551 0.12551 0.12551 0.12549 0.12540 0.12510 0.12435 0.12312 ( 1)  0.177
 252 -   0.12550 0.12550 0.12550 0.12548 0.12540 0.12510 0.12436 0.12315 ( 1)  0.177
 253 -   0.12550 0.12550 0.12550 0.12548 0.12540 0.12510 0.12436 0.12315 ( 1)  0.177
 254 -   0.12550 0.12550 0.12550 0.12548 0.12539 0.12510 0.12437 0.12317 ( 1)  0.177
 255 -   0.12508 0.12508 0.12508 0.12508 0.12506 0.12502 0.12490 0.12470 ( 1)  0.179
 256 -   0.12550 0.12550 0.12550 0.12548 0.12539 0.12510 0.12437 0.12317 ( 1)  0.177
 257 -   0.12515 0.12515 0.12515 0.12514 0.12512 0.12503 0.12481 0.12445 ( 1)  0.179
 258 -   0.12509 0.12509 0.12509 0.12509 0.12507 0.12502 0.12488 0.12466 ( 1)  0.179
 259 -   0.12513 0.12513 0.12513 0.12512 0.12510 0.12503 0.12484 0.12454 ( 1)  0.179
 260 -   0.12513 0.12513 0.12513 0.12512 0.12510 0.12503 0.12484 0.12454 ( 1)  0.179
 261 -   0.12542 0.12542 0.12542 0.12541 0.12533 0.12508 0.12446 0.12345 ( 1)  0.178
 262 -   0.12518 0.12518 0.12518 0.12517 0.12514 0.12504 0.12478 0.12435 ( 1)  0.178
 263 -   0.12524 0.12524 0.12523 0.12523 0.12519 0.12505 0.12470 0.12413 ( 1)  0.178
 264 -   0.12524 0.12524 0.12523 0.12523 0.12519 0.12505 0.12470 0.12413 ( 1)  0.178
 265 -   0.12511 0.12511 0.12511 0.12511 0.12509 0.12502 0.12485 0.12458 ( 1)  0.179
 266 -   0.12515 0.12515 0.12515 0.12515 0.12512 0.12503 0.12481 0.12444 ( 1)  0.179
 267 -   0.12520 0.12520 0.12520 0.12519 0.12516 0.12504 0.12475 0.12426 ( 1)  0.178
 268 -   0.12550 0.12550 0.12550 0.12548 0.12540 0.12510 0.12436 0.12316 ( 1)  0.177
 269 -   0.12541 0.12541 0.12541 0.12540 0.12533 0.12508 0.12447 0.12348 ( 1)  0.178
 270 -   0.12513 0.12513 0.12513 0.12513 0.12510 0.12503 0.12483 0.12451 ( 1)  0.179
 271 -   0.12513 0.12513 0.12513 0.12513 0.12510 0.12503 0.12483 0.12451 ( 1)  0.179
 272 -   0.12532 0.12532 0.12532 0.12531 0.12525 0.12506 0.12459 0.12382 ( 1)  0.178
 273 -   0.12532 0.12532 0.12532 0.12531 0.12526 0.12507 0.12459 0.12381 ( 1)  0.178
 274 -   0.12521 0.12521 0.12521 0.12520 0.12516 0.12504 0.12474 0.12424 ( 1)  0.178
 275 -   0.12536 0.12536 0.12536 0.12535 0.12529 0.12507 0.12454 0.12366 ( 1)  0.178
 276 -   0.12511 0.12511 0.12511 0.12510 0.12508 0.12502 0.12486 0.12461 ( 1)  0.179
 277 -   0.12550 0.12550 0.12550 0.12548 0.12540 0.12510 0.12436 0.12315 ( 1)  0.177
 278 -   0.12507 0.12507 0.12507 0.12507 0.12505 0.12501 0.12491 0.12475 ( 1)  0.179
 279 -   0.00000 0.00001 0.00048 0.00477 0.02632 0.10024 0.28412 0.58405 ( 8)  0.621
 280 -   0.12553 0.12553 0.12553 0.12551 0.12542 0.12511 0.12433 0.12306 ( 1)  0.177
 281 -   0.12541 0.12541 0.12541 0.12540 0.12533 0.12508 0.12447 0.12348 ( 1)  0.178
 282 -   0.12507 0.12507 0.12507 0.12507 0.12505 0.12501 0.12491 0.12475 ( 1)  0.179
 283 -   0.12550 0.12550 0.12550 0.12548 0.12540 0.12510 0.12436 0.12315 ( 1)  0.177
 284 -   0.12550 0.12550 0.12550 0.12548 0.12540 0.12510 0.12436 0.12315 ( 1)  0.177
 285 -   0.12524 0.12524 0.12523 0.12523 0.12519 0.12505 0.12470 0.12413 ( 1)  0.178
 286 -   0.12536 0.12536 0.12536 0.12535 0.12529 0.12507 0.12454 0.12366 ( 1)  0.178
 287 -   0.12529 0.12529 0.12529 0.12528 0.12523 0.12506 0.12463 0.12393 ( 1)  0.178
 288 -   0.12513 0.12513 0.12513 0.12512 0.12510 0.12503 0.12484 0.12454 ( 1)  0.179
 289 -   0.12550 0.12550 0.12550 0.12548 0.12540 0.12510 0.12436 0.12316 ( 1)  0.177
 290 -   0.12553 0.12553 0.12553 0.12551 0.12542 0.12511 0.12433 0.12306 ( 1)  0.177
 291 -   0.12541 0.12541 0.12541 0.12539 0.12532 0.12508 0.12448 0.12349 ( 1)  0.178
 292 -   0.12553 0.12553 0.12553 0.12551 0.12542 0.12511 0.12433 0.12306 ( 1)  0.177
 293 -   0.12541 0.12541 0.12541 0.12539 0.12532 0.12508 0.12448 0.12349 ( 1)  0.178
 294 -   0.12544 0.12544 0.12544 0.12542 0.12535 0.12509 0.12444 0.12338 ( 1)  0.178
 295 -   0.12541 0.12541 0.12541 0.12540 0.12533 0.12508 0.12447 0.12348 ( 1)  0.178
 296 -   0.12555 0.12555 0.12555 0.12553 0.12543 0.12511 0.12430 0.12298 ( 1)  0.177
 297 -   0.12562 0.12562 0.12562 0.12560 0.12549 0.12512 0.12421 0.12272 ( 1)  0.177
 298 -   0.12532 0.12532 0.12532 0.12531 0.12525 0.12506 0.12459 0.12382 ( 1)  0.178
 299 -   0.12517 0.12517 0.12517 0.12516 0.12513 0.12503 0.12479 0.12438 ( 1)  0.179
 300 -   0.12519 0.12519 0.12519 0.12518 0.12515 0.12504 0.12476 0.12429 ( 1)  0.178
 301 -   0.12513 0.12513 0.12513 0.12513 0.12510 0.12503 0.12484 0.12452 ( 1)  0.179
 302 -   0.12553 0.12553 0.12553 0.12551 0.12542 0.12511 0.12432 0.12304 ( 1)  0.177
 303 -   0.12551 0.12551 0.12551 0.12549 0.12540 0.12510 0.12435 0.12312 ( 1)  0.177
 304 -   0.12552 0.12552 0.12552 0.12550 0.12541 0.12510 0.12434 0.12309 ( 1)  0.177
 305 -   0.12511 0.12511 0.12511 0.12511 0.12509 0.12502 0.12485 0.12458 ( 1)  0.179
 306 -   0.12513 0.12513 0.12513 0.12512 0.12510 0.12503 0.12484 0.12453 ( 1)  0.179
 307 -   0.12513 0.12513 0.12513 0.12512 0.12510 0.12503 0.12484 0.12454 ( 1)  0.179
 308 -   0.12513 0.12513 0.12513 0.12513 0.12510 0.12503 0.12483 0.12451 ( 1)  0.179
 309 -   0.12552 0.12552 0.12552 0.12550 0.12541 0.12510 0.12434 0.12309 ( 1)  0.177
 310 -   0.12541 0.12541 0.12541 0.12540 0.12533 0.12508 0.12447 0.12348 ( 1)  0.178
 311 I   0.18350 0.18348 0.18288 0.17742 0.15239 0.09083 0.02581 0.00367 ( 1)  0.033
 312 L   0.16790 0.16789 0.16757 0.16462 0.15061 0.11127 0.05325 0.01688 ( 1)  0.058
 313 Q   0.17537 0.17536 0.17492 0.17096 0.15236 0.10289 0.03941 0.00873 ( 1)  0.045
 314 L   0.17340 0.17339 0.17298 0.16929 0.15192 0.10513 0.04305 0.01084 ( 1)  0.048
 315 L   0.16790 0.16789 0.16757 0.16462 0.15061 0.11127 0.05325 0.01688 ( 1)  0.058
 316 K   0.00000 0.00003 0.00114 0.01121 0.05901 0.19068 0.35909 0.37883 ( 8)  0.493
 317 G   0.18189 0.18187 0.18131 0.17615 0.15244 0.09329 0.02846 0.00460 ( 1)  0.036
 318 K   0.18374 0.18372 0.18311 0.17761 0.15240 0.09049 0.02543 0.00351 ( 1)  0.033
 319 L   0.16790 0.16789 0.16757 0.16462 0.15061 0.11127 0.05325 0.01688 ( 1)  0.058
 320 V   0.18114 0.18112 0.18056 0.17552 0.15229 0.09420 0.02985 0.00533 ( 1)  0.037
 321 V   0.18114 0.18112 0.18056 0.17552 0.15229 0.09420 0.02985 0.00533 ( 1)  0.037
 322 G   0.15587 0.15586 0.15568 0.15397 0.14570 0.12067 0.07595 0.03631 ( 1)  0.085
 323 H   0.15862 0.15861 0.15840 0.15646 0.14709 0.11909 0.07084 0.03089 ( 1)  0.078
 324 D   0.18421 0.18419 0.18357 0.17793 0.15216 0.08949 0.02489 0.00356 ( 1)  0.033
 325 L   0.16790 0.16789 0.16757 0.16462 0.15061 0.11127 0.05325 0.01688 ( 1)  0.058
 326 K   0.18374 0.18372 0.18311 0.17761 0.15240 0.09049 0.02543 0.00351 ( 1)  0.033
 327 H   0.17746 0.17744 0.17697 0.17264 0.15250 0.09998 0.03578 0.00723 ( 1)  0.042
 328 D   0.18552 0.18550 0.18485 0.17893 0.15199 0.08733 0.02291 0.00297 ( 1)  0.031
 329 F   0.17632 0.17631 0.17586 0.17179 0.15269 0.10199 0.03755 0.00748 ( 1)  0.043
 330 R   0.00000 0.00000 0.00000 0.00000 0.00001 0.00251 0.11644 0.88103 ( 8)  0.788
 331 A   0.17514 0.17513 0.17469 0.17073 0.15217 0.10292 0.03993 0.00930 ( 1)  0.046
 332 L   0.16790 0.16789 0.16757 0.16462 0.15061 0.11127 0.05325 0.01688 ( 1)  0.058
 333 K   0.15933 0.15932 0.15910 0.15709 0.14737 0.11852 0.06949 0.02977 ( 1)  0.077
 334 E   0.18551 0.18549 0.18484 0.17891 0.15196 0.08732 0.02296 0.00301 ( 1)  0.031
 335 D   0.00000 0.00012 0.00393 0.03792 0.17847 0.39526 0.30175 0.08255 ( 6)  0.255
 336 M   0.18743 0.18741 0.18671 0.18037 0.15167 0.08411 0.02009 0.00221 ( 1)  0.029
 337 S   0.00000 0.00000 0.00000 0.00012 0.00384 0.05669 0.33668 0.60266 ( 8)  0.651
 338 G   0.00000 0.00000 0.00001 0.00078 0.02066 0.18547 0.46591 0.32717 ( 7)  0.491
 339 Y   0.17162 0.17161 0.17124 0.16786 0.15189 0.10785 0.04619 0.01173 ( 1)  0.051
 340 A   0.00000 0.00000 0.00001 0.00050 0.01364 0.13460 0.42497 0.42629 ( 8)  0.550
 341 I   0.18350 0.18348 0.18288 0.17742 0.15239 0.09083 0.02581 0.00367 ( 1)  0.033
 342 Y   0.15849 0.15848 0.15827 0.15634 0.14700 0.11912 0.07107 0.03122 ( 1)  0.079
 343 D   0.18552 0.18550 0.18485 0.17893 0.15199 0.08733 0.02291 0.00297 ( 1)  0.031
 344 T   0.17804 0.17803 0.17755 0.17316 0.15273 0.09945 0.03462 0.00643 ( 1)  0.041
 345 S   0.16589 0.16588 0.16560 0.16295 0.15028 0.11385 0.05706 0.01848 ( 1)  0.062
 346 T   0.00000 0.00000 0.00000 0.00000 0.00043 0.01961 0.24923 0.73072 ( 8)  0.718
 347 D   0.18539 0.18537 0.18472 0.17883 0.15201 0.08756 0.02311 0.00303 ( 1)  0.031
 348 M   0.00000 0.00000 0.00001 0.00084 0.02205 0.19548 0.47329 0.30833 ( 7)  0.480
 349 V   0.00000 0.00006 0.00201 0.01965 0.09902 0.27657 0.36860 0.23408 ( 7)  0.389
 350 L   0.16693 0.16692 0.16661 0.16378 0.15029 0.11218 0.05508 0.01822 ( 1)  0.060
 351 R   0.00000 0.00006 0.00181 0.01772 0.09034 0.26159 0.37496 0.25353 ( 7)  0.406
 352 R   0.00000 0.00006 0.00191 0.01869 0.09405 0.26264 0.36089 0.26175 ( 7)  0.407
 353 E   0.18551 0.18549 0.18484 0.17891 0.15196 0.08732 0.02296 0.00301 ( 1)  0.031
 354 A   0.18102 0.18100 0.18046 0.17551 0.15266 0.09489 0.02968 0.00478 ( 1)  0.037
 355 K   0.18185 0.18184 0.18127 0.17614 0.15253 0.09347 0.02843 0.00447 ( 1)  0.036
 356 L   0.16490 0.16489 0.16461 0.16202 0.14963 0.11412 0.05893 0.02090 ( 1)  0.064
 357 D   0.00000 0.00012 0.00388 0.03748 0.17655 0.39247 0.30361 0.08590 ( 6)  0.258
 358 H   0.00000 0.00008 0.00264 0.02570 0.12674 0.32820 0.35837 0.15826 ( 7)  0.330
 359 C   0.17026 0.17025 0.16990 0.16672 0.15158 0.10940 0.04874 0.01315 ( 1)  0.053
 360 R   0.00000 0.00006 0.00202 0.01972 0.09943 0.27813 0.37007 0.23058 ( 7)  0.387
 361 R   0.17211 0.17210 0.17172 0.16821 0.15168 0.10670 0.04541 0.01208 ( 1)  0.051
 362 V   0.00000 0.00010 0.00322 0.03116 0.14999 0.35884 0.33242 0.12428 ( 6)  0.296
 363 S   0.16589 0.16588 0.16560 0.16295 0.15028 0.11385 0.05706 0.01848 ( 1)  0.062
 364 L   0.16790 0.16789 0.16757 0.16462 0.15061 0.11127 0.05325 0.01688 ( 1)  0.058
 365 R   0.17211 0.17210 0.17171 0.16816 0.15143 0.10623 0.04550 0.01276 ( 1)  0.051
 366 V   0.17790 0.17788 0.17739 0.17295 0.15231 0.09902 0.03521 0.00734 ( 1)  0.042
 367 L   0.16792 0.16791 0.16759 0.16464 0.15062 0.11125 0.05321 0.01685 ( 1)  0.058
 368 S   0.00000 0.00000 0.00000 0.00039 0.01072 0.11131 0.39762 0.47996 ( 8)  0.581
 369 E   0.00000 0.00010 0.00329 0.03184 0.15296 0.36348 0.32977 0.11857 ( 6)  0.291
 370 R   0.17562 0.17561 0.17516 0.17115 0.15235 0.10249 0.03901 0.00862 ( 1)  0.045
 371 L   0.17340 0.17339 0.17298 0.16929 0.15192 0.10513 0.04305 0.01084 ( 1)  0.048
 372 L   0.16779 0.16778 0.16746 0.16453 0.15058 0.11138 0.05346 0.01703 ( 1)  0.059
 373 H   0.17914 0.17912 0.17862 0.17401 0.15261 0.09762 0.03286 0.00603 ( 1)  0.039
 374 K   0.00000 0.00000 0.00001 0.00085 0.02243 0.19847 0.47655 0.30169 ( 7)  0.476
 375 S   0.00000 0.00000 0.00001 0.00087 0.02289 0.20176 0.47886 0.29561 ( 7)  0.472
 376 I   0.18350 0.18348 0.18288 0.17742 0.15239 0.09083 0.02581 0.00367 ( 1)  0.033
 377 Q   0.17537 0.17536 0.17492 0.17096 0.15236 0.10289 0.03941 0.00873 ( 1)  0.045
 378 N   0.18311 0.18309 0.18250 0.17713 0.15248 0.09153 0.02638 0.00378 ( 1)  0.034
 379 S   0.18194 0.18193 0.18136 0.17624 0.15263 0.09347 0.02816 0.00426 ( 1)  0.035
 380 L   0.00000 0.00000 0.00000 0.00009 0.00271 0.03851 0.26313 0.69556 ( 8)  0.697
 381 H   0.00000 0.00000 0.00000 0.00013 0.00371 0.04703 0.27144 0.67770 ( 8)  0.686
 382 G   0.15311 0.15310 0.15294 0.15144 0.14414 0.12182 0.08084 0.04261 ( 1)  0.092
 383 H   0.17846 0.17844 0.17795 0.17346 0.15258 0.09859 0.03403 0.00650 ( 1)  0.040
 384 S   0.18194 0.18193 0.18136 0.17624 0.15263 0.09347 0.02816 0.00426 ( 1)  0.035
 385 S   0.15918 0.15917 0.15895 0.15698 0.14743 0.11891 0.06983 0.02956 ( 1)  0.077
 386 V   0.18043 0.18041 0.17987 0.17496 0.15229 0.09523 0.03101 0.00579 ( 1)  0.038
 387 E   0.16675 0.16674 0.16643 0.16356 0.14994 0.11179 0.05550 0.01928 ( 1)  0.061
 388 D   0.16340 0.16340 0.16313 0.16071 0.14910 0.11547 0.06179 0.02299 ( 1)  0.068
 389 A   0.18050 0.18048 0.17995 0.17509 0.15263 0.09562 0.03057 0.00515 ( 1)  0.037
 390 R   0.00000 0.00000 0.00000 0.00001 0.00145 0.05051 0.37576 0.57227 ( 8)  0.641
 391 A   0.16250 0.16249 0.16223 0.15983 0.14836 0.11538 0.06342 0.02578 ( 1)  0.071
 392 T   0.17420 0.17419 0.17377 0.16998 0.15217 0.10436 0.04153 0.00980 ( 1)  0.047
 393 M   0.18674 0.18672 0.18603 0.17985 0.15183 0.08532 0.02107 0.00244 ( 1)  0.030
 394 E   0.18481 0.18479 0.18415 0.17838 0.15207 0.08848 0.02400 0.00331 ( 1)  0.032
 395 L   0.16917 0.16916 0.16882 0.16571 0.15099 0.11000 0.05089 0.01527 ( 1)  0.056
 396 Y   0.17180 0.17178 0.17141 0.16801 0.15194 0.10766 0.04586 0.01154 ( 1)  0.051
 397 Q   0.00000 0.00000 0.00000 0.00012 0.00345 0.04475 0.26830 0.68338 ( 8)  0.690
 398 I   0.00000 0.00007 0.00215 0.02104 0.10545 0.28917 0.36786 0.21426 ( 7)  0.374
 399 S   0.16528 0.16527 0.16499 0.16242 0.15006 0.11439 0.05823 0.01935 ( 1)  0.063
 400 Q   0.00000 0.00007 0.00228 0.02228 0.11113 0.29958 0.36496 0.19971 ( 7)  0.363
 401 R   0.14834 0.14833 0.14821 0.14705 0.14141 0.12375 0.08937 0.05354 ( 1)  0.105
 402 I   0.18100 0.18098 0.18044 0.17547 0.15253 0.09474 0.02984 0.00501 ( 1)  0.037
 403 R   0.15235 0.15235 0.15219 0.15071 0.14353 0.12170 0.08205 0.04514 ( 1)  0.095
 404 A   0.00000 0.00000 0.00000 0.00000 0.00000 0.00143 0.10383 0.89475 ( 8)  0.794
 405 R   0.17494 0.17493 0.17450 0.17059 0.15225 0.10335 0.04022 0.00922 ( 1)  0.046
 406 R   0.00000 0.00002 0.00068 0.00672 0.03642 0.13021 0.31635 0.50960 ( 8)  0.576
 407 G   0.16916 0.16915 0.16880 0.16561 0.15054 0.10916 0.05102 0.01656 ( 1)  0.057
 408 L   0.15592 0.15591 0.15572 0.15396 0.14544 0.11996 0.07561 0.03747 ( 1)  0.086
 409 P   0.00000 0.00000 0.00000 0.00000 0.00034 0.01536 0.20690 0.77739 ( 8)  0.739
 410 R   0.16231 0.16230 0.16204 0.15968 0.14838 0.11573 0.06377 0.02579 ( 1)  0.071
 411 L   0.15592 0.15591 0.15572 0.15396 0.14544 0.11996 0.07561 0.03747 ( 1)  0.086
 412 A   0.14552 0.14552 0.14541 0.14444 0.13965 0.12452 0.09420 0.06074 ( 1)  0.113
 413 V   0.00000 0.00000 0.00000 0.00022 0.00626 0.07241 0.33437 0.58674 ( 8)  0.639
 414 S   0.00000 0.00002 0.00062 0.00612 0.03334 0.12153 0.30865 0.52973 ( 8)  0.589
 415 D   0.00000 0.00000 0.00000 0.00000 0.00000 0.00110 0.08845 0.91044 ( 8)  0.801
 416 -   0.12500 0.12500 0.12500 0.12500 0.12500 0.12500 0.12500 0.12500 ( 8)  0.179
 417 -   0.12500 0.12500 0.12500 0.12500 0.12500 0.12500 0.12500 0.12500 ( 8)  0.179
 418 -   0.12500 0.12500 0.12500 0.12500 0.12500 0.12500 0.12500 0.12500 ( 8)  0.179
 419 -   0.12500 0.12500 0.12500 0.12500 0.12500 0.12500 0.12500 0.12500 ( 8)  0.179
 420 -   0.12500 0.12500 0.12500 0.12500 0.12500 0.12500 0.12500 0.12500 ( 8)  0.179
 421 -   0.12500 0.12500 0.12500 0.12500 0.12500 0.12500 0.12500 0.12500 ( 8)  0.179
 422 -   0.12830 0.12830 0.12828 0.12817 0.12758 0.12558 0.12071 0.11310 ( 1)  0.168
 423 -   0.12840 0.12839 0.12838 0.12826 0.12765 0.12559 0.12058 0.11274 ( 1)  0.167
 424 -   0.12830 0.12830 0.12828 0.12817 0.12758 0.12558 0.12071 0.11310 ( 1)  0.168
 425 -   0.12909 0.12909 0.12907 0.12892 0.12818 0.12568 0.11963 0.11035 ( 1)  0.165
 426 -   0.12735 0.12735 0.12734 0.12726 0.12684 0.12543 0.12197 0.11647 ( 1)  0.171
 427 -   0.12566 0.12566 0.12566 0.12564 0.12552 0.12513 0.12415 0.12256 ( 1)  0.177
 428 -   0.12631 0.12631 0.12631 0.12626 0.12604 0.12525 0.12332 0.12019 ( 1)  0.174
 429 -   0.12608 0.12608 0.12607 0.12603 0.12585 0.12521 0.12363 0.12106 ( 1)  0.175
 430 -   0.12631 0.12631 0.12630 0.12626 0.12603 0.12525 0.12333 0.12022 ( 1)  0.175
 431 -   0.12608 0.12608 0.12607 0.12604 0.12585 0.12521 0.12362 0.12105 ( 1)  0.175
 432 -   0.12878 0.12878 0.12876 0.12863 0.12795 0.12564 0.12006 0.11141 ( 1)  0.166
 433 -   0.12735 0.12735 0.12734 0.12726 0.12684 0.12543 0.12197 0.11647 ( 1)  0.171
 434 -   0.12813 0.12813 0.12812 0.12801 0.12745 0.12555 0.12092 0.11368 ( 1)  0.168
 435 -   0.12813 0.12813 0.12812 0.12801 0.12745 0.12555 0.12092 0.11368 ( 1)  0.168
 436 -   0.00000 0.00001 0.00049 0.00488 0.02693 0.10214 0.28652 0.57902 ( 8)  0.618
 437 -   0.12898 0.12898 0.12896 0.12882 0.12810 0.12566 0.11978 0.11072 ( 1)  0.165
 438 -   0.12759 0.12759 0.12758 0.12749 0.12703 0.12547 0.12165 0.11561 ( 1)  0.170
 439 -   0.12939 0.12939 0.12937 0.12921 0.12841 0.12572 0.11923 0.10929 ( 1)  0.164
 440 -   0.12813 0.12813 0.12812 0.12801 0.12745 0.12555 0.12092 0.11368 ( 1)  0.168
 441 -   0.12602 0.12602 0.12602 0.12599 0.12581 0.12520 0.12369 0.12124 ( 1)  0.175
 442 -   0.12631 0.12631 0.12630 0.12626 0.12603 0.12525 0.12333 0.12022 ( 1)  0.175
 443 -   0.12627 0.12627 0.12627 0.12622 0.12600 0.12525 0.12338 0.12035 ( 1)  0.175
 444 -   0.12631 0.12631 0.12631 0.12626 0.12604 0.12525 0.12332 0.12019 ( 1)  0.174
 445 -   0.12631 0.12631 0.12631 0.12626 0.12604 0.12525 0.12332 0.12019 ( 1)  0.174
 446 -   0.12608 0.12608 0.12607 0.12603 0.12585 0.12521 0.12363 0.12106 ( 1)  0.175
 447 -   0.12901 0.12901 0.12899 0.12885 0.12812 0.12567 0.11975 0.11061 ( 1)  0.165
 448 -   0.12616 0.12616 0.12615 0.12611 0.12591 0.12523 0.12352 0.12076 ( 1)  0.175
 449 -   0.00000 0.00002 0.00052 0.00513 0.02824 0.10619 0.29150 0.56841 ( 8)  0.612
 450 -   0.12603 0.12603 0.12603 0.12599 0.12582 0.12520 0.12368 0.12121 ( 1)  0.175
 451 -   0.12898 0.12898 0.12896 0.12882 0.12810 0.12566 0.11978 0.11072 ( 1)  0.165


lnL = -3047.879278

