Supplemental results for CODEML (seqf: algn  treef: tree)


dN/dS (w) for site classes (K=8)

p:   0.12500  0.12500  0.12500  0.12500  0.12500  0.12500  0.12500  0.12500
w:   0.00000  0.00000  0.00001  0.00021  0.00335  0.03047  0.18351  0.70508

Naive Empirical Bayes (NEB) probabilities for 8 classes & postmean_w
(amino acids refer to 1st sequence: calJac_SHH_XM_002807047)

   1 M   0.15319 0.15319 0.15318 0.15308 0.15147 0.13825 0.08277 0.01487 ( 1)  0.030
   2 G   0.00000 0.00000 0.00003 0.00112 0.01769 0.14592 0.51000 0.32525 ( 7)  0.327
   3 E   0.00000 0.00000 0.00003 0.00110 0.01739 0.14363 0.50549 0.33236 ( 7)  0.332
   4 M   0.15319 0.15319 0.15318 0.15308 0.15147 0.13825 0.08277 0.01487 ( 1)  0.030
   5 -   0.12500 0.12500 0.12500 0.12500 0.12500 0.12500 0.12500 0.12500 ( 8)  0.115
   6 L   0.14682 0.14682 0.14682 0.14676 0.14574 0.13723 0.09795 0.03186 ( 1)  0.045
   7 L   0.14682 0.14682 0.14682 0.14676 0.14574 0.13723 0.09795 0.03186 ( 1)  0.045
   8 P   0.00000 0.00000 0.00002 0.00068 0.01089 0.09318 0.39966 0.49557 ( 8)  0.426
   9 A   0.15347 0.15347 0.15347 0.15336 0.15170 0.13807 0.08166 0.01479 ( 1)  0.030
  10 R   0.13407 0.13407 0.13407 0.13405 0.13375 0.13118 0.11763 0.08119 ( 1)  0.083
  11 C   0.13160 0.13160 0.13160 0.13159 0.13138 0.12961 0.12007 0.09255 ( 1)  0.092
  12 L   0.14682 0.14682 0.14682 0.14676 0.14574 0.13723 0.09795 0.03186 ( 1)  0.045
  13 L   0.14682 0.14682 0.14682 0.14676 0.14574 0.13723 0.09795 0.03186 ( 1)  0.045
  14 L   0.00000 0.00000 0.00001 0.00045 0.00720 0.06302 0.30744 0.62187 ( 8)  0.497
  15 V   0.15516 0.15516 0.15516 0.15503 0.15316 0.13793 0.07689 0.01151 ( 1)  0.027
  16 V   0.00000 0.00000 0.00002 0.00092 0.01454 0.12190 0.46569 0.39693 ( 7)  0.369
  17 V   0.15500 0.15500 0.15500 0.15488 0.15302 0.13796 0.07736 0.01178 ( 1)  0.027
  18 S   0.15029 0.15029 0.15029 0.15020 0.14889 0.13805 0.09027 0.02171 ( 1)  0.037
  19 -   0.12500 0.12500 0.12500 0.12500 0.12500 0.12500 0.12500 0.12500 ( 8)  0.115
  20 -   0.12500 0.12500 0.12500 0.12500 0.12500 0.12500 0.12500 0.12500 ( 1)  0.115
  21 -   0.12500 0.12500 0.12500 0.12500 0.12500 0.12500 0.12500 0.12500 ( 8)  0.115
  22 -   0.12500 0.12500 0.12500 0.12500 0.12500 0.12500 0.12500 0.12500 ( 1)  0.115
  23 -   0.12500 0.12500 0.12500 0.12500 0.12500 0.12500 0.12500 0.12500 ( 8)  0.115
  24 -   0.12500 0.12500 0.12500 0.12500 0.12500 0.12500 0.12500 0.12500 ( 1)  0.115
  25 -   0.12500 0.12500 0.12500 0.12500 0.12500 0.12500 0.12500 0.12500 ( 8)  0.115
  26 -   0.12500 0.12500 0.12500 0.12500 0.12500 0.12500 0.12500 0.12500 ( 8)  0.115
  27 -   0.12500 0.12500 0.12500 0.12500 0.12500 0.12500 0.12500 0.12500 ( 8)  0.115
  28 S   0.14794 0.14794 0.14794 0.14787 0.14677 0.13758 0.09569 0.02827 ( 1)  0.042
  29 L   0.14682 0.14682 0.14682 0.14676 0.14574 0.13723 0.09795 0.03186 ( 1)  0.045
  30 L   0.14732 0.14732 0.14731 0.14725 0.14619 0.13736 0.09687 0.03039 ( 1)  0.044
  31 V   0.00000 0.00000 0.00002 0.00096 0.01520 0.12694 0.47524 0.38164 ( 7)  0.360
  32 C   0.00000 0.00000 0.00002 0.00081 0.01281 0.10850 0.43789 0.43997 ( 8)  0.394
  33 S   0.00000 0.00000 0.00002 0.00072 0.01146 0.09781 0.41229 0.47770 ( 8)  0.415
  34 G   0.14796 0.14796 0.14796 0.14789 0.14675 0.13734 0.09502 0.02912 ( 1)  0.043
  35 L   0.14682 0.14682 0.14682 0.14676 0.14574 0.13723 0.09795 0.03186 ( 1)  0.045
  36 A   0.15347 0.15347 0.15347 0.15336 0.15170 0.13807 0.08166 0.01479 ( 1)  0.030
  37 C   0.14862 0.14862 0.14862 0.14855 0.14739 0.13774 0.09417 0.02629 ( 1)  0.041
  38 G   0.13603 0.13603 0.13603 0.13601 0.13561 0.13229 0.11515 0.07284 ( 1)  0.077
  39 P   0.14904 0.14904 0.14904 0.14896 0.14775 0.13773 0.09297 0.02546 ( 1)  0.040
  40 G   0.15497 0.15497 0.15497 0.15485 0.15300 0.13797 0.07745 0.01181 ( 1)  0.027
  41 R   0.15029 0.15029 0.15028 0.15020 0.14886 0.13780 0.08971 0.02258 ( 1)  0.037
  42 G   0.15347 0.15347 0.15347 0.15336 0.15170 0.13811 0.08174 0.01469 ( 1)  0.030
  43 F   0.15064 0.15064 0.15064 0.15055 0.14921 0.13811 0.08944 0.02076 ( 1)  0.036
  44 G   0.15074 0.15074 0.15074 0.15065 0.14928 0.13795 0.08879 0.02111 ( 1)  0.036
  45 K   0.15220 0.15220 0.15220 0.15210 0.15059 0.13822 0.08540 0.01709 ( 1)  0.032
  46 R   0.15073 0.15073 0.15072 0.15064 0.14928 0.13810 0.08917 0.02064 ( 1)  0.036
  47 R   0.14890 0.14890 0.14890 0.14882 0.14762 0.13771 0.09333 0.02582 ( 1)  0.040
  48 H   0.15290 0.15290 0.15289 0.15279 0.15120 0.13819 0.08344 0.01569 ( 1)  0.031
  49 P   0.14988 0.14988 0.14988 0.14979 0.14851 0.13791 0.09107 0.02308 ( 1)  0.038
  50 K   0.13520 0.13520 0.13520 0.13517 0.13483 0.13187 0.11639 0.07615 ( 1)  0.080
  51 K   0.15220 0.15220 0.15220 0.15210 0.15059 0.13822 0.08540 0.01709 ( 1)  0.032
  52 L   0.14682 0.14682 0.14682 0.14676 0.14574 0.13723 0.09795 0.03186 ( 1)  0.045
  53 T   0.15345 0.15345 0.15344 0.15334 0.15169 0.13821 0.08201 0.01441 ( 1)  0.030
  54 P   0.13079 0.13079 0.13079 0.13078 0.13060 0.12907 0.12078 0.09641 ( 1)  0.095
  55 L   0.13033 0.13033 0.13033 0.13032 0.13016 0.12877 0.12118 0.09858 ( 1)  0.096
  56 S   0.00000 0.00000 0.00000 0.00000 0.00017 0.01294 0.27405 0.71284 ( 8)  0.553
  57 Y   0.15007 0.15007 0.15007 0.14999 0.14870 0.13802 0.09080 0.02228 ( 1)  0.037
  58 K   0.15220 0.15220 0.15220 0.15210 0.15059 0.13822 0.08540 0.01709 ( 1)  0.032
  59 Q   0.14752 0.14752 0.14752 0.14745 0.14637 0.13743 0.09648 0.02972 ( 1)  0.043
  60 F   0.13419 0.13419 0.13419 0.13417 0.13386 0.13123 0.11740 0.08079 ( 1)  0.083
  61 I   0.15375 0.15375 0.15375 0.15364 0.15196 0.13822 0.08120 0.01374 ( 1)  0.029
  62 P   0.15145 0.15145 0.15144 0.15135 0.14991 0.13810 0.08721 0.01909 ( 1)  0.034
  63 N   0.14463 0.14463 0.14463 0.14457 0.14370 0.13639 0.10195 0.03951 ( 1)  0.051
  64 V   0.15366 0.15366 0.15366 0.15355 0.15186 0.13809 0.08118 0.01433 ( 1)  0.030
  65 A   0.15191 0.15191 0.15191 0.15181 0.15031 0.13800 0.08574 0.01841 ( 1)  0.033
  66 E   0.15491 0.15491 0.15491 0.15479 0.15295 0.13800 0.07766 0.01186 ( 1)  0.027
  67 K   0.15088 0.15088 0.15087 0.15078 0.14941 0.13810 0.08876 0.02032 ( 1)  0.035
  68 T   0.15345 0.15345 0.15344 0.15334 0.15169 0.13821 0.08201 0.01441 ( 1)  0.030
  69 L   0.13393 0.13393 0.13393 0.13391 0.13361 0.13106 0.11763 0.08198 ( 1)  0.084
  70 G   0.14901 0.14901 0.14901 0.14893 0.14774 0.13779 0.09320 0.02530 ( 1)  0.040
  71 A   0.15498 0.15498 0.15497 0.15485 0.15300 0.13793 0.07738 0.01192 ( 1)  0.027
  72 S   0.15343 0.15343 0.15343 0.15332 0.15168 0.13824 0.08209 0.01437 ( 1)  0.030
  73 G   0.13664 0.13664 0.13664 0.13661 0.13620 0.13265 0.11442 0.07020 ( 1)  0.075
  74 R   0.14888 0.14888 0.14888 0.14880 0.14762 0.13777 0.09352 0.02565 ( 1)  0.040
  75 Y   0.13977 0.13977 0.13977 0.13973 0.13916 0.13432 0.11017 0.05732 ( 1)  0.065
  76 E   0.13881 0.13881 0.13881 0.13877 0.13826 0.13391 0.11184 0.06078 ( 1)  0.068
  77 G   0.15196 0.15196 0.15196 0.15186 0.15037 0.13810 0.08581 0.01800 ( 1)  0.033
  78 K   0.15220 0.15220 0.15220 0.15210 0.15059 0.13822 0.08540 0.01709 ( 1)  0.032
  79 I   0.15375 0.15375 0.15375 0.15364 0.15196 0.13822 0.08120 0.01374 ( 1)  0.029
  80 S   0.00000 0.00000 0.00002 0.00080 0.01267 0.10737 0.43542 0.44372 ( 8)  0.396
  81 R   0.13407 0.13407 0.13407 0.13405 0.13375 0.13118 0.11763 0.08119 ( 1)  0.083
  82 N   0.15425 0.15425 0.15425 0.15414 0.15240 0.13818 0.07977 0.01276 ( 1)  0.028
  83 S   0.14972 0.14972 0.14971 0.14963 0.14838 0.13796 0.09164 0.02325 ( 1)  0.038
  84 E   0.15491 0.15491 0.15491 0.15479 0.15295 0.13800 0.07766 0.01186 ( 1)  0.027
  85 R   0.13071 0.13071 0.13071 0.13070 0.13052 0.12902 0.12084 0.09679 ( 1)  0.095
  86 F   0.13214 0.13214 0.13214 0.13212 0.13190 0.12996 0.11957 0.09004 ( 1)  0.090
  87 K   0.15220 0.15220 0.15220 0.15210 0.15059 0.13822 0.08540 0.01709 ( 1)  0.032
  88 E   0.13894 0.13894 0.13894 0.13891 0.13839 0.13398 0.11165 0.06023 ( 1)  0.068
  89 L   0.15143 0.15143 0.15142 0.15133 0.14990 0.13811 0.08728 0.01910 ( 1)  0.034
  90 T   0.15345 0.15345 0.15344 0.15334 0.15169 0.13821 0.08201 0.01441 ( 1)  0.030
  91 P   0.15145 0.15145 0.15144 0.15135 0.14991 0.13810 0.08721 0.01909 ( 1)  0.034
  92 N   0.13645 0.13645 0.13645 0.13642 0.13602 0.13256 0.11475 0.07089 ( 1)  0.076
  93 Y   0.15007 0.15007 0.15007 0.14999 0.14870 0.13802 0.09080 0.02228 ( 1)  0.037
  94 N   0.15425 0.15425 0.15425 0.15414 0.15240 0.13818 0.07977 0.01276 ( 1)  0.028
  95 P   0.15145 0.15145 0.15144 0.15135 0.14991 0.13810 0.08721 0.01909 ( 1)  0.034
  96 D   0.15674 0.15674 0.15673 0.15660 0.15451 0.13764 0.07220 0.00884 ( 1)  0.024
  97 I   0.15315 0.15315 0.15314 0.15304 0.15143 0.13823 0.08285 0.01501 ( 1)  0.031
  98 I   0.13971 0.13971 0.13971 0.13968 0.13912 0.13439 0.11060 0.05708 ( 1)  0.065
  99 F   0.13214 0.13214 0.13214 0.13212 0.13190 0.12996 0.11957 0.09004 ( 1)  0.090
 100 K   0.15220 0.15220 0.15220 0.15210 0.15059 0.13822 0.08540 0.01709 ( 1)  0.032
 101 D   0.14037 0.14037 0.14037 0.14033 0.13973 0.13461 0.10927 0.05493 ( 1)  0.063
 102 E   0.14655 0.14655 0.14654 0.14648 0.14545 0.13694 0.09796 0.03353 ( 1)  0.046
 103 E   0.13881 0.13881 0.13881 0.13877 0.13826 0.13391 0.11184 0.06078 ( 1)  0.068
 104 N   0.15425 0.15425 0.15425 0.15414 0.15240 0.13818 0.07977 0.01276 ( 1)  0.028
 105 T   0.15345 0.15345 0.15344 0.15334 0.15169 0.13821 0.08201 0.01441 ( 1)  0.030
 106 G   0.13344 0.13344 0.13344 0.13342 0.13315 0.13078 0.11824 0.08409 ( 1)  0.085
 107 A   0.15350 0.15350 0.15350 0.15339 0.15172 0.13807 0.08159 0.01473 ( 1)  0.030
 108 D   0.15621 0.15621 0.15621 0.15608 0.15406 0.13775 0.07378 0.00970 ( 1)  0.025
 109 R   0.14968 0.14968 0.14968 0.14959 0.14831 0.13771 0.09114 0.02423 ( 1)  0.039
 110 L   0.14682 0.14682 0.14682 0.14676 0.14574 0.13723 0.09795 0.03186 ( 1)  0.045
 111 M   0.15319 0.15319 0.15318 0.15308 0.15147 0.13825 0.08277 0.01487 ( 1)  0.030
 112 T   0.13144 0.13144 0.13144 0.13143 0.13123 0.12950 0.12020 0.09331 ( 1)  0.092
 113 Q   0.14861 0.14861 0.14861 0.14854 0.14737 0.13771 0.09412 0.02642 ( 1)  0.041
 114 R   0.15077 0.15077 0.15077 0.15068 0.14932 0.13810 0.08906 0.02052 ( 1)  0.036
 115 C   0.13160 0.13160 0.13160 0.13159 0.13138 0.12961 0.12007 0.09255 ( 1)  0.092
 116 K   0.15074 0.15074 0.15073 0.15065 0.14929 0.13808 0.08910 0.02068 ( 1)  0.036
 117 D   0.15674 0.15674 0.15673 0.15660 0.15451 0.13764 0.07220 0.00884 ( 1)  0.024
 118 K   0.15220 0.15220 0.15220 0.15210 0.15059 0.13822 0.08540 0.01709 ( 1)  0.032
 119 L   0.14115 0.14115 0.14115 0.14111 0.14047 0.13508 0.10837 0.05153 ( 1)  0.061
 120 N   0.15425 0.15425 0.15425 0.15414 0.15240 0.13818 0.07977 0.01276 ( 1)  0.028
 121 A   0.13856 0.13856 0.13856 0.13852 0.13802 0.13372 0.11200 0.06206 ( 1)  0.069
 122 L   0.14115 0.14115 0.14115 0.14111 0.14047 0.13508 0.10837 0.05153 ( 1)  0.061
 123 A   0.15498 0.15498 0.15497 0.15485 0.15300 0.13793 0.07738 0.01192 ( 1)  0.027
 124 I   0.15164 0.15164 0.15164 0.15154 0.15009 0.13816 0.08682 0.01847 ( 1)  0.034
 125 S   0.14586 0.14586 0.14586 0.14580 0.14485 0.13694 0.09990 0.03492 ( 1)  0.048
 126 V   0.15366 0.15366 0.15366 0.15355 0.15186 0.13809 0.08118 0.01433 ( 1)  0.030
 127 M   0.15319 0.15319 0.15318 0.15308 0.15147 0.13825 0.08277 0.01487 ( 1)  0.030
 128 N   0.15425 0.15425 0.15425 0.15414 0.15240 0.13818 0.07977 0.01276 ( 1)  0.028
 129 Q   0.14861 0.14861 0.14861 0.14854 0.14737 0.13771 0.09412 0.02642 ( 1)  0.041
 130 W   0.14522 0.14522 0.14522 0.14516 0.14427 0.13678 0.10132 0.03682 ( 1)  0.049
 131 P   0.13241 0.13241 0.13241 0.13239 0.13215 0.13013 0.11929 0.08883 ( 1)  0.089
 132 G   0.13344 0.13344 0.13344 0.13342 0.13315 0.13078 0.11824 0.08409 ( 1)  0.085
 133 V   0.15366 0.15366 0.15366 0.15355 0.15186 0.13809 0.08118 0.01433 ( 1)  0.030
 134 K   0.13756 0.13756 0.13756 0.13753 0.13707 0.13318 0.11334 0.06620 ( 1)  0.072
 135 L   0.14682 0.14682 0.14682 0.14676 0.14574 0.13723 0.09795 0.03186 ( 1)  0.045
 136 R   0.14870 0.14870 0.14870 0.14863 0.14745 0.13770 0.09384 0.02627 ( 1)  0.040
 137 V   0.15352 0.15352 0.15352 0.15341 0.15174 0.13809 0.08157 0.01463 ( 1)  0.030
 138 T   0.15189 0.15189 0.15189 0.15179 0.15031 0.13817 0.08615 0.01791 ( 1)  0.033
 139 E   0.15491 0.15491 0.15491 0.15479 0.15295 0.13800 0.07766 0.01186 ( 1)  0.027
 140 G   0.15498 0.15498 0.15497 0.15485 0.15300 0.13797 0.07745 0.01181 ( 1)  0.027
 141 W   0.14522 0.14522 0.14522 0.14516 0.14427 0.13678 0.10132 0.03682 ( 1)  0.049
 142 D   0.15674 0.15674 0.15673 0.15660 0.15451 0.13764 0.07220 0.00884 ( 1)  0.024
 143 E   0.15348 0.15348 0.15347 0.15337 0.15170 0.13807 0.08166 0.01478 ( 1)  0.030
 144 D   0.14003 0.14003 0.14003 0.13999 0.13940 0.13444 0.10979 0.05628 ( 1)  0.064
 145 G   0.15498 0.15498 0.15497 0.15485 0.15300 0.13797 0.07745 0.01181 ( 1)  0.027
 146 H   0.15290 0.15290 0.15290 0.15279 0.15120 0.13819 0.08344 0.01569 ( 1)  0.031
 147 H   0.15290 0.15290 0.15290 0.15279 0.15120 0.13819 0.08344 0.01569 ( 1)  0.031
 148 S   0.13274 0.13274 0.13274 0.13273 0.13248 0.13033 0.11890 0.08734 ( 1)  0.088
 149 E   0.15491 0.15491 0.15491 0.15479 0.15295 0.13800 0.07766 0.01186 ( 1)  0.027
 150 E   0.15491 0.15491 0.15491 0.15479 0.15295 0.13800 0.07766 0.01186 ( 1)  0.027
 151 S   0.13878 0.13878 0.13878 0.13875 0.13823 0.13384 0.11167 0.06115 ( 1)  0.068
 152 L   0.14682 0.14682 0.14682 0.14676 0.14574 0.13723 0.09795 0.03186 ( 1)  0.045
 153 H   0.15290 0.15290 0.15290 0.15279 0.15120 0.13819 0.08344 0.01569 ( 1)  0.031
 154 Y   0.14373 0.14373 0.14373 0.14368 0.14288 0.13621 0.10408 0.04196 ( 1)  0.053
 155 E   0.15491 0.15491 0.15491 0.15479 0.15295 0.13800 0.07766 0.01186 ( 1)  0.027
 156 G   0.15498 0.15498 0.15497 0.15485 0.15300 0.13797 0.07745 0.01181 ( 1)  0.027
 157 R   0.14979 0.14979 0.14979 0.14971 0.14844 0.13792 0.09134 0.02322 ( 1)  0.038
 158 A   0.13876 0.13876 0.13876 0.13873 0.13819 0.13368 0.11122 0.06189 ( 1)  0.069
 159 V   0.15366 0.15366 0.15366 0.15355 0.15186 0.13809 0.08118 0.01433 ( 1)  0.030
 160 D   0.15674 0.15674 0.15673 0.15660 0.15451 0.13764 0.07220 0.00884 ( 1)  0.024
 161 I   0.15111 0.15111 0.15110 0.15101 0.14962 0.13812 0.08817 0.01976 ( 1)  0.035
 162 T   0.15345 0.15345 0.15344 0.15334 0.15169 0.13821 0.08201 0.01441 ( 1)  0.030
 163 T   0.15053 0.15053 0.15053 0.15044 0.14910 0.13805 0.08962 0.02121 ( 1)  0.036
 164 S   0.14680 0.14680 0.14680 0.14673 0.14572 0.13723 0.09802 0.03190 ( 1)  0.045
 165 D   0.15674 0.15674 0.15673 0.15660 0.15451 0.13764 0.07220 0.00884 ( 1)  0.024
 166 R   0.14962 0.14962 0.14961 0.14953 0.14828 0.13788 0.09174 0.02374 ( 1)  0.038
 167 D   0.15674 0.15674 0.15673 0.15660 0.15451 0.13764 0.07220 0.00884 ( 1)  0.024
 168 R   0.15091 0.15091 0.15090 0.15081 0.14944 0.13808 0.08862 0.02033 ( 1)  0.035
 169 S   0.15343 0.15343 0.15343 0.15332 0.15168 0.13824 0.08209 0.01437 ( 1)  0.030
 170 K   0.15220 0.15220 0.15220 0.15210 0.15059 0.13822 0.08540 0.01709 ( 1)  0.032
 171 Y   0.14859 0.14859 0.14859 0.14852 0.14736 0.13773 0.09422 0.02640 ( 1)  0.041
 172 G   0.15498 0.15498 0.15497 0.15485 0.15300 0.13797 0.07745 0.01181 ( 1)  0.027
 173 M   0.15319 0.15319 0.15318 0.15308 0.15147 0.13825 0.08277 0.01487 ( 1)  0.030
 174 L   0.14682 0.14682 0.14682 0.14676 0.14574 0.13723 0.09795 0.03186 ( 1)  0.045
 175 A   0.15498 0.15498 0.15497 0.15485 0.15300 0.13793 0.07738 0.01192 ( 1)  0.027
 176 R   0.15116 0.15116 0.15116 0.15107 0.14967 0.13810 0.08797 0.01971 ( 1)  0.035
 177 L   0.14682 0.14682 0.14682 0.14676 0.14574 0.13723 0.09795 0.03186 ( 1)  0.045
 178 A   0.15199 0.15199 0.15199 0.15189 0.15039 0.13807 0.08567 0.01800 ( 1)  0.033
 179 V   0.15366 0.15366 0.15366 0.15355 0.15186 0.13809 0.08118 0.01433 ( 1)  0.030
 180 E   0.15491 0.15491 0.15491 0.15479 0.15295 0.13800 0.07766 0.01186 ( 1)  0.027
 181 A   0.15498 0.15498 0.15497 0.15485 0.15300 0.13793 0.07738 0.01192 ( 1)  0.027
 182 G   0.15498 0.15498 0.15497 0.15485 0.15300 0.13797 0.07745 0.01181 ( 1)  0.027
 183 F   0.14924 0.14924 0.14924 0.14916 0.14795 0.13787 0.09275 0.02455 ( 1)  0.039
 184 D   0.15527 0.15527 0.15527 0.15514 0.15326 0.13793 0.07660 0.01126 ( 1)  0.027
 185 W   0.14522 0.14522 0.14522 0.14516 0.14427 0.13678 0.10132 0.03682 ( 1)  0.049
 186 V   0.15380 0.15380 0.15380 0.15368 0.15198 0.13808 0.08080 0.01406 ( 1)  0.029
 187 Y   0.15007 0.15007 0.15007 0.14999 0.14870 0.13802 0.09080 0.02228 ( 1)  0.037
 188 Y   0.15007 0.15007 0.15007 0.14999 0.14870 0.13802 0.09080 0.02228 ( 1)  0.037
 189 E   0.15491 0.15491 0.15491 0.15479 0.15295 0.13800 0.07766 0.01186 ( 1)  0.027
 190 S   0.15029 0.15029 0.15029 0.15020 0.14889 0.13805 0.09027 0.02171 ( 1)  0.037
 191 K   0.14699 0.14699 0.14699 0.14692 0.14590 0.13734 0.09775 0.03112 ( 1)  0.045
 192 A   0.15302 0.15302 0.15301 0.15291 0.15129 0.13807 0.08289 0.01579 ( 1)  0.031
 193 H   0.15099 0.15099 0.15099 0.15090 0.14951 0.13806 0.08835 0.02019 ( 1)  0.035
 194 I   0.15375 0.15375 0.15375 0.15364 0.15196 0.13822 0.08120 0.01374 ( 1)  0.029
 195 H   0.15290 0.15290 0.15290 0.15279 0.15120 0.13819 0.08344 0.01569 ( 1)  0.031
 196 C   0.15002 0.15002 0.15002 0.14994 0.14865 0.13803 0.09095 0.02237 ( 1)  0.037
 197 S   0.14603 0.14603 0.14603 0.14596 0.14501 0.13699 0.09958 0.03438 ( 1)  0.047
 198 V   0.15366 0.15366 0.15366 0.15355 0.15186 0.13809 0.08118 0.01433 ( 1)  0.030
 199 K   0.13520 0.13520 0.13520 0.13517 0.13483 0.13187 0.11639 0.07615 ( 1)  0.080
 200 A   0.13376 0.13376 0.13376 0.13374 0.13345 0.13098 0.11790 0.08265 ( 1)  0.084
 201 E   0.15491 0.15491 0.15491 0.15479 0.15295 0.13800 0.07766 0.01186 ( 1)  0.027
 202 N   0.15425 0.15425 0.15425 0.15414 0.15240 0.13818 0.07977 0.01276 ( 1)  0.028
 203 S   0.14794 0.14794 0.14794 0.14787 0.14677 0.13758 0.09569 0.02827 ( 1)  0.042
 204 V   0.15366 0.15366 0.15366 0.15355 0.15186 0.13809 0.08118 0.01433 ( 1)  0.030
 205 A   0.15347 0.15347 0.15347 0.15336 0.15170 0.13807 0.08166 0.01479 ( 1)  0.030
 206 A   0.15498 0.15498 0.15497 0.15485 0.15300 0.13793 0.07738 0.01192 ( 1)  0.027
 207 K   0.13711 0.13711 0.13711 0.13708 0.13665 0.13295 0.11396 0.06803 ( 1)  0.073
 208 S   0.14895 0.14895 0.14895 0.14887 0.14768 0.13781 0.09341 0.02539 ( 1)  0.040
 209 G   0.15234 0.15234 0.15234 0.15224 0.15069 0.13802 0.08460 0.01743 ( 1)  0.033
 210 G   0.15498 0.15498 0.15497 0.15485 0.15300 0.13797 0.07745 0.01181 ( 1)  0.027
 211 C   0.15002 0.15002 0.15002 0.14994 0.14865 0.13803 0.09095 0.02237 ( 1)  0.037
 212 F   0.15064 0.15064 0.15064 0.15055 0.14921 0.13811 0.08944 0.02076 ( 1)  0.036
 213 P   0.14796 0.14796 0.14796 0.14789 0.14677 0.13748 0.09539 0.02859 ( 1)  0.042
 214 G   0.15498 0.15498 0.15497 0.15485 0.15300 0.13797 0.07745 0.01181 ( 1)  0.027
 215 S   0.14794 0.14794 0.14794 0.14787 0.14677 0.13758 0.09569 0.02827 ( 1)  0.042
 216 A   0.15498 0.15498 0.15497 0.15485 0.15300 0.13793 0.07738 0.01192 ( 1)  0.027
 217 T   0.15060 0.15060 0.15060 0.15051 0.14916 0.13804 0.08937 0.02111 ( 1)  0.036
 218 V   0.15360 0.15360 0.15360 0.15349 0.15181 0.13809 0.08135 0.01446 ( 1)  0.030
 219 H   0.15147 0.15147 0.15147 0.15137 0.14994 0.13811 0.08717 0.01900 ( 1)  0.034
 220 L   0.14682 0.14682 0.14682 0.14676 0.14574 0.13723 0.09795 0.03186 ( 1)  0.045
 221 E   0.15491 0.15491 0.15491 0.15479 0.15295 0.13800 0.07766 0.01186 ( 1)  0.027
 222 Q   0.14861 0.14861 0.14861 0.14854 0.14737 0.13771 0.09412 0.02642 ( 1)  0.041
 223 G   0.15498 0.15498 0.15497 0.15485 0.15300 0.13797 0.07745 0.01181 ( 1)  0.027
 224 G   0.15498 0.15498 0.15497 0.15485 0.15300 0.13797 0.07745 0.01181 ( 1)  0.027
 225 T   0.15345 0.15345 0.15344 0.15334 0.15169 0.13821 0.08201 0.01441 ( 1)  0.030
 226 K   0.15220 0.15220 0.15220 0.15210 0.15059 0.13822 0.08540 0.01709 ( 1)  0.032
 227 L   0.14682 0.14682 0.14682 0.14676 0.14574 0.13723 0.09795 0.03186 ( 1)  0.045
 228 V   0.15153 0.15153 0.15153 0.15143 0.14998 0.13801 0.08677 0.01922 ( 1)  0.034
 229 K   0.15220 0.15220 0.15220 0.15210 0.15059 0.13822 0.08540 0.01709 ( 1)  0.032
 230 D   0.15674 0.15674 0.15673 0.15660 0.15451 0.13764 0.07220 0.00884 ( 1)  0.024
 231 L   0.14778 0.14778 0.14778 0.14771 0.14661 0.13750 0.09591 0.02892 ( 1)  0.043
 232 R   0.00000 0.00000 0.00002 0.00081 0.01289 0.10904 0.43804 0.43920 ( 8)  0.393
 233 P   0.15145 0.15145 0.15144 0.15135 0.14992 0.13810 0.08721 0.01909 ( 1)  0.034
 234 G   0.15288 0.15288 0.15287 0.15277 0.15118 0.13811 0.08335 0.01597 ( 1)  0.031
 235 D   0.15527 0.15527 0.15527 0.15514 0.15326 0.13793 0.07660 0.01126 ( 1)  0.027
 236 R   0.15116 0.15116 0.15116 0.15107 0.14967 0.13810 0.08797 0.01971 ( 1)  0.035
 237 V   0.15366 0.15366 0.15366 0.15355 0.15186 0.13809 0.08118 0.01433 ( 1)  0.030
 238 L   0.14682 0.14682 0.14682 0.14676 0.14574 0.13723 0.09795 0.03186 ( 1)  0.045
 239 A   0.14988 0.14988 0.14987 0.14979 0.14850 0.13783 0.09093 0.02332 ( 1)  0.038
 240 A   0.15347 0.15347 0.15347 0.15336 0.15170 0.13807 0.08166 0.01479 ( 1)  0.030
 241 D   0.15674 0.15674 0.15673 0.15660 0.15451 0.13764 0.07220 0.00884 ( 1)  0.024
 242 D   0.00000 0.00000 0.00000 0.00000 0.00021 0.01542 0.31181 0.67257 ( 8)  0.532
 243 Q   0.14861 0.14861 0.14861 0.14854 0.14737 0.13771 0.09412 0.02642 ( 1)  0.041
 244 G   0.15439 0.15439 0.15439 0.15428 0.15250 0.13806 0.07916 0.01282 ( 1)  0.028
 245 R   0.00000 0.00000 0.00002 0.00074 0.01175 0.10010 0.41750 0.46988 ( 8)  0.411
 246 L   0.14491 0.14491 0.14491 0.14485 0.14397 0.13659 0.10169 0.03818 ( 1)  0.050
 247 L   0.15098 0.15098 0.15097 0.15088 0.14950 0.13807 0.08843 0.02018 ( 1)  0.035
 248 Y   0.15007 0.15007 0.15007 0.14999 0.14870 0.13802 0.09080 0.02228 ( 1)  0.037
 249 S   0.15343 0.15343 0.15343 0.15332 0.15168 0.13824 0.08209 0.01437 ( 1)  0.030
 250 D   0.15674 0.15674 0.15673 0.15660 0.15451 0.13764 0.07220 0.00884 ( 1)  0.024
 251 F   0.15064 0.15064 0.15064 0.15055 0.14921 0.13811 0.08944 0.02076 ( 1)  0.036
 252 L   0.15143 0.15143 0.15142 0.15133 0.14990 0.13811 0.08728 0.01909 ( 1)  0.034
 253 T   0.14197 0.14197 0.14197 0.14192 0.14122 0.13529 0.10655 0.04911 ( 1)  0.059
 254 F   0.15064 0.15064 0.15064 0.15055 0.14921 0.13811 0.08944 0.02076 ( 1)  0.036
 255 L   0.14682 0.14682 0.14682 0.14676 0.14574 0.13723 0.09795 0.03186 ( 1)  0.045
 256 D   0.15527 0.15527 0.15527 0.15514 0.15326 0.13793 0.07660 0.01126 ( 1)  0.027
 257 R   0.15116 0.15116 0.15116 0.15107 0.14967 0.13810 0.08797 0.01971 ( 1)  0.035
 258 D   0.15674 0.15674 0.15673 0.15660 0.15451 0.13764 0.07220 0.00884 ( 1)  0.024
 259 D   0.15674 0.15674 0.15673 0.15660 0.15451 0.13764 0.07220 0.00884 ( 1)  0.024
 260 G   0.00000 0.00000 0.00000 0.00000 0.00017 0.01298 0.27673 0.71011 ( 8)  0.552
 261 A   0.15498 0.15498 0.15497 0.15485 0.15300 0.13793 0.07738 0.01192 ( 1)  0.027
 262 K   0.15220 0.15220 0.15220 0.15210 0.15059 0.13822 0.08540 0.01709 ( 1)  0.032
 263 K   0.15220 0.15220 0.15220 0.15210 0.15059 0.13822 0.08540 0.01709 ( 1)  0.032
 264 V   0.15517 0.15517 0.15517 0.15504 0.15317 0.13793 0.07686 0.01150 ( 1)  0.027
 265 F   0.15064 0.15064 0.15064 0.15055 0.14921 0.13811 0.08944 0.02076 ( 1)  0.036
 266 Y   0.14961 0.14961 0.14960 0.14952 0.14828 0.13794 0.09191 0.02354 ( 1)  0.038
 267 V   0.15366 0.15366 0.15366 0.15355 0.15186 0.13809 0.08118 0.01433 ( 1)  0.030
 268 I   0.15375 0.15375 0.15375 0.15364 0.15196 0.13822 0.08120 0.01374 ( 1)  0.029
 269 E   0.15491 0.15491 0.15491 0.15479 0.15295 0.13800 0.07766 0.01186 ( 1)  0.027
 270 T   0.15197 0.15197 0.15197 0.15187 0.15039 0.13820 0.08599 0.01764 ( 1)  0.033
 271 R   0.14891 0.14891 0.14890 0.14883 0.14763 0.13775 0.09338 0.02570 ( 1)  0.040
 272 E   0.15491 0.15491 0.15491 0.15479 0.15295 0.13800 0.07766 0.01186 ( 1)  0.027
 273 P   0.14998 0.14998 0.14998 0.14989 0.14860 0.13794 0.09086 0.02278 ( 1)  0.037
 274 R   0.15091 0.15091 0.15090 0.15081 0.14944 0.13808 0.08862 0.02033 ( 1)  0.035
 275 E   0.15491 0.15491 0.15491 0.15479 0.15295 0.13800 0.07766 0.01186 ( 1)  0.027
 276 R   0.15116 0.15116 0.15116 0.15107 0.14967 0.13810 0.08797 0.01971 ( 1)  0.035
 277 L   0.14682 0.14682 0.14682 0.14676 0.14574 0.13723 0.09795 0.03186 ( 1)  0.045
 278 L   0.14682 0.14682 0.14682 0.14676 0.14574 0.13723 0.09795 0.03186 ( 1)  0.045
 279 L   0.15143 0.15143 0.15142 0.15133 0.14990 0.13811 0.08728 0.01909 ( 1)  0.034
 280 T   0.15330 0.15330 0.15330 0.15319 0.15156 0.13821 0.08240 0.01475 ( 1)  0.030
 281 A   0.15498 0.15498 0.15497 0.15485 0.15300 0.13793 0.07738 0.01192 ( 1)  0.027
 282 A   0.15347 0.15347 0.15347 0.15336 0.15170 0.13807 0.08166 0.01479 ( 1)  0.030
 283 H   0.15284 0.15284 0.15284 0.15273 0.15115 0.13819 0.08360 0.01582 ( 1)  0.031
 284 L   0.14682 0.14682 0.14682 0.14676 0.14574 0.13723 0.09795 0.03186 ( 1)  0.045
 285 L   0.15137 0.15137 0.15137 0.15127 0.14985 0.13811 0.08743 0.01924 ( 1)  0.034
 286 F   0.14946 0.14946 0.14946 0.14938 0.14815 0.13792 0.09224 0.02392 ( 1)  0.039
 287 V   0.15366 0.15366 0.15366 0.15355 0.15186 0.13809 0.08118 0.01433 ( 1)  0.030
 288 A   0.15347 0.15347 0.15347 0.15336 0.15170 0.13807 0.08166 0.01479 ( 1)  0.030
 289 P   0.14975 0.14975 0.14974 0.14966 0.14839 0.13790 0.09141 0.02341 ( 1)  0.038
 290 H   0.00000 0.00000 0.00002 0.00094 0.01489 0.12457 0.47034 0.38924 ( 7)  0.365
 291 N   0.15163 0.15163 0.15163 0.15154 0.15009 0.13816 0.08682 0.01851 ( 1)  0.034
 292 D   0.15674 0.15674 0.15673 0.15660 0.15451 0.13764 0.07220 0.00884 ( 1)  0.024
 293 S   0.14595 0.14595 0.14595 0.14589 0.14494 0.13699 0.09981 0.03453 ( 1)  0.047
 294 A   0.15498 0.15498 0.15497 0.15485 0.15300 0.13793 0.07738 0.01192 ( 1)  0.027
 295 A   0.00000 0.00000 0.00000 0.00000 0.00015 0.01111 0.24661 0.74214 ( 8)  0.569
 296 G   0.00000 0.00000 0.00000 0.00000 0.00000 0.00026 0.04209 0.95765 ( 8)  0.683
 297 E   0.00000 0.00000 0.00002 0.00092 0.01456 0.12191 0.46370 0.39890 ( 7)  0.370
 298 S   0.00000 0.00000 0.00002 0.00073 0.01156 0.09850 0.41217 0.47702 ( 8)  0.415
 299 E   0.15137 0.15137 0.15137 0.15128 0.14984 0.13800 0.08720 0.01956 ( 1)  0.035
 300 S   0.00000 0.00000 0.00002 0.00074 0.01169 0.09937 0.41200 0.47619 ( 8)  0.414
 301 S   0.00000 0.00000 0.00000 0.00000 0.00008 0.00658 0.17074 0.82260 ( 8)  0.612
 302 S   0.13361 0.13361 0.13361 0.13359 0.13331 0.13085 0.11791 0.08349 ( 1)  0.085
 303 G   0.15144 0.15144 0.15144 0.15135 0.14990 0.13798 0.08698 0.01946 ( 1)  0.034
 304 V   0.00000 0.00000 0.00000 0.00000 0.00009 0.00733 0.18282 0.80975 ( 8)  0.605
 305 G   0.15344 0.15344 0.15344 0.15333 0.15167 0.13811 0.08182 0.01476 ( 1)  0.030
 306 P   0.00000 0.00000 0.00001 0.00055 0.00876 0.07604 0.35327 0.56138 ( 8)  0.463
 307 P   0.14033 0.14033 0.14032 0.14028 0.13968 0.13455 0.10921 0.05530 ( 1)  0.064
 308 P   0.00000 0.00000 0.00000 0.00000 0.00010 0.00761 0.18899 0.80331 ( 8)  0.601
 309 G   0.00000 0.00000 0.00003 0.00104 0.01652 0.13699 0.49296 0.35246 ( 7)  0.343
 310 D   0.00000 0.00000 0.00003 0.00118 0.01870 0.15336 0.51893 0.30779 ( 7)  0.317
 311 A   0.14790 0.14790 0.14789 0.14782 0.14669 0.13729 0.09506 0.02945 ( 1)  0.043
 312 L   0.00000 0.00000 0.00000 0.00000 0.00005 0.00379 0.11810 0.87806 ( 8)  0.641
 313 G   0.15347 0.15347 0.15347 0.15336 0.15170 0.13811 0.08174 0.01469 ( 1)  0.030
 314 R   0.00000 0.00000 0.00000 0.00000 0.00007 0.00523 0.14312 0.85158 ( 8)  0.627
 315 R   0.14852 0.14852 0.14852 0.14845 0.14729 0.13766 0.09424 0.02679 ( 1)  0.041
 316 A   0.15347 0.15347 0.15347 0.15336 0.15170 0.13807 0.08166 0.01479 ( 1)  0.030
 317 L   0.14820 0.14820 0.14820 0.14812 0.14699 0.13756 0.09489 0.02783 ( 1)  0.042
 318 F   0.14868 0.14868 0.14868 0.14860 0.14743 0.13775 0.09403 0.02617 ( 1)  0.040
 319 A   0.15333 0.15333 0.15333 0.15322 0.15157 0.13806 0.08204 0.01511 ( 1)  0.030
 320 S   0.15343 0.15343 0.15343 0.15332 0.15168 0.13824 0.08209 0.01437 ( 1)  0.030
 321 R   0.15116 0.15116 0.15116 0.15107 0.14967 0.13810 0.08797 0.01971 ( 1)  0.035
 322 V   0.15368 0.15368 0.15368 0.15357 0.15188 0.13809 0.08113 0.01429 ( 1)  0.030
 323 R   0.15116 0.15116 0.15116 0.15107 0.14967 0.13810 0.08797 0.01971 ( 1)  0.035
 324 P   0.14998 0.14998 0.14998 0.14989 0.14860 0.13794 0.09086 0.02278 ( 1)  0.037
 325 G   0.15365 0.15365 0.15364 0.15353 0.15185 0.13810 0.08127 0.01431 ( 1)  0.030
 326 Q   0.14861 0.14861 0.14861 0.14854 0.14737 0.13771 0.09412 0.02642 ( 1)  0.041
 327 R   0.14962 0.14962 0.14961 0.14953 0.14828 0.13788 0.09174 0.02374 ( 1)  0.038
 328 V   0.15307 0.15307 0.15307 0.15297 0.15135 0.13810 0.08279 0.01558 ( 1)  0.031
 329 Y   0.14793 0.14793 0.14793 0.14785 0.14675 0.13757 0.09568 0.02837 ( 1)  0.042
 330 V   0.15366 0.15366 0.15366 0.15355 0.15186 0.13809 0.08118 0.01433 ( 1)  0.030
 331 V   0.15366 0.15366 0.15366 0.15355 0.15186 0.13809 0.08118 0.01433 ( 1)  0.030
 332 A   0.15498 0.15498 0.15497 0.15485 0.15300 0.13793 0.07738 0.01192 ( 1)  0.027
 333 E   0.15491 0.15491 0.15491 0.15479 0.15295 0.13800 0.07766 0.01186 ( 1)  0.027
 334 R   0.15069 0.15069 0.15069 0.15060 0.14924 0.13804 0.08914 0.02092 ( 1)  0.036
 335 D   0.00000 0.00000 0.00000 0.00000 0.00016 0.01198 0.26101 0.72685 ( 8)  0.561
 336 G   0.15347 0.15347 0.15347 0.15336 0.15170 0.13811 0.08174 0.01469 ( 1)  0.030
 337 D   0.15674 0.15674 0.15673 0.15660 0.15451 0.13764 0.07220 0.00884 ( 1)  0.024
 338 R   0.15116 0.15116 0.15116 0.15107 0.14967 0.13810 0.08797 0.01971 ( 1)  0.035
 339 R   0.00000 0.00000 0.00002 0.00077 0.01217 0.10335 0.42465 0.45904 ( 8)  0.405
 340 L   0.14977 0.14977 0.14976 0.14968 0.14841 0.13792 0.09142 0.02326 ( 1)  0.038
 341 L   0.14682 0.14682 0.14682 0.14676 0.14574 0.13723 0.09795 0.03186 ( 1)  0.045
 342 P   0.15018 0.15018 0.15018 0.15010 0.14879 0.13797 0.09037 0.02223 ( 1)  0.037
 343 A   0.15493 0.15493 0.15493 0.15481 0.15296 0.13793 0.07750 0.01200 ( 1)  0.027
 344 A   0.00000 0.00000 0.00001 0.00048 0.00763 0.06664 0.32112 0.60412 ( 8)  0.487
 345 V   0.15148 0.15148 0.15148 0.15139 0.14994 0.13800 0.08689 0.01934 ( 1)  0.034
 346 H   0.15285 0.15285 0.15285 0.15275 0.15117 0.13819 0.08355 0.01578 ( 1)  0.031
 347 S   0.15339 0.15339 0.15339 0.15328 0.15164 0.13824 0.08221 0.01446 ( 1)  0.030
 348 V   0.15362 0.15362 0.15362 0.15351 0.15183 0.13809 0.08130 0.01442 ( 1)  0.030
 349 T   0.15252 0.15252 0.15252 0.15242 0.15088 0.13822 0.08453 0.01639 ( 1)  0.032
 350 L   0.14218 0.14218 0.14218 0.14213 0.14143 0.13545 0.10641 0.04803 ( 1)  0.058
 351 L   0.00000 0.00000 0.00000 0.00000 0.00012 0.00908 0.21523 0.77557 ( 8)  0.587
 352 E   0.15487 0.15487 0.15487 0.15475 0.15291 0.13800 0.07779 0.01194 ( 1)  0.027
 353 E   0.15487 0.15487 0.15487 0.15475 0.15291 0.13800 0.07779 0.01194 ( 1)  0.027
 354 A   0.15493 0.15493 0.15493 0.15481 0.15296 0.13793 0.07750 0.01200 ( 1)  0.027
 355 T   0.00000 0.00000 0.00000 0.00000 0.00012 0.00930 0.21826 0.77232 ( 8)  0.585
 356 G   0.15484 0.15484 0.15484 0.15472 0.15289 0.13798 0.07783 0.01206 ( 1)  0.028
 357 A   0.15435 0.15435 0.15434 0.15423 0.15246 0.13803 0.07924 0.01301 ( 1)  0.028
 358 Y   0.15003 0.15003 0.15003 0.14995 0.14866 0.13801 0.09090 0.02239 ( 1)  0.037
 359 A   0.15343 0.15343 0.15343 0.15332 0.15166 0.13807 0.08178 0.01488 ( 1)  0.030
 360 P   0.14994 0.14994 0.14993 0.14985 0.14856 0.13793 0.09096 0.02289 ( 1)  0.038
 361 L   0.15138 0.15138 0.15138 0.15129 0.14986 0.13811 0.08739 0.01920 ( 1)  0.034
 362 T   0.15191 0.15191 0.15191 0.15181 0.15033 0.13820 0.08615 0.01779 ( 1)  0.033
 363 V   0.00000 0.00000 0.00003 0.00118 0.01862 0.15274 0.51795 0.30948 ( 7)  0.318
 364 Q   0.14857 0.14857 0.14857 0.14850 0.14734 0.13770 0.09421 0.02654 ( 1)  0.041
 365 G   0.15493 0.15493 0.15493 0.15481 0.15297 0.13797 0.07757 0.01189 ( 1)  0.027
 366 T   0.15340 0.15340 0.15340 0.15329 0.15165 0.13821 0.08213 0.01451 ( 1)  0.030
 367 S   0.00000 0.00000 0.00000 0.00000 0.00015 0.01122 0.25111 0.73752 ( 8)  0.566
 368 F   0.00000 0.00000 0.00002 0.00092 0.01454 0.12191 0.46592 0.39669 ( 7)  0.369
 369 I   0.15371 0.15371 0.15370 0.15359 0.15192 0.13822 0.08132 0.01383 ( 1)  0.029
 370 -   0.15269 0.15269 0.15269 0.15259 0.15103 0.13822 0.08407 0.01602 ( 1)  0.031
 371 -   0.14722 0.14722 0.14722 0.14715 0.14610 0.13733 0.09706 0.03069 ( 1)  0.044
 372 -   0.15209 0.15209 0.15209 0.15199 0.15048 0.13807 0.08538 0.01781 ( 1)  0.033
 373 -   0.14539 0.14539 0.14539 0.14533 0.14442 0.13677 0.10080 0.03651 ( 1)  0.049
 374 -   0.15339 0.15339 0.15338 0.15327 0.15161 0.13804 0.08182 0.01510 ( 1)  0.030
 375 -   0.14649 0.14649 0.14648 0.14642 0.14543 0.13717 0.09875 0.03277 ( 1)  0.046
 376 -   0.14852 0.14852 0.14852 0.14845 0.14729 0.13773 0.09442 0.02654 ( 1)  0.041
 377 -   0.14857 0.14857 0.14857 0.14849 0.14734 0.13773 0.09429 0.02645 ( 1)  0.041
 378 -   0.15220 0.15220 0.15220 0.15210 0.15057 0.13806 0.08506 0.01761 ( 1)  0.033
 379 H   0.12500 0.12500 0.12500 0.12500 0.12500 0.12500 0.12500 0.12500 ( 8)  0.115
 380 S   0.12500 0.12500 0.12500 0.12500 0.12500 0.12500 0.12500 0.12500 ( 8)  0.115
 381 G   0.12500 0.12500 0.12500 0.12500 0.12500 0.12500 0.12500 0.12500 ( 1)  0.115
 382 V   0.12500 0.12500 0.12500 0.12500 0.12500 0.12500 0.12500 0.12500 ( 8)  0.115
 383 A   0.12500 0.12500 0.12500 0.12500 0.12500 0.12500 0.12500 0.12500 ( 2)  0.115
 384 F   0.12500 0.12500 0.12500 0.12500 0.12500 0.12500 0.12500 0.12500 ( 1)  0.115
 385 M   0.12500 0.12500 0.12500 0.12500 0.12500 0.12500 0.12500 0.12500 ( 8)  0.115
 386 V   0.12500 0.12500 0.12500 0.12500 0.12500 0.12500 0.12500 0.12500 ( 8)  0.115
 387 W   0.12500 0.12500 0.12500 0.12500 0.12500 0.12500 0.12500 0.12500 ( 8)  0.115
 388 V   0.15512 0.15512 0.15512 0.15500 0.15313 0.13793 0.07699 0.01158 ( 1)  0.027
 389 I   0.15254 0.15254 0.15254 0.15243 0.15088 0.13815 0.08435 0.01658 ( 1)  0.032
 390 E   0.15435 0.15435 0.15435 0.15423 0.15246 0.13805 0.07926 0.01295 ( 1)  0.028
 391 E   0.15487 0.15487 0.15487 0.15475 0.15291 0.13800 0.07779 0.01194 ( 1)  0.027
 392 H   0.15285 0.15285 0.15285 0.15275 0.15117 0.13819 0.08355 0.01578 ( 1)  0.031
 393 S   0.00000 0.00000 0.00000 0.00000 0.00000 0.00057 0.07768 0.92175 ( 8)  0.664
 394 W   0.14518 0.14518 0.14518 0.14512 0.14423 0.13676 0.10139 0.03695 ( 1)  0.049
 395 A   0.15343 0.15343 0.15343 0.15332 0.15166 0.13807 0.08178 0.01488 ( 1)  0.030
 396 H   0.15285 0.15285 0.15285 0.15275 0.15117 0.13819 0.08355 0.01578 ( 1)  0.031
 397 R   0.00000 0.00000 0.00002 0.00074 0.01172 0.09984 0.41685 0.47083 ( 8)  0.412
 398 A   0.15429 0.15429 0.15429 0.15417 0.15241 0.13800 0.07932 0.01323 ( 1)  0.029
 399 F   0.15002 0.15002 0.15001 0.14993 0.14865 0.13802 0.09095 0.02241 ( 1)  0.037
 400 R   0.00000 0.00000 0.00000 0.00000 0.00015 0.01112 0.24695 0.74178 ( 8)  0.569
 401 A   0.00000 0.00000 0.00002 0.00078 0.01245 0.10550 0.42882 0.45243 ( 8)  0.401
 402 L   0.00000 0.00000 0.00002 0.00085 0.01354 0.11424 0.45119 0.42015 ( 7)  0.383
 403 R   0.15116 0.15116 0.15116 0.15107 0.14967 0.13810 0.08797 0.01971 ( 1)  0.035
 404 L   0.14682 0.14682 0.14682 0.14676 0.14574 0.13723 0.09795 0.03186 ( 1)  0.045
 405 A   0.15356 0.15356 0.15356 0.15345 0.15177 0.13807 0.08143 0.01460 ( 1)  0.030
 406 H   0.15290 0.15290 0.15290 0.15279 0.15120 0.13819 0.08344 0.01569 ( 1)  0.031
 407 A   0.15347 0.15347 0.15347 0.15336 0.15170 0.13807 0.08166 0.01479 ( 1)  0.030
 408 L   0.14987 0.14987 0.14987 0.14978 0.14850 0.13791 0.09112 0.02308 ( 1)  0.038
 409 L   0.14682 0.14682 0.14682 0.14676 0.14574 0.13723 0.09795 0.03186 ( 1)  0.045
 410 A   0.13527 0.13527 0.13527 0.13525 0.13489 0.13182 0.11595 0.07629 ( 1)  0.080
 411 A   0.14292 0.14292 0.14292 0.14287 0.14209 0.13560 0.10465 0.04604 ( 1)  0.056
 412 L   0.00000 0.00000 0.00002 0.00067 0.01066 0.09132 0.39467 0.50267 ( 8)  0.430
 413 A   0.15305 0.15305 0.15305 0.15294 0.15132 0.13807 0.08280 0.01572 ( 1)  0.031
 414 P   0.15103 0.15103 0.15103 0.15094 0.14955 0.13806 0.08824 0.02013 ( 1)  0.035
 415 A   0.00000 0.00000 0.00002 0.00101 0.01608 0.13355 0.48592 0.36342 ( 7)  0.350
 416 R   0.15037 0.15037 0.15036 0.15028 0.14895 0.13799 0.08992 0.02177 ( 1)  0.037
 417 T   0.00000 0.00000 0.00002 0.00084 0.01328 0.11206 0.44500 0.42880 ( 7)  0.387
 418 D   0.00000 0.00000 0.00003 0.00107 0.01692 0.13997 0.49823 0.34380 ( 7)  0.338
 419 R   0.14917 0.14917 0.14916 0.14909 0.14787 0.13779 0.09277 0.02499 ( 1)  0.039
 420 G   0.15287 0.15287 0.15287 0.15276 0.15117 0.13809 0.08334 0.01604 ( 1)  0.031
 421 G   0.15025 0.15025 0.15025 0.15016 0.14883 0.13788 0.08997 0.02241 ( 1)  0.037
 422 D   0.15631 0.15631 0.15631 0.15617 0.15415 0.13774 0.07348 0.00954 ( 1)  0.025
 423 R   0.00000 0.00000 0.00000 0.00000 0.00000 0.00061 0.08229 0.91709 ( 8)  0.662
 424 G   0.00000 0.00000 0.00000 0.00000 0.00000 0.00059 0.07964 0.91977 ( 8)  0.663
 425 G   0.12500 0.12500 0.12500 0.12500 0.12500 0.12500 0.12500 0.12500 ( 8)  0.115
 426 V   0.12500 0.12500 0.12500 0.12500 0.12500 0.12500 0.12500 0.12500 ( 8)  0.115
 427 G   0.12500 0.12500 0.12500 0.12500 0.12500 0.12500 0.12500 0.12500 ( 8)  0.115
 428 G   0.12500 0.12500 0.12500 0.12500 0.12500 0.12500 0.12500 0.12500 ( 8)  0.115
 429 V   0.12500 0.12500 0.12500 0.12500 0.12500 0.12500 0.12500 0.12500 ( 8)  0.115
 430 D   0.12500 0.12500 0.12500 0.12500 0.12500 0.12500 0.12500 0.12500 ( 1)  0.115
 431 G   0.12500 0.12500 0.12500 0.12500 0.12500 0.12500 0.12500 0.12500 ( 8)  0.115
 432 G   0.12500 0.12500 0.12500 0.12500 0.12500 0.12500 0.12500 0.12500 ( 8)  0.115
 433 V   0.12500 0.12500 0.12500 0.12500 0.12500 0.12500 0.12500 0.12500 ( 8)  0.115
 434 G   0.15404 0.15404 0.15403 0.15392 0.15219 0.13804 0.08009 0.01366 ( 1)  0.029
 435 G   0.15305 0.15305 0.15305 0.15294 0.15133 0.13811 0.08288 0.01561 ( 1)  0.031
 436 D   0.14660 0.14660 0.14660 0.14654 0.14554 0.13719 0.09846 0.03247 ( 1)  0.046
 437 G   0.00000 0.00000 0.00000 0.00000 0.00006 0.00471 0.13353 0.86170 ( 8)  0.632
 438 G   0.14371 0.14371 0.14371 0.14366 0.14286 0.13617 0.10401 0.04216 ( 1)  0.053
 439 G   0.00000 0.00000 0.00001 0.00030 0.00483 0.04329 0.24072 0.71085 ( 8)  0.547
 440 G   0.13148 0.13148 0.13148 0.13146 0.13125 0.12945 0.11986 0.09355 ( 1)  0.092
 441 G   0.14498 0.14498 0.14498 0.14492 0.14404 0.13665 0.10165 0.03778 ( 1)  0.050
 442 G   0.14503 0.14503 0.14503 0.14497 0.14409 0.13667 0.10156 0.03762 ( 1)  0.050
 443 G   0.15455 0.15455 0.15455 0.15443 0.15263 0.13801 0.07866 0.01263 ( 1)  0.028
 444 G   0.00000 0.00000 0.00003 0.00112 0.01780 0.14658 0.50852 0.32595 ( 7)  0.328
 445 -   0.12500 0.12500 0.12500 0.12500 0.12500 0.12500 0.12500 0.12500 ( 1)  0.115
 446 G   0.12500 0.12500 0.12500 0.12500 0.12500 0.12500 0.12500 0.12500 ( 8)  0.115
 447 R   0.13369 0.13369 0.13369 0.13367 0.13338 0.13089 0.11780 0.08321 ( 1)  0.085
 448 V   0.14286 0.14286 0.14286 0.14281 0.14204 0.13557 0.10474 0.04626 ( 1)  0.056
 449 P   0.00000 0.00000 0.00000 0.00000 0.00011 0.00878 0.21003 0.78108 ( 8)  0.590
 450 P   0.00000 0.00000 0.00000 0.00000 0.00000 0.00033 0.05109 0.94858 ( 8)  0.678
 451 P   0.00000 0.00000 0.00002 0.00080 0.01269 0.10743 0.43343 0.44562 ( 8)  0.397
 452 A   0.00000 0.00000 0.00000 0.00000 0.00015 0.01129 0.24960 0.73896 ( 8)  0.567
 453 P   0.13403 0.13403 0.13403 0.13401 0.13370 0.13112 0.11752 0.08157 ( 1)  0.084
 454 G   0.13470 0.13470 0.13470 0.13468 0.13434 0.13151 0.11671 0.07867 ( 1)  0.081
 455 A   0.00000 0.00000 0.00002 0.00086 0.01360 0.11426 0.44394 0.42732 ( 7)  0.386
 456 A   0.00000 0.00000 0.00002 0.00100 0.01592 0.13224 0.48157 0.36924 ( 7)  0.353
 457 D   0.15631 0.15631 0.15631 0.15617 0.15415 0.13774 0.07348 0.00954 ( 1)  0.025
 458 D   0.00000 0.00000 0.00001 0.00036 0.00578 0.05129 0.27061 0.67195 ( 8)  0.525
 459 P   0.00000 0.00000 0.00002 0.00080 0.01264 0.10704 0.43320 0.44630 ( 8)  0.397
 460 G   0.14403 0.14403 0.14403 0.14398 0.14313 0.13607 0.10278 0.04195 ( 1)  0.053
 461 A   0.15076 0.15076 0.15076 0.15067 0.14929 0.13790 0.08866 0.02120 ( 1)  0.036
 462 G   0.14332 0.14332 0.14332 0.14327 0.14250 0.13601 0.10469 0.04356 ( 1)  0.055
 463 A   0.14464 0.14464 0.14464 0.14459 0.14372 0.13651 0.10225 0.03900 ( 1)  0.051
 464 T   0.00000 0.00000 0.00001 0.00054 0.00860 0.07472 0.34876 0.56737 ( 8)  0.466
 465 A   0.00000 0.00000 0.00002 0.00100 0.01584 0.13176 0.48251 0.36887 ( 7)  0.353
 466 G   0.15431 0.15431 0.15430 0.15419 0.15242 0.13802 0.07934 0.01311 ( 1)  0.029
 467 I   0.00000 0.00000 0.00000 0.00000 0.00014 0.01065 0.23878 0.75043 ( 8)  0.573
 468 H   0.15224 0.15224 0.15224 0.15214 0.15063 0.13816 0.08517 0.01717 ( 1)  0.032
 469 W   0.14464 0.14464 0.14464 0.14458 0.14373 0.13656 0.10241 0.03879 ( 1)  0.051
 470 Y   0.14925 0.14925 0.14925 0.14917 0.14795 0.13787 0.09273 0.02453 ( 1)  0.039
 471 S   0.14594 0.14594 0.14594 0.14588 0.14493 0.13699 0.09983 0.03454 ( 1)  0.047
 472 Q   0.00000 0.00000 0.00002 0.00071 0.01126 0.09615 0.40778 0.48409 ( 8)  0.419
 473 L   0.14622 0.14622 0.14622 0.14615 0.14518 0.13704 0.09917 0.03381 ( 1)  0.047
 474 L   0.15078 0.15078 0.15078 0.15069 0.14932 0.13804 0.08889 0.02073 ( 1)  0.036
 475 Y   0.14944 0.14944 0.14944 0.14936 0.14813 0.13791 0.09229 0.02400 ( 1)  0.039
 476 Q   0.00000 0.00000 0.00001 0.00033 0.00531 0.04739 0.25682 0.69014 ( 8)  0.535
 477 I   0.13924 0.13924 0.13924 0.13920 0.13867 0.13415 0.11127 0.05900 ( 1)  0.067
 478 G   0.15431 0.15431 0.15430 0.15419 0.15242 0.13802 0.07934 0.01311 ( 1)  0.029
 479 T   0.00000 0.00000 0.00002 0.00089 0.01419 0.11918 0.46048 0.40523 ( 7)  0.374
 480 W   0.14464 0.14464 0.14464 0.14458 0.14373 0.13656 0.10241 0.03879 ( 1)  0.051
 481 L   0.14916 0.14916 0.14916 0.14908 0.14786 0.13778 0.09276 0.02504 ( 1)  0.039
 482 L   0.14419 0.14419 0.14419 0.14414 0.14331 0.13636 0.10312 0.04049 ( 1)  0.052
 483 D   0.15607 0.15607 0.15606 0.15593 0.15394 0.13778 0.07421 0.00995 ( 1)  0.025
 484 S   0.15278 0.15278 0.15278 0.15268 0.15111 0.13824 0.08386 0.01578 ( 1)  0.031
 485 E   0.15425 0.15425 0.15424 0.15413 0.15237 0.13805 0.07955 0.01316 ( 1)  0.029
 486 A   0.15430 0.15430 0.15430 0.15418 0.15241 0.13798 0.07927 0.01324 ( 1)  0.029
 487 L   0.14622 0.14622 0.14622 0.14615 0.14518 0.13704 0.09917 0.03381 ( 1)  0.047
 488 H   0.15224 0.15224 0.15224 0.15214 0.15063 0.13816 0.08517 0.01717 ( 1)  0.032
 489 P   0.14985 0.14985 0.14985 0.14976 0.14848 0.13790 0.09114 0.02316 ( 1)  0.038
 490 L   0.14664 0.14664 0.14664 0.14657 0.14556 0.13716 0.09828 0.03250 ( 1)  0.046
 491 G   0.15431 0.15431 0.15430 0.15419 0.15242 0.13802 0.07934 0.01311 ( 1)  0.029
 492 M   0.15254 0.15254 0.15253 0.15243 0.15089 0.13824 0.08452 0.01631 ( 1)  0.032
 493 A   0.15291 0.15291 0.15290 0.15280 0.15120 0.13807 0.08318 0.01604 ( 1)  0.031
 494 A   0.00000 0.00000 0.00003 0.00110 0.01750 0.14423 0.50334 0.33381 ( 7)  0.332
 495 K   0.00000 0.00000 0.00000 0.00000 0.00000 0.00042 0.06203 0.93754 ( 8)  0.672
 496 S   0.00000 0.00000 0.00000 0.00000 0.00000 0.00000 0.00069 0.99931 ( 8)  0.705
 497 S   0.15343 0.15343 0.15343 0.15332 0.15168 0.13824 0.08209 0.01437 ( 1)  0.030
 498 -   0.12547 0.12547 0.12547 0.12547 0.12546 0.12535 0.12472 0.12260 ( 1)  0.114
 499 -   0.12847 0.12847 0.12847 0.12846 0.12836 0.12748 0.12263 0.10766 ( 1)  0.103
 500 -   0.12554 0.12554 0.12554 0.12554 0.12552 0.12540 0.12467 0.12225 ( 1)  0.113
 501 -   0.12826 0.12826 0.12826 0.12826 0.12816 0.12733 0.12279 0.10867 ( 1)  0.103
 502 -   0.12811 0.12811 0.12811 0.12811 0.12802 0.12722 0.12288 0.10944 ( 1)  0.104
 503 -   0.12577 0.12577 0.12577 0.12577 0.12574 0.12556 0.12453 0.12110 ( 1)  0.113
 504 -   0.12571 0.12571 0.12571 0.12570 0.12568 0.12552 0.12457 0.12141 ( 1)  0.113
 505 -   0.12558 0.12558 0.12558 0.12558 0.12557 0.12543 0.12464 0.12202 ( 1)  0.113
 506 -   0.12886 0.12886 0.12886 0.12885 0.12874 0.12773 0.12227 0.10583 ( 1)  0.101
 507 -   0.12731 0.12731 0.12731 0.12731 0.12724 0.12667 0.12348 0.11337 ( 1)  0.107
 508 -   0.12853 0.12853 0.12853 0.12852 0.12841 0.12751 0.12254 0.10744 ( 1)  0.103
 509 -   0.12821 0.12821 0.12821 0.12821 0.12811 0.12730 0.12282 0.10892 ( 1)  0.104
 510 -   0.12886 0.12886 0.12886 0.12885 0.12873 0.12773 0.12226 0.10586 ( 1)  0.101
 511 -   0.12852 0.12852 0.12852 0.12852 0.12841 0.12751 0.12258 0.10741 ( 1)  0.103
 512 -   0.12885 0.12885 0.12885 0.12884 0.12872 0.12773 0.12229 0.10589 ( 1)  0.101
 513 -   0.12870 0.12870 0.12870 0.12869 0.12858 0.12764 0.12245 0.10654 ( 1)  0.102
 514 -   0.12546 0.12546 0.12546 0.12546 0.12545 0.12534 0.12472 0.12264 ( 1)  0.114
 515 -   0.12811 0.12811 0.12811 0.12810 0.12801 0.12722 0.12289 0.10945 ( 1)  0.104
 516 -   0.12547 0.12547 0.12547 0.12547 0.12546 0.12535 0.12472 0.12260 ( 1)  0.114
 517 -   0.12571 0.12571 0.12571 0.12570 0.12568 0.12552 0.12457 0.12141 ( 1)  0.113
 518 -   0.12811 0.12811 0.12811 0.12810 0.12801 0.12722 0.12289 0.10945 ( 1)  0.104
 519 -   0.12731 0.12731 0.12731 0.12731 0.12724 0.12667 0.12348 0.11337 ( 1)  0.107
 520 -   0.12554 0.12554 0.12554 0.12554 0.12552 0.12540 0.12467 0.12225 ( 1)  0.113
 521 -   0.12857 0.12857 0.12857 0.12856 0.12845 0.12753 0.12251 0.10725 ( 1)  0.102
 522 -   0.12559 0.12559 0.12559 0.12559 0.12557 0.12543 0.12464 0.12198 ( 1)  0.113
 523 -   0.12559 0.12559 0.12559 0.12559 0.12557 0.12543 0.12464 0.12202 ( 1)  0.113
 524 -   0.12853 0.12853 0.12853 0.12852 0.12841 0.12751 0.12254 0.10744 ( 1)  0.103
 525 -   0.12760 0.12760 0.12760 0.12760 0.12752 0.12687 0.12327 0.11193 ( 1)  0.106
 526 -   0.12852 0.12852 0.12852 0.12852 0.12841 0.12751 0.12258 0.10741 ( 1)  0.103
 527 -   0.00000 0.00000 0.00001 0.00023 0.00369 0.03355 0.20116 0.76136 ( 8)  0.575
 528 -   0.12886 0.12886 0.12886 0.12885 0.12874 0.12773 0.12227 0.10583 ( 1)  0.101
 529 -   0.12731 0.12731 0.12731 0.12731 0.12724 0.12667 0.12348 0.11337 ( 1)  0.107
 530 -   0.12852 0.12852 0.12852 0.12852 0.12841 0.12751 0.12258 0.10741 ( 1)  0.103
 531 -   0.12731 0.12731 0.12731 0.12731 0.12724 0.12667 0.12348 0.11337 ( 1)  0.107
 532 -   0.12796 0.12796 0.12796 0.12796 0.12787 0.12713 0.12302 0.11014 ( 1)  0.105
 533 -   0.12857 0.12857 0.12857 0.12856 0.12845 0.12753 0.12251 0.10725 ( 1)  0.102
 534 -   0.12731 0.12731 0.12731 0.12731 0.12724 0.12667 0.12348 0.11337 ( 1)  0.107
 535 -   0.12543 0.12543 0.12543 0.12543 0.12541 0.12531 0.12474 0.12282 ( 1)  0.114
 536 -   0.12852 0.12852 0.12852 0.12852 0.12841 0.12751 0.12258 0.10741 ( 1)  0.103
 537 -   0.12707 0.12707 0.12707 0.12707 0.12701 0.12650 0.12367 0.11455 ( 1)  0.108
 538 -   0.12543 0.12543 0.12543 0.12543 0.12542 0.12532 0.12474 0.12281 ( 1)  0.114
 539 -   0.12554 0.12554 0.12554 0.12554 0.12552 0.12540 0.12467 0.12225 ( 1)  0.113
 540 -   0.12929 0.12929 0.12929 0.12928 0.12915 0.12803 0.12192 0.10377 ( 1)  0.100
 541 -   0.12545 0.12545 0.12545 0.12545 0.12544 0.12533 0.12473 0.12268 ( 1)  0.114
 542 -   0.12857 0.12857 0.12857 0.12856 0.12845 0.12753 0.12251 0.10725 ( 1)  0.102
 543 -   0.12886 0.12886 0.12886 0.12885 0.12873 0.12773 0.12226 0.10586 ( 1)  0.101
 544 -   0.12760 0.12760 0.12760 0.12760 0.12752 0.12687 0.12327 0.11193 ( 1)  0.106
 545 -   0.12847 0.12847 0.12847 0.12846 0.12836 0.12748 0.12263 0.10766 ( 1)  0.103
 546 -   0.12890 0.12890 0.12890 0.12890 0.12878 0.12776 0.12223 0.10562 ( 1)  0.101
 547 -   0.12577 0.12577 0.12577 0.12577 0.12574 0.12556 0.12453 0.12110 ( 1)  0.113
 548 -   0.12885 0.12885 0.12885 0.12884 0.12872 0.12773 0.12229 0.10589 ( 1)  0.101
 549 -   0.12826 0.12826 0.12826 0.12826 0.12816 0.12733 0.12279 0.10867 ( 1)  0.103
 550 -   0.00000 0.00000 0.00001 0.00025 0.00402 0.03640 0.21324 0.74607 ( 8)  0.566
 551 -   0.12890 0.12890 0.12890 0.12890 0.12878 0.12776 0.12223 0.10562 ( 1)  0.101
 552 -   0.12570 0.12570 0.12570 0.12570 0.12568 0.12551 0.12458 0.12144 ( 1)  0.113
 553 -   0.12929 0.12929 0.12929 0.12928 0.12915 0.12803 0.12192 0.10377 ( 1)  0.100
 554 -   0.12584 0.12584 0.12584 0.12584 0.12582 0.12561 0.12449 0.12073 ( 1)  0.112
 555 -   0.12886 0.12886 0.12886 0.12885 0.12873 0.12773 0.12226 0.10586 ( 1)  0.101
 556 -   0.12558 0.12558 0.12558 0.12558 0.12557 0.12543 0.12465 0.12203 ( 1)  0.113
 557 -   0.12799 0.12799 0.12798 0.12798 0.12789 0.12714 0.12300 0.11003 ( 1)  0.104
 558 -   0.12886 0.12886 0.12886 0.12885 0.12873 0.12773 0.12226 0.10586 ( 1)  0.101
 559 -   0.12885 0.12885 0.12885 0.12884 0.12872 0.12773 0.12229 0.10589 ( 1)  0.101
 560 -   0.12731 0.12731 0.12731 0.12731 0.12724 0.12667 0.12348 0.11337 ( 1)  0.107
 561 -   0.12760 0.12760 0.12760 0.12760 0.12752 0.12687 0.12327 0.11193 ( 1)  0.106
 562 -   0.12852 0.12852 0.12852 0.12851 0.12841 0.12751 0.12259 0.10741 ( 1)  0.103
 563 -   0.00000 0.00000 0.00001 0.00027 0.00427 0.03855 0.22205 0.73485 ( 8)  0.560
 564 -   0.12760 0.12760 0.12760 0.12760 0.12752 0.12687 0.12327 0.11193 ( 1)  0.106
 565 -   0.12841 0.12841 0.12841 0.12840 0.12830 0.12743 0.12266 0.10800 ( 1)  0.103
 566 -   0.12841 0.12841 0.12841 0.12840 0.12830 0.12743 0.12266 0.10800 ( 1)  0.103
 567 -   0.12784 0.12784 0.12784 0.12783 0.12775 0.12703 0.12309 0.11077 ( 1)  0.105
 568 -   0.12571 0.12571 0.12571 0.12570 0.12568 0.12552 0.12457 0.12141 ( 1)  0.113
 569 -   0.12885 0.12885 0.12885 0.12884 0.12872 0.12773 0.12229 0.10589 ( 1)  0.101
 570 -   0.12826 0.12826 0.12826 0.12826 0.12816 0.12733 0.12279 0.10867 ( 1)  0.103
 571 -   0.12760 0.12760 0.12760 0.12760 0.12752 0.12687 0.12327 0.11193 ( 1)  0.106
 572 -   0.12784 0.12784 0.12784 0.12783 0.12775 0.12703 0.12309 0.11077 ( 1)  0.105
 573 -   0.12811 0.12811 0.12811 0.12811 0.12802 0.12722 0.12288 0.10944 ( 1)  0.104
 574 -   0.12811 0.12811 0.12811 0.12810 0.12801 0.12722 0.12289 0.10945 ( 1)  0.104
 575 -   0.12784 0.12784 0.12784 0.12783 0.12775 0.12703 0.12309 0.11077 ( 1)  0.105
 576 -   0.12886 0.12886 0.12886 0.12885 0.12874 0.12773 0.12227 0.10583 ( 1)  0.101
 577 -   0.12857 0.12857 0.12857 0.12856 0.12845 0.12753 0.12251 0.10725 ( 1)  0.102
 578 -   0.12811 0.12811 0.12811 0.12811 0.12802 0.12722 0.12288 0.10944 ( 1)  0.104
 579 -   0.12707 0.12707 0.12707 0.12707 0.12701 0.12650 0.12367 0.11455 ( 1)  0.108
 580 -   0.12852 0.12852 0.12852 0.12851 0.12841 0.12751 0.12259 0.10741 ( 1)  0.103
 581 -   0.00000 0.00000 0.00001 0.00023 0.00371 0.03368 0.20171 0.76066 ( 8)  0.574
 582 -   0.12790 0.12790 0.12790 0.12789 0.12781 0.12708 0.12307 0.11047 ( 1)  0.105
 583 -   0.12696 0.12696 0.12696 0.12696 0.12690 0.12641 0.12372 0.11513 ( 1)  0.108
 584 -   0.12559 0.12559 0.12559 0.12559 0.12557 0.12543 0.12464 0.12198 ( 1)  0.113
 585 -   0.12707 0.12707 0.12707 0.12707 0.12701 0.12650 0.12367 0.11455 ( 1)  0.108
 586 -   0.12852 0.12852 0.12852 0.12852 0.12841 0.12751 0.12258 0.10741 ( 1)  0.103
 587 -   0.12785 0.12785 0.12785 0.12784 0.12776 0.12705 0.12311 0.11070 ( 1)  0.105
 588 -   0.12852 0.12852 0.12852 0.12852 0.12841 0.12751 0.12258 0.10741 ( 1)  0.103
 589 -   0.12625 0.12625 0.12625 0.12625 0.12622 0.12591 0.12422 0.11863 ( 1)  0.111
 590 -   0.12841 0.12841 0.12841 0.12840 0.12830 0.12743 0.12266 0.10800 ( 1)  0.103
 591 -   0.12760 0.12760 0.12760 0.12760 0.12752 0.12687 0.12327 0.11193 ( 1)  0.106
 592 -   0.12760 0.12760 0.12760 0.12760 0.12752 0.12687 0.12327 0.11193 ( 1)  0.106
 593 -   0.12553 0.12553 0.12553 0.12552 0.12551 0.12538 0.12468 0.12232 ( 1)  0.113
 594 -   0.12574 0.12574 0.12574 0.12573 0.12571 0.12554 0.12455 0.12126 ( 1)  0.113
 595 -   0.12574 0.12574 0.12574 0.12573 0.12571 0.12554 0.12455 0.12126 ( 1)  0.113
 596 -   0.12571 0.12571 0.12571 0.12570 0.12568 0.12552 0.12457 0.12141 ( 1)  0.113
 597 -   0.12886 0.12886 0.12886 0.12885 0.12874 0.12773 0.12227 0.10583 ( 1)  0.101
 598 -   0.00000 0.00000 0.00001 0.00026 0.00409 0.03700 0.21570 0.74295 ( 8)  0.565
 599 -   0.12796 0.12796 0.12796 0.12796 0.12787 0.12713 0.12302 0.11014 ( 1)  0.105
 600 -   0.00000 0.00000 0.00000 0.00000 0.00002 0.00200 0.07008 0.92790 ( 8)  0.667
 601 -   0.12571 0.12571 0.12571 0.12571 0.12569 0.12552 0.12457 0.12138 ( 1)  0.113
 602 -   0.12790 0.12790 0.12790 0.12789 0.12781 0.12708 0.12307 0.11047 ( 1)  0.105
 603 -   0.00000 0.00000 0.00001 0.00026 0.00420 0.03793 0.21953 0.73807 ( 8)  0.562
 604 -   0.12749 0.12749 0.12749 0.12748 0.12741 0.12679 0.12336 0.11248 ( 1)  0.106
 605 -   0.12559 0.12559 0.12559 0.12559 0.12557 0.12543 0.12464 0.12202 ( 1)  0.113
 606 -   0.00000 0.00000 0.00000 0.00016 0.00254 0.02360 0.15960 0.81409 ( 8)  0.604
 607 -   0.12885 0.12885 0.12885 0.12884 0.12872 0.12773 0.12229 0.10589 ( 1)  0.101
 608 -   0.12500 0.12500 0.12500 0.12500 0.12500 0.12500 0.12500 0.12500 ( 8)  0.115
 609 -   0.12500 0.12500 0.12500 0.12500 0.12500 0.12500 0.12500 0.12500 ( 8)  0.115
 610 -   0.12500 0.12500 0.12500 0.12500 0.12500 0.12500 0.12500 0.12500 ( 8)  0.115
 611 -   0.12500 0.12500 0.12500 0.12500 0.12500 0.12500 0.12500 0.12500 ( 8)  0.115
 612 -   0.12500 0.12500 0.12500 0.12500 0.12500 0.12500 0.12500 0.12500 ( 8)  0.115
 613 -   0.12500 0.12500 0.12500 0.12500 0.12500 0.12500 0.12500 0.12500 ( 8)  0.115
 614 -   0.12500 0.12500 0.12500 0.12500 0.12500 0.12500 0.12500 0.12500 ( 8)  0.115
 615 -   0.12500 0.12500 0.12500 0.12500 0.12500 0.12500 0.12500 0.12500 ( 8)  0.115
 616 -   0.12500 0.12500 0.12500 0.12500 0.12500 0.12500 0.12500 0.12500 ( 8)  0.115
 617 -   0.12500 0.12500 0.12500 0.12500 0.12500 0.12500 0.12500 0.12500 ( 8)  0.115
 618 -   0.12500 0.12500 0.12500 0.12500 0.12500 0.12500 0.12500 0.12500 ( 2)  0.115
 619 -   0.12500 0.12500 0.12500 0.12500 0.12500 0.12500 0.12500 0.12500 ( 8)  0.115
 620 -   0.12500 0.12500 0.12500 0.12500 0.12500 0.12500 0.12500 0.12500 ( 8)  0.115
 621 -   0.12500 0.12500 0.12500 0.12500 0.12500 0.12500 0.12500 0.12500 ( 1)  0.115
 622 -   0.12500 0.12500 0.12500 0.12500 0.12500 0.12500 0.12500 0.12500 ( 8)  0.115
 623 -   0.12500 0.12500 0.12500 0.12500 0.12500 0.12500 0.12500 0.12500 ( 1)  0.115
 624 -   0.12500 0.12500 0.12500 0.12500 0.12500 0.12500 0.12500 0.12500 ( 8)  0.115
 625 -   0.12500 0.12500 0.12500 0.12500 0.12500 0.12500 0.12500 0.12500 ( 8)  0.115
 626 -   0.12500 0.12500 0.12500 0.12500 0.12500 0.12500 0.12500 0.12500 ( 8)  0.115
 627 -   0.12500 0.12500 0.12500 0.12500 0.12500 0.12500 0.12500 0.12500 ( 8)  0.115
 628 -   0.12500 0.12500 0.12500 0.12500 0.12500 0.12500 0.12500 0.12500 ( 8)  0.115
 629 -   0.12500 0.12500 0.12500 0.12500 0.12500 0.12500 0.12500 0.12500 ( 8)  0.115
 630 -   0.12500 0.12500 0.12500 0.12500 0.12500 0.12500 0.12500 0.12500 ( 8)  0.115
 631 -   0.12500 0.12500 0.12500 0.12500 0.12500 0.12500 0.12500 0.12500 ( 8)  0.115
 632 -   0.12500 0.12500 0.12500 0.12500 0.12500 0.12500 0.12500 0.12500 ( 8)  0.115
 633 -   0.12500 0.12500 0.12500 0.12500 0.12500 0.12500 0.12500 0.12500 ( 8)  0.115
 634 -   0.12500 0.12500 0.12500 0.12500 0.12500 0.12500 0.12500 0.12500 ( 8)  0.115
 635 -   0.12500 0.12500 0.12500 0.12500 0.12500 0.12500 0.12500 0.12500 ( 1)  0.115
 636 -   0.12500 0.12500 0.12500 0.12500 0.12500 0.12500 0.12500 0.12500 ( 8)  0.115
 637 -   0.12500 0.12500 0.12500 0.12500 0.12500 0.12500 0.12500 0.12500 ( 1)  0.115
 638 -   0.12500 0.12500 0.12500 0.12500 0.12500 0.12500 0.12500 0.12500 ( 8)  0.115
 639 -   0.12500 0.12500 0.12500 0.12500 0.12500 0.12500 0.12500 0.12500 ( 1)  0.115
 640 -   0.12500 0.12500 0.12500 0.12500 0.12500 0.12500 0.12500 0.12500 ( 1)  0.115
 641 -   0.12500 0.12500 0.12500 0.12500 0.12500 0.12500 0.12500 0.12500 ( 1)  0.115
 642 -   0.12500 0.12500 0.12500 0.12500 0.12500 0.12500 0.12500 0.12500 ( 8)  0.115
 643 -   0.12500 0.12500 0.12500 0.12500 0.12500 0.12500 0.12500 0.12500 ( 8)  0.115
 644 -   0.12500 0.12500 0.12500 0.12500 0.12500 0.12500 0.12500 0.12500 ( 8)  0.115
 645 -   0.12500 0.12500 0.12500 0.12500 0.12500 0.12500 0.12500 0.12500 ( 8)  0.115
 646 -   0.12500 0.12500 0.12500 0.12500 0.12500 0.12500 0.12500 0.12500 ( 8)  0.115
 647 -   0.12500 0.12500 0.12500 0.12500 0.12500 0.12500 0.12500 0.12500 ( 8)  0.115
 648 -   0.12500 0.12500 0.12500 0.12500 0.12500 0.12500 0.12500 0.12500 ( 8)  0.115
 649 -   0.12929 0.12929 0.12929 0.12928 0.12915 0.12803 0.12192 0.10377 ( 1)  0.100
 650 -   0.12500 0.12500 0.12500 0.12500 0.12500 0.12500 0.12500 0.12500 ( 8)  0.115
 651 -   0.12500 0.12500 0.12500 0.12500 0.12500 0.12500 0.12500 0.12500 ( 8)  0.115
 652 -   0.12500 0.12500 0.12500 0.12500 0.12500 0.12500 0.12500 0.12500 ( 1)  0.115
 653 -   0.12500 0.12500 0.12500 0.12500 0.12500 0.12500 0.12500 0.12500 ( 8)  0.115
 654 -   0.12500 0.12500 0.12500 0.12500 0.12500 0.12500 0.12500 0.12500 ( 8)  0.115
 655 -   0.12500 0.12500 0.12500 0.12500 0.12500 0.12500 0.12500 0.12500 ( 8)  0.115
 656 -   0.12500 0.12500 0.12500 0.12500 0.12500 0.12500 0.12500 0.12500 ( 8)  0.115
 657 -   0.12500 0.12500 0.12500 0.12500 0.12500 0.12500 0.12500 0.12500 ( 8)  0.115
 658 -   0.12760 0.12760 0.12760 0.12760 0.12752 0.12687 0.12327 0.11193 ( 1)  0.106
 659 -   0.12811 0.12811 0.12811 0.12810 0.12801 0.12722 0.12289 0.10945 ( 1)  0.104
 660 -   0.12500 0.12500 0.12500 0.12500 0.12500 0.12500 0.12500 0.12500 ( 8)  0.115
 661 -   0.12500 0.12500 0.12500 0.12500 0.12500 0.12500 0.12500 0.12500 ( 8)  0.115
 662 -   0.12500 0.12500 0.12500 0.12500 0.12500 0.12500 0.12500 0.12500 ( 8)  0.115
 663 -   0.12500 0.12500 0.12500 0.12500 0.12500 0.12500 0.12500 0.12500 ( 8)  0.115
 664 -   0.12500 0.12500 0.12500 0.12500 0.12500 0.12500 0.12500 0.12500 ( 8)  0.115
 665 -   0.12500 0.12500 0.12500 0.12500 0.12500 0.12500 0.12500 0.12500 ( 8)  0.115
 666 -   0.12500 0.12500 0.12500 0.12500 0.12500 0.12500 0.12500 0.12500 ( 8)  0.115
 667 -   0.12500 0.12500 0.12500 0.12500 0.12500 0.12500 0.12500 0.12500 ( 8)  0.115
 668 -   0.12500 0.12500 0.12500 0.12500 0.12500 0.12500 0.12500 0.12500 ( 1)  0.115
 669 -   0.12500 0.12500 0.12500 0.12500 0.12500 0.12500 0.12500 0.12500 ( 8)  0.115
 670 -   0.12500 0.12500 0.12500 0.12500 0.12500 0.12500 0.12500 0.12500 ( 8)  0.115
 671 -   0.12500 0.12500 0.12500 0.12500 0.12500 0.12500 0.12500 0.12500 ( 1)  0.115
 672 -   0.12500 0.12500 0.12500 0.12500 0.12500 0.12500 0.12500 0.12500 ( 8)  0.115
 673 -   0.12500 0.12500 0.12500 0.12500 0.12500 0.12500 0.12500 0.12500 ( 8)  0.115
 674 -   0.12500 0.12500 0.12500 0.12500 0.12500 0.12500 0.12500 0.12500 ( 8)  0.115
 675 -   0.12500 0.12500 0.12500 0.12500 0.12500 0.12500 0.12500 0.12500 ( 2)  0.115
 676 -   0.12500 0.12500 0.12500 0.12500 0.12500 0.12500 0.12500 0.12500 ( 8)  0.115
 677 -   0.12500 0.12500 0.12500 0.12500 0.12500 0.12500 0.12500 0.12500 ( 1)  0.115
 678 -   0.12500 0.12500 0.12500 0.12500 0.12500 0.12500 0.12500 0.12500 ( 8)  0.115
 679 -   0.12500 0.12500 0.12500 0.12500 0.12500 0.12500 0.12500 0.12500 ( 1)  0.115
 680 -   0.12500 0.12500 0.12500 0.12500 0.12500 0.12500 0.12500 0.12500 ( 8)  0.115
 681 -   0.12500 0.12500 0.12500 0.12500 0.12500 0.12500 0.12500 0.12500 ( 8)  0.115
 682 -   0.12500 0.12500 0.12500 0.12500 0.12500 0.12500 0.12500 0.12500 ( 1)  0.115
 683 -   0.12500 0.12500 0.12500 0.12500 0.12500 0.12500 0.12500 0.12500 ( 8)  0.115
 684 -   0.12500 0.12500 0.12500 0.12500 0.12500 0.12500 0.12500 0.12500 ( 8)  0.115
 685 -   0.12500 0.12500 0.12500 0.12500 0.12500 0.12500 0.12500 0.12500 ( 8)  0.115
 686 -   0.12500 0.12500 0.12500 0.12500 0.12500 0.12500 0.12500 0.12500 ( 2)  0.115
 687 -   0.12500 0.12500 0.12500 0.12500 0.12500 0.12500 0.12500 0.12500 ( 8)  0.115
 688 -   0.12500 0.12500 0.12500 0.12500 0.12500 0.12500 0.12500 0.12500 ( 8)  0.115
 689 -   0.12500 0.12500 0.12500 0.12500 0.12500 0.12500 0.12500 0.12500 ( 8)  0.115
 690 -   0.12500 0.12500 0.12500 0.12500 0.12500 0.12500 0.12500 0.12500 ( 8)  0.115
 691 -   0.12500 0.12500 0.12500 0.12500 0.12500 0.12500 0.12500 0.12500 ( 1)  0.115
 692 -   0.12500 0.12500 0.12500 0.12500 0.12500 0.12500 0.12500 0.12500 ( 8)  0.115
 693 -   0.12500 0.12500 0.12500 0.12500 0.12500 0.12500 0.12500 0.12500 ( 8)  0.115
 694 -   0.12500 0.12500 0.12500 0.12500 0.12500 0.12500 0.12500 0.12500 ( 8)  0.115
 695 -   0.12500 0.12500 0.12500 0.12500 0.12500 0.12500 0.12500 0.12500 ( 1)  0.115
 696 -   0.12500 0.12500 0.12500 0.12500 0.12500 0.12500 0.12500 0.12500 ( 8)  0.115
 697 -   0.12500 0.12500 0.12500 0.12500 0.12500 0.12500 0.12500 0.12500 ( 8)  0.115
 698 -   0.12500 0.12500 0.12500 0.12500 0.12500 0.12500 0.12500 0.12500 ( 8)  0.115
 699 -   0.12500 0.12500 0.12500 0.12500 0.12500 0.12500 0.12500 0.12500 ( 8)  0.115
 700 -   0.12500 0.12500 0.12500 0.12500 0.12500 0.12500 0.12500 0.12500 ( 8)  0.115
 701 -   0.12500 0.12500 0.12500 0.12500 0.12500 0.12500 0.12500 0.12500 ( 1)  0.115
 702 -   0.12500 0.12500 0.12500 0.12500 0.12500 0.12500 0.12500 0.12500 ( 8)  0.115
 703 -   0.12500 0.12500 0.12500 0.12500 0.12500 0.12500 0.12500 0.12500 ( 8)  0.115
 704 -   0.12500 0.12500 0.12500 0.12500 0.12500 0.12500 0.12500 0.12500 ( 8)  0.115
 705 -   0.12500 0.12500 0.12500 0.12500 0.12500 0.12500 0.12500 0.12500 ( 8)  0.115
 706 -   0.12500 0.12500 0.12500 0.12500 0.12500 0.12500 0.12500 0.12500 ( 1)  0.115
 707 -   0.12500 0.12500 0.12500 0.12500 0.12500 0.12500 0.12500 0.12500 ( 1)  0.115
 708 -   0.12500 0.12500 0.12500 0.12500 0.12500 0.12500 0.12500 0.12500 ( 8)  0.115
 709 -   0.12500 0.12500 0.12500 0.12500 0.12500 0.12500 0.12500 0.12500 ( 8)  0.115
 710 -   0.12500 0.12500 0.12500 0.12500 0.12500 0.12500 0.12500 0.12500 ( 1)  0.115
 711 -   0.12500 0.12500 0.12500 0.12500 0.12500 0.12500 0.12500 0.12500 ( 8)  0.115
 712 -   0.12500 0.12500 0.12500 0.12500 0.12500 0.12500 0.12500 0.12500 ( 2)  0.115
 713 -   0.12500 0.12500 0.12500 0.12500 0.12500 0.12500 0.12500 0.12500 ( 8)  0.115
 714 -   0.12500 0.12500 0.12500 0.12500 0.12500 0.12500 0.12500 0.12500 ( 8)  0.115
 715 -   0.12707 0.12707 0.12707 0.12707 0.12701 0.12650 0.12367 0.11455 ( 1)  0.108
 716 -   0.00000 0.00000 0.00000 0.00000 0.00002 0.00182 0.06532 0.93284 ( 8)  0.670
 717 -   0.00000 0.00000 0.00000 0.00000 0.00002 0.00203 0.07108 0.92686 ( 8)  0.667
 718 -   0.00000 0.00000 0.00001 0.00024 0.00389 0.03529 0.20856 0.75201 ( 8)  0.570
 719 -   0.00000 0.00000 0.00000 0.00017 0.00270 0.02502 0.16658 0.80553 ( 8)  0.599
 720 -   0.12790 0.12790 0.12790 0.12789 0.12781 0.12708 0.12307 0.11047 ( 1)  0.105
 721 -   0.12762 0.12762 0.12762 0.12761 0.12754 0.12688 0.12325 0.11187 ( 1)  0.106
 722 -   0.00000 0.00000 0.00000 0.00000 0.00002 0.00182 0.06518 0.93298 ( 8)  0.670
 723 -   0.12500 0.12500 0.12500 0.12500 0.12500 0.12500 0.12500 0.12500 ( 8)  0.115
 724 -   0.12500 0.12500 0.12500 0.12500 0.12500 0.12500 0.12500 0.12500 ( 1)  0.115
 725 -   0.12500 0.12500 0.12500 0.12500 0.12500 0.12500 0.12500 0.12500 ( 1)  0.115
 726 -   0.12500 0.12500 0.12500 0.12500 0.12500 0.12500 0.12500 0.12500 ( 8)  0.115
 727 -   0.12500 0.12500 0.12500 0.12500 0.12500 0.12500 0.12500 0.12500 ( 8)  0.115
 728 -   0.12500 0.12500 0.12500 0.12500 0.12500 0.12500 0.12500 0.12500 ( 1)  0.115
 729 -   0.12500 0.12500 0.12500 0.12500 0.12500 0.12500 0.12500 0.12500 ( 8)  0.115
 730 -   0.12500 0.12500 0.12500 0.12500 0.12500 0.12500 0.12500 0.12500 ( 1)  0.115
 731 -   0.12500 0.12500 0.12500 0.12500 0.12500 0.12500 0.12500 0.12500 ( 8)  0.115


lnL = -4853.337346

