Supplemental results for CODEML (seqf: algn  treef: tree)


dN/dS (w) for site classes (K=3)

p:   0.95725  0.01932  0.02342
w:   0.03547  1.00000  1.00000

Naive Empirical Bayes (NEB) probabilities for 3 classes & postmean_w
(amino acids refer to 1st sequence: aotNan_GADD45A_XM_012442688)

   1 M   0.99520 0.00217 0.00263 ( 1)  0.040
   2 T   0.97753 0.01016 0.01231 ( 1)  0.057
   3 L   0.98411 0.00719 0.00871 ( 1)  0.051
   4 E   0.99312 0.00311 0.00377 ( 1)  0.042
   5 E   0.98320 0.00759 0.00920 ( 1)  0.052
   6 F   0.99038 0.00435 0.00527 ( 1)  0.045
   7 S   0.98626 0.00621 0.00753 ( 1)  0.049
   8 A   0.63400 0.16545 0.20055 ( 1)  0.388
   9 G   0.97211 0.01261 0.01528 ( 1)  0.062
  10 E   0.99581 0.00189 0.00229 ( 1)  0.040
  11 Q   0.99272 0.00329 0.00399 ( 1)  0.042
  12 K   0.99353 0.00293 0.00355 ( 1)  0.042
  13 T   0.98895 0.00500 0.00606 ( 1)  0.046
  14 E   0.98320 0.00759 0.00920 ( 1)  0.052
  15 R   0.00001 0.45204 0.54795 ( 3)  1.000
  16 M   0.99807 0.00087 0.00106 ( 1)  0.037
  17 D   0.99523 0.00215 0.00261 ( 1)  0.040
  18 K   0.99761 0.00108 0.00131 ( 1)  0.038
  19 V   0.99702 0.00135 0.00163 ( 1)  0.038
  20 G   0.99724 0.00125 0.00151 ( 1)  0.038
  21 D   0.99518 0.00218 0.00264 ( 1)  0.040
  22 A   0.99616 0.00174 0.00211 ( 1)  0.039
  23 L   0.98836 0.00526 0.00638 ( 1)  0.047
  24 E   0.99507 0.00223 0.00270 ( 1)  0.040
  25 E   0.98208 0.00810 0.00982 ( 1)  0.053
  26 V   0.99304 0.00315 0.00382 ( 1)  0.042
  27 L   0.98895 0.00499 0.00605 ( 1)  0.046
  28 S   0.98922 0.00488 0.00591 ( 1)  0.046
  29 K   0.97768 0.01009 0.01223 ( 1)  0.057
  30 A   0.99133 0.00392 0.00475 ( 1)  0.044
  31 L   0.98836 0.00526 0.00638 ( 1)  0.047
  32 S   0.97884 0.00956 0.01159 ( 1)  0.056
  33 Q   0.99176 0.00373 0.00452 ( 1)  0.043
  34 R   0.98795 0.00545 0.00661 ( 1)  0.047
  35 T   0.98854 0.00518 0.00628 ( 1)  0.047
  36 I   0.99199 0.00362 0.00439 ( 1)  0.043
  37 T   0.98244 0.00794 0.00962 ( 1)  0.052
  38 V   0.99130 0.00393 0.00477 ( 1)  0.044
  39 G   0.99297 0.00318 0.00385 ( 1)  0.042
  40 V   0.99304 0.00315 0.00382 ( 1)  0.042
  41 Y   0.98856 0.00517 0.00627 ( 1)  0.047
  42 E   0.99206 0.00359 0.00435 ( 1)  0.043
  43 A   0.99297 0.00318 0.00385 ( 1)  0.042
  44 A   0.99127 0.00395 0.00478 ( 1)  0.044
  45 K   0.99211 0.00357 0.00433 ( 1)  0.043
  46 L   0.98696 0.00589 0.00714 ( 1)  0.048
  47 L   0.98895 0.00499 0.00605 ( 1)  0.046
  48 N   0.99237 0.00345 0.00418 ( 1)  0.043
  49 V   0.99124 0.00396 0.00480 ( 1)  0.044
  50 D   0.99513 0.00220 0.00267 ( 1)  0.040
  51 P   0.98861 0.00515 0.00624 ( 1)  0.046
  52 D   0.98884 0.00504 0.00611 ( 1)  0.046
  53 N   0.99375 0.00283 0.00343 ( 1)  0.041
  54 V   0.99393 0.00274 0.00332 ( 1)  0.041
  55 V   0.99393 0.00274 0.00332 ( 1)  0.041
  56 L   0.98752 0.00564 0.00684 ( 1)  0.048
  57 C   0.98559 0.00651 0.00789 ( 1)  0.049
  58 L   0.99461 0.00244 0.00295 ( 1)  0.041
  59 -   0.95725 0.01932 0.02342 ( 1)  0.077
  60 -   0.95725 0.01932 0.02342 ( 1)  0.077
  61 -   0.95725 0.01932 0.02342 ( 1)  0.077
  62 -   0.95725 0.01932 0.02342 ( 1)  0.077
  63 -   0.95725 0.01932 0.02342 ( 1)  0.077
  64 -   0.95725 0.01932 0.02342 ( 1)  0.077
  65 L   0.99461 0.00244 0.00295 ( 1)  0.041
  66 A   0.99758 0.00109 0.00133 ( 1)  0.038
  67 A   0.99741 0.00117 0.00142 ( 1)  0.038
  68 D   0.99828 0.00078 0.00094 ( 1)  0.037
  69 E   0.99852 0.00067 0.00081 ( 1)  0.037
  70 D   0.99828 0.00078 0.00094 ( 1)  0.037
  71 D   0.99828 0.00078 0.00094 ( 1)  0.037
  72 D   0.99828 0.00078 0.00094 ( 1)  0.037
  73 R   0.99332 0.00302 0.00366 ( 1)  0.042
  74 D   0.99559 0.00199 0.00241 ( 1)  0.040
  75 V   0.99747 0.00114 0.00138 ( 1)  0.038
  76 A   0.98987 0.00458 0.00555 ( 1)  0.045
  77 L   0.99450 0.00248 0.00301 ( 1)  0.041
  78 Q   0.99690 0.00140 0.00170 ( 1)  0.038
  79 I   0.91920 0.03652 0.04427 ( 1)  0.113
  80 H   0.99719 0.00127 0.00154 ( 1)  0.038
  81 F   0.99550 0.00203 0.00246 ( 1)  0.040
  82 T   0.99489 0.00231 0.00280 ( 1)  0.040
  83 L   0.99461 0.00244 0.00295 ( 1)  0.041
  84 I   0.99706 0.00133 0.00161 ( 1)  0.038
  85 Q   0.99690 0.00140 0.00170 ( 1)  0.038
  86 A   0.99728 0.00123 0.00149 ( 1)  0.038
  87 F   0.99497 0.00228 0.00276 ( 1)  0.040
  88 C   0.99180 0.00371 0.00449 ( 1)  0.043
  89 C   0.99137 0.00390 0.00473 ( 1)  0.044
  90 E   0.99852 0.00067 0.00081 ( 1)  0.037
  91 N   0.93806 0.02800 0.03394 ( 1)  0.095
  92 D   0.99828 0.00078 0.00094 ( 1)  0.037
  93 I   0.99709 0.00132 0.00160 ( 1)  0.038
  94 N   0.93806 0.02800 0.03394 ( 1)  0.095
  95 I   0.99668 0.00150 0.00182 ( 1)  0.039
  96 L   0.99461 0.00244 0.00295 ( 1)  0.041
  97 R   0.99443 0.00252 0.00305 ( 1)  0.041
  98 V   0.99656 0.00156 0.00189 ( 1)  0.039
  99 S   0.99542 0.00207 0.00251 ( 1)  0.040
 100 N   0.99761 0.00108 0.00131 ( 1)  0.038
 101 P   0.88439 0.05226 0.06335 ( 1)  0.147
 102 G   0.99660 0.00154 0.00186 ( 1)  0.039
 103 R   0.99479 0.00236 0.00285 ( 1)  0.040
 104 L   0.99450 0.00248 0.00301 ( 1)  0.041
 105 A   0.99708 0.00132 0.00160 ( 1)  0.038
 106 E   0.99852 0.00067 0.00081 ( 1)  0.037
 107 L   0.99493 0.00229 0.00278 ( 1)  0.040
 108 L   0.99444 0.00251 0.00304 ( 1)  0.041
 109 L   0.99485 0.00233 0.00282 ( 1)  0.040
 110 L   0.99090 0.00411 0.00499 ( 1)  0.044
 111 E   0.95196 0.02172 0.02632 ( 1)  0.082
 112 T   0.83091 0.07644 0.09265 ( 1)  0.199
 113 D   0.99818 0.00082 0.00100 ( 1)  0.037
 114 A   0.18108 0.37019 0.44873 ( 3)  0.825
 115 G   0.90867 0.04129 0.05005 ( 1)  0.124
 116 P   0.99505 0.00224 0.00271 ( 1)  0.040
 117 A   0.33134 0.30226 0.36640 ( 3)  0.680
 118 A   0.99695 0.00138 0.00167 ( 1)  0.038
 119 S   0.20724 0.35836 0.43439 ( 3)  0.800
 120 E   0.99852 0.00067 0.00081 ( 1)  0.037
 121 G   0.99660 0.00154 0.00186 ( 1)  0.039
 122 A   0.99666 0.00151 0.00183 ( 1)  0.039
 123 E   0.32810 0.30373 0.36817 ( 3)  0.684
 124 Q   0.99670 0.00149 0.00181 ( 1)  0.039
 125 P   0.99467 0.00241 0.00292 ( 1)  0.041
 126 P   0.99579 0.00190 0.00230 ( 1)  0.040
 127 D   0.99828 0.00078 0.00094 ( 1)  0.037
 128 L   0.99461 0.00244 0.00295 ( 1)  0.041
 129 H   0.99719 0.00127 0.00154 ( 1)  0.038
 130 C   0.99180 0.00371 0.00449 ( 1)  0.043
 131 V   0.99747 0.00114 0.00138 ( 1)  0.038
 132 L   0.99461 0.00244 0.00295 ( 1)  0.041
 133 V   0.99747 0.00114 0.00138 ( 1)  0.038
 134 T   0.99619 0.00172 0.00209 ( 1)  0.039
 135 N   0.99120 0.00398 0.00482 ( 1)  0.044
 136 P   0.97538 0.01113 0.01349 ( 1)  0.059
 137 H   0.99109 0.00403 0.00488 ( 1)  0.044
 138 S   0.97821 0.00985 0.01194 ( 1)  0.056
 139 S   0.98308 0.00765 0.00927 ( 1)  0.052
 140 Q   0.98512 0.00673 0.00815 ( 1)  0.050
 141 W   0.99003 0.00451 0.00546 ( 1)  0.045
 142 K   0.99793 0.00094 0.00113 ( 1)  0.037
 143 D   0.99380 0.00280 0.00340 ( 1)  0.041
 144 P   0.98366 0.00739 0.00895 ( 1)  0.051
 145 A   0.99659 0.00154 0.00187 ( 1)  0.039
 146 L   0.55355 0.20182 0.24463 ( 1)  0.466
 147 S   0.98660 0.00606 0.00735 ( 1)  0.048
 148 Q   0.98512 0.00673 0.00815 ( 1)  0.050
 149 L   0.98693 0.00591 0.00716 ( 1)  0.048
 150 I   0.99129 0.00394 0.00477 ( 1)  0.044
 151 C   0.98105 0.00857 0.01039 ( 1)  0.054
 152 F   0.98660 0.00606 0.00734 ( 1)  0.048
 153 C   0.99180 0.00371 0.00449 ( 1)  0.043
 154 R   0.99495 0.00229 0.00277 ( 1)  0.040
 155 E   0.73482 0.11987 0.14531 ( 1)  0.291
 156 S   0.98934 0.00482 0.00584 ( 1)  0.046
 157 R   0.99443 0.00252 0.00305 ( 1)  0.041
 158 Y   0.99494 0.00229 0.00277 ( 1)  0.040
 159 M   0.99834 0.00075 0.00091 ( 1)  0.037
 160 D   0.99380 0.00280 0.00340 ( 1)  0.041
 161 Q   0.89549 0.04724 0.05727 ( 1)  0.136
 162 W   0.99003 0.00451 0.00546 ( 1)  0.045
 163 V   0.98694 0.00590 0.00715 ( 1)  0.048
 164 P   0.98060 0.00877 0.01063 ( 1)  0.054
 165 V   0.99747 0.00114 0.00138 ( 1)  0.038
 166 I   0.98967 0.00467 0.00566 ( 1)  0.045
 167 N   0.99164 0.00378 0.00458 ( 1)  0.044
 168 L   0.99413 0.00266 0.00322 ( 1)  0.041
 169 P   0.98366 0.00739 0.00895 ( 1)  0.051
 170 E   0.98965 0.00468 0.00567 ( 1)  0.045
 171 R   0.85987 0.06335 0.07679 ( 1)  0.171

Positively selected sites

	Prob(w>1)  mean w



lnL = -1291.751192

Bayes Empirical Bayes (BEB) probabilities for 3 classes (class) & postmean_w
(amino acids refer to 1st sequence: aotNan_GADD45A_XM_012442688)

   1 M   0.99546 0.00399 0.00055 ( 1)  0.055 +-  0.070
   2 T   0.97457 0.01817 0.00726 ( 1)  0.081 +-  0.216
   3 L   0.98320 0.01295 0.00385 ( 1)  0.069 +-  0.156
   4 E   0.99334 0.00569 0.00097 ( 1)  0.057 +-  0.087
   5 E   0.98212 0.01367 0.00421 ( 1)  0.070 +-  0.163
   6 F   0.99046 0.00791 0.00163 ( 1)  0.060 +-  0.107
   7 S   0.98582 0.01122 0.00296 ( 1)  0.066 +-  0.138
   8 A   0.64464 0.21420 0.14116 ( 1)  0.562 +-  0.873
   9 G   0.96628 0.02241 0.01132 ( 1)  0.095 +-  0.283
  10 E   0.99605 0.00349 0.00046 ( 1)  0.054 +-  0.065
  11 Q   0.99293 0.00601 0.00106 ( 1)  0.057 +-  0.090
  12 K   0.99376 0.00536 0.00089 ( 1)  0.056 +-  0.084
  13 T   0.98888 0.00906 0.00206 ( 1)  0.062 +-  0.118
  14 E   0.98212 0.01367 0.00421 ( 1)  0.070 +-  0.163
  15 R   0.00001 0.17961 0.82039 ( 3)  2.586 +-  1.636
  16 M   0.99822 0.00163 0.00015 ( 1)  0.052 +-  0.043
  17 D   0.99537 0.00397 0.00066 ( 1)  0.055 +-  0.073
  18 K   0.99779 0.00201 0.00021 ( 1)  0.052 +-  0.048
  19 V   0.99719 0.00250 0.00031 ( 1)  0.053 +-  0.055
  20 G   0.99743 0.00231 0.00025 ( 1)  0.053 +-  0.052
  21 D   0.99531 0.00402 0.00067 ( 1)  0.055 +-  0.074
  22 A   0.99637 0.00321 0.00042 ( 1)  0.054 +-  0.063
  23 L   0.98818 0.00953 0.00228 ( 1)  0.063 +-  0.123
  24 E   0.99530 0.00410 0.00059 ( 1)  0.055 +-  0.072
  25 E   0.98070 0.01456 0.00474 ( 1)  0.072 +-  0.172
  26 V   0.99323 0.00576 0.00102 ( 1)  0.057 +-  0.088
  27 L   0.98885 0.00906 0.00209 ( 1)  0.062 +-  0.119
  28 S   0.98918 0.00885 0.00197 ( 1)  0.062 +-  0.116
  29 K   0.97479 0.01805 0.00716 ( 1)  0.081 +-  0.214
  30 A   0.99145 0.00714 0.00141 ( 1)  0.059 +-  0.101
  31 L   0.98818 0.00953 0.00228 ( 1)  0.063 +-  0.123
  32 S   0.97642 0.01713 0.00645 ( 1)  0.078 +-  0.202
  33 Q   0.99191 0.00679 0.00130 ( 1)  0.059 +-  0.098
  34 R   0.98774 0.00987 0.00239 ( 1)  0.063 +-  0.126
  35 T   0.98840 0.00939 0.00221 ( 1)  0.063 +-  0.122
  36 I   0.99217 0.00660 0.00123 ( 1)  0.058 +-  0.096
  37 T   0.98107 0.01428 0.00465 ( 1)  0.072 +-  0.171
  38 V   0.99139 0.00717 0.00144 ( 1)  0.059 +-  0.102
  39 G   0.99319 0.00581 0.00100 ( 1)  0.057 +-  0.088
  40 V   0.99323 0.00576 0.00102 ( 1)  0.057 +-  0.088
  41 Y   0.98844 0.00938 0.00218 ( 1)  0.062 +-  0.121
  42 E   0.99216 0.00655 0.00129 ( 1)  0.058 +-  0.097
  43 A   0.99318 0.00581 0.00101 ( 1)  0.057 +-  0.088
  44 A   0.99139 0.00719 0.00142 ( 1)  0.059 +-  0.101
  45 K   0.99227 0.00651 0.00122 ( 1)  0.058 +-  0.095
  46 L   0.98658 0.01066 0.00276 ( 1)  0.065 +-  0.134
  47 L   0.98885 0.00906 0.00209 ( 1)  0.062 +-  0.119
  48 N   0.99255 0.00630 0.00115 ( 1)  0.058 +-  0.093
  49 V   0.99133 0.00722 0.00146 ( 1)  0.059 +-  0.102
  50 D   0.99538 0.00405 0.00058 ( 1)  0.055 +-  0.071
  51 P   0.98847 0.00934 0.00219 ( 1)  0.062 +-  0.121
  52 D   0.98871 0.00915 0.00214 ( 1)  0.062 +-  0.120
  53 N   0.99399 0.00518 0.00083 ( 1)  0.056 +-  0.082
  54 V   0.99416 0.00502 0.00081 ( 1)  0.056 +-  0.081
  55 V   0.99416 0.00502 0.00081 ( 1)  0.056 +-  0.081
  56 L   0.98719 0.01022 0.00260 ( 1)  0.064 +-  0.131
  57 C   0.98504 0.01176 0.00320 ( 1)  0.067 +-  0.143
  58 L   0.99482 0.00448 0.00070 ( 1)  0.055 +-  0.076
  59 -   0.93314 0.03345 0.03341 ( 1)  0.182 +-  0.657
  60 -   0.93314 0.03345 0.03341 ( 1)  0.182 +-  0.657
  61 -   0.93314 0.03345 0.03341 ( 1)  0.182 +-  0.657
  62 -   0.93314 0.03345 0.03341 ( 1)  0.182 +-  0.657
  63 -   0.93314 0.03345 0.03341 ( 1)  0.182 +-  0.657
  64 -   0.93314 0.03345 0.03341 ( 1)  0.182 +-  0.657
  65 L   0.99482 0.00448 0.00070 ( 1)  0.055 +-  0.076
  66 A   0.99775 0.00204 0.00021 ( 1)  0.052 +-  0.048
  67 A   0.99758 0.00218 0.00024 ( 1)  0.052 +-  0.050
  68 D   0.99841 0.00145 0.00013 ( 1)  0.052 +-  0.040
  69 E   0.99864 0.00125 0.00011 ( 1)  0.051 +-  0.037
  70 D   0.99841 0.00145 0.00013 ( 1)  0.052 +-  0.040
  71 D   0.99841 0.00145 0.00013 ( 1)  0.052 +-  0.040
  72 D   0.99841 0.00145 0.00013 ( 1)  0.052 +-  0.040
  73 R   0.99353 0.00553 0.00095 ( 1)  0.057 +-  0.086
  74 D   0.99574 0.00368 0.00058 ( 1)  0.054 +-  0.069
  75 V   0.99763 0.00213 0.00024 ( 1)  0.052 +-  0.050
  76 A   0.98969 0.00832 0.00199 ( 1)  0.061 +-  0.117
  77 L   0.99470 0.00456 0.00073 ( 1)  0.055 +-  0.077
  78 Q   0.99710 0.00259 0.00030 ( 1)  0.053 +-  0.055
  79 I   0.94229 0.04916 0.00855 ( 1)  0.110 +-  0.249
  80 H   0.99738 0.00236 0.00026 ( 1)  0.053 +-  0.052
  81 F   0.99576 0.00374 0.00050 ( 1)  0.054 +-  0.067
  82 T   0.99511 0.00425 0.00064 ( 1)  0.055 +-  0.074
  83 L   0.99482 0.00448 0.00070 ( 1)  0.055 +-  0.076
  84 I   0.99726 0.00247 0.00027 ( 1)  0.053 +-  0.053
  85 Q   0.99710 0.00259 0.00030 ( 1)  0.053 +-  0.055
  86 A   0.99745 0.00229 0.00026 ( 1)  0.053 +-  0.052
  87 F   0.99522 0.00418 0.00060 ( 1)  0.055 +-  0.072
  88 C   0.99198 0.00675 0.00126 ( 1)  0.058 +-  0.097
  89 C   0.99152 0.00710 0.00138 ( 1)  0.059 +-  0.100
  90 E   0.99864 0.00125 0.00011 ( 1)  0.051 +-  0.037
  91 N   0.95663 0.03767 0.00569 ( 1)  0.094 +-  0.214
  92 D   0.99841 0.00145 0.00013 ( 1)  0.052 +-  0.040
  93 I   0.99729 0.00244 0.00027 ( 1)  0.053 +-  0.053
  94 N   0.95663 0.03767 0.00569 ( 1)  0.094 +-  0.214
  95 I   0.99689 0.00278 0.00033 ( 1)  0.053 +-  0.057
  96 L   0.99482 0.00448 0.00070 ( 1)  0.055 +-  0.076
  97 R   0.99468 0.00462 0.00071 ( 1)  0.055 +-  0.077
  98 V   0.99674 0.00288 0.00038 ( 1)  0.053 +-  0.059
  99 S   0.99568 0.00381 0.00051 ( 1)  0.054 +-  0.068
 100 N   0.99779 0.00201 0.00020 ( 1)  0.052 +-  0.048
 101 P   0.91438 0.07048 0.01514 ( 1)  0.141 +-  0.310
 102 G   0.99682 0.00284 0.00034 ( 1)  0.053 +-  0.058
 103 R   0.99501 0.00433 0.00067 ( 1)  0.055 +-  0.075
 104 L   0.99470 0.00456 0.00073 ( 1)  0.055 +-  0.077
 105 A   0.99728 0.00245 0.00028 ( 1)  0.053 +-  0.053
 106 E   0.99864 0.00125 0.00011 ( 1)  0.051 +-  0.037
 107 L   0.99515 0.00421 0.00064 ( 1)  0.055 +-  0.074
 108 L   0.99465 0.00461 0.00074 ( 1)  0.056 +-  0.078
 109 L   0.99507 0.00428 0.00066 ( 1)  0.055 +-  0.074
 110 L   0.99087 0.00749 0.00164 ( 1)  0.060 +-  0.107
 111 E   0.96630 0.02928 0.00442 ( 1)  0.085 +-  0.190
 112 T   0.86670 0.10331 0.02999 ( 1)  0.199 +-  0.406
 113 D   0.99831 0.00154 0.00015 ( 1)  0.052 +-  0.042
 114 A   0.27461 0.51744 0.20795 ( 2)  0.937 +-  0.745
 115 G   0.93372 0.05560 0.01068 ( 1)  0.120 +-  0.270
 116 P   0.99528 0.00411 0.00061 ( 1)  0.055 +-  0.072
 117 A   0.48874 0.41609 0.09517 ( 1)  0.599 +-  0.585
 118 A   0.99715 0.00256 0.00030 ( 1)  0.053 +-  0.055
 119 S   0.32407 0.51721 0.15872 ( 2)  0.815 +-  0.636
 120 E   0.99864 0.00125 0.00011 ( 1)  0.051 +-  0.037
 121 G   0.99682 0.00284 0.00034 ( 1)  0.053 +-  0.058
 122 A   0.99687 0.00279 0.00034 ( 1)  0.053 +-  0.058
 123 E   0.48274 0.41723 0.10004 ( 1)  0.610 +-  0.594
 124 Q   0.99690 0.00276 0.00034 ( 1)  0.053 +-  0.057
 125 P   0.99490 0.00443 0.00067 ( 1)  0.055 +-  0.075
 126 P   0.99602 0.00351 0.00047 ( 1)  0.054 +-  0.066
 127 D   0.99841 0.00145 0.00013 ( 1)  0.052 +-  0.040
 128 L   0.99482 0.00448 0.00070 ( 1)  0.055 +-  0.076
 129 H   0.99738 0.00236 0.00026 ( 1)  0.053 +-  0.052
 130 C   0.99198 0.00675 0.00126 ( 1)  0.058 +-  0.097
 131 V   0.99763 0.00213 0.00024 ( 1)  0.052 +-  0.050
 132 L   0.99482 0.00448 0.00070 ( 1)  0.055 +-  0.076
 133 V   0.99763 0.00213 0.00024 ( 1)  0.052 +-  0.050
 134 T   0.99643 0.00318 0.00040 ( 1)  0.054 +-  0.062
 135 N   0.99132 0.00725 0.00144 ( 1)  0.059 +-  0.102
 136 P   0.97136 0.01986 0.00878 ( 1)  0.086 +-  0.242
 137 H   0.99119 0.00733 0.00148 ( 1)  0.059 +-  0.103
 138 S   0.97518 0.01763 0.00720 ( 1)  0.081 +-  0.219
 139 S   0.98178 0.01377 0.00445 ( 1)  0.071 +-  0.168
 140 Q   0.98444 0.01214 0.00342 ( 1)  0.067 +-  0.148
 141 W   0.99008 0.00819 0.00174 ( 1)  0.061 +-  0.110
 142 K   0.99809 0.00174 0.00016 ( 1)  0.052 +-  0.044
 143 D   0.99402 0.00513 0.00085 ( 1)  0.056 +-  0.082
 144 P   0.98262 0.01330 0.00408 ( 1)  0.070 +-  0.161
 145 A   0.99680 0.00285 0.00035 ( 1)  0.053 +-  0.058
 146 L   0.49557 0.22892 0.27551 ( 1)  1.047 +-  1.471
 147 S   0.98619 0.01096 0.00285 ( 1)  0.065 +-  0.136
 148 Q   0.98444 0.01214 0.00342 ( 1)  0.067 +-  0.148
 149 L   0.98639 0.01069 0.00291 ( 1)  0.065 +-  0.138
 150 I   0.99132 0.00718 0.00150 ( 1)  0.059 +-  0.103
 151 C   0.97936 0.01539 0.00525 ( 1)  0.074 +-  0.181
 152 F   0.98620 0.01095 0.00285 ( 1)  0.065 +-  0.136
 153 C   0.99198 0.00675 0.00126 ( 1)  0.058 +-  0.097
 154 R   0.99519 0.00420 0.00062 ( 1)  0.055 +-  0.073
 155 E   0.77150 0.16147 0.06703 ( 1)  0.327 +-  0.576
 156 S   0.98921 0.00875 0.00203 ( 1)  0.062 +-  0.117
 157 R   0.99468 0.00462 0.00071 ( 1)  0.055 +-  0.077
 158 Y   0.99520 0.00420 0.00060 ( 1)  0.055 +-  0.072
 159 M   0.99848 0.00140 0.00012 ( 1)  0.052 +-  0.039
 160 D   0.99402 0.00513 0.00085 ( 1)  0.056 +-  0.082
 161 Q   0.92342 0.06368 0.01291 ( 1)  0.131 +-  0.291
 162 W   0.99008 0.00819 0.00174 ( 1)  0.061 +-  0.110
 163 V   0.98647 0.01068 0.00285 ( 1)  0.065 +-  0.136
 164 P   0.97875 0.01574 0.00551 ( 1)  0.075 +-  0.186
 165 V   0.99763 0.00213 0.00024 ( 1)  0.052 +-  0.050
 166 I   0.98966 0.00848 0.00186 ( 1)  0.061 +-  0.113
 167 N   0.99177 0.00689 0.00134 ( 1)  0.059 +-  0.099
 168 L   0.99435 0.00487 0.00078 ( 1)  0.056 +-  0.080
 169 P   0.98262 0.01330 0.00408 ( 1)  0.070 +-  0.161
 170 E   0.98963 0.00850 0.00187 ( 1)  0.061 +-  0.113
 171 R   0.89408 0.08559 0.02034 ( 1)  0.164 +-  0.347

Positively selected sites

	Prob(w>1)  mean w

    15 R      0.820         2.586 +- 1.636

