Supplemental results for CODEML (seqf: algn  treef: tree)


dN/dS (w) for site classes (K=8)

p:   0.12500  0.12500  0.12500  0.12500  0.12500  0.12500  0.12500  0.12500
w:   0.00000  0.00000  0.00000  0.00000  1.00000  1.00000  1.00000  1.00000

Naive Empirical Bayes (NEB) probabilities for 8 classes & postmean_w
(amino acids refer to 1st sequence: colAngPal_LOC105527770_XM_011964207)

   1 M   0.17020 0.17020 0.17020 0.17020 0.07980 0.07980 0.07980 0.07980 ( 2)  0.319
   2 K   0.00000 0.00000 0.00000 0.00000 0.25000 0.25000 0.25000 0.25000 ( 6)  1.000
   3 P   0.14678 0.14678 0.14678 0.14678 0.10322 0.10322 0.10322 0.10322 ( 2)  0.413
   4 P   0.00000 0.00000 0.00000 0.00000 0.25000 0.25000 0.25000 0.25000 ( 6)  1.000
   5 Y   0.00000 0.00000 0.00000 0.00000 0.25000 0.25000 0.25000 0.25000 ( 6)  1.000
   6 R   0.14779 0.14779 0.14779 0.14779 0.10221 0.10221 0.10221 0.10221 ( 1)  0.409
   7 -   0.12500 0.12500 0.12500 0.12500 0.12500 0.12500 0.12500 0.12500 ( 1)  0.500
   8 -   0.12500 0.12500 0.12500 0.12500 0.12500 0.12500 0.12500 0.12500 ( 1)  0.500
   9 -   0.12500 0.12500 0.12500 0.12500 0.12500 0.12500 0.12500 0.12500 ( 6)  0.500
  10 -   0.12500 0.12500 0.12500 0.12500 0.12500 0.12500 0.12500 0.12500 ( 2)  0.500
  11 -   0.12500 0.12500 0.12500 0.12500 0.12500 0.12500 0.12500 0.12500 ( 1)  0.500
  12 -   0.12500 0.12500 0.12500 0.12500 0.12500 0.12500 0.12500 0.12500 ( 2)  0.500
  13 -   0.12500 0.12500 0.12500 0.12500 0.12500 0.12500 0.12500 0.12500 ( 1)  0.500
  14 -   0.12500 0.12500 0.12500 0.12500 0.12500 0.12500 0.12500 0.12500 ( 2)  0.500
  15 -   0.12500 0.12500 0.12500 0.12500 0.12500 0.12500 0.12500 0.12500 ( 6)  0.500
  16 -   0.12500 0.12500 0.12500 0.12500 0.12500 0.12500 0.12500 0.12500 ( 2)  0.500
  17 -   0.12500 0.12500 0.12500 0.12500 0.12500 0.12500 0.12500 0.12500 ( 1)  0.500
  18 -   0.12500 0.12500 0.12500 0.12500 0.12500 0.12500 0.12500 0.12500 ( 1)  0.500
  19 -   0.12500 0.12500 0.12500 0.12500 0.12500 0.12500 0.12500 0.12500 ( 6)  0.500
  20 -   0.12500 0.12500 0.12500 0.12500 0.12500 0.12500 0.12500 0.12500 ( 1)  0.500
  21 -   0.12500 0.12500 0.12500 0.12500 0.12500 0.12500 0.12500 0.12500 ( 1)  0.500
  22 -   0.12500 0.12500 0.12500 0.12500 0.12500 0.12500 0.12500 0.12500 ( 2)  0.500
  23 -   0.12500 0.12500 0.12500 0.12500 0.12500 0.12500 0.12500 0.12500 ( 2)  0.500
  24 -   0.12526 0.12526 0.12526 0.12526 0.12474 0.12474 0.12474 0.12474 ( 1)  0.499
  25 -   0.12526 0.12526 0.12526 0.12526 0.12474 0.12474 0.12474 0.12474 ( 1)  0.499
  26 -   0.12511 0.12511 0.12511 0.12511 0.12489 0.12489 0.12489 0.12489 ( 1)  0.500
  27 -   0.12511 0.12511 0.12511 0.12511 0.12489 0.12489 0.12489 0.12489 ( 2)  0.500
  28 -   0.12526 0.12526 0.12526 0.12526 0.12474 0.12474 0.12474 0.12474 ( 1)  0.499
  29 -   0.12514 0.12514 0.12514 0.12514 0.12486 0.12486 0.12486 0.12486 ( 2)  0.499
  30 -   0.12519 0.12519 0.12519 0.12519 0.12481 0.12481 0.12481 0.12481 ( 1)  0.499
  31 -   0.12516 0.12516 0.12516 0.12516 0.12484 0.12484 0.12484 0.12484 ( 2)  0.499
  32 -   0.12514 0.12514 0.12514 0.12514 0.12486 0.12486 0.12486 0.12486 ( 2)  0.499
  33 -   0.12531 0.12531 0.12531 0.12531 0.12469 0.12469 0.12469 0.12469 ( 2)  0.499
  34 -   0.12513 0.12513 0.12513 0.12513 0.12487 0.12487 0.12487 0.12487 ( 1)  0.499
  35 -   0.12513 0.12513 0.12513 0.12513 0.12487 0.12487 0.12487 0.12487 ( 2)  0.499
  36 -   0.12515 0.12515 0.12515 0.12515 0.12485 0.12485 0.12485 0.12485 ( 2)  0.499
  37 -   0.12526 0.12526 0.12526 0.12526 0.12474 0.12474 0.12474 0.12474 ( 1)  0.499
  38 -   0.12519 0.12519 0.12519 0.12519 0.12481 0.12481 0.12481 0.12481 ( 1)  0.499
  39 -   0.12516 0.12516 0.12516 0.12516 0.12484 0.12484 0.12484 0.12484 ( 2)  0.499
  40 -   0.12507 0.12507 0.12507 0.12507 0.12493 0.12493 0.12493 0.12493 ( 2)  0.500
  41 N   0.17809 0.17809 0.17809 0.17809 0.07191 0.07191 0.07191 0.07191 ( 1)  0.288
  42 T   0.14434 0.14434 0.14434 0.14434 0.10566 0.10566 0.10566 0.10566 ( 2)  0.423
  43 V   0.15763 0.15763 0.15763 0.15763 0.09237 0.09237 0.09237 0.09237 ( 1)  0.369
  44 E   0.16497 0.16497 0.16497 0.16497 0.08503 0.08503 0.08503 0.08503 ( 1)  0.340
  45 Q   0.00000 0.00000 0.00000 0.00000 0.25000 0.25000 0.25000 0.25000 ( 6)  1.000
  46 M   0.17167 0.17167 0.17167 0.17167 0.07833 0.07833 0.07833 0.07833 ( 2)  0.313
  47 Y   0.15166 0.15166 0.15166 0.15166 0.09834 0.09834 0.09834 0.09834 ( 2)  0.393
  48 Q   0.00000 0.00000 0.00000 0.00000 0.25000 0.25000 0.25000 0.25000 ( 6)  1.000
  49 R   0.00000 0.00000 0.00000 0.00000 0.25000 0.25000 0.25000 0.25000 ( 6)  1.000
  50 T   0.14502 0.14502 0.14502 0.14502 0.10498 0.10498 0.10498 0.10498 ( 2)  0.420
  51 F   0.17376 0.17376 0.17376 0.17376 0.07624 0.07624 0.07624 0.07624 ( 1)  0.305
  52 F   0.17376 0.17376 0.17376 0.17376 0.07624 0.07624 0.07624 0.07624 ( 1)  0.305
  53 Y   0.17276 0.17276 0.17276 0.17276 0.07724 0.07724 0.07724 0.07724 ( 2)  0.309
  54 N   0.17976 0.17976 0.17976 0.17976 0.07024 0.07024 0.07024 0.07024 ( 1)  0.281
  55 F   0.15473 0.15473 0.15473 0.15473 0.09527 0.09527 0.09527 0.09527 ( 2)  0.381
  56 N   0.15898 0.15898 0.15898 0.15898 0.09102 0.09102 0.09102 0.09102 ( 1)  0.364
  57 N   0.17976 0.17976 0.17976 0.17976 0.07024 0.07024 0.07024 0.07024 ( 1)  0.281
  58 R   0.14858 0.14858 0.14858 0.14858 0.10142 0.10142 0.10142 0.10142 ( 1)  0.406
  59 P   0.16592 0.16592 0.16592 0.16592 0.08408 0.08408 0.08408 0.08408 ( 1)  0.336
  60 I   0.17278 0.17278 0.17278 0.17278 0.07722 0.07722 0.07722 0.07722 ( 2)  0.309
  61 L   0.14892 0.14892 0.14892 0.14892 0.10108 0.10108 0.10108 0.10108 ( 2)  0.404
  62 S   0.14844 0.14844 0.14844 0.14844 0.10156 0.10156 0.10156 0.10156 ( 2)  0.406
  63 R   0.14878 0.14878 0.14878 0.14878 0.10122 0.10122 0.10122 0.10122 ( 2)  0.405
  64 R   0.15485 0.15485 0.15485 0.15485 0.09515 0.09515 0.09515 0.09515 ( 2)  0.381
  65 N   0.15898 0.15898 0.15898 0.15898 0.09102 0.09102 0.09102 0.09102 ( 1)  0.364
  66 T   0.16802 0.16802 0.16802 0.16802 0.08198 0.08198 0.08198 0.08198 ( 1)  0.328
  67 V   0.16980 0.16980 0.16980 0.16980 0.08020 0.08020 0.08020 0.08020 ( 2)  0.321
  68 W   0.14982 0.14982 0.14982 0.14982 0.10018 0.10018 0.10018 0.10018 ( 2)  0.401
  69 L   0.14601 0.14601 0.14601 0.14601 0.10399 0.10399 0.10399 0.10399 ( 2)  0.416
  70 C   0.17220 0.17220 0.17220 0.17220 0.07780 0.07780 0.07780 0.07780 ( 2)  0.311
  71 Y   0.17276 0.17276 0.17276 0.17276 0.07724 0.07724 0.07724 0.07724 ( 2)  0.309
  72 E   0.00000 0.00000 0.00000 0.00000 0.25000 0.25000 0.25000 0.25000 ( 6)  1.000
  73 V   0.15874 0.15874 0.15874 0.15874 0.09126 0.09126 0.09126 0.09126 ( 1)  0.365
  74 K   0.15421 0.15421 0.15421 0.15421 0.09579 0.09579 0.09579 0.09579 ( 1)  0.383
  75 T   0.14502 0.14502 0.14502 0.14502 0.10498 0.10498 0.10498 0.10498 ( 2)  0.420
  76 R   0.16210 0.16210 0.16210 0.16210 0.08790 0.08790 0.08790 0.08790 ( 2)  0.352
  77 G   0.16970 0.16970 0.16970 0.16970 0.08030 0.08030 0.08030 0.08030 ( 1)  0.321
  78 P   0.16592 0.16592 0.16592 0.16592 0.08408 0.08408 0.08408 0.08408 ( 1)  0.336
  79 S   0.14047 0.14047 0.14047 0.14047 0.10953 0.10953 0.10953 0.10953 ( 1)  0.438
  80 M   0.00000 0.00000 0.00000 0.00000 0.25000 0.25000 0.25000 0.25000 ( 6)  1.000
  81 P   0.16145 0.16145 0.16145 0.16145 0.08855 0.08855 0.08855 0.08855 ( 1)  0.354
  82 T   0.14878 0.14878 0.14878 0.14878 0.10122 0.10122 0.10122 0.10122 ( 2)  0.405
  83 W   0.14982 0.14982 0.14982 0.14982 0.10018 0.10018 0.10018 0.10018 ( 2)  0.401
  84 G   0.00000 0.00000 0.00000 0.00000 0.25000 0.25000 0.25000 0.25000 ( 6)  1.000
  85 A   0.00000 0.00000 0.00000 0.00000 0.25000 0.25000 0.25000 0.25000 ( 6)  1.000
  86 K   0.16626 0.16626 0.16626 0.16626 0.08374 0.08374 0.08374 0.08374 ( 2)  0.335
  87 I   0.17278 0.17278 0.17278 0.17278 0.07722 0.07722 0.07722 0.07722 ( 2)  0.309
  88 F   0.15473 0.15473 0.15473 0.15473 0.09527 0.09527 0.09527 0.09527 ( 2)  0.381
  89 R   0.13793 0.13793 0.13793 0.13793 0.11207 0.11207 0.11207 0.11207 ( 2)  0.448
  90 G   0.17047 0.17047 0.17047 0.17047 0.07953 0.07953 0.07953 0.07953 ( 1)  0.318
  91 Q   0.15458 0.15458 0.15458 0.15458 0.09542 0.09542 0.09542 0.09542 ( 2)  0.382
  92 V   0.15830 0.15830 0.15830 0.15830 0.09170 0.09170 0.09170 0.09170 ( 2)  0.367
  93 Y   0.00000 0.00000 0.00000 0.00000 0.25000 0.25000 0.25000 0.25000 ( 6)  1.000
  94 F   0.00000 0.00000 0.00000 0.00000 0.25000 0.25000 0.25000 0.25000 ( 6)  1.000
  95 E   0.00000 0.00000 0.00000 0.00000 0.25000 0.25000 0.25000 0.25000 ( 6)  1.000
  96 P   0.14767 0.14767 0.14767 0.14767 0.10233 0.10233 0.10233 0.10233 ( 2)  0.409
  97 Q   0.00000 0.00000 0.00000 0.00000 0.25000 0.25000 0.25000 0.25000 ( 6)  1.000
  98 Y   0.00000 0.00000 0.00000 0.00000 0.25000 0.25000 0.25000 0.25000 ( 6)  1.000
  99 H   0.17797 0.17797 0.17797 0.17797 0.07203 0.07203 0.07203 0.07203 ( 2)  0.288
 100 A   0.14505 0.14505 0.14505 0.14505 0.10495 0.10495 0.10495 0.10495 ( 2)  0.420
 101 E   0.15425 0.15425 0.15425 0.15425 0.09575 0.09575 0.09575 0.09575 ( 1)  0.383
 102 M   0.17167 0.17167 0.17167 0.17167 0.07833 0.07833 0.07833 0.07833 ( 2)  0.313
 103 C   0.17220 0.17220 0.17220 0.17220 0.07780 0.07780 0.07780 0.07780 ( 2)  0.311
 104 F   0.17376 0.17376 0.17376 0.17376 0.07624 0.07624 0.07624 0.07624 ( 1)  0.305
 105 L   0.16824 0.16824 0.16824 0.16824 0.08176 0.08176 0.08176 0.08176 ( 2)  0.327
 106 S   0.14844 0.14844 0.14844 0.14844 0.10156 0.10156 0.10156 0.10156 ( 2)  0.406
 107 W   0.00000 0.00000 0.00000 0.00000 0.25000 0.25000 0.25000 0.25000 ( 6)  1.000
 108 F   0.17376 0.17376 0.17376 0.17376 0.07624 0.07624 0.07624 0.07624 ( 1)  0.305
 109 C   0.15245 0.15245 0.15245 0.15245 0.09755 0.09755 0.09755 0.09755 ( 2)  0.390
 110 G   0.17047 0.17047 0.17047 0.17047 0.07953 0.07953 0.07953 0.07953 ( 1)  0.318
 111 N   0.17976 0.17976 0.17976 0.17976 0.07024 0.07024 0.07024 0.07024 ( 1)  0.281
 112 Q   0.15458 0.15458 0.15458 0.15458 0.09542 0.09542 0.09542 0.09542 ( 2)  0.382
 113 L   0.14611 0.14611 0.14611 0.14611 0.10389 0.10389 0.10389 0.10389 ( 2)  0.416
 114 P   0.14754 0.14754 0.14754 0.14754 0.10246 0.10246 0.10246 0.10246 ( 2)  0.410
 115 A   0.00000 0.00000 0.00000 0.00000 0.25000 0.25000 0.25000 0.25000 ( 6)  1.000
 116 Y   0.17276 0.17276 0.17276 0.17276 0.07724 0.07724 0.07724 0.07724 ( 2)  0.309
 117 K   0.16626 0.16626 0.16626 0.16626 0.08374 0.08374 0.08374 0.08374 ( 2)  0.335
 118 C   0.00000 0.00000 0.00000 0.00000 0.25000 0.25000 0.25000 0.25000 ( 6)  1.000
 119 F   0.17376 0.17376 0.17376 0.17376 0.07624 0.07624 0.07624 0.07624 ( 1)  0.305
 120 Q   0.15458 0.15458 0.15458 0.15458 0.09542 0.09542 0.09542 0.09542 ( 2)  0.382
 121 I   0.17278 0.17278 0.17278 0.17278 0.07722 0.07722 0.07722 0.07722 ( 2)  0.309
 122 T   0.16802 0.16802 0.16802 0.16802 0.08198 0.08198 0.08198 0.08198 ( 1)  0.328
 123 W   0.14982 0.14982 0.14982 0.14982 0.10018 0.10018 0.10018 0.10018 ( 2)  0.401
 124 F   0.15473 0.15473 0.15473 0.15473 0.09527 0.09527 0.09527 0.09527 ( 2)  0.381
 125 V   0.14594 0.14594 0.14594 0.14594 0.10406 0.10406 0.10406 0.10406 ( 2)  0.416
 126 S   0.16744 0.16744 0.16744 0.16744 0.08256 0.08256 0.08256 0.08256 ( 2)  0.330
 127 W   0.14982 0.14982 0.14982 0.14982 0.10018 0.10018 0.10018 0.10018 ( 2)  0.401
 128 T   0.00000 0.00000 0.00000 0.00000 0.25000 0.25000 0.25000 0.25000 ( 6)  1.000
 129 P   0.16592 0.16592 0.16592 0.16592 0.08408 0.08408 0.08408 0.08408 ( 1)  0.336
 130 C   0.17220 0.17220 0.17220 0.17220 0.07780 0.07780 0.07780 0.07780 ( 2)  0.311
 131 P   0.00000 0.00000 0.00000 0.00000 0.25000 0.25000 0.25000 0.25000 ( 6)  1.000
 132 D   0.17979 0.17979 0.17979 0.17979 0.07021 0.07021 0.07021 0.07021 ( 2)  0.281
 133 C   0.15245 0.15245 0.15245 0.15245 0.09755 0.09755 0.09755 0.09755 ( 2)  0.390
 134 V   0.15874 0.15874 0.15874 0.15874 0.09126 0.09126 0.09126 0.09126 ( 1)  0.365
 135 G   0.00000 0.00000 0.00000 0.00000 0.25000 0.25000 0.25000 0.25000 ( 6)  1.000
 136 K   0.16582 0.16582 0.16582 0.16582 0.08418 0.08418 0.08418 0.08418 ( 1)  0.337
 137 V   0.15874 0.15874 0.15874 0.15874 0.09126 0.09126 0.09126 0.09126 ( 1)  0.365
 138 A   0.00000 0.00000 0.00000 0.00000 0.25000 0.25000 0.25000 0.25000 ( 5)  1.000
 139 E   0.15425 0.15425 0.15425 0.15425 0.09575 0.09575 0.09575 0.09575 ( 1)  0.383
 140 F   0.17376 0.17376 0.17376 0.17376 0.07624 0.07624 0.07624 0.07624 ( 1)  0.305
 141 L   0.13920 0.13920 0.13920 0.13920 0.11080 0.11080 0.11080 0.11080 ( 1)  0.443
 142 A   0.14881 0.14881 0.14881 0.14881 0.10119 0.10119 0.10119 0.10119 ( 2)  0.405
 143 E   0.16631 0.16631 0.16631 0.16631 0.08369 0.08369 0.08369 0.08369 ( 1)  0.335
 144 H   0.17797 0.17797 0.17797 0.17797 0.07203 0.07203 0.07203 0.07203 ( 2)  0.288
 145 P   0.14754 0.14754 0.14754 0.14754 0.10246 0.10246 0.10246 0.10246 ( 2)  0.410
 146 N   0.15898 0.15898 0.15898 0.15898 0.09102 0.09102 0.09102 0.09102 ( 1)  0.364
 147 V   0.16980 0.16980 0.16980 0.16980 0.08020 0.08020 0.08020 0.08020 ( 2)  0.321
 148 T   0.16802 0.16802 0.16802 0.16802 0.08198 0.08198 0.08198 0.08198 ( 1)  0.328
 149 L   0.14601 0.14601 0.14601 0.14601 0.10399 0.10399 0.10399 0.10399 ( 2)  0.416
 150 T   0.16802 0.16802 0.16802 0.16802 0.08198 0.08198 0.08198 0.08198 ( 1)  0.328
 151 I   0.17278 0.17278 0.17278 0.17278 0.07722 0.07722 0.07722 0.07722 ( 2)  0.309
 152 S   0.15519 0.15519 0.15519 0.15519 0.09481 0.09481 0.09481 0.09481 ( 1)  0.379
 153 A   0.16599 0.16599 0.16599 0.16599 0.08401 0.08401 0.08401 0.08401 ( 2)  0.336
 154 A   0.16808 0.16808 0.16808 0.16808 0.08192 0.08192 0.08192 0.08192 ( 1)  0.328
 155 R   0.16803 0.16803 0.16803 0.16803 0.08197 0.08197 0.08197 0.08197 ( 2)  0.328
 156 L   0.16824 0.16824 0.16824 0.16824 0.08176 0.08176 0.08176 0.08176 ( 2)  0.327
 157 Y   0.17276 0.17276 0.17276 0.17276 0.07724 0.07724 0.07724 0.07724 ( 2)  0.309
 158 Y   0.17276 0.17276 0.17276 0.17276 0.07724 0.07724 0.07724 0.07724 ( 2)  0.309
 159 Y   0.17276 0.17276 0.17276 0.17276 0.07724 0.07724 0.07724 0.07724 ( 2)  0.309
 160 W   0.14982 0.14982 0.14982 0.14982 0.10018 0.10018 0.10018 0.10018 ( 2)  0.401
 161 E   0.00000 0.00000 0.00000 0.00000 0.25000 0.25000 0.25000 0.25000 ( 6)  1.000
 162 T   0.00000 0.00000 0.00000 0.00000 0.25000 0.25000 0.25000 0.25000 ( 6)  1.000
 163 D   0.15901 0.15901 0.15901 0.15901 0.09099 0.09099 0.09099 0.09099 ( 1)  0.364
 164 Y   0.00000 0.00000 0.00000 0.00000 0.25000 0.25000 0.25000 0.25000 ( 5)  1.000
 165 R   0.16636 0.16636 0.16636 0.16636 0.08364 0.08364 0.08364 0.08364 ( 2)  0.335
 166 R   0.16210 0.16210 0.16210 0.16210 0.08790 0.08790 0.08790 0.08790 ( 2)  0.352
 167 A   0.15737 0.15737 0.15737 0.15737 0.09263 0.09263 0.09263 0.09263 ( 2)  0.371
 168 L   0.16824 0.16824 0.16824 0.16824 0.08176 0.08176 0.08176 0.08176 ( 2)  0.327
 169 C   0.00000 0.00000 0.00000 0.00000 0.25000 0.25000 0.25000 0.25000 ( 6)  1.000
 170 R   0.16210 0.16210 0.16210 0.16210 0.08790 0.08790 0.08790 0.08790 ( 2)  0.352
 171 L   0.14601 0.14601 0.14601 0.14601 0.10399 0.10399 0.10399 0.10399 ( 2)  0.416
 172 R   0.00000 0.00000 0.00000 0.00000 0.25000 0.25000 0.25000 0.25000 ( 6)  1.000
 173 Q   0.15458 0.15458 0.15458 0.15458 0.09542 0.09542 0.09542 0.09542 ( 2)  0.382
 174 A   0.14505 0.14505 0.14505 0.14505 0.10495 0.10495 0.10495 0.10495 ( 2)  0.420
 175 G   0.15925 0.15925 0.15925 0.15925 0.09075 0.09075 0.09075 0.09075 ( 1)  0.363
 176 A   0.15315 0.15315 0.15315 0.15315 0.09685 0.09685 0.09685 0.09685 ( 2)  0.387
 177 R   0.00000 0.00000 0.00000 0.00000 0.25000 0.25000 0.25000 0.25000 ( 6)  1.000
 178 V   0.15874 0.15874 0.15874 0.15874 0.09126 0.09126 0.09126 0.09126 ( 1)  0.365
 179 K   0.16626 0.16626 0.16626 0.16626 0.08374 0.08374 0.08374 0.08374 ( 2)  0.335
 180 I   0.17278 0.17278 0.17278 0.17278 0.07722 0.07722 0.07722 0.07722 ( 2)  0.309
 181 M   0.17167 0.17167 0.17167 0.17167 0.07833 0.07833 0.07833 0.07833 ( 2)  0.313
 182 D   0.17979 0.17979 0.17979 0.17979 0.07021 0.07021 0.07021 0.07021 ( 2)  0.281
 183 D   0.00000 0.00000 0.00000 0.00000 0.25000 0.25000 0.25000 0.25000 ( 6)  1.000
 184 E   0.15425 0.15425 0.15425 0.15425 0.09575 0.09575 0.09575 0.09575 ( 1)  0.383
 185 E   0.15425 0.15425 0.15425 0.15425 0.09575 0.09575 0.09575 0.09575 ( 1)  0.383
 186 F   0.15473 0.15473 0.15473 0.15473 0.09527 0.09527 0.09527 0.09527 ( 2)  0.381
 187 A   0.14505 0.14505 0.14505 0.14505 0.10495 0.10495 0.10495 0.10495 ( 2)  0.420
 188 Y   0.17276 0.17276 0.17276 0.17276 0.07724 0.07724 0.07724 0.07724 ( 2)  0.309
 189 C   0.17220 0.17220 0.17220 0.17220 0.07780 0.07780 0.07780 0.07780 ( 2)  0.311
 190 W   0.14982 0.14982 0.14982 0.14982 0.10018 0.10018 0.10018 0.10018 ( 2)  0.401
 191 E   0.15425 0.15425 0.15425 0.15425 0.09575 0.09575 0.09575 0.09575 ( 1)  0.383
 192 N   0.17976 0.17976 0.17976 0.17976 0.07024 0.07024 0.07024 0.07024 ( 1)  0.281
 193 F   0.15473 0.15473 0.15473 0.15473 0.09527 0.09527 0.09527 0.09527 ( 2)  0.381
 194 V   0.15874 0.15874 0.15874 0.15874 0.09126 0.09126 0.09126 0.09126 ( 1)  0.365
 195 Y   0.17276 0.17276 0.17276 0.17276 0.07724 0.07724 0.07724 0.07724 ( 2)  0.309
 196 N   0.15898 0.15898 0.15898 0.15898 0.09102 0.09102 0.09102 0.09102 ( 1)  0.364
 197 E   0.15425 0.15425 0.15425 0.15425 0.09575 0.09575 0.09575 0.09575 ( 1)  0.383
 198 G   0.00000 0.00000 0.00000 0.00000 0.25000 0.25000 0.25000 0.25000 ( 6)  1.000
 199 Q   0.15458 0.15458 0.15458 0.15458 0.09542 0.09542 0.09542 0.09542 ( 2)  0.382
 200 S   0.14047 0.14047 0.14047 0.14047 0.10953 0.10953 0.10953 0.10953 ( 1)  0.438
 201 F   0.17376 0.17376 0.17376 0.17376 0.07624 0.07624 0.07624 0.07624 ( 1)  0.305
 202 M   0.00000 0.00000 0.00000 0.00000 0.25000 0.25000 0.25000 0.25000 ( 6)  1.000
 203 P   0.14754 0.14754 0.14754 0.14754 0.10246 0.10246 0.10246 0.10246 ( 2)  0.410
 204 W   0.14982 0.14982 0.14982 0.14982 0.10018 0.10018 0.10018 0.10018 ( 2)  0.401
 205 D   0.17979 0.17979 0.17979 0.17979 0.07021 0.07021 0.07021 0.07021 ( 2)  0.281
 206 K   0.15421 0.15421 0.15421 0.15421 0.09579 0.09579 0.09579 0.09579 ( 1)  0.383
 207 F   0.17376 0.17376 0.17376 0.17376 0.07624 0.07624 0.07624 0.07624 ( 1)  0.305
 208 D   0.00000 0.00000 0.00000 0.00000 0.25000 0.25000 0.25000 0.25000 ( 6)  1.000
 209 D   0.17979 0.17979 0.17979 0.17979 0.07021 0.07021 0.07021 0.07021 ( 2)  0.281
 210 N   0.15898 0.15898 0.15898 0.15898 0.09102 0.09102 0.09102 0.09102 ( 1)  0.364
 211 Y   0.15166 0.15166 0.15166 0.15166 0.09834 0.09834 0.09834 0.09834 ( 2)  0.393
 212 A   0.14505 0.14505 0.14505 0.14505 0.10495 0.10495 0.10495 0.10495 ( 2)  0.420
 213 F   0.17376 0.17376 0.17376 0.17376 0.07624 0.07624 0.07624 0.07624 ( 1)  0.305
 214 L   0.14601 0.14601 0.14601 0.14601 0.10399 0.10399 0.10399 0.10399 ( 2)  0.416
 215 H   0.17797 0.17797 0.17797 0.17797 0.07203 0.07203 0.07203 0.07203 ( 2)  0.288
 216 S   0.00000 0.00000 0.00000 0.00000 0.25000 0.25000 0.25000 0.25000 ( 6)  1.000
 217 K   0.00000 0.00000 0.00000 0.00000 0.25000 0.25000 0.25000 0.25000 ( 6)  1.000
 218 L   0.13790 0.13790 0.13790 0.13790 0.11210 0.11210 0.11210 0.11210 ( 2)  0.448
 219 K   0.16626 0.16626 0.16626 0.16626 0.08374 0.08374 0.08374 0.08374 ( 2)  0.335
 220 E   0.16631 0.16631 0.16631 0.16631 0.08369 0.08369 0.08369 0.08369 ( 1)  0.335
 221 I   0.15317 0.15317 0.15317 0.15317 0.09683 0.09683 0.09683 0.09683 ( 2)  0.387
 222 L   0.16824 0.16824 0.16824 0.16824 0.08176 0.08176 0.08176 0.08176 ( 2)  0.327
 223 R   0.14858 0.14858 0.14858 0.14858 0.10142 0.10142 0.10142 0.10142 ( 1)  0.406
 224 N   0.17976 0.17976 0.17976 0.17976 0.07024 0.07024 0.07024 0.07024 ( 1)  0.281
 225 P   0.14668 0.14668 0.14668 0.14668 0.10332 0.10332 0.10332 0.10332 ( 1)  0.413
 226 M   0.00000 0.00000 0.00000 0.00000 0.25000 0.25000 0.25000 0.25000 ( 6)  1.000
 227 E   0.16631 0.16631 0.16631 0.16631 0.08369 0.08369 0.08369 0.08369 ( 1)  0.335
 228 T   0.00000 0.00000 0.00000 0.00000 0.25000 0.25000 0.25000 0.25000 ( 6)  1.000
 229 M   0.00000 0.00000 0.00000 0.00000 0.25000 0.25000 0.25000 0.25000 ( 6)  1.000
 230 Y   0.00000 0.00000 0.00000 0.00000 0.25000 0.25000 0.25000 0.25000 ( 6)  1.000
 231 P   0.14397 0.14397 0.14397 0.14397 0.10603 0.10603 0.10603 0.10603 ( 2)  0.424
 232 H   0.00000 0.00000 0.00000 0.00000 0.25000 0.25000 0.25000 0.25000 ( 6)  1.000
 233 T   0.00000 0.00000 0.00000 0.00000 0.25000 0.25000 0.25000 0.25000 ( 6)  1.000
 234 F   0.17376 0.17376 0.17376 0.17376 0.07624 0.07624 0.07624 0.07624 ( 1)  0.305
 235 Y   0.17276 0.17276 0.17276 0.17276 0.07724 0.07724 0.07724 0.07724 ( 2)  0.309
 236 F   0.17376 0.17376 0.17376 0.17376 0.07624 0.07624 0.07624 0.07624 ( 1)  0.305
 237 H   0.17797 0.17797 0.17797 0.17797 0.07203 0.07203 0.07203 0.07203 ( 2)  0.288
 238 F   0.15473 0.15473 0.15473 0.15473 0.09527 0.09527 0.09527 0.09527 ( 2)  0.381
 239 K   0.15421 0.15421 0.15421 0.15421 0.09579 0.09579 0.09579 0.09579 ( 1)  0.383
 240 N   0.17976 0.17976 0.17976 0.17976 0.07024 0.07024 0.07024 0.07024 ( 1)  0.281
 241 L   0.13790 0.13790 0.13790 0.13790 0.11210 0.11210 0.11210 0.11210 ( 2)  0.448
 242 R   0.15485 0.15485 0.15485 0.15485 0.09515 0.09515 0.09515 0.09515 ( 2)  0.381
 243 K   0.15421 0.15421 0.15421 0.15421 0.09579 0.09579 0.09579 0.09579 ( 1)  0.383
 244 A   0.16808 0.16808 0.16808 0.16808 0.08192 0.08192 0.08192 0.08192 ( 1)  0.328
 245 Y   0.15166 0.15166 0.15166 0.15166 0.09834 0.09834 0.09834 0.09834 ( 2)  0.393
 246 G   0.15023 0.15023 0.15023 0.15023 0.09977 0.09977 0.09977 0.09977 ( 2)  0.399
 247 R   0.15485 0.15485 0.15485 0.15485 0.09515 0.09515 0.09515 0.09515 ( 2)  0.381
 248 N   0.17769 0.17769 0.17769 0.17769 0.07231 0.07231 0.07231 0.07231 ( 2)  0.289
 249 E   0.15425 0.15425 0.15425 0.15425 0.09575 0.09575 0.09575 0.09575 ( 1)  0.383
 250 T   0.00000 0.00000 0.00000 0.00000 0.25000 0.25000 0.25000 0.25000 ( 6)  1.000
 251 W   0.00000 0.00000 0.00000 0.00000 0.25000 0.25000 0.25000 0.25000 ( 6)  1.000
 252 L   0.14601 0.14601 0.14601 0.14601 0.10399 0.10399 0.10399 0.10399 ( 2)  0.416
 253 C   0.17220 0.17220 0.17220 0.17220 0.07780 0.07780 0.07780 0.07780 ( 2)  0.311
 254 F   0.17376 0.17376 0.17376 0.17376 0.07624 0.07624 0.07624 0.07624 ( 1)  0.305
 255 T   0.16802 0.16802 0.16802 0.16802 0.08198 0.08198 0.08198 0.08198 ( 1)  0.328
 256 V   0.00000 0.00000 0.00000 0.00000 0.25000 0.25000 0.25000 0.25000 ( 6)  1.000
 257 E   0.15425 0.15425 0.15425 0.15425 0.09575 0.09575 0.09575 0.09575 ( 1)  0.383
 258 I   0.15317 0.15317 0.15317 0.15317 0.09683 0.09683 0.09683 0.09683 ( 2)  0.387
 259 I   0.00000 0.00000 0.00000 0.00000 0.25000 0.25000 0.25000 0.25000 ( 6)  1.000
 260 K   0.16626 0.16626 0.16626 0.16626 0.08374 0.08374 0.08374 0.08374 ( 2)  0.335
 261 H   0.00000 0.00000 0.00000 0.00000 0.25000 0.25000 0.25000 0.25000 ( 6)  1.000
 262 C   0.00000 0.00000 0.00000 0.00000 0.25000 0.25000 0.25000 0.25000 ( 6)  1.000
 263 S   0.14047 0.14047 0.14047 0.14047 0.10953 0.10953 0.10953 0.10953 ( 1)  0.438
 264 T   0.14878 0.14878 0.14878 0.14878 0.10122 0.10122 0.10122 0.10122 ( 2)  0.405
 265 V   0.16980 0.16980 0.16980 0.16980 0.08020 0.08020 0.08020 0.08020 ( 2)  0.321
 266 S   0.16744 0.16744 0.16744 0.16744 0.08256 0.08256 0.08256 0.08256 ( 2)  0.330
 267 W   0.14982 0.14982 0.14982 0.14982 0.10018 0.10018 0.10018 0.10018 ( 2)  0.401
 268 K   0.00000 0.00000 0.00000 0.00000 0.25000 0.25000 0.25000 0.25000 ( 6)  1.000
 269 R   0.00000 0.00000 0.00000 0.00000 0.25000 0.25000 0.25000 0.25000 ( 6)  1.000
 270 G   0.17047 0.17047 0.17047 0.17047 0.07953 0.07953 0.07953 0.07953 ( 1)  0.318
 271 V   0.16980 0.16980 0.16980 0.16980 0.08020 0.08020 0.08020 0.08020 ( 2)  0.321
 272 F   0.17376 0.17376 0.17376 0.17376 0.07624 0.07624 0.07624 0.07624 ( 1)  0.305
 273 R   0.13793 0.13793 0.13793 0.13793 0.11207 0.11207 0.11207 0.11207 ( 2)  0.448
 274 N   0.17976 0.17976 0.17976 0.17976 0.07024 0.07024 0.07024 0.07024 ( 1)  0.281
 275 Q   0.15458 0.15458 0.15458 0.15458 0.09542 0.09542 0.09542 0.09542 ( 2)  0.382
 276 V   0.15932 0.15932 0.15932 0.15932 0.09068 0.09068 0.09068 0.09068 ( 1)  0.363
 277 D   0.00000 0.00000 0.00000 0.00000 0.25000 0.25000 0.25000 0.25000 ( 6)  1.000
 278 P   0.14754 0.14754 0.14754 0.14754 0.10246 0.10246 0.10246 0.10246 ( 2)  0.410
 279 E   0.00000 0.00000 0.00000 0.00000 0.25000 0.25000 0.25000 0.25000 ( 6)  1.000
 280 T   0.00000 0.00000 0.00000 0.00000 0.25000 0.25000 0.25000 0.25000 ( 6)  1.000
 281 H   0.00000 0.00000 0.00000 0.00000 0.25000 0.25000 0.25000 0.25000 ( 6)  1.000
 282 C   0.15286 0.15286 0.15286 0.15286 0.09714 0.09714 0.09714 0.09714 ( 1)  0.389
 283 H   0.15751 0.15751 0.15751 0.15751 0.09249 0.09249 0.09249 0.09249 ( 1)  0.370
 284 A   0.14505 0.14505 0.14505 0.14505 0.10495 0.10495 0.10495 0.10495 ( 2)  0.420
 285 E   0.15425 0.15425 0.15425 0.15425 0.09575 0.09575 0.09575 0.09575 ( 1)  0.383
 286 R   0.00000 0.00000 0.00000 0.00000 0.25000 0.25000 0.25000 0.25000 ( 6)  1.000
 287 C   0.17220 0.17220 0.17220 0.17220 0.07780 0.07780 0.07780 0.07780 ( 2)  0.311
 288 F   0.17376 0.17376 0.17376 0.17376 0.07624 0.07624 0.07624 0.07624 ( 1)  0.305
 289 L   0.16824 0.16824 0.16824 0.16824 0.08176 0.08176 0.08176 0.08176 ( 2)  0.327
 290 S   0.15738 0.15738 0.15738 0.15738 0.09262 0.09262 0.09262 0.09262 ( 1)  0.370
 291 W   0.14982 0.14982 0.14982 0.14982 0.10018 0.10018 0.10018 0.10018 ( 2)  0.401
 292 F   0.17376 0.17376 0.17376 0.17376 0.07624 0.07624 0.07624 0.07624 ( 1)  0.305
 293 C   0.00000 0.00000 0.00000 0.00000 0.25000 0.25000 0.25000 0.25000 ( 6)  1.000
 294 E   0.00000 0.00000 0.00000 0.00000 0.25000 0.25000 0.25000 0.25000 ( 6)  1.000
 295 D   0.00000 0.00000 0.00000 0.00000 0.25000 0.25000 0.25000 0.25000 ( 6)  1.000
 296 I   0.00000 0.00000 0.00000 0.00000 0.25000 0.25000 0.25000 0.25000 ( 6)  1.000
 297 L   0.14601 0.14601 0.14601 0.14601 0.10399 0.10399 0.10399 0.10399 ( 2)  0.416
 298 S   0.14907 0.14907 0.14907 0.14907 0.10093 0.10093 0.10093 0.10093 ( 2)  0.404
 299 P   0.14754 0.14754 0.14754 0.14754 0.10246 0.10246 0.10246 0.10246 ( 2)  0.410
 300 N   0.00000 0.00000 0.00000 0.00000 0.25000 0.25000 0.25000 0.25000 ( 6)  1.000
 301 T   0.00000 0.00000 0.00000 0.00000 0.25000 0.25000 0.25000 0.25000 ( 6)  1.000
 302 N   0.00000 0.00000 0.00000 0.00000 0.25000 0.25000 0.25000 0.25000 ( 6)  1.000
 303 Y   0.17276 0.17276 0.17276 0.17276 0.07724 0.07724 0.07724 0.07724 ( 2)  0.309
 304 Q   0.00000 0.00000 0.00000 0.00000 0.25000 0.25000 0.25000 0.25000 ( 6)  1.000
 305 V   0.16980 0.16980 0.16980 0.16980 0.08020 0.08020 0.08020 0.08020 ( 2)  0.321
 306 T   0.16802 0.16802 0.16802 0.16802 0.08198 0.08198 0.08198 0.08198 ( 1)  0.328
 307 W   0.14982 0.14982 0.14982 0.14982 0.10018 0.10018 0.10018 0.10018 ( 2)  0.401
 308 Y   0.17276 0.17276 0.17276 0.17276 0.07724 0.07724 0.07724 0.07724 ( 2)  0.309
 309 T   0.14502 0.14502 0.14502 0.14502 0.10498 0.10498 0.10498 0.10498 ( 2)  0.420
 310 S   0.14844 0.14844 0.14844 0.14844 0.10156 0.10156 0.10156 0.10156 ( 2)  0.406
 311 W   0.14982 0.14982 0.14982 0.14982 0.10018 0.10018 0.10018 0.10018 ( 2)  0.401
 312 S   0.17404 0.17404 0.17404 0.17404 0.07596 0.07596 0.07596 0.07596 ( 2)  0.304
 313 P   0.14754 0.14754 0.14754 0.14754 0.10246 0.10246 0.10246 0.10246 ( 2)  0.410
 314 C   0.16971 0.16971 0.16971 0.16971 0.08029 0.08029 0.08029 0.08029 ( 2)  0.321
 315 L   0.00000 0.00000 0.00000 0.00000 0.25000 0.25000 0.25000 0.25000 ( 6)  1.000
 316 D   0.00000 0.00000 0.00000 0.00000 0.25000 0.25000 0.25000 0.25000 ( 6)  1.000
 317 C   0.15245 0.15245 0.15245 0.15245 0.09755 0.09755 0.09755 0.09755 ( 2)  0.390
 318 A   0.14505 0.14505 0.14505 0.14505 0.10495 0.10495 0.10495 0.10495 ( 2)  0.420
 319 G   0.15925 0.15925 0.15925 0.15925 0.09075 0.09075 0.09075 0.09075 ( 1)  0.363
 320 E   0.16488 0.16488 0.16488 0.16488 0.08512 0.08512 0.08512 0.08512 ( 2)  0.340
 321 V   0.15874 0.15874 0.15874 0.15874 0.09126 0.09126 0.09126 0.09126 ( 1)  0.365
 322 A   0.16512 0.16512 0.16512 0.16512 0.08488 0.08488 0.08488 0.08488 ( 1)  0.340
 323 E   0.16631 0.16631 0.16631 0.16631 0.08369 0.08369 0.08369 0.08369 ( 1)  0.335
 324 F   0.17376 0.17376 0.17376 0.17376 0.07624 0.07624 0.07624 0.07624 ( 1)  0.305
 325 L   0.14601 0.14601 0.14601 0.14601 0.10399 0.10399 0.10399 0.10399 ( 2)  0.416
 326 A   0.16808 0.16808 0.16808 0.16808 0.08192 0.08192 0.08192 0.08192 ( 1)  0.328
 327 R   0.16210 0.16210 0.16210 0.16210 0.08790 0.08790 0.08790 0.08790 ( 2)  0.352
 328 H   0.00000 0.00000 0.00000 0.00000 0.25000 0.25000 0.25000 0.25000 ( 6)  1.000
 329 S   0.15930 0.15930 0.15930 0.15930 0.09070 0.09070 0.09070 0.09070 ( 2)  0.363
 330 N   0.16427 0.16427 0.16427 0.16427 0.08573 0.08573 0.08573 0.08573 ( 1)  0.343
 331 V   0.15874 0.15874 0.15874 0.15874 0.09126 0.09126 0.09126 0.09126 ( 1)  0.365
 332 K   0.00000 0.00000 0.00000 0.00000 0.25000 0.25000 0.25000 0.25000 ( 6)  1.000
 333 L   0.16824 0.16824 0.16824 0.16824 0.08176 0.08176 0.08176 0.08176 ( 2)  0.327
 334 A   0.00000 0.00000 0.00000 0.00000 0.25000 0.25000 0.25000 0.25000 ( 6)  1.000
 335 I   0.17278 0.17278 0.17278 0.17278 0.07722 0.07722 0.07722 0.07722 ( 2)  0.309
 336 F   0.00000 0.00000 0.00000 0.00000 0.25000 0.25000 0.25000 0.25000 ( 6)  1.000
 337 A   0.00000 0.00000 0.00000 0.00000 0.25000 0.25000 0.25000 0.25000 ( 6)  1.000
 338 A   0.16808 0.16808 0.16808 0.16808 0.08192 0.08192 0.08192 0.08192 ( 1)  0.328
 339 R   0.16803 0.16803 0.16803 0.16803 0.08197 0.08197 0.08197 0.08197 ( 2)  0.328
 340 L   0.16767 0.16767 0.16767 0.16767 0.08233 0.08233 0.08233 0.08233 ( 2)  0.329
 341 Y   0.17276 0.17276 0.17276 0.17276 0.07724 0.07724 0.07724 0.07724 ( 2)  0.309
 342 Y   0.17276 0.17276 0.17276 0.17276 0.07724 0.07724 0.07724 0.07724 ( 2)  0.309
 343 F   0.17376 0.17376 0.17376 0.17376 0.07624 0.07624 0.07624 0.07624 ( 1)  0.305
 344 W   0.14982 0.14982 0.14982 0.14982 0.10018 0.10018 0.10018 0.10018 ( 2)  0.401
 345 D   0.15901 0.15901 0.15901 0.15901 0.09099 0.09099 0.09099 0.09099 ( 1)  0.364
 346 T   0.00000 0.00000 0.00000 0.00000 0.25000 0.25000 0.25000 0.25000 ( 6)  1.000
 347 D   0.00000 0.00000 0.00000 0.00000 0.25000 0.25000 0.25000 0.25000 ( 6)  1.000
 348 Y   0.17276 0.17276 0.17276 0.17276 0.07724 0.07724 0.07724 0.07724 ( 2)  0.309
 349 Q   0.15458 0.15458 0.15458 0.15458 0.09542 0.09542 0.09542 0.09542 ( 2)  0.382
 350 Q   0.00000 0.00000 0.00000 0.00000 0.25000 0.25000 0.25000 0.25000 ( 6)  1.000
 351 G   0.15925 0.15925 0.15925 0.15925 0.09075 0.09075 0.09075 0.09075 ( 1)  0.363
 352 L   0.16824 0.16824 0.16824 0.16824 0.08176 0.08176 0.08176 0.08176 ( 2)  0.327
 353 R   0.16803 0.16803 0.16803 0.16803 0.08197 0.08197 0.08197 0.08197 ( 2)  0.328
 354 S   0.17404 0.17404 0.17404 0.17404 0.07596 0.07596 0.07596 0.07596 ( 2)  0.304
 355 L   0.14499 0.14499 0.14499 0.14499 0.10501 0.10501 0.10501 0.10501 ( 2)  0.420
 356 S   0.15424 0.15424 0.15424 0.15424 0.09576 0.09576 0.09576 0.09576 ( 2)  0.383
 357 E   0.16631 0.16631 0.16631 0.16631 0.08369 0.08369 0.08369 0.08369 ( 1)  0.335
 358 E   0.00000 0.00000 0.00000 0.00000 0.25000 0.25000 0.25000 0.25000 ( 6)  1.000
 359 G   0.15925 0.15925 0.15925 0.15925 0.09075 0.09075 0.09075 0.09075 ( 1)  0.363
 360 A   0.16808 0.16808 0.16808 0.16808 0.08192 0.08192 0.08192 0.08192 ( 1)  0.328
 361 S   0.16744 0.16744 0.16744 0.16744 0.08256 0.08256 0.08256 0.08256 ( 2)  0.330
 362 V   0.00000 0.00000 0.00000 0.00000 0.25000 0.25000 0.25000 0.25000 ( 6)  1.000
 363 E   0.00000 0.00000 0.00000 0.00000 0.25000 0.25000 0.25000 0.25000 ( 6)  1.000
 364 I   0.17278 0.17278 0.17278 0.17278 0.07722 0.07722 0.07722 0.07722 ( 2)  0.309
 365 M   0.17167 0.17167 0.17167 0.17167 0.07833 0.07833 0.07833 0.07833 ( 2)  0.313
 366 G   0.00000 0.00000 0.00000 0.00000 0.25000 0.25000 0.25000 0.25000 ( 6)  1.000
 367 Y   0.00000 0.00000 0.00000 0.00000 0.25000 0.25000 0.25000 0.25000 ( 6)  1.000
 368 E   0.00000 0.00000 0.00000 0.00000 0.25000 0.25000 0.25000 0.25000 ( 6)  1.000
 369 D   0.15901 0.15901 0.15901 0.15901 0.09099 0.09099 0.09099 0.09099 ( 1)  0.364
 370 F   0.15473 0.15473 0.15473 0.15473 0.09527 0.09527 0.09527 0.09527 ( 2)  0.381
 371 K   0.15420 0.15420 0.15420 0.15420 0.09580 0.09580 0.09580 0.09580 ( 1)  0.383
 372 Y   0.15166 0.15166 0.15166 0.15166 0.09834 0.09834 0.09834 0.09834 ( 1)  0.393
 373 C   0.15245 0.15245 0.15245 0.15245 0.09755 0.09755 0.09755 0.09755 ( 2)  0.390
 374 W   0.14982 0.14982 0.14982 0.14982 0.10018 0.10018 0.10018 0.10018 ( 2)  0.401
 375 E   0.15425 0.15425 0.15425 0.15425 0.09575 0.09575 0.09575 0.09575 ( 1)  0.383
 376 N   0.17976 0.17976 0.17976 0.17976 0.07024 0.07024 0.07024 0.07024 ( 1)  0.281
 377 F   0.15473 0.15473 0.15473 0.15473 0.09527 0.09527 0.09527 0.09527 ( 2)  0.381
 378 V   0.15874 0.15874 0.15874 0.15874 0.09126 0.09126 0.09126 0.09126 ( 1)  0.365
 379 Y   0.17276 0.17276 0.17276 0.17276 0.07724 0.07724 0.07724 0.07724 ( 2)  0.309
 380 N   0.15961 0.15961 0.15961 0.15961 0.09039 0.09039 0.09039 0.09039 ( 1)  0.362
 381 G   0.15023 0.15023 0.15023 0.15023 0.09977 0.09977 0.09977 0.09977 ( 2)  0.399
 382 D   0.15901 0.15901 0.15901 0.15901 0.09099 0.09099 0.09099 0.09099 ( 1)  0.364
 383 E   0.16630 0.16630 0.16630 0.16630 0.08370 0.08370 0.08370 0.08370 ( 1)  0.335
 384 P   0.00000 0.00000 0.00000 0.00000 0.25000 0.25000 0.25000 0.25000 ( 6)  1.000
 385 F   0.17376 0.17376 0.17376 0.17376 0.07624 0.07624 0.07624 0.07624 ( 2)  0.305
 386 K   0.16626 0.16626 0.16626 0.16626 0.08374 0.08374 0.08374 0.08374 ( 2)  0.335
 387 P   0.14754 0.14754 0.14754 0.14754 0.10246 0.10246 0.10246 0.10246 ( 2)  0.410
 388 W   0.14982 0.14982 0.14982 0.14982 0.10018 0.10018 0.10018 0.10018 ( 2)  0.401
 389 K   0.16626 0.16626 0.16626 0.16626 0.08374 0.08374 0.08374 0.08374 ( 2)  0.335
 390 G   0.14465 0.14465 0.14465 0.14465 0.10535 0.10535 0.10535 0.10535 ( 1)  0.421
 391 L   0.13790 0.13790 0.13790 0.13790 0.11210 0.11210 0.11210 0.11210 ( 2)  0.448
 392 K   0.15420 0.15420 0.15420 0.15420 0.09580 0.09580 0.09580 0.09580 ( 1)  0.383
 393 Y   0.17276 0.17276 0.17276 0.17276 0.07724 0.07724 0.07724 0.07724 ( 2)  0.309
 394 N   0.17976 0.17976 0.17976 0.17976 0.07024 0.07024 0.07024 0.07024 ( 1)  0.281
 395 F   0.15473 0.15473 0.15473 0.15473 0.09527 0.09527 0.09527 0.09527 ( 2)  0.381
 396 L   0.13790 0.13790 0.13790 0.13790 0.11210 0.11210 0.11210 0.11210 ( 2)  0.448
 397 F   0.17376 0.17376 0.17376 0.17376 0.07624 0.07624 0.07624 0.07624 ( 2)  0.305
 398 L   0.14601 0.14601 0.14601 0.14601 0.10399 0.10399 0.10399 0.10399 ( 2)  0.416
 399 D   0.17979 0.17979 0.17979 0.17979 0.07021 0.07021 0.07021 0.07021 ( 1)  0.281
 400 S   0.17403 0.17403 0.17403 0.17403 0.07597 0.07597 0.07597 0.07597 ( 2)  0.304
 401 K   0.16320 0.16320 0.16320 0.16320 0.08680 0.08680 0.08680 0.08680 ( 1)  0.347
 402 L   0.14601 0.14601 0.14601 0.14601 0.10399 0.10399 0.10399 0.10399 ( 2)  0.416
 403 Q   0.15458 0.15458 0.15458 0.15458 0.09542 0.09542 0.09542 0.09542 ( 2)  0.382
 404 E   0.16630 0.16630 0.16630 0.16630 0.08370 0.08370 0.08370 0.08370 ( 1)  0.335
 405 I   0.15317 0.15317 0.15317 0.15317 0.09683 0.09683 0.09683 0.09683 ( 2)  0.387
 406 L   0.16758 0.16758 0.16758 0.16758 0.08242 0.08242 0.08242 0.08242 ( 2)  0.330
 407 E   0.16627 0.16627 0.16627 0.16627 0.08373 0.08373 0.08373 0.08373 ( 2)  0.335
 408 -   0.12662 0.12662 0.12662 0.12662 0.12338 0.12338 0.12338 0.12338 ( 1)  0.494
 409 -   0.12500 0.12500 0.12500 0.12500 0.12500 0.12500 0.12500 0.12500 ( 1)  0.500
 410 -   0.12500 0.12500 0.12500 0.12500 0.12500 0.12500 0.12500 0.12500 ( 1)  0.500
 411 -   0.12500 0.12500 0.12500 0.12500 0.12500 0.12500 0.12500 0.12500 ( 6)  0.500
 412 -   0.12500 0.12500 0.12500 0.12500 0.12500 0.12500 0.12500 0.12500 ( 1)  0.500
 413 -   0.12500 0.12500 0.12500 0.12500 0.12500 0.12500 0.12500 0.12500 ( 6)  0.500
 414 -   0.12500 0.12500 0.12500 0.12500 0.12500 0.12500 0.12500 0.12500 ( 6)  0.500
 415 -   0.12500 0.12500 0.12500 0.12500 0.12500 0.12500 0.12500 0.12500 ( 1)  0.500
 416 -   0.12500 0.12500 0.12500 0.12500 0.12500 0.12500 0.12500 0.12500 ( 1)  0.500
 417 -   0.12500 0.12500 0.12500 0.12500 0.12500 0.12500 0.12500 0.12500 ( 6)  0.500
 418 -   0.12500 0.12500 0.12500 0.12500 0.12500 0.12500 0.12500 0.12500 ( 6)  0.500
 419 -   0.12500 0.12500 0.12500 0.12500 0.12500 0.12500 0.12500 0.12500 ( 2)  0.500
 420 -   0.12500 0.12500 0.12500 0.12500 0.12500 0.12500 0.12500 0.12500 ( 2)  0.500
 421 -   0.12500 0.12500 0.12500 0.12500 0.12500 0.12500 0.12500 0.12500 ( 1)  0.500
 422 -   0.12500 0.12500 0.12500 0.12500 0.12500 0.12500 0.12500 0.12500 ( 6)  0.500
 423 -   0.12500 0.12500 0.12500 0.12500 0.12500 0.12500 0.12500 0.12500 ( 2)  0.500
 424 -   0.12500 0.12500 0.12500 0.12500 0.12500 0.12500 0.12500 0.12500 ( 6)  0.500
 425 -   0.12500 0.12500 0.12500 0.12500 0.12500 0.12500 0.12500 0.12500 ( 2)  0.500
 426 -   0.12500 0.12500 0.12500 0.12500 0.12500 0.12500 0.12500 0.12500 ( 2)  0.500
 427 -   0.12500 0.12500 0.12500 0.12500 0.12500 0.12500 0.12500 0.12500 ( 6)  0.500
 428 -   0.12500 0.12500 0.12500 0.12500 0.12500 0.12500 0.12500 0.12500 ( 1)  0.500
 429 -   0.12500 0.12500 0.12500 0.12500 0.12500 0.12500 0.12500 0.12500 ( 6)  0.500
 430 -   0.12500 0.12500 0.12500 0.12500 0.12500 0.12500 0.12500 0.12500 ( 2)  0.500
 431 -   0.12500 0.12500 0.12500 0.12500 0.12500 0.12500 0.12500 0.12500 ( 6)  0.500
 432 -   0.12500 0.12500 0.12500 0.12500 0.12500 0.12500 0.12500 0.12500 ( 1)  0.500
 433 -   0.12500 0.12500 0.12500 0.12500 0.12500 0.12500 0.12500 0.12500 ( 2)  0.500
 434 -   0.12500 0.12500 0.12500 0.12500 0.12500 0.12500 0.12500 0.12500 ( 1)  0.500
 435 -   0.12500 0.12500 0.12500 0.12500 0.12500 0.12500 0.12500 0.12500 ( 6)  0.500
 436 -   0.12500 0.12500 0.12500 0.12500 0.12500 0.12500 0.12500 0.12500 ( 2)  0.500
 437 -   0.12500 0.12500 0.12500 0.12500 0.12500 0.12500 0.12500 0.12500 ( 2)  0.500
 438 -   0.12500 0.12500 0.12500 0.12500 0.12500 0.12500 0.12500 0.12500 ( 6)  0.500
 439 -   0.12500 0.12500 0.12500 0.12500 0.12500 0.12500 0.12500 0.12500 ( 2)  0.500
 440 -   0.12500 0.12500 0.12500 0.12500 0.12500 0.12500 0.12500 0.12500 ( 2)  0.500
 441 -   0.12500 0.12500 0.12500 0.12500 0.12500 0.12500 0.12500 0.12500 ( 6)  0.500
 442 -   0.12500 0.12500 0.12500 0.12500 0.12500 0.12500 0.12500 0.12500 ( 1)  0.500
 443 -   0.12500 0.12500 0.12500 0.12500 0.12500 0.12500 0.12500 0.12500 ( 1)  0.500
 444 -   0.12500 0.12500 0.12500 0.12500 0.12500 0.12500 0.12500 0.12500 ( 1)  0.500
 445 -   0.12500 0.12500 0.12500 0.12500 0.12500 0.12500 0.12500 0.12500 ( 1)  0.500
 446 -   0.12500 0.12500 0.12500 0.12500 0.12500 0.12500 0.12500 0.12500 ( 1)  0.500
 447 -   0.12500 0.12500 0.12500 0.12500 0.12500 0.12500 0.12500 0.12500 ( 1)  0.500
 448 -   0.12500 0.12500 0.12500 0.12500 0.12500 0.12500 0.12500 0.12500 ( 2)  0.500
 449 -   0.12500 0.12500 0.12500 0.12500 0.12500 0.12500 0.12500 0.12500 ( 1)  0.500
 450 -   0.12500 0.12500 0.12500 0.12500 0.12500 0.12500 0.12500 0.12500 ( 1)  0.500
 451 -   0.12500 0.12500 0.12500 0.12500 0.12500 0.12500 0.12500 0.12500 ( 1)  0.500
 452 -   0.12500 0.12500 0.12500 0.12500 0.12500 0.12500 0.12500 0.12500 ( 2)  0.500
 453 -   0.12500 0.12500 0.12500 0.12500 0.12500 0.12500 0.12500 0.12500 ( 2)  0.500
 454 -   0.12500 0.12500 0.12500 0.12500 0.12500 0.12500 0.12500 0.12500 ( 1)  0.500
 455 -   0.12500 0.12500 0.12500 0.12500 0.12500 0.12500 0.12500 0.12500 ( 2)  0.500
 456 -   0.12500 0.12500 0.12500 0.12500 0.12500 0.12500 0.12500 0.12500 ( 2)  0.500
 457 -   0.12500 0.12500 0.12500 0.12500 0.12500 0.12500 0.12500 0.12500 ( 2)  0.500
 458 -   0.12500 0.12500 0.12500 0.12500 0.12500 0.12500 0.12500 0.12500 ( 2)  0.500
 459 -   0.12500 0.12500 0.12500 0.12500 0.12500 0.12500 0.12500 0.12500 ( 2)  0.500
 460 -   0.12500 0.12500 0.12500 0.12500 0.12500 0.12500 0.12500 0.12500 ( 2)  0.500
 461 -   0.12500 0.12500 0.12500 0.12500 0.12500 0.12500 0.12500 0.12500 ( 1)  0.500
 462 -   0.12500 0.12500 0.12500 0.12500 0.12500 0.12500 0.12500 0.12500 ( 1)  0.500
 463 -   0.12500 0.12500 0.12500 0.12500 0.12500 0.12500 0.12500 0.12500 ( 1)  0.500
 464 -   0.12500 0.12500 0.12500 0.12500 0.12500 0.12500 0.12500 0.12500 ( 2)  0.500
 465 -   0.12500 0.12500 0.12500 0.12500 0.12500 0.12500 0.12500 0.12500 ( 2)  0.500
 466 -   0.12500 0.12500 0.12500 0.12500 0.12500 0.12500 0.12500 0.12500 ( 2)  0.500
 467 -   0.12500 0.12500 0.12500 0.12500 0.12500 0.12500 0.12500 0.12500 ( 1)  0.500
 468 -   0.12500 0.12500 0.12500 0.12500 0.12500 0.12500 0.12500 0.12500 ( 2)  0.500
 469 -   0.12500 0.12500 0.12500 0.12500 0.12500 0.12500 0.12500 0.12500 ( 2)  0.500
 470 -   0.12500 0.12500 0.12500 0.12500 0.12500 0.12500 0.12500 0.12500 ( 2)  0.500
 471 -   0.12500 0.12500 0.12500 0.12500 0.12500 0.12500 0.12500 0.12500 ( 1)  0.500
 472 -   0.12500 0.12500 0.12500 0.12500 0.12500 0.12500 0.12500 0.12500 ( 2)  0.500
 473 -   0.12500 0.12500 0.12500 0.12500 0.12500 0.12500 0.12500 0.12500 ( 2)  0.500
 474 -   0.12500 0.12500 0.12500 0.12500 0.12500 0.12500 0.12500 0.12500 ( 1)  0.500
 475 -   0.12500 0.12500 0.12500 0.12500 0.12500 0.12500 0.12500 0.12500 ( 1)  0.500
 476 -   0.12500 0.12500 0.12500 0.12500 0.12500 0.12500 0.12500 0.12500 ( 2)  0.500
 477 -   0.12500 0.12500 0.12500 0.12500 0.12500 0.12500 0.12500 0.12500 ( 2)  0.500
 478 -   0.12500 0.12500 0.12500 0.12500 0.12500 0.12500 0.12500 0.12500 ( 1)  0.500
 479 -   0.12639 0.12639 0.12639 0.12639 0.12361 0.12361 0.12361 0.12361 ( 2)  0.494
 480 -   0.12676 0.12676 0.12676 0.12676 0.12324 0.12324 0.12324 0.12324 ( 2)  0.493
 481 -   0.12633 0.12633 0.12633 0.12633 0.12367 0.12367 0.12367 0.12367 ( 2)  0.495
 482 -   0.12500 0.12500 0.12500 0.12500 0.12500 0.12500 0.12500 0.12500 ( 2)  0.500
 483 -   0.12500 0.12500 0.12500 0.12500 0.12500 0.12500 0.12500 0.12500 ( 2)  0.500
 484 -   0.12500 0.12500 0.12500 0.12500 0.12500 0.12500 0.12500 0.12500 ( 2)  0.500
 485 -   0.12500 0.12500 0.12500 0.12500 0.12500 0.12500 0.12500 0.12500 ( 4)  0.500
 486 -   0.12500 0.12500 0.12500 0.12500 0.12500 0.12500 0.12500 0.12500 ( 4)  0.500
 487 -   0.12500 0.12500 0.12500 0.12500 0.12500 0.12500 0.12500 0.12500 ( 2)  0.500
 488 -   0.12500 0.12500 0.12500 0.12500 0.12500 0.12500 0.12500 0.12500 ( 1)  0.500
 489 -   0.12500 0.12500 0.12500 0.12500 0.12500 0.12500 0.12500 0.12500 ( 2)  0.500
 490 -   0.12500 0.12500 0.12500 0.12500 0.12500 0.12500 0.12500 0.12500 ( 6)  0.500
 491 -   0.12500 0.12500 0.12500 0.12500 0.12500 0.12500 0.12500 0.12500 ( 2)  0.500
 492 -   0.12500 0.12500 0.12500 0.12500 0.12500 0.12500 0.12500 0.12500 ( 2)  0.500
 493 -   0.12500 0.12500 0.12500 0.12500 0.12500 0.12500 0.12500 0.12500 ( 6)  0.500
 494 -   0.12500 0.12500 0.12500 0.12500 0.12500 0.12500 0.12500 0.12500 ( 6)  0.500
 495 -   0.12500 0.12500 0.12500 0.12500 0.12500 0.12500 0.12500 0.12500 ( 4)  0.500
 496 -   0.12500 0.12500 0.12500 0.12500 0.12500 0.12500 0.12500 0.12500 ( 6)  0.500
 497 -   0.12500 0.12500 0.12500 0.12500 0.12500 0.12500 0.12500 0.12500 ( 2)  0.500
 498 -   0.12500 0.12500 0.12500 0.12500 0.12500 0.12500 0.12500 0.12500 ( 1)  0.500
 499 -   0.12500 0.12500 0.12500 0.12500 0.12500 0.12500 0.12500 0.12500 ( 2)  0.500
 500 -   0.12500 0.12500 0.12500 0.12500 0.12500 0.12500 0.12500 0.12500 ( 2)  0.500
 501 -   0.12500 0.12500 0.12500 0.12500 0.12500 0.12500 0.12500 0.12500 ( 2)  0.500
 502 -   0.12500 0.12500 0.12500 0.12500 0.12500 0.12500 0.12500 0.12500 ( 2)  0.500
 503 -   0.12500 0.12500 0.12500 0.12500 0.12500 0.12500 0.12500 0.12500 ( 2)  0.500
 504 -   0.12500 0.12500 0.12500 0.12500 0.12500 0.12500 0.12500 0.12500 ( 1)  0.500
 505 -   0.12500 0.12500 0.12500 0.12500 0.12500 0.12500 0.12500 0.12500 ( 6)  0.500
 506 -   0.12500 0.12500 0.12500 0.12500 0.12500 0.12500 0.12500 0.12500 ( 6)  0.500
 507 -   0.12500 0.12500 0.12500 0.12500 0.12500 0.12500 0.12500 0.12500 ( 2)  0.500
 508 -   0.12500 0.12500 0.12500 0.12500 0.12500 0.12500 0.12500 0.12500 ( 2)  0.500
 509 -   0.12500 0.12500 0.12500 0.12500 0.12500 0.12500 0.12500 0.12500 ( 6)  0.500
 510 -   0.12500 0.12500 0.12500 0.12500 0.12500 0.12500 0.12500 0.12500 ( 4)  0.500
 511 -   0.12500 0.12500 0.12500 0.12500 0.12500 0.12500 0.12500 0.12500 ( 1)  0.500
 512 -   0.12500 0.12500 0.12500 0.12500 0.12500 0.12500 0.12500 0.12500 ( 6)  0.500
 513 -   0.12500 0.12500 0.12500 0.12500 0.12500 0.12500 0.12500 0.12500 ( 2)  0.500
 514 -   0.12500 0.12500 0.12500 0.12500 0.12500 0.12500 0.12500 0.12500 ( 6)  0.500
 515 -   0.12500 0.12500 0.12500 0.12500 0.12500 0.12500 0.12500 0.12500 ( 1)  0.500
 516 -   0.12500 0.12500 0.12500 0.12500 0.12500 0.12500 0.12500 0.12500 ( 1)  0.500
 517 -   0.12500 0.12500 0.12500 0.12500 0.12500 0.12500 0.12500 0.12500 ( 2)  0.500
 518 -   0.12500 0.12500 0.12500 0.12500 0.12500 0.12500 0.12500 0.12500 ( 2)  0.500
 519 -   0.12500 0.12500 0.12500 0.12500 0.12500 0.12500 0.12500 0.12500 ( 2)  0.500
 520 -   0.12500 0.12500 0.12500 0.12500 0.12500 0.12500 0.12500 0.12500 ( 2)  0.500
 521 -   0.12500 0.12500 0.12500 0.12500 0.12500 0.12500 0.12500 0.12500 ( 4)  0.500
 522 -   0.12500 0.12500 0.12500 0.12500 0.12500 0.12500 0.12500 0.12500 ( 2)  0.500
 523 -   0.12500 0.12500 0.12500 0.12500 0.12500 0.12500 0.12500 0.12500 ( 2)  0.500
 524 -   0.12500 0.12500 0.12500 0.12500 0.12500 0.12500 0.12500 0.12500 ( 2)  0.500
 525 -   0.12500 0.12500 0.12500 0.12500 0.12500 0.12500 0.12500 0.12500 ( 2)  0.500
 526 -   0.12500 0.12500 0.12500 0.12500 0.12500 0.12500 0.12500 0.12500 ( 2)  0.500
 527 -   0.12500 0.12500 0.12500 0.12500 0.12500 0.12500 0.12500 0.12500 ( 4)  0.500
 528 -   0.12500 0.12500 0.12500 0.12500 0.12500 0.12500 0.12500 0.12500 ( 4)  0.500
 529 -   0.12500 0.12500 0.12500 0.12500 0.12500 0.12500 0.12500 0.12500 ( 1)  0.500
 530 -   0.12500 0.12500 0.12500 0.12500 0.12500 0.12500 0.12500 0.12500 ( 2)  0.500
 531 -   0.12500 0.12500 0.12500 0.12500 0.12500 0.12500 0.12500 0.12500 ( 1)  0.500
 532 -   0.12500 0.12500 0.12500 0.12500 0.12500 0.12500 0.12500 0.12500 ( 2)  0.500
 533 -   0.12500 0.12500 0.12500 0.12500 0.12500 0.12500 0.12500 0.12500 ( 2)  0.500
 534 -   0.12500 0.12500 0.12500 0.12500 0.12500 0.12500 0.12500 0.12500 ( 1)  0.500
 535 -   0.12500 0.12500 0.12500 0.12500 0.12500 0.12500 0.12500 0.12500 ( 2)  0.500
 536 -   0.12500 0.12500 0.12500 0.12500 0.12500 0.12500 0.12500 0.12500 ( 1)  0.500
 537 -   0.12500 0.12500 0.12500 0.12500 0.12500 0.12500 0.12500 0.12500 ( 1)  0.500
 538 -   0.12500 0.12500 0.12500 0.12500 0.12500 0.12500 0.12500 0.12500 ( 2)  0.500
 539 -   0.12500 0.12500 0.12500 0.12500 0.12500 0.12500 0.12500 0.12500 ( 1)  0.500
 540 -   0.12500 0.12500 0.12500 0.12500 0.12500 0.12500 0.12500 0.12500 ( 2)  0.500
 541 -   0.12500 0.12500 0.12500 0.12500 0.12500 0.12500 0.12500 0.12500 ( 2)  0.500
 542 -   0.12500 0.12500 0.12500 0.12500 0.12500 0.12500 0.12500 0.12500 ( 2)  0.500
 543 -   0.12500 0.12500 0.12500 0.12500 0.12500 0.12500 0.12500 0.12500 ( 2)  0.500
 544 -   0.12500 0.12500 0.12500 0.12500 0.12500 0.12500 0.12500 0.12500 ( 2)  0.500
 545 -   0.12822 0.12822 0.12822 0.12822 0.12178 0.12178 0.12178 0.12178 ( 2)  0.487
 546 -   0.00000 0.00000 0.00000 0.00000 0.25000 0.25000 0.25000 0.25000 ( 6)  1.000
 547 -   0.12662 0.12662 0.12662 0.12662 0.12338 0.12338 0.12338 0.12338 ( 1)  0.494
 548 -   0.12500 0.12500 0.12500 0.12500 0.12500 0.12500 0.12500 0.12500 ( 2)  0.500
 549 -   0.12500 0.12500 0.12500 0.12500 0.12500 0.12500 0.12500 0.12500 ( 2)  0.500
 550 -   0.12500 0.12500 0.12500 0.12500 0.12500 0.12500 0.12500 0.12500 ( 2)  0.500
 551 -   0.12500 0.12500 0.12500 0.12500 0.12500 0.12500 0.12500 0.12500 ( 1)  0.500
 552 -   0.12500 0.12500 0.12500 0.12500 0.12500 0.12500 0.12500 0.12500 ( 1)  0.500
 553 -   0.12500 0.12500 0.12500 0.12500 0.12500 0.12500 0.12500 0.12500 ( 1)  0.500
 554 -   0.12500 0.12500 0.12500 0.12500 0.12500 0.12500 0.12500 0.12500 ( 2)  0.500
 555 -   0.12500 0.12500 0.12500 0.12500 0.12500 0.12500 0.12500 0.12500 ( 6)  0.500
 556 -   0.12500 0.12500 0.12500 0.12500 0.12500 0.12500 0.12500 0.12500 ( 2)  0.500
 557 -   0.12500 0.12500 0.12500 0.12500 0.12500 0.12500 0.12500 0.12500 ( 6)  0.500
 558 -   0.12500 0.12500 0.12500 0.12500 0.12500 0.12500 0.12500 0.12500 ( 2)  0.500
 559 -   0.12500 0.12500 0.12500 0.12500 0.12500 0.12500 0.12500 0.12500 ( 1)  0.500
 560 -   0.12500 0.12500 0.12500 0.12500 0.12500 0.12500 0.12500 0.12500 ( 2)  0.500
 561 -   0.12500 0.12500 0.12500 0.12500 0.12500 0.12500 0.12500 0.12500 ( 6)  0.500
 562 -   0.12500 0.12500 0.12500 0.12500 0.12500 0.12500 0.12500 0.12500 ( 1)  0.500
 563 -   0.12500 0.12500 0.12500 0.12500 0.12500 0.12500 0.12500 0.12500 ( 1)  0.500
 564 -   0.12500 0.12500 0.12500 0.12500 0.12500 0.12500 0.12500 0.12500 ( 1)  0.500
 565 -   0.12500 0.12500 0.12500 0.12500 0.12500 0.12500 0.12500 0.12500 ( 6)  0.500
 566 -   0.12500 0.12500 0.12500 0.12500 0.12500 0.12500 0.12500 0.12500 ( 6)  0.500
 567 -   0.12500 0.12500 0.12500 0.12500 0.12500 0.12500 0.12500 0.12500 ( 2)  0.500
 568 -   0.12500 0.12500 0.12500 0.12500 0.12500 0.12500 0.12500 0.12500 ( 1)  0.500
 569 -   0.12500 0.12500 0.12500 0.12500 0.12500 0.12500 0.12500 0.12500 ( 2)  0.500
 570 -   0.12500 0.12500 0.12500 0.12500 0.12500 0.12500 0.12500 0.12500 ( 2)  0.500
 571 -   0.12500 0.12500 0.12500 0.12500 0.12500 0.12500 0.12500 0.12500 ( 1)  0.500
 572 -   0.12500 0.12500 0.12500 0.12500 0.12500 0.12500 0.12500 0.12500 ( 2)  0.500
 573 -   0.12500 0.12500 0.12500 0.12500 0.12500 0.12500 0.12500 0.12500 ( 6)  0.500
 574 -   0.12500 0.12500 0.12500 0.12500 0.12500 0.12500 0.12500 0.12500 ( 2)  0.500
 575 -   0.12500 0.12500 0.12500 0.12500 0.12500 0.12500 0.12500 0.12500 ( 6)  0.500
 576 -   0.12500 0.12500 0.12500 0.12500 0.12500 0.12500 0.12500 0.12500 ( 2)  0.500
 577 -   0.12500 0.12500 0.12500 0.12500 0.12500 0.12500 0.12500 0.12500 ( 2)  0.500
 578 -   0.12500 0.12500 0.12500 0.12500 0.12500 0.12500 0.12500 0.12500 ( 6)  0.500
 579 -   0.12500 0.12500 0.12500 0.12500 0.12500 0.12500 0.12500 0.12500 ( 2)  0.500
 580 -   0.12500 0.12500 0.12500 0.12500 0.12500 0.12500 0.12500 0.12500 ( 1)  0.500
 581 -   0.12500 0.12500 0.12500 0.12500 0.12500 0.12500 0.12500 0.12500 ( 2)  0.500
 582 -   0.12500 0.12500 0.12500 0.12500 0.12500 0.12500 0.12500 0.12500 ( 2)  0.500
 583 -   0.12500 0.12500 0.12500 0.12500 0.12500 0.12500 0.12500 0.12500 ( 1)  0.500
 584 -   0.12500 0.12500 0.12500 0.12500 0.12500 0.12500 0.12500 0.12500 ( 6)  0.500
 585 -   0.12500 0.12500 0.12500 0.12500 0.12500 0.12500 0.12500 0.12500 ( 6)  0.500
 586 -   0.12500 0.12500 0.12500 0.12500 0.12500 0.12500 0.12500 0.12500 ( 1)  0.500
 587 -   0.12500 0.12500 0.12500 0.12500 0.12500 0.12500 0.12500 0.12500 ( 1)  0.500
 588 -   0.12500 0.12500 0.12500 0.12500 0.12500 0.12500 0.12500 0.12500 ( 2)  0.500
 589 -   0.12500 0.12500 0.12500 0.12500 0.12500 0.12500 0.12500 0.12500 ( 6)  0.500
 590 -   0.12500 0.12500 0.12500 0.12500 0.12500 0.12500 0.12500 0.12500 ( 2)  0.500
 591 -   0.12500 0.12500 0.12500 0.12500 0.12500 0.12500 0.12500 0.12500 ( 2)  0.500
 592 -   0.12500 0.12500 0.12500 0.12500 0.12500 0.12500 0.12500 0.12500 ( 2)  0.500
 593 -   0.12500 0.12500 0.12500 0.12500 0.12500 0.12500 0.12500 0.12500 ( 2)  0.500
 594 -   0.12500 0.12500 0.12500 0.12500 0.12500 0.12500 0.12500 0.12500 ( 1)  0.500
 595 -   0.12500 0.12500 0.12500 0.12500 0.12500 0.12500 0.12500 0.12500 ( 1)  0.500
 596 -   0.12500 0.12500 0.12500 0.12500 0.12500 0.12500 0.12500 0.12500 ( 6)  0.500
 597 -   0.12500 0.12500 0.12500 0.12500 0.12500 0.12500 0.12500 0.12500 ( 1)  0.500
 598 -   0.12500 0.12500 0.12500 0.12500 0.12500 0.12500 0.12500 0.12500 ( 2)  0.500
 599 -   0.12500 0.12500 0.12500 0.12500 0.12500 0.12500 0.12500 0.12500 ( 1)  0.500
 600 -   0.12500 0.12500 0.12500 0.12500 0.12500 0.12500 0.12500 0.12500 ( 1)  0.500
 601 -   0.12500 0.12500 0.12500 0.12500 0.12500 0.12500 0.12500 0.12500 ( 2)  0.500
 602 -   0.12500 0.12500 0.12500 0.12500 0.12500 0.12500 0.12500 0.12500 ( 2)  0.500
 603 -   0.12500 0.12500 0.12500 0.12500 0.12500 0.12500 0.12500 0.12500 ( 2)  0.500
 604 -   0.12500 0.12500 0.12500 0.12500 0.12500 0.12500 0.12500 0.12500 ( 2)  0.500
 605 -   0.12500 0.12500 0.12500 0.12500 0.12500 0.12500 0.12500 0.12500 ( 2)  0.500
 606 -   0.12500 0.12500 0.12500 0.12500 0.12500 0.12500 0.12500 0.12500 ( 1)  0.500
 607 -   0.12500 0.12500 0.12500 0.12500 0.12500 0.12500 0.12500 0.12500 ( 2)  0.500
 608 -   0.12500 0.12500 0.12500 0.12500 0.12500 0.12500 0.12500 0.12500 ( 1)  0.500
 609 -   0.12500 0.12500 0.12500 0.12500 0.12500 0.12500 0.12500 0.12500 ( 1)  0.500
 610 -   0.12500 0.12500 0.12500 0.12500 0.12500 0.12500 0.12500 0.12500 ( 1)  0.500
 611 -   0.12500 0.12500 0.12500 0.12500 0.12500 0.12500 0.12500 0.12500 ( 1)  0.500
 612 -   0.12500 0.12500 0.12500 0.12500 0.12500 0.12500 0.12500 0.12500 ( 2)  0.500
 613 -   0.12500 0.12500 0.12500 0.12500 0.12500 0.12500 0.12500 0.12500 ( 1)  0.500
 614 -   0.12500 0.12500 0.12500 0.12500 0.12500 0.12500 0.12500 0.12500 ( 2)  0.500
 615 -   0.12500 0.12500 0.12500 0.12500 0.12500 0.12500 0.12500 0.12500 ( 2)  0.500
 616 -   0.12500 0.12500 0.12500 0.12500 0.12500 0.12500 0.12500 0.12500 ( 2)  0.500
 617 -   0.12500 0.12500 0.12500 0.12500 0.12500 0.12500 0.12500 0.12500 ( 1)  0.500
 618 -   0.12500 0.12500 0.12500 0.12500 0.12500 0.12500 0.12500 0.12500 ( 1)  0.500
 619 -   0.12500 0.12500 0.12500 0.12500 0.12500 0.12500 0.12500 0.12500 ( 2)  0.500
 620 -   0.12500 0.12500 0.12500 0.12500 0.12500 0.12500 0.12500 0.12500 ( 1)  0.500
 621 -   0.12500 0.12500 0.12500 0.12500 0.12500 0.12500 0.12500 0.12500 ( 2)  0.500
 622 -   0.12500 0.12500 0.12500 0.12500 0.12500 0.12500 0.12500 0.12500 ( 2)  0.500
 623 -   0.12500 0.12500 0.12500 0.12500 0.12500 0.12500 0.12500 0.12500 ( 4)  0.500
 624 -   0.12500 0.12500 0.12500 0.12500 0.12500 0.12500 0.12500 0.12500 ( 2)  0.500
 625 -   0.12500 0.12500 0.12500 0.12500 0.12500 0.12500 0.12500 0.12500 ( 1)  0.500
 626 -   0.12500 0.12500 0.12500 0.12500 0.12500 0.12500 0.12500 0.12500 ( 1)  0.500
 627 -   0.12500 0.12500 0.12500 0.12500 0.12500 0.12500 0.12500 0.12500 ( 2)  0.500
 628 -   0.12500 0.12500 0.12500 0.12500 0.12500 0.12500 0.12500 0.12500 ( 2)  0.500
 629 -   0.12500 0.12500 0.12500 0.12500 0.12500 0.12500 0.12500 0.12500 ( 1)  0.500
 630 -   0.12500 0.12500 0.12500 0.12500 0.12500 0.12500 0.12500 0.12500 ( 2)  0.500
 631 -   0.12500 0.12500 0.12500 0.12500 0.12500 0.12500 0.12500 0.12500 ( 1)  0.500
 632 -   0.12500 0.12500 0.12500 0.12500 0.12500 0.12500 0.12500 0.12500 ( 2)  0.500
 633 -   0.12500 0.12500 0.12500 0.12500 0.12500 0.12500 0.12500 0.12500 ( 1)  0.500
 634 -   0.12500 0.12500 0.12500 0.12500 0.12500 0.12500 0.12500 0.12500 ( 2)  0.500
 635 -   0.12500 0.12500 0.12500 0.12500 0.12500 0.12500 0.12500 0.12500 ( 2)  0.500
 636 -   0.12500 0.12500 0.12500 0.12500 0.12500 0.12500 0.12500 0.12500 ( 4)  0.500
 637 -   0.12500 0.12500 0.12500 0.12500 0.12500 0.12500 0.12500 0.12500 ( 1)  0.500
 638 -   0.12500 0.12500 0.12500 0.12500 0.12500 0.12500 0.12500 0.12500 ( 1)  0.500
 639 -   0.12500 0.12500 0.12500 0.12500 0.12500 0.12500 0.12500 0.12500 ( 1)  0.500
 640 -   0.12500 0.12500 0.12500 0.12500 0.12500 0.12500 0.12500 0.12500 ( 1)  0.500
 641 -   0.12500 0.12500 0.12500 0.12500 0.12500 0.12500 0.12500 0.12500 ( 1)  0.500
 642 -   0.12500 0.12500 0.12500 0.12500 0.12500 0.12500 0.12500 0.12500 ( 2)  0.500
 643 -   0.12500 0.12500 0.12500 0.12500 0.12500 0.12500 0.12500 0.12500 ( 2)  0.500
 644 -   0.12500 0.12500 0.12500 0.12500 0.12500 0.12500 0.12500 0.12500 ( 1)  0.500
 645 -   0.12500 0.12500 0.12500 0.12500 0.12500 0.12500 0.12500 0.12500 ( 2)  0.500
 646 -   0.12500 0.12500 0.12500 0.12500 0.12500 0.12500 0.12500 0.12500 ( 2)  0.500
 647 -   0.12500 0.12500 0.12500 0.12500 0.12500 0.12500 0.12500 0.12500 ( 2)  0.500
 648 -   0.12500 0.12500 0.12500 0.12500 0.12500 0.12500 0.12500 0.12500 ( 2)  0.500
 649 -   0.12500 0.12500 0.12500 0.12500 0.12500 0.12500 0.12500 0.12500 ( 2)  0.500
 650 -   0.12500 0.12500 0.12500 0.12500 0.12500 0.12500 0.12500 0.12500 ( 2)  0.500
 651 -   0.12500 0.12500 0.12500 0.12500 0.12500 0.12500 0.12500 0.12500 ( 2)  0.500
 652 -   0.12500 0.12500 0.12500 0.12500 0.12500 0.12500 0.12500 0.12500 ( 2)  0.500
 653 -   0.12500 0.12500 0.12500 0.12500 0.12500 0.12500 0.12500 0.12500 ( 2)  0.500
 654 -   0.12500 0.12500 0.12500 0.12500 0.12500 0.12500 0.12500 0.12500 ( 2)  0.500
 655 -   0.12500 0.12500 0.12500 0.12500 0.12500 0.12500 0.12500 0.12500 ( 2)  0.500
 656 -   0.12500 0.12500 0.12500 0.12500 0.12500 0.12500 0.12500 0.12500 ( 2)  0.500
 657 -   0.12500 0.12500 0.12500 0.12500 0.12500 0.12500 0.12500 0.12500 ( 2)  0.500
 658 -   0.12500 0.12500 0.12500 0.12500 0.12500 0.12500 0.12500 0.12500 ( 2)  0.500
 659 -   0.12500 0.12500 0.12500 0.12500 0.12500 0.12500 0.12500 0.12500 ( 4)  0.500
 660 -   0.12500 0.12500 0.12500 0.12500 0.12500 0.12500 0.12500 0.12500 ( 2)  0.500
 661 -   0.12500 0.12500 0.12500 0.12500 0.12500 0.12500 0.12500 0.12500 ( 2)  0.500
 662 -   0.12500 0.12500 0.12500 0.12500 0.12500 0.12500 0.12500 0.12500 ( 4)  0.500
 663 -   0.12500 0.12500 0.12500 0.12500 0.12500 0.12500 0.12500 0.12500 ( 2)  0.500
 664 -   0.12500 0.12500 0.12500 0.12500 0.12500 0.12500 0.12500 0.12500 ( 1)  0.500
 665 -   0.12500 0.12500 0.12500 0.12500 0.12500 0.12500 0.12500 0.12500 ( 2)  0.500
 666 -   0.12500 0.12500 0.12500 0.12500 0.12500 0.12500 0.12500 0.12500 ( 2)  0.500
 667 -   0.12500 0.12500 0.12500 0.12500 0.12500 0.12500 0.12500 0.12500 ( 4)  0.500
 668 -   0.12500 0.12500 0.12500 0.12500 0.12500 0.12500 0.12500 0.12500 ( 2)  0.500
 669 -   0.12500 0.12500 0.12500 0.12500 0.12500 0.12500 0.12500 0.12500 ( 1)  0.500
 670 -   0.12500 0.12500 0.12500 0.12500 0.12500 0.12500 0.12500 0.12500 ( 2)  0.500
 671 -   0.12500 0.12500 0.12500 0.12500 0.12500 0.12500 0.12500 0.12500 ( 2)  0.500
 672 -   0.12500 0.12500 0.12500 0.12500 0.12500 0.12500 0.12500 0.12500 ( 2)  0.500
 673 -   0.12500 0.12500 0.12500 0.12500 0.12500 0.12500 0.12500 0.12500 ( 2)  0.500
 674 -   0.12500 0.12500 0.12500 0.12500 0.12500 0.12500 0.12500 0.12500 ( 4)  0.500
 675 -   0.12500 0.12500 0.12500 0.12500 0.12500 0.12500 0.12500 0.12500 ( 1)  0.500
 676 -   0.12500 0.12500 0.12500 0.12500 0.12500 0.12500 0.12500 0.12500 ( 2)  0.500
 677 -   0.12500 0.12500 0.12500 0.12500 0.12500 0.12500 0.12500 0.12500 ( 2)  0.500
 678 -   0.12500 0.12500 0.12500 0.12500 0.12500 0.12500 0.12500 0.12500 ( 2)  0.500
 679 -   0.12500 0.12500 0.12500 0.12500 0.12500 0.12500 0.12500 0.12500 ( 2)  0.500
 680 -   0.12500 0.12500 0.12500 0.12500 0.12500 0.12500 0.12500 0.12500 ( 1)  0.500
 681 -   0.12500 0.12500 0.12500 0.12500 0.12500 0.12500 0.12500 0.12500 ( 2)  0.500
 682 -   0.12500 0.12500 0.12500 0.12500 0.12500 0.12500 0.12500 0.12500 ( 4)  0.500
 683 -   0.12500 0.12500 0.12500 0.12500 0.12500 0.12500 0.12500 0.12500 ( 1)  0.500
 684 -   0.12500 0.12500 0.12500 0.12500 0.12500 0.12500 0.12500 0.12500 ( 2)  0.500
 685 -   0.12500 0.12500 0.12500 0.12500 0.12500 0.12500 0.12500 0.12500 ( 4)  0.500
 686 -   0.12500 0.12500 0.12500 0.12500 0.12500 0.12500 0.12500 0.12500 ( 2)  0.500
 687 -   0.12500 0.12500 0.12500 0.12500 0.12500 0.12500 0.12500 0.12500 ( 1)  0.500
 688 -   0.12500 0.12500 0.12500 0.12500 0.12500 0.12500 0.12500 0.12500 ( 1)  0.500
 689 -   0.12500 0.12500 0.12500 0.12500 0.12500 0.12500 0.12500 0.12500 ( 2)  0.500
 690 -   0.12500 0.12500 0.12500 0.12500 0.12500 0.12500 0.12500 0.12500 ( 1)  0.500
 691 -   0.12500 0.12500 0.12500 0.12500 0.12500 0.12500 0.12500 0.12500 ( 1)  0.500
 692 -   0.12500 0.12500 0.12500 0.12500 0.12500 0.12500 0.12500 0.12500 ( 2)  0.500
 693 -   0.12500 0.12500 0.12500 0.12500 0.12500 0.12500 0.12500 0.12500 ( 1)  0.500
 694 -   0.12500 0.12500 0.12500 0.12500 0.12500 0.12500 0.12500 0.12500 ( 2)  0.500
 695 -   0.12500 0.12500 0.12500 0.12500 0.12500 0.12500 0.12500 0.12500 ( 2)  0.500
 696 -   0.12500 0.12500 0.12500 0.12500 0.12500 0.12500 0.12500 0.12500 ( 4)  0.500
 697 -   0.12500 0.12500 0.12500 0.12500 0.12500 0.12500 0.12500 0.12500 ( 1)  0.500
 698 -   0.12500 0.12500 0.12500 0.12500 0.12500 0.12500 0.12500 0.12500 ( 4)  0.500
 699 -   0.12500 0.12500 0.12500 0.12500 0.12500 0.12500 0.12500 0.12500 ( 2)  0.500
 700 -   0.12500 0.12500 0.12500 0.12500 0.12500 0.12500 0.12500 0.12500 ( 2)  0.500
 701 -   0.12500 0.12500 0.12500 0.12500 0.12500 0.12500 0.12500 0.12500 ( 2)  0.500
 702 -   0.12500 0.12500 0.12500 0.12500 0.12500 0.12500 0.12500 0.12500 ( 1)  0.500
 703 -   0.12500 0.12500 0.12500 0.12500 0.12500 0.12500 0.12500 0.12500 ( 2)  0.500
 704 -   0.12500 0.12500 0.12500 0.12500 0.12500 0.12500 0.12500 0.12500 ( 2)  0.500


lnL = -3945.877292

