Supplemental results for CODEML (seqf: algn  treef: tree)


dN/dS (w) for site classes (K=8)

p:   0.12500  0.12500  0.12500  0.12500  0.12500  0.12500  0.12500  0.12500
w:   0.00001  0.00096  0.00676  0.02461  0.06539  0.14571  0.29526  0.59392

Naive Empirical Bayes (NEB) probabilities for 8 classes & postmean_w
(amino acids refer to 1st sequence: aotNan_NT5C3A_XM_012461316)

   1 -   0.12500 0.12500 0.12500 0.12500 0.12500 0.12500 0.12500 0.12500 ( 1)  0.142
   2 -   0.12500 0.12500 0.12500 0.12500 0.12500 0.12500 0.12500 0.12500 ( 1)  0.142
   3 -   0.12500 0.12500 0.12500 0.12500 0.12500 0.12500 0.12500 0.12500 ( 1)  0.142
   4 -   0.12500 0.12500 0.12500 0.12500 0.12500 0.12500 0.12500 0.12500 ( 1)  0.142
   5 -   0.12500 0.12500 0.12500 0.12500 0.12500 0.12500 0.12500 0.12500 ( 1)  0.142
   6 -   0.12500 0.12500 0.12500 0.12500 0.12500 0.12500 0.12500 0.12500 ( 1)  0.142
   7 -   0.12500 0.12500 0.12500 0.12500 0.12500 0.12500 0.12500 0.12500 ( 1)  0.142
   8 -   0.12500 0.12500 0.12500 0.12500 0.12500 0.12500 0.12500 0.12500 ( 1)  0.142
   9 -   0.12500 0.12500 0.12500 0.12500 0.12500 0.12500 0.12500 0.12500 ( 1)  0.142
  10 -   0.12500 0.12500 0.12500 0.12500 0.12500 0.12500 0.12500 0.12500 ( 1)  0.142
  11 -   0.12500 0.12500 0.12500 0.12500 0.12500 0.12500 0.12500 0.12500 ( 1)  0.142
  12 -   0.12500 0.12500 0.12500 0.12500 0.12500 0.12500 0.12500 0.12500 ( 1)  0.142
  13 -   0.12500 0.12500 0.12500 0.12500 0.12500 0.12500 0.12500 0.12500 ( 1)  0.142
  14 -   0.12500 0.12500 0.12500 0.12500 0.12500 0.12500 0.12500 0.12500 ( 1)  0.142
  15 -   0.12500 0.12500 0.12500 0.12500 0.12500 0.12500 0.12500 0.12500 ( 1)  0.142
  16 -   0.12500 0.12500 0.12500 0.12500 0.12500 0.12500 0.12500 0.12500 ( 1)  0.142
  17 -   0.12500 0.12500 0.12500 0.12500 0.12500 0.12500 0.12500 0.12500 ( 1)  0.142
  18 -   0.12500 0.12500 0.12500 0.12500 0.12500 0.12500 0.12500 0.12500 ( 1)  0.142
  19 -   0.12500 0.12500 0.12500 0.12500 0.12500 0.12500 0.12500 0.12500 ( 1)  0.142
  20 -   0.12500 0.12500 0.12500 0.12500 0.12500 0.12500 0.12500 0.12500 ( 1)  0.142
  21 -   0.12500 0.12500 0.12500 0.12500 0.12500 0.12500 0.12500 0.12500 ( 1)  0.142
  22 -   0.12500 0.12500 0.12500 0.12500 0.12500 0.12500 0.12500 0.12500 ( 1)  0.142
  23 -   0.12500 0.12500 0.12500 0.12500 0.12500 0.12500 0.12500 0.12500 ( 1)  0.142
  24 -   0.12500 0.12500 0.12500 0.12500 0.12500 0.12500 0.12500 0.12500 ( 1)  0.142
  25 -   0.12500 0.12500 0.12500 0.12500 0.12500 0.12500 0.12500 0.12500 ( 1)  0.142
  26 -   0.12500 0.12500 0.12500 0.12500 0.12500 0.12500 0.12500 0.12500 ( 1)  0.142
  27 -   0.12500 0.12500 0.12500 0.12500 0.12500 0.12500 0.12500 0.12500 ( 1)  0.142
  28 -   0.12500 0.12500 0.12500 0.12500 0.12500 0.12500 0.12500 0.12500 ( 1)  0.142
  29 -   0.12500 0.12500 0.12500 0.12500 0.12500 0.12500 0.12500 0.12500 ( 1)  0.142
  30 -   0.12500 0.12500 0.12500 0.12500 0.12500 0.12500 0.12500 0.12500 ( 1)  0.142
  31 -   0.12500 0.12500 0.12500 0.12500 0.12500 0.12500 0.12500 0.12500 ( 1)  0.142
  32 -   0.12500 0.12500 0.12500 0.12500 0.12500 0.12500 0.12500 0.12500 ( 1)  0.142
  33 -   0.12500 0.12500 0.12500 0.12500 0.12500 0.12500 0.12500 0.12500 ( 1)  0.142
  34 -   0.12500 0.12500 0.12500 0.12500 0.12500 0.12500 0.12500 0.12500 ( 1)  0.142
  35 -   0.12500 0.12500 0.12500 0.12500 0.12500 0.12500 0.12500 0.12500 ( 1)  0.142
  36 -   0.12500 0.12500 0.12500 0.12500 0.12500 0.12500 0.12500 0.12500 ( 1)  0.142
  37 -   0.12500 0.12500 0.12500 0.12500 0.12500 0.12500 0.12500 0.12500 ( 1)  0.142
  38 -   0.12500 0.12500 0.12500 0.12500 0.12500 0.12500 0.12500 0.12500 ( 1)  0.142
  39 -   0.12500 0.12500 0.12500 0.12500 0.12500 0.12500 0.12500 0.12500 ( 1)  0.142
  40 -   0.12500 0.12500 0.12500 0.12500 0.12500 0.12500 0.12500 0.12500 ( 1)  0.142
  41 -   0.12500 0.12500 0.12500 0.12500 0.12500 0.12500 0.12500 0.12500 ( 1)  0.142
  42 -   0.12500 0.12500 0.12500 0.12500 0.12500 0.12500 0.12500 0.12500 ( 1)  0.142
  43 -   0.12500 0.12500 0.12500 0.12500 0.12500 0.12500 0.12500 0.12500 ( 1)  0.142
  44 -   0.12500 0.12500 0.12500 0.12500 0.12500 0.12500 0.12500 0.12500 ( 1)  0.142
  45 -   0.12500 0.12500 0.12500 0.12500 0.12500 0.12500 0.12500 0.12500 ( 1)  0.142
  46 -   0.12500 0.12500 0.12500 0.12500 0.12500 0.12500 0.12500 0.12500 ( 1)  0.142
  47 -   0.12500 0.12500 0.12500 0.12500 0.12500 0.12500 0.12500 0.12500 ( 1)  0.142
  48 -   0.12500 0.12500 0.12500 0.12500 0.12500 0.12500 0.12500 0.12500 ( 1)  0.142
  49 -   0.12500 0.12500 0.12500 0.12500 0.12500 0.12500 0.12500 0.12500 ( 1)  0.142
  50 -   0.12500 0.12500 0.12500 0.12500 0.12500 0.12500 0.12500 0.12500 ( 1)  0.142
  51 -   0.12500 0.12500 0.12500 0.12500 0.12500 0.12500 0.12500 0.12500 ( 1)  0.142
  52 -   0.12500 0.12500 0.12500 0.12500 0.12500 0.12500 0.12500 0.12500 ( 1)  0.142
  53 -   0.12500 0.12500 0.12500 0.12500 0.12500 0.12500 0.12500 0.12500 ( 1)  0.142
  54 -   0.12500 0.12500 0.12500 0.12500 0.12500 0.12500 0.12500 0.12500 ( 1)  0.142
  55 -   0.12500 0.12500 0.12500 0.12500 0.12500 0.12500 0.12500 0.12500 ( 1)  0.142
  56 -   0.12500 0.12500 0.12500 0.12500 0.12500 0.12500 0.12500 0.12500 ( 1)  0.142
  57 -   0.12500 0.12500 0.12500 0.12500 0.12500 0.12500 0.12500 0.12500 ( 1)  0.142
  58 -   0.12500 0.12500 0.12500 0.12500 0.12500 0.12500 0.12500 0.12500 ( 1)  0.142
  59 -   0.12500 0.12500 0.12500 0.12500 0.12500 0.12500 0.12500 0.12500 ( 1)  0.142
  60 -   0.12500 0.12500 0.12500 0.12500 0.12500 0.12500 0.12500 0.12500 ( 1)  0.142
  61 -   0.12500 0.12500 0.12500 0.12500 0.12500 0.12500 0.12500 0.12500 ( 1)  0.142
  62 -   0.12500 0.12500 0.12500 0.12500 0.12500 0.12500 0.12500 0.12500 ( 1)  0.142
  63 -   0.15370 0.15343 0.15179 0.14684 0.13615 0.11734 0.08909 0.05165 ( 1)  0.088
  64 -   0.14798 0.14778 0.14655 0.14282 0.13468 0.11999 0.09686 0.06335 ( 1)  0.097
  65 -   0.15573 0.15543 0.15362 0.14818 0.13649 0.11617 0.08628 0.04811 ( 1)  0.085
  66 -   0.00002 0.00119 0.00833 0.02986 0.07656 0.15914 0.28344 0.44147 ( 8)  0.375
  67 -   0.14481 0.14464 0.14362 0.14051 0.13367 0.12118 0.10104 0.07054 ( 1)  0.103
  68 -   0.13920 0.13908 0.13840 0.13631 0.13166 0.12296 0.10829 0.08411 ( 1)  0.113
  69 -   0.14822 0.14801 0.14676 0.14299 0.13474 0.11988 0.09654 0.06286 ( 1)  0.097
  70 -   0.14887 0.14866 0.14736 0.14343 0.13486 0.11951 0.09561 0.06171 ( 1)  0.096
  71 -   0.00002 0.00140 0.00981 0.03489 0.08779 0.17586 0.29247 0.39775 ( 8)  0.355
  72 -   0.00002 0.00124 0.00871 0.03116 0.07950 0.16358 0.28601 0.42978 ( 8)  0.370
  73 -   0.15083 0.15059 0.14915 0.14481 0.13537 0.11863 0.09297 0.05765 ( 1)  0.093
  74 M   0.00002 0.00144 0.01007 0.03597 0.09119 0.18382 0.30190 0.37560 ( 8)  0.346
  75 -   0.12500 0.12500 0.12500 0.12500 0.12500 0.12500 0.12500 0.12500 ( 8)  0.142
  76 -   0.12500 0.12500 0.12500 0.12500 0.12500 0.12500 0.12500 0.12500 ( 8)  0.142
  77 -   0.12500 0.12500 0.12500 0.12500 0.12500 0.12500 0.12500 0.12500 ( 8)  0.142
  78 -   0.12500 0.12500 0.12500 0.12500 0.12500 0.12500 0.12500 0.12500 ( 8)  0.142
  79 -   0.12500 0.12500 0.12500 0.12500 0.12500 0.12500 0.12500 0.12500 ( 8)  0.142
  80 -   0.12500 0.12500 0.12500 0.12500 0.12500 0.12500 0.12500 0.12500 ( 8)  0.142
  81 -   0.12500 0.12500 0.12500 0.12500 0.12500 0.12500 0.12500 0.12500 ( 8)  0.142
  82 -   0.12500 0.12500 0.12500 0.12500 0.12500 0.12500 0.12500 0.12500 ( 8)  0.142
  83 -   0.12500 0.12500 0.12500 0.12500 0.12500 0.12500 0.12500 0.12500 ( 8)  0.142
  84 -   0.12500 0.12500 0.12500 0.12500 0.12500 0.12500 0.12500 0.12500 ( 8)  0.142
  85 -   0.12500 0.12500 0.12500 0.12500 0.12500 0.12500 0.12500 0.12500 ( 8)  0.142
  86 -   0.12500 0.12500 0.12500 0.12500 0.12500 0.12500 0.12500 0.12500 ( 8)  0.142
  87 -   0.12500 0.12500 0.12500 0.12500 0.12500 0.12500 0.12500 0.12500 ( 8)  0.142
  88 -   0.12500 0.12500 0.12500 0.12500 0.12500 0.12500 0.12500 0.12500 ( 8)  0.142
  89 -   0.12500 0.12500 0.12500 0.12500 0.12500 0.12500 0.12500 0.12500 ( 8)  0.142
  90 -   0.12500 0.12500 0.12500 0.12500 0.12500 0.12500 0.12500 0.12500 ( 7)  0.142
  91 -   0.12500 0.12500 0.12500 0.12500 0.12500 0.12500 0.12500 0.12500 ( 8)  0.142
  92 -   0.12500 0.12500 0.12500 0.12500 0.12500 0.12500 0.12500 0.12500 ( 7)  0.142
  93 -   0.12500 0.12500 0.12500 0.12500 0.12500 0.12500 0.12500 0.12500 ( 8)  0.142
  94 -   0.12500 0.12500 0.12500 0.12500 0.12500 0.12500 0.12500 0.12500 ( 8)  0.142
  95 -   0.12500 0.12500 0.12500 0.12500 0.12500 0.12500 0.12500 0.12500 ( 7)  0.142
  96 -   0.12500 0.12500 0.12500 0.12500 0.12500 0.12500 0.12500 0.12500 ( 7)  0.142
  97 -   0.12500 0.12500 0.12500 0.12500 0.12500 0.12500 0.12500 0.12500 ( 8)  0.142
  98 -   0.12500 0.12500 0.12500 0.12500 0.12500 0.12500 0.12500 0.12500 ( 8)  0.142
  99 -   0.12500 0.12500 0.12500 0.12500 0.12500 0.12500 0.12500 0.12500 ( 8)  0.142
 100 -   0.12500 0.12500 0.12500 0.12500 0.12500 0.12500 0.12500 0.12500 ( 8)  0.142
 101 -   0.12500 0.12500 0.12500 0.12500 0.12500 0.12500 0.12500 0.12500 ( 8)  0.142
 102 -   0.12500 0.12500 0.12500 0.12500 0.12500 0.12500 0.12500 0.12500 ( 8)  0.142
 103 -   0.12500 0.12500 0.12500 0.12500 0.12500 0.12500 0.12500 0.12500 ( 8)  0.142
 104 -   0.12500 0.12500 0.12500 0.12500 0.12500 0.12500 0.12500 0.12500 ( 7)  0.142
 105 -   0.12500 0.12500 0.12500 0.12500 0.12500 0.12500 0.12500 0.12500 ( 8)  0.142
 106 -   0.12500 0.12500 0.12500 0.12500 0.12500 0.12500 0.12500 0.12500 ( 8)  0.142
 107 -   0.12500 0.12500 0.12500 0.12500 0.12500 0.12500 0.12500 0.12500 ( 8)  0.142
 108 -   0.12500 0.12500 0.12500 0.12500 0.12500 0.12500 0.12500 0.12500 ( 8)  0.142
 109 -   0.12500 0.12500 0.12500 0.12500 0.12500 0.12500 0.12500 0.12500 ( 4)  0.142
 110 -   0.12500 0.12500 0.12500 0.12500 0.12500 0.12500 0.12500 0.12500 ( 7)  0.142
 111 -   0.12500 0.12500 0.12500 0.12500 0.12500 0.12500 0.12500 0.12500 ( 7)  0.142
 112 -   0.12500 0.12500 0.12500 0.12500 0.12500 0.12500 0.12500 0.12500 ( 8)  0.142
 113 -   0.12500 0.12500 0.12500 0.12500 0.12500 0.12500 0.12500 0.12500 ( 7)  0.142
 114 -   0.12500 0.12500 0.12500 0.12500 0.12500 0.12500 0.12500 0.12500 ( 8)  0.142
 115 -   0.12500 0.12500 0.12500 0.12500 0.12500 0.12500 0.12500 0.12500 ( 8)  0.142
 116 -   0.12500 0.12500 0.12500 0.12500 0.12500 0.12500 0.12500 0.12500 ( 7)  0.142
 117 -   0.12500 0.12500 0.12500 0.12500 0.12500 0.12500 0.12500 0.12500 ( 7)  0.142
 118 -   0.12500 0.12500 0.12500 0.12500 0.12500 0.12500 0.12500 0.12500 ( 8)  0.142
 119 -   0.12500 0.12500 0.12500 0.12500 0.12500 0.12500 0.12500 0.12500 ( 7)  0.142
 120 -   0.12500 0.12500 0.12500 0.12500 0.12500 0.12500 0.12500 0.12500 ( 8)  0.142
 121 -   0.12500 0.12500 0.12500 0.12500 0.12500 0.12500 0.12500 0.12500 ( 7)  0.142
 122 -   0.12500 0.12500 0.12500 0.12500 0.12500 0.12500 0.12500 0.12500 ( 8)  0.142
 123 -   0.12500 0.12500 0.12500 0.12500 0.12500 0.12500 0.12500 0.12500 ( 8)  0.142
 124 -   0.12500 0.12500 0.12500 0.12500 0.12500 0.12500 0.12500 0.12500 ( 8)  0.142
 125 -   0.12500 0.12500 0.12500 0.12500 0.12500 0.12500 0.12500 0.12500 ( 7)  0.142
 126 -   0.12500 0.12500 0.12500 0.12500 0.12500 0.12500 0.12500 0.12500 ( 7)  0.142
 127 -   0.12500 0.12500 0.12500 0.12500 0.12500 0.12500 0.12500 0.12500 ( 8)  0.142
 128 -   0.12500 0.12500 0.12500 0.12500 0.12500 0.12500 0.12500 0.12500 ( 7)  0.142
 129 -   0.12500 0.12500 0.12500 0.12500 0.12500 0.12500 0.12500 0.12500 ( 7)  0.142
 130 -   0.12500 0.12500 0.12500 0.12500 0.12500 0.12500 0.12500 0.12500 ( 8)  0.142
 131 -   0.12500 0.12500 0.12500 0.12500 0.12500 0.12500 0.12500 0.12500 ( 8)  0.142
 132 -   0.12500 0.12500 0.12500 0.12500 0.12500 0.12500 0.12500 0.12500 ( 7)  0.142
 133 -   0.12500 0.12500 0.12500 0.12500 0.12500 0.12500 0.12500 0.12500 ( 8)  0.142
 134 -   0.12500 0.12500 0.12500 0.12500 0.12500 0.12500 0.12500 0.12500 ( 8)  0.142
 135 -   0.12500 0.12500 0.12500 0.12500 0.12500 0.12500 0.12500 0.12500 ( 8)  0.142
 136 -   0.12500 0.12500 0.12500 0.12500 0.12500 0.12500 0.12500 0.12500 ( 8)  0.142
 137 -   0.12500 0.12500 0.12500 0.12500 0.12500 0.12500 0.12500 0.12500 ( 8)  0.142
 138 -   0.12500 0.12500 0.12500 0.12500 0.12500 0.12500 0.12500 0.12500 ( 8)  0.142
 139 -   0.12500 0.12500 0.12500 0.12500 0.12500 0.12500 0.12500 0.12500 ( 8)  0.142
 140 -   0.12500 0.12500 0.12500 0.12500 0.12500 0.12500 0.12500 0.12500 ( 8)  0.142
 141 -   0.12500 0.12500 0.12500 0.12500 0.12500 0.12500 0.12500 0.12500 ( 8)  0.142
 142 -   0.12500 0.12500 0.12500 0.12500 0.12500 0.12500 0.12500 0.12500 ( 8)  0.142
 143 -   0.12500 0.12500 0.12500 0.12500 0.12500 0.12500 0.12500 0.12500 ( 8)  0.142
 144 -   0.12500 0.12500 0.12500 0.12500 0.12500 0.12500 0.12500 0.12500 ( 7)  0.142
 145 -   0.12500 0.12500 0.12500 0.12500 0.12500 0.12500 0.12500 0.12500 ( 8)  0.142
 146 -   0.12500 0.12500 0.12500 0.12500 0.12500 0.12500 0.12500 0.12500 ( 8)  0.142
 147 -   0.12500 0.12500 0.12500 0.12500 0.12500 0.12500 0.12500 0.12500 ( 8)  0.142
 148 -   0.12500 0.12500 0.12500 0.12500 0.12500 0.12500 0.12500 0.12500 ( 8)  0.142
 149 -   0.12500 0.12500 0.12500 0.12500 0.12500 0.12500 0.12500 0.12500 ( 8)  0.142
 150 -   0.12500 0.12500 0.12500 0.12500 0.12500 0.12500 0.12500 0.12500 ( 8)  0.142
 151 -   0.12500 0.12500 0.12500 0.12500 0.12500 0.12500 0.12500 0.12500 ( 8)  0.142
 152 -   0.12500 0.12500 0.12500 0.12500 0.12500 0.12500 0.12500 0.12500 ( 8)  0.142
 153 -   0.12500 0.12500 0.12500 0.12500 0.12500 0.12500 0.12500 0.12500 ( 8)  0.142
 154 -   0.12500 0.12500 0.12500 0.12500 0.12500 0.12500 0.12500 0.12500 ( 8)  0.142
 155 -   0.12500 0.12500 0.12500 0.12500 0.12500 0.12500 0.12500 0.12500 ( 7)  0.142
 156 -   0.12500 0.12500 0.12500 0.12500 0.12500 0.12500 0.12500 0.12500 ( 8)  0.142
 157 -   0.12500 0.12500 0.12500 0.12500 0.12500 0.12500 0.12500 0.12500 ( 8)  0.142
 158 -   0.12500 0.12500 0.12500 0.12500 0.12500 0.12500 0.12500 0.12500 ( 8)  0.142
 159 -   0.12500 0.12500 0.12500 0.12500 0.12500 0.12500 0.12500 0.12500 ( 8)  0.142
 160 -   0.12500 0.12500 0.12500 0.12500 0.12500 0.12500 0.12500 0.12500 ( 4)  0.142
 161 -   0.12500 0.12500 0.12500 0.12500 0.12500 0.12500 0.12500 0.12500 ( 7)  0.142
 162 -   0.12500 0.12500 0.12500 0.12500 0.12500 0.12500 0.12500 0.12500 ( 7)  0.142
 163 -   0.12500 0.12500 0.12500 0.12500 0.12500 0.12500 0.12500 0.12500 ( 8)  0.142
 164 -   0.12500 0.12500 0.12500 0.12500 0.12500 0.12500 0.12500 0.12500 ( 7)  0.142
 165 -   0.12500 0.12500 0.12500 0.12500 0.12500 0.12500 0.12500 0.12500 ( 8)  0.142
 166 -   0.12500 0.12500 0.12500 0.12500 0.12500 0.12500 0.12500 0.12500 ( 8)  0.142
 167 -   0.12500 0.12500 0.12500 0.12500 0.12500 0.12500 0.12500 0.12500 ( 7)  0.142
 168 -   0.12500 0.12500 0.12500 0.12500 0.12500 0.12500 0.12500 0.12500 ( 7)  0.142
 169 -   0.12500 0.12500 0.12500 0.12500 0.12500 0.12500 0.12500 0.12500 ( 8)  0.142
 170 -   0.12500 0.12500 0.12500 0.12500 0.12500 0.12500 0.12500 0.12500 ( 7)  0.142
 171 -   0.12500 0.12500 0.12500 0.12500 0.12500 0.12500 0.12500 0.12500 ( 8)  0.142
 172 -   0.12500 0.12500 0.12500 0.12500 0.12500 0.12500 0.12500 0.12500 ( 7)  0.142
 173 -   0.12500 0.12500 0.12500 0.12500 0.12500 0.12500 0.12500 0.12500 ( 8)  0.142
 174 -   0.12500 0.12500 0.12500 0.12500 0.12500 0.12500 0.12500 0.12500 ( 8)  0.142
 175 -   0.12500 0.12500 0.12500 0.12500 0.12500 0.12500 0.12500 0.12500 ( 8)  0.142
 176 -   0.12500 0.12500 0.12500 0.12500 0.12500 0.12500 0.12500 0.12500 ( 7)  0.142
 177 -   0.12500 0.12500 0.12500 0.12500 0.12500 0.12500 0.12500 0.12500 ( 7)  0.142
 178 -   0.12500 0.12500 0.12500 0.12500 0.12500 0.12500 0.12500 0.12500 ( 8)  0.142
 179 -   0.12500 0.12500 0.12500 0.12500 0.12500 0.12500 0.12500 0.12500 ( 7)  0.142
 180 -   0.12500 0.12500 0.12500 0.12500 0.12500 0.12500 0.12500 0.12500 ( 7)  0.142
 181 -   0.12500 0.12500 0.12500 0.12500 0.12500 0.12500 0.12500 0.12500 ( 8)  0.142
 182 -   0.12500 0.12500 0.12500 0.12500 0.12500 0.12500 0.12500 0.12500 ( 8)  0.142
 183 -   0.12500 0.12500 0.12500 0.12500 0.12500 0.12500 0.12500 0.12500 ( 7)  0.142
 184 -   0.12500 0.12500 0.12500 0.12500 0.12500 0.12500 0.12500 0.12500 ( 8)  0.142
 185 -   0.12500 0.12500 0.12500 0.12500 0.12500 0.12500 0.12500 0.12500 ( 8)  0.142
 186 -   0.12500 0.12500 0.12500 0.12500 0.12500 0.12500 0.12500 0.12500 ( 8)  0.142
 187 -   0.12500 0.12500 0.12500 0.12500 0.12500 0.12500 0.12500 0.12500 ( 8)  0.142
 188 -   0.12500 0.12500 0.12500 0.12500 0.12500 0.12500 0.12500 0.12500 ( 8)  0.142
 189 -   0.12500 0.12500 0.12500 0.12500 0.12500 0.12500 0.12500 0.12500 ( 8)  0.142
 190 -   0.12500 0.12500 0.12500 0.12500 0.12500 0.12500 0.12500 0.12500 ( 8)  0.142
 191 -   0.12500 0.12500 0.12500 0.12500 0.12500 0.12500 0.12500 0.12500 ( 8)  0.142
 192 -   0.12500 0.12500 0.12500 0.12500 0.12500 0.12500 0.12500 0.12500 ( 8)  0.142
 193 -   0.12500 0.12500 0.12500 0.12500 0.12500 0.12500 0.12500 0.12500 ( 8)  0.142
 194 -   0.12500 0.12500 0.12500 0.12500 0.12500 0.12500 0.12500 0.12500 ( 8)  0.142
 195 -   0.12500 0.12500 0.12500 0.12500 0.12500 0.12500 0.12500 0.12500 ( 7)  0.142
 196 -   0.12500 0.12500 0.12500 0.12500 0.12500 0.12500 0.12500 0.12500 ( 8)  0.142
 197 -   0.12500 0.12500 0.12500 0.12500 0.12500 0.12500 0.12500 0.12500 ( 8)  0.142
 198 -   0.12500 0.12500 0.12500 0.12500 0.12500 0.12500 0.12500 0.12500 ( 8)  0.142
 199 -   0.12500 0.12500 0.12500 0.12500 0.12500 0.12500 0.12500 0.12500 ( 8)  0.142
 200 -   0.12500 0.12500 0.12500 0.12500 0.12500 0.12500 0.12500 0.12500 ( 8)  0.142
 201 -   0.12500 0.12500 0.12500 0.12500 0.12500 0.12500 0.12500 0.12500 ( 8)  0.142
 202 -   0.12500 0.12500 0.12500 0.12500 0.12500 0.12500 0.12500 0.12500 ( 8)  0.142
 203 -   0.12500 0.12500 0.12500 0.12500 0.12500 0.12500 0.12500 0.12500 ( 8)  0.142
 204 K   0.00002 0.00106 0.00747 0.02692 0.06987 0.14870 0.27664 0.46933 ( 8)  0.387
 205 A   0.13271 0.13266 0.13231 0.13125 0.12887 0.12430 0.11623 0.10167 ( 1)  0.125
 206 Q   0.00000 0.00000 0.00011 0.00148 0.01036 0.05032 0.19833 0.73939 ( 8)  0.506
 207 S   0.12958 0.12955 0.12935 0.12874 0.12737 0.12470 0.11988 0.11082 ( 1)  0.132
 208 M   0.15147 0.15123 0.14975 0.14529 0.13561 0.11843 0.09214 0.05608 ( 1)  0.091
 209 D   0.14581 0.14563 0.14454 0.14125 0.13401 0.12085 0.09974 0.06817 ( 1)  0.101
 210 R   0.13322 0.13316 0.13279 0.13165 0.12910 0.12422 0.11563 0.10023 ( 1)  0.124
 211 A   0.14058 0.14046 0.13969 0.13736 0.13219 0.12258 0.10654 0.08059 ( 1)  0.110
 212 A   0.13836 0.13826 0.13762 0.13567 0.13132 0.12317 0.10934 0.08626 ( 1)  0.114
 213 V   0.14621 0.14603 0.14491 0.14152 0.13409 0.12062 0.09918 0.06744 ( 1)  0.100
 214 A   0.14058 0.14046 0.13969 0.13736 0.13219 0.12258 0.10654 0.08059 ( 1)  0.110
 215 R   0.14327 0.14312 0.14220 0.13939 0.13318 0.12176 0.10308 0.07401 ( 1)  0.105
 216 V   0.14126 0.14113 0.14032 0.13787 0.13242 0.12234 0.10565 0.07901 ( 1)  0.109
 217 G   0.13870 0.13860 0.13794 0.13593 0.13146 0.12309 0.10891 0.08536 ( 1)  0.114
 218 A   0.14058 0.14046 0.13969 0.13736 0.13219 0.12258 0.10654 0.08059 ( 1)  0.110
 219 V   0.15124 0.15100 0.14953 0.14511 0.13551 0.11847 0.09242 0.05671 ( 1)  0.092
 220 A   0.00002 0.00122 0.00856 0.03065 0.07836 0.16193 0.28520 0.43406 ( 8)  0.372
 221 S   0.14001 0.13989 0.13916 0.13694 0.13198 0.12275 0.10727 0.08199 ( 1)  0.111
 222 A   0.13836 0.13826 0.13762 0.13567 0.13132 0.12317 0.10934 0.08626 ( 1)  0.114
 223 S   0.14120 0.14107 0.14027 0.13783 0.13242 0.12239 0.10574 0.07909 ( 1)  0.109
 224 V   0.14126 0.14113 0.14032 0.13787 0.13242 0.12234 0.10565 0.07901 ( 1)  0.109
 225 C   0.13345 0.13339 0.13301 0.13184 0.12921 0.12419 0.11535 0.09956 ( 1)  0.124
 226 A   0.13836 0.13826 0.13762 0.13567 0.13132 0.12317 0.10934 0.08626 ( 1)  0.114
 227 L   0.00002 0.00102 0.00715 0.02582 0.06732 0.14460 0.27366 0.48043 ( 8)  0.392
 228 V   0.14142 0.14128 0.14047 0.13798 0.13248 0.12230 0.10545 0.07862 ( 1)  0.109
 229 A   0.14136 0.14122 0.14041 0.13795 0.13248 0.12235 0.10554 0.07869 ( 1)  0.109
 230 G   0.14098 0.14085 0.14006 0.13767 0.13235 0.12247 0.10603 0.07959 ( 1)  0.110
 231 V   0.14136 0.14123 0.14042 0.13794 0.13246 0.12231 0.10551 0.07875 ( 1)  0.109
 232 V   0.14126 0.14113 0.14032 0.13787 0.13242 0.12234 0.10565 0.07901 ( 1)  0.109
 233 L   0.13286 0.13281 0.13245 0.13137 0.12894 0.12427 0.11605 0.10125 ( 1)  0.125
 234 A   0.15037 0.15014 0.14875 0.14453 0.13535 0.11896 0.09364 0.05826 ( 1)  0.093
 235 Q   0.13634 0.13625 0.13572 0.13411 0.13049 0.12364 0.11185 0.09160 ( 1)  0.118
 236 Y   0.13960 0.13949 0.13878 0.13661 0.13180 0.12282 0.10776 0.08314 ( 1)  0.112
 237 I   0.15721 0.15690 0.15497 0.14918 0.13679 0.11538 0.08423 0.04535 ( 1)  0.082
 238 F   0.13784 0.13774 0.13713 0.13527 0.13111 0.12330 0.10999 0.08760 ( 1)  0.115
 239 T   0.13776 0.13766 0.13706 0.13521 0.13108 0.12332 0.11009 0.08783 ( 1)  0.116
 240 L   0.13451 0.13444 0.13401 0.13267 0.12969 0.12400 0.11408 0.09661 ( 1)  0.122
 241 K   0.14649 0.14631 0.14518 0.14175 0.13422 0.12057 0.09883 0.06665 ( 1)  0.100
 242 R   0.14171 0.14157 0.14074 0.13822 0.13262 0.12226 0.10511 0.07778 ( 1)  0.108
 243 K   0.14649 0.14631 0.14518 0.14175 0.13422 0.12057 0.09883 0.06665 ( 1)  0.100
 244 T   0.14176 0.14162 0.14079 0.13825 0.13263 0.12223 0.10503 0.07767 ( 1)  0.108
 245 G   0.00002 0.00123 0.00863 0.03090 0.07893 0.16280 0.28573 0.43175 ( 8)  0.370
 246 R   0.13358 0.13352 0.13313 0.13194 0.12927 0.12416 0.11519 0.09919 ( 1)  0.124
 247 K   0.14649 0.14631 0.14518 0.14175 0.13422 0.12057 0.09883 0.06665 ( 1)  0.100
 248 T   0.13776 0.13766 0.13706 0.13521 0.13108 0.12332 0.11009 0.08783 ( 1)  0.116
 249 K   0.14649 0.14631 0.14518 0.14175 0.13422 0.12057 0.09883 0.06665 ( 1)  0.100
 250 I   0.14094 0.14082 0.14003 0.13763 0.13232 0.12246 0.10606 0.07974 ( 1)  0.110
 251 I   0.14094 0.14082 0.14003 0.13763 0.13232 0.12246 0.10606 0.07974 ( 1)  0.110
 252 E   0.14681 0.14662 0.14547 0.14197 0.13432 0.12045 0.09841 0.06596 ( 1)  0.099
 253 -   0.12500 0.12500 0.12500 0.12500 0.12500 0.12500 0.12500 0.12500 ( 8)  0.142
 254 -   0.12500 0.12500 0.12500 0.12500 0.12500 0.12500 0.12500 0.12500 ( 7)  0.142
 255 -   0.12500 0.12500 0.12500 0.12500 0.12500 0.12500 0.12500 0.12500 ( 8)  0.142
 256 -   0.12500 0.12500 0.12500 0.12500 0.12500 0.12500 0.12500 0.12500 ( 8)  0.142
 257 -   0.12500 0.12500 0.12500 0.12500 0.12500 0.12500 0.12500 0.12500 ( 8)  0.142
 258 -   0.12500 0.12500 0.12500 0.12500 0.12500 0.12500 0.12500 0.12500 ( 8)  0.142
 259 -   0.12500 0.12500 0.12500 0.12500 0.12500 0.12500 0.12500 0.12500 ( 7)  0.142
 260 -   0.12500 0.12500 0.12500 0.12500 0.12500 0.12500 0.12500 0.12500 ( 8)  0.142
 261 -   0.12500 0.12500 0.12500 0.12500 0.12500 0.12500 0.12500 0.12500 ( 8)  0.142
 262 -   0.12500 0.12500 0.12500 0.12500 0.12500 0.12500 0.12500 0.12500 ( 8)  0.142
 263 -   0.12500 0.12500 0.12500 0.12500 0.12500 0.12500 0.12500 0.12500 ( 7)  0.142
 264 -   0.12531 0.12530 0.12529 0.12525 0.12516 0.12499 0.12467 0.12403 ( 1)  0.141
 265 -   0.12524 0.12524 0.12523 0.12520 0.12513 0.12499 0.12474 0.12424 ( 1)  0.141
 266 -   0.12533 0.12533 0.12532 0.12527 0.12518 0.12499 0.12464 0.12394 ( 1)  0.141
 267 -   0.12512 0.12512 0.12512 0.12510 0.12507 0.12500 0.12487 0.12461 ( 1)  0.141
 268 -   0.12520 0.12520 0.12519 0.12517 0.12511 0.12499 0.12478 0.12436 ( 1)  0.141
 269 -   0.12515 0.12515 0.12514 0.12512 0.12508 0.12500 0.12484 0.12453 ( 1)  0.141
 270 -   0.12512 0.12512 0.12511 0.12510 0.12506 0.12500 0.12487 0.12462 ( 1)  0.141
 271 -   0.12525 0.12525 0.12524 0.12521 0.12513 0.12499 0.12473 0.12421 ( 1)  0.141
 272 -   0.12523 0.12523 0.12522 0.12519 0.12512 0.12499 0.12475 0.12428 ( 1)  0.141
 273 -   0.12515 0.12515 0.12514 0.12512 0.12508 0.12500 0.12484 0.12453 ( 1)  0.141
 274 -   0.12530 0.12530 0.12528 0.12525 0.12516 0.12499 0.12467 0.12405 ( 1)  0.141
 275 -   0.12500 0.12500 0.12500 0.12500 0.12500 0.12500 0.12500 0.12500 ( 8)  0.142
 276 -   0.12500 0.12500 0.12500 0.12500 0.12500 0.12500 0.12500 0.12500 ( 7)  0.142
 277 -   0.12500 0.12500 0.12500 0.12500 0.12500 0.12500 0.12500 0.12500 ( 8)  0.142
 278 -   0.12500 0.12500 0.12500 0.12500 0.12500 0.12500 0.12500 0.12500 ( 8)  0.142
 279 -   0.12500 0.12500 0.12500 0.12500 0.12500 0.12500 0.12500 0.12500 ( 8)  0.142
 280 -   0.12500 0.12500 0.12500 0.12500 0.12500 0.12500 0.12500 0.12500 ( 8)  0.142
 281 -   0.12500 0.12500 0.12500 0.12500 0.12500 0.12500 0.12500 0.12500 ( 8)  0.142
 282 -   0.12500 0.12500 0.12500 0.12500 0.12500 0.12500 0.12500 0.12500 ( 8)  0.142
 283 -   0.12500 0.12500 0.12500 0.12500 0.12500 0.12500 0.12500 0.12500 ( 8)  0.142
 284 -   0.12500 0.12500 0.12500 0.12500 0.12500 0.12500 0.12500 0.12500 ( 8)  0.142
 285 -   0.12500 0.12500 0.12500 0.12500 0.12500 0.12500 0.12500 0.12500 ( 8)  0.142
 286 -   0.12500 0.12500 0.12500 0.12500 0.12500 0.12500 0.12500 0.12500 ( 1)  0.142
 287 -   0.12500 0.12500 0.12500 0.12500 0.12500 0.12500 0.12500 0.12500 ( 1)  0.142
 288 -   0.12500 0.12500 0.12500 0.12500 0.12500 0.12500 0.12500 0.12500 ( 1)  0.142
 289 -   0.12500 0.12500 0.12500 0.12500 0.12500 0.12500 0.12500 0.12500 ( 1)  0.142
 290 -   0.12500 0.12500 0.12500 0.12500 0.12500 0.12500 0.12500 0.12500 ( 1)  0.142
 291 -   0.12500 0.12500 0.12500 0.12500 0.12500 0.12500 0.12500 0.12500 ( 1)  0.142
 292 -   0.12500 0.12500 0.12500 0.12500 0.12500 0.12500 0.12500 0.12500 ( 1)  0.142
 293 -   0.12500 0.12500 0.12500 0.12500 0.12500 0.12500 0.12500 0.12500 ( 1)  0.142
 294 -   0.12500 0.12500 0.12500 0.12500 0.12500 0.12500 0.12500 0.12500 ( 1)  0.142
 295 -   0.12500 0.12500 0.12500 0.12500 0.12500 0.12500 0.12500 0.12500 ( 1)  0.142
 296 -   0.12500 0.12500 0.12500 0.12500 0.12500 0.12500 0.12500 0.12500 ( 1)  0.142
 297 M   0.00003 0.00176 0.01227 0.04311 0.10555 0.20030 0.30128 0.33570 ( 8)  0.326
 298 -   0.12500 0.12500 0.12500 0.12500 0.12500 0.12500 0.12500 0.12500 ( 7)  0.142
 299 -   0.12500 0.12500 0.12500 0.12500 0.12500 0.12500 0.12500 0.12500 ( 8)  0.142
 300 -   0.12500 0.12500 0.12500 0.12500 0.12500 0.12500 0.12500 0.12500 ( 8)  0.142
 301 -   0.12500 0.12500 0.12500 0.12500 0.12500 0.12500 0.12500 0.12500 ( 8)  0.142
 302 -   0.12500 0.12500 0.12500 0.12500 0.12500 0.12500 0.12500 0.12500 ( 8)  0.142
 303 -   0.12500 0.12500 0.12500 0.12500 0.12500 0.12500 0.12500 0.12500 ( 8)  0.142
 304 -   0.12500 0.12500 0.12500 0.12500 0.12500 0.12500 0.12500 0.12500 ( 8)  0.142
 305 -   0.12500 0.12500 0.12500 0.12500 0.12500 0.12500 0.12500 0.12500 ( 8)  0.142
 306 -   0.12500 0.12500 0.12500 0.12500 0.12500 0.12500 0.12500 0.12500 ( 8)  0.142
 307 -   0.12500 0.12500 0.12500 0.12500 0.12500 0.12500 0.12500 0.12500 ( 8)  0.142
 308 -   0.12500 0.12500 0.12500 0.12500 0.12500 0.12500 0.12500 0.12500 ( 8)  0.142
 309 -   0.12500 0.12500 0.12500 0.12500 0.12500 0.12500 0.12500 0.12500 ( 7)  0.142
 310 -   0.12500 0.12500 0.12500 0.12500 0.12500 0.12500 0.12500 0.12500 ( 8)  0.142
 311 -   0.12500 0.12500 0.12500 0.12500 0.12500 0.12500 0.12500 0.12500 ( 8)  0.142
 312 -   0.12500 0.12500 0.12500 0.12500 0.12500 0.12500 0.12500 0.12500 ( 8)  0.142
 313 -   0.12500 0.12500 0.12500 0.12500 0.12500 0.12500 0.12500 0.12500 ( 8)  0.142
 314 -   0.12500 0.12500 0.12500 0.12500 0.12500 0.12500 0.12500 0.12500 ( 7)  0.142
 315 -   0.12500 0.12500 0.12500 0.12500 0.12500 0.12500 0.12500 0.12500 ( 8)  0.142
 316 -   0.12500 0.12500 0.12500 0.12500 0.12500 0.12500 0.12500 0.12500 ( 8)  0.142
 317 -   0.12500 0.12500 0.12500 0.12500 0.12500 0.12500 0.12500 0.12500 ( 8)  0.142
 318 -   0.12500 0.12500 0.12500 0.12500 0.12500 0.12500 0.12500 0.12500 ( 8)  0.142
 319 -   0.12500 0.12500 0.12500 0.12500 0.12500 0.12500 0.12500 0.12500 ( 8)  0.142
 320 M   0.16260 0.16221 0.15982 0.15269 0.13760 0.11214 0.07674 0.03619 ( 1)  0.074
 321 P   0.14391 0.14376 0.14279 0.13987 0.13341 0.12156 0.10225 0.07246 ( 1)  0.104
 322 E   0.16121 0.16084 0.15856 0.15177 0.13735 0.11292 0.07867 0.03868 ( 1)  0.077
 323 F   0.14158 0.14145 0.14062 0.13812 0.13256 0.12228 0.10525 0.07815 ( 1)  0.108
 324 Q   0.13889 0.13879 0.13812 0.13608 0.13154 0.12305 0.10868 0.08486 ( 1)  0.113
 325 R   0.00000 0.00001 0.00030 0.00383 0.02454 0.10050 0.28917 0.58165 ( 8)  0.447
 326 S   0.00003 0.00187 0.01304 0.04567 0.11093 0.20727 0.30285 0.31834 ( 8)  0.317
 327 S   0.14077 0.14065 0.13987 0.13751 0.13227 0.12253 0.10629 0.08010 ( 1)  0.110
 328 V   0.15788 0.15755 0.15557 0.14961 0.13688 0.11497 0.08331 0.04423 ( 1)  0.081
 329 R   0.00002 0.00114 0.00799 0.02870 0.07395 0.15515 0.28102 0.45204 ( 8)  0.380
 330 I   0.14443 0.14427 0.14327 0.14024 0.13356 0.12134 0.10155 0.07132 ( 1)  0.103
 331 K   0.15103 0.15079 0.14935 0.14499 0.13551 0.11865 0.09275 0.05693 ( 1)  0.092
 332 N   0.14989 0.14967 0.14830 0.14419 0.13522 0.11919 0.09430 0.05925 ( 1)  0.094
 333 P   0.00002 0.00135 0.00947 0.03375 0.08531 0.17232 0.29090 0.40687 ( 8)  0.359
 334 T   0.15209 0.15184 0.15032 0.14574 0.13579 0.11817 0.09131 0.05473 ( 1)  0.090
 335 R   0.00000 0.00000 0.00023 0.00297 0.01949 0.08377 0.26346 0.63008 ( 8)  0.466
 336 V   0.15578 0.15548 0.15367 0.14823 0.13653 0.11618 0.08621 0.04792 ( 1)  0.085
 337 E   0.16199 0.16161 0.15927 0.15227 0.13745 0.11243 0.07757 0.03741 ( 1)  0.075
 338 E   0.16199 0.16161 0.15927 0.15227 0.13745 0.11243 0.07757 0.03741 ( 1)  0.075
 339 I   0.00003 0.00196 0.01364 0.04761 0.11484 0.21174 0.30263 0.30755 ( 8)  0.312
 340 I   0.14443 0.14427 0.14327 0.14024 0.13356 0.12134 0.10155 0.07132 ( 1)  0.103
 341 C   0.14532 0.14515 0.14410 0.14091 0.13388 0.12107 0.10041 0.06917 ( 1)  0.102
 342 G   0.15734 0.15702 0.15509 0.14930 0.13689 0.11541 0.08408 0.04486 ( 1)  0.082
 343 L   0.14898 0.14877 0.14747 0.14354 0.13497 0.11959 0.09552 0.06116 ( 1)  0.095
 344 I   0.14612 0.14594 0.14482 0.14142 0.13400 0.12056 0.09926 0.06789 ( 1)  0.101
 345 K   0.16186 0.16147 0.15914 0.15219 0.13744 0.11254 0.07777 0.03759 ( 1)  0.076
 346 G   0.15594 0.15564 0.15382 0.14837 0.13663 0.11620 0.08602 0.04739 ( 1)  0.084
 347 G   0.15548 0.15519 0.15341 0.14806 0.13655 0.11645 0.08666 0.04821 ( 1)  0.085
 348 A   0.15567 0.15538 0.15358 0.14819 0.13658 0.11633 0.08639 0.04788 ( 1)  0.085
 349 A   0.14177 0.14164 0.14080 0.13827 0.13264 0.12224 0.10501 0.07762 ( 1)  0.108
 350 K   0.16186 0.16147 0.15914 0.15219 0.13744 0.11254 0.07777 0.03759 ( 1)  0.076
 351 L   0.14933 0.14911 0.14779 0.14379 0.13507 0.11944 0.09506 0.06042 ( 1)  0.095
 352 Q   0.13889 0.13879 0.13812 0.13608 0.13154 0.12305 0.10868 0.08486 ( 1)  0.113
 353 I   0.00000 0.00001 0.00032 0.00402 0.02563 0.10401 0.29419 0.57182 ( 8)  0.443
 354 -   0.12500 0.12500 0.12500 0.12500 0.12500 0.12500 0.12500 0.12500 ( 1)  0.142
 355 -   0.12500 0.12500 0.12500 0.12500 0.12500 0.12500 0.12500 0.12500 ( 1)  0.142
 356 -   0.12500 0.12500 0.12500 0.12500 0.12500 0.12500 0.12500 0.12500 ( 1)  0.142
 357 -   0.12500 0.12500 0.12500 0.12500 0.12500 0.12500 0.12500 0.12500 ( 1)  0.142
 358 -   0.12500 0.12500 0.12500 0.12500 0.12500 0.12500 0.12500 0.12500 ( 1)  0.142
 359 -   0.12500 0.12500 0.12500 0.12500 0.12500 0.12500 0.12500 0.12500 ( 1)  0.142
 360 -   0.12500 0.12500 0.12500 0.12500 0.12500 0.12500 0.12500 0.12500 ( 1)  0.142
 361 -   0.12500 0.12500 0.12500 0.12500 0.12500 0.12500 0.12500 0.12500 ( 1)  0.142
 362 -   0.12500 0.12500 0.12500 0.12500 0.12500 0.12500 0.12500 0.12500 ( 1)  0.142
 363 -   0.12500 0.12500 0.12500 0.12500 0.12500 0.12500 0.12500 0.12500 ( 1)  0.142
 364 -   0.12500 0.12500 0.12500 0.12500 0.12500 0.12500 0.12500 0.12500 ( 1)  0.142
 365 -   0.12500 0.12500 0.12500 0.12500 0.12500 0.12500 0.12500 0.12500 ( 1)  0.142
 366 -   0.12500 0.12500 0.12500 0.12500 0.12500 0.12500 0.12500 0.12500 ( 1)  0.142
 367 I   0.16301 0.16261 0.16018 0.15291 0.13756 0.11177 0.07615 0.03580 ( 1)  0.074
 368 T   0.14914 0.14892 0.14761 0.14366 0.13502 0.11952 0.09531 0.06083 ( 1)  0.095
 369 D   0.14987 0.14965 0.14829 0.14418 0.13522 0.11919 0.09431 0.05929 ( 1)  0.094
 370 F   0.15200 0.15175 0.15024 0.14567 0.13577 0.11823 0.09144 0.05491 ( 1)  0.090
 371 D   0.16476 0.16433 0.16173 0.15398 0.13768 0.11055 0.07372 0.03326 ( 1)  0.072
 372 M   0.16212 0.16174 0.15940 0.15239 0.13755 0.11246 0.07740 0.03694 ( 1)  0.075
 373 T   0.15383 0.15356 0.15191 0.14694 0.13620 0.11731 0.08893 0.05131 ( 1)  0.088
 374 L   0.13802 0.13792 0.13730 0.13540 0.13118 0.12325 0.10976 0.08717 ( 1)  0.115
 375 S   0.15758 0.15726 0.15531 0.14947 0.13694 0.11529 0.08375 0.04439 ( 1)  0.082
 376 R   0.15477 0.15449 0.15277 0.14759 0.13641 0.11683 0.08763 0.04951 ( 1)  0.086
 377 F   0.15200 0.15175 0.15024 0.14567 0.13577 0.11823 0.09144 0.05491 ( 1)  0.090
 378 S   0.13789 0.13779 0.13717 0.13530 0.13113 0.12329 0.10994 0.08748 ( 1)  0.115
 379 Y   0.00000 0.00000 0.00015 0.00191 0.01302 0.06060 0.22072 0.70361 ( 8)  0.493
 380 R   0.00003 0.00201 0.01400 0.04881 0.11736 0.21500 0.30335 0.29942 ( 7)  0.308
 381 G   0.14376 0.14360 0.14265 0.13975 0.13335 0.12160 0.10245 0.07285 ( 1)  0.104
 382 K   0.16138 0.16101 0.15872 0.15189 0.13739 0.11284 0.07843 0.03834 ( 1)  0.076
 383 R   0.15496 0.15468 0.15294 0.14772 0.13645 0.11674 0.08737 0.04914 ( 1)  0.086
 384 C   0.13524 0.13516 0.13469 0.13325 0.13001 0.12387 0.11320 0.09459 ( 1)  0.120
 385 P   0.14365 0.14349 0.14254 0.13967 0.13332 0.12165 0.10260 0.07309 ( 1)  0.105
 386 T   0.15207 0.15182 0.15030 0.14572 0.13579 0.11818 0.09134 0.05478 ( 1)  0.090
 387 C   0.14504 0.14487 0.14383 0.14070 0.13379 0.12117 0.10078 0.06983 ( 1)  0.102
 388 H   0.15319 0.15293 0.15133 0.14650 0.13604 0.11762 0.08980 0.05259 ( 1)  0.089
 389 N   0.16463 0.16421 0.16162 0.15391 0.13769 0.11066 0.07389 0.03340 ( 1)  0.072
 390 -   0.12500 0.12500 0.12500 0.12500 0.12500 0.12500 0.12500 0.12500 ( 8)  0.142
 391 -   0.12500 0.12500 0.12500 0.12500 0.12500 0.12500 0.12500 0.12500 ( 8)  0.142
 392 -   0.12500 0.12500 0.12500 0.12500 0.12500 0.12500 0.12500 0.12500 ( 8)  0.142
 393 -   0.12500 0.12500 0.12500 0.12500 0.12500 0.12500 0.12500 0.12500 ( 8)  0.142
 394 -   0.12500 0.12500 0.12500 0.12500 0.12500 0.12500 0.12500 0.12500 ( 8)  0.142
 395 -   0.12500 0.12500 0.12500 0.12500 0.12500 0.12500 0.12500 0.12500 ( 7)  0.142
 396 -   0.12500 0.12500 0.12500 0.12500 0.12500 0.12500 0.12500 0.12500 ( 8)  0.142
 397 -   0.12500 0.12500 0.12500 0.12500 0.12500 0.12500 0.12500 0.12500 ( 8)  0.142
 398 -   0.12500 0.12500 0.12500 0.12500 0.12500 0.12500 0.12500 0.12500 ( 8)  0.142
 399 -   0.12500 0.12500 0.12500 0.12500 0.12500 0.12500 0.12500 0.12500 ( 8)  0.142
 400 -   0.12500 0.12500 0.12500 0.12500 0.12500 0.12500 0.12500 0.12500 ( 8)  0.142
 401 -   0.12500 0.12500 0.12500 0.12500 0.12500 0.12500 0.12500 0.12500 ( 7)  0.142
 402 -   0.12500 0.12500 0.12500 0.12500 0.12500 0.12500 0.12500 0.12500 ( 8)  0.142
 403 -   0.12500 0.12500 0.12500 0.12500 0.12500 0.12500 0.12500 0.12500 ( 7)  0.142
 404 -   0.12500 0.12500 0.12500 0.12500 0.12500 0.12500 0.12500 0.12500 ( 8)  0.142
 405 -   0.12500 0.12500 0.12500 0.12500 0.12500 0.12500 0.12500 0.12500 ( 8)  0.142
 406 -   0.12500 0.12500 0.12500 0.12500 0.12500 0.12500 0.12500 0.12500 ( 7)  0.142
 407 -   0.12500 0.12500 0.12500 0.12500 0.12500 0.12500 0.12500 0.12500 ( 8)  0.142
 408 -   0.12500 0.12500 0.12500 0.12500 0.12500 0.12500 0.12500 0.12500 ( 8)  0.142
 409 -   0.12500 0.12500 0.12500 0.12500 0.12500 0.12500 0.12500 0.12500 ( 8)  0.142
 410 -   0.12500 0.12500 0.12500 0.12500 0.12500 0.12500 0.12500 0.12500 ( 8)  0.142
 411 -   0.12500 0.12500 0.12500 0.12500 0.12500 0.12500 0.12500 0.12500 ( 7)  0.142
 412 -   0.12500 0.12500 0.12500 0.12500 0.12500 0.12500 0.12500 0.12500 ( 8)  0.142
 413 -   0.12500 0.12500 0.12500 0.12500 0.12500 0.12500 0.12500 0.12500 ( 7)  0.142
 414 -   0.12500 0.12500 0.12500 0.12500 0.12500 0.12500 0.12500 0.12500 ( 8)  0.142
 415 -   0.12500 0.12500 0.12500 0.12500 0.12500 0.12500 0.12500 0.12500 ( 8)  0.142
 416 -   0.12500 0.12500 0.12500 0.12500 0.12500 0.12500 0.12500 0.12500 ( 7)  0.142
 417 -   0.12500 0.12500 0.12500 0.12500 0.12500 0.12500 0.12500 0.12500 ( 8)  0.142
 418 -   0.12500 0.12500 0.12500 0.12500 0.12500 0.12500 0.12500 0.12500 ( 7)  0.142
 419 -   0.12500 0.12500 0.12500 0.12500 0.12500 0.12500 0.12500 0.12500 ( 8)  0.142
 420 -   0.12500 0.12500 0.12500 0.12500 0.12500 0.12500 0.12500 0.12500 ( 8)  0.142
 421 -   0.12500 0.12500 0.12500 0.12500 0.12500 0.12500 0.12500 0.12500 ( 8)  0.142
 422 -   0.12500 0.12500 0.12500 0.12500 0.12500 0.12500 0.12500 0.12500 ( 4)  0.142
 423 -   0.12500 0.12500 0.12500 0.12500 0.12500 0.12500 0.12500 0.12500 ( 7)  0.142
 424 -   0.12500 0.12500 0.12500 0.12500 0.12500 0.12500 0.12500 0.12500 ( 8)  0.142
 425 -   0.12500 0.12500 0.12500 0.12500 0.12500 0.12500 0.12500 0.12500 ( 7)  0.142
 426 -   0.12500 0.12500 0.12500 0.12500 0.12500 0.12500 0.12500 0.12500 ( 8)  0.142
 427 -   0.12500 0.12500 0.12500 0.12500 0.12500 0.12500 0.12500 0.12500 ( 7)  0.142
 428 -   0.12500 0.12500 0.12500 0.12500 0.12500 0.12500 0.12500 0.12500 ( 7)  0.142
 429 -   0.12500 0.12500 0.12500 0.12500 0.12500 0.12500 0.12500 0.12500 ( 4)  0.142
 430 -   0.12500 0.12500 0.12500 0.12500 0.12500 0.12500 0.12500 0.12500 ( 7)  0.142
 431 -   0.12500 0.12500 0.12500 0.12500 0.12500 0.12500 0.12500 0.12500 ( 8)  0.142
 432 -   0.12500 0.12500 0.12500 0.12500 0.12500 0.12500 0.12500 0.12500 ( 8)  0.142
 433 -   0.12500 0.12500 0.12500 0.12500 0.12500 0.12500 0.12500 0.12500 ( 4)  0.142
 434 -   0.12500 0.12500 0.12500 0.12500 0.12500 0.12500 0.12500 0.12500 ( 8)  0.142
 435 -   0.12500 0.12500 0.12500 0.12500 0.12500 0.12500 0.12500 0.12500 ( 8)  0.142
 436 -   0.12500 0.12500 0.12500 0.12500 0.12500 0.12500 0.12500 0.12500 ( 8)  0.142
 437 -   0.12500 0.12500 0.12500 0.12500 0.12500 0.12500 0.12500 0.12500 ( 4)  0.142
 438 -   0.12500 0.12500 0.12500 0.12500 0.12500 0.12500 0.12500 0.12500 ( 8)  0.142
 439 -   0.12500 0.12500 0.12500 0.12500 0.12500 0.12500 0.12500 0.12500 ( 7)  0.142
 440 -   0.12500 0.12500 0.12500 0.12500 0.12500 0.12500 0.12500 0.12500 ( 7)  0.142
 441 -   0.12500 0.12500 0.12500 0.12500 0.12500 0.12500 0.12500 0.12500 ( 7)  0.142
 442 -   0.12500 0.12500 0.12500 0.12500 0.12500 0.12500 0.12500 0.12500 ( 7)  0.142
 443 -   0.12500 0.12500 0.12500 0.12500 0.12500 0.12500 0.12500 0.12500 ( 7)  0.142
 444 -   0.12500 0.12500 0.12500 0.12500 0.12500 0.12500 0.12500 0.12500 ( 8)  0.142
 445 -   0.12500 0.12500 0.12500 0.12500 0.12500 0.12500 0.12500 0.12500 ( 7)  0.142
 446 -   0.12500 0.12500 0.12500 0.12500 0.12500 0.12500 0.12500 0.12500 ( 7)  0.142
 447 -   0.12500 0.12500 0.12500 0.12500 0.12500 0.12500 0.12500 0.12500 ( 8)  0.142
 448 -   0.12500 0.12500 0.12500 0.12500 0.12500 0.12500 0.12500 0.12500 ( 8)  0.142
 449 -   0.12500 0.12500 0.12500 0.12500 0.12500 0.12500 0.12500 0.12500 ( 8)  0.142
 450 -   0.12500 0.12500 0.12500 0.12500 0.12500 0.12500 0.12500 0.12500 ( 8)  0.142
 451 -   0.12500 0.12500 0.12500 0.12500 0.12500 0.12500 0.12500 0.12500 ( 8)  0.142
 452 -   0.12500 0.12500 0.12500 0.12500 0.12500 0.12500 0.12500 0.12500 ( 7)  0.142
 453 -   0.12500 0.12500 0.12500 0.12500 0.12500 0.12500 0.12500 0.12500 ( 8)  0.142
 454 -   0.12500 0.12500 0.12500 0.12500 0.12500 0.12500 0.12500 0.12500 ( 7)  0.142
 455 -   0.12500 0.12500 0.12500 0.12500 0.12500 0.12500 0.12500 0.12500 ( 8)  0.142
 456 -   0.12500 0.12500 0.12500 0.12500 0.12500 0.12500 0.12500 0.12500 ( 7)  0.142
 457 -   0.12500 0.12500 0.12500 0.12500 0.12500 0.12500 0.12500 0.12500 ( 7)  0.142
 458 -   0.12500 0.12500 0.12500 0.12500 0.12500 0.12500 0.12500 0.12500 ( 7)  0.142
 459 -   0.12500 0.12500 0.12500 0.12500 0.12500 0.12500 0.12500 0.12500 ( 8)  0.142
 460 -   0.12500 0.12500 0.12500 0.12500 0.12500 0.12500 0.12500 0.12500 ( 8)  0.142
 461 -   0.12500 0.12500 0.12500 0.12500 0.12500 0.12500 0.12500 0.12500 ( 8)  0.142
 462 -   0.12500 0.12500 0.12500 0.12500 0.12500 0.12500 0.12500 0.12500 ( 8)  0.142
 463 -   0.12500 0.12500 0.12500 0.12500 0.12500 0.12500 0.12500 0.12500 ( 8)  0.142
 464 -   0.12500 0.12500 0.12500 0.12500 0.12500 0.12500 0.12500 0.12500 ( 8)  0.142
 465 -   0.12500 0.12500 0.12500 0.12500 0.12500 0.12500 0.12500 0.12500 ( 8)  0.142
 466 -   0.12500 0.12500 0.12500 0.12500 0.12500 0.12500 0.12500 0.12500 ( 7)  0.142
 467 -   0.12500 0.12500 0.12500 0.12500 0.12500 0.12500 0.12500 0.12500 ( 8)  0.142
 468 -   0.12500 0.12500 0.12500 0.12500 0.12500 0.12500 0.12500 0.12500 ( 8)  0.142
 469 -   0.12500 0.12500 0.12500 0.12500 0.12500 0.12500 0.12500 0.12500 ( 8)  0.142
 470 -   0.12500 0.12500 0.12500 0.12500 0.12500 0.12500 0.12500 0.12500 ( 7)  0.142
 471 -   0.12500 0.12500 0.12500 0.12500 0.12500 0.12500 0.12500 0.12500 ( 8)  0.142
 472 -   0.12500 0.12500 0.12500 0.12500 0.12500 0.12500 0.12500 0.12500 ( 8)  0.142
 473 -   0.12500 0.12500 0.12500 0.12500 0.12500 0.12500 0.12500 0.12500 ( 8)  0.142
 474 -   0.12500 0.12500 0.12500 0.12500 0.12500 0.12500 0.12500 0.12500 ( 8)  0.142
 475 -   0.12500 0.12500 0.12500 0.12500 0.12500 0.12500 0.12500 0.12500 ( 8)  0.142
 476 -   0.12500 0.12500 0.12500 0.12500 0.12500 0.12500 0.12500 0.12500 ( 8)  0.142
 477 -   0.12500 0.12500 0.12500 0.12500 0.12500 0.12500 0.12500 0.12500 ( 7)  0.142
 478 -   0.12500 0.12500 0.12500 0.12500 0.12500 0.12500 0.12500 0.12500 ( 8)  0.142
 479 -   0.12500 0.12500 0.12500 0.12500 0.12500 0.12500 0.12500 0.12500 ( 8)  0.142
 480 -   0.12500 0.12500 0.12500 0.12500 0.12500 0.12500 0.12500 0.12500 ( 8)  0.142
 481 -   0.12500 0.12500 0.12500 0.12500 0.12500 0.12500 0.12500 0.12500 ( 8)  0.142
 482 -   0.12500 0.12500 0.12500 0.12500 0.12500 0.12500 0.12500 0.12500 ( 8)  0.142
 483 -   0.12500 0.12500 0.12500 0.12500 0.12500 0.12500 0.12500 0.12500 ( 8)  0.142
 484 -   0.12500 0.12500 0.12500 0.12500 0.12500 0.12500 0.12500 0.12500 ( 8)  0.142
 485 -   0.12500 0.12500 0.12500 0.12500 0.12500 0.12500 0.12500 0.12500 ( 8)  0.142
 486 -   0.12500 0.12500 0.12500 0.12500 0.12500 0.12500 0.12500 0.12500 ( 7)  0.142
 487 -   0.12500 0.12500 0.12500 0.12500 0.12500 0.12500 0.12500 0.12500 ( 8)  0.142
 488 -   0.12500 0.12500 0.12500 0.12500 0.12500 0.12500 0.12500 0.12500 ( 8)  0.142
 489 -   0.12500 0.12500 0.12500 0.12500 0.12500 0.12500 0.12500 0.12500 ( 8)  0.142
 490 -   0.12500 0.12500 0.12500 0.12500 0.12500 0.12500 0.12500 0.12500 ( 8)  0.142
 491 -   0.12500 0.12500 0.12500 0.12500 0.12500 0.12500 0.12500 0.12500 ( 8)  0.142
 492 -   0.12500 0.12500 0.12500 0.12500 0.12500 0.12500 0.12500 0.12500 ( 8)  0.142
 493 -   0.12500 0.12500 0.12500 0.12500 0.12500 0.12500 0.12500 0.12500 ( 8)  0.142
 494 -   0.12500 0.12500 0.12500 0.12500 0.12500 0.12500 0.12500 0.12500 ( 8)  0.142
 495 -   0.12500 0.12500 0.12500 0.12500 0.12500 0.12500 0.12500 0.12500 ( 8)  0.142
 496 -   0.12500 0.12500 0.12500 0.12500 0.12500 0.12500 0.12500 0.12500 ( 7)  0.142
 497 -   0.12500 0.12500 0.12500 0.12500 0.12500 0.12500 0.12500 0.12500 ( 7)  0.142
 498 -   0.12500 0.12500 0.12500 0.12500 0.12500 0.12500 0.12500 0.12500 ( 8)  0.142
 499 I   0.00000 0.00000 0.00000 0.00000 0.00024 0.00538 0.07720 0.91717 ( 8)  0.568
 500 I   0.15953 0.15919 0.15706 0.15070 0.13716 0.11401 0.08101 0.04134 ( 1)  0.079
 501 D   0.14987 0.14965 0.14829 0.14418 0.13522 0.11919 0.09431 0.05929 ( 1)  0.094
 502 N   0.14944 0.14922 0.14789 0.14387 0.13510 0.11938 0.09490 0.06019 ( 1)  0.095
 503 C   0.14504 0.14487 0.14383 0.14070 0.13379 0.12117 0.10078 0.06983 ( 1)  0.102
 504 K   0.00002 0.00161 0.01125 0.03970 0.09823 0.19037 0.29803 0.36078 ( 8)  0.337
 505 L   0.13453 0.13446 0.13402 0.13269 0.12969 0.12399 0.11406 0.09657 ( 1)  0.122
 506 V   0.15745 0.15713 0.15518 0.14933 0.13681 0.11522 0.08390 0.04499 ( 1)  0.082
 507 T   0.15381 0.15354 0.15189 0.14693 0.13620 0.11732 0.08895 0.05135 ( 1)  0.088
 508 D   0.16476 0.16433 0.16173 0.15398 0.13768 0.11055 0.07372 0.03326 ( 1)  0.072
 509 E   0.16152 0.16114 0.15884 0.15197 0.13739 0.11273 0.07823 0.03816 ( 1)  0.076
 510 C   0.14451 0.14434 0.14334 0.14030 0.13361 0.12135 0.10147 0.07107 ( 1)  0.103
 511 R   0.14620 0.14602 0.14490 0.14153 0.13412 0.12067 0.09921 0.06734 ( 1)  0.100
 512 K   0.00003 0.00200 0.01392 0.04852 0.11674 0.21418 0.30314 0.30148 ( 7)  0.309
 513 K   0.15067 0.15044 0.14902 0.14474 0.13542 0.11882 0.09323 0.05766 ( 1)  0.093
 514 L   0.14062 0.14049 0.13972 0.13737 0.13216 0.12250 0.10645 0.08069 ( 1)  0.110
 515 L   0.00000 0.00000 0.00014 0.00186 0.01275 0.05959 0.21863 0.70702 ( 8)  0.494
 516 Q   0.00002 0.00134 0.00938 0.03343 0.08458 0.17121 0.29026 0.40979 ( 8)  0.360
 517 L   0.14072 0.14059 0.13981 0.13745 0.13222 0.12250 0.10634 0.08038 ( 1)  0.110
 518 K   0.15067 0.15044 0.14902 0.14474 0.13542 0.11882 0.09323 0.05766 ( 1)  0.093
 519 E   0.00003 0.00203 0.01410 0.04912 0.11799 0.21577 0.30344 0.29753 ( 7)  0.307
 520 K   0.15850 0.15817 0.15613 0.15003 0.13699 0.11462 0.08244 0.04311 ( 1)  0.081
 521 Y   0.15016 0.14993 0.14855 0.14438 0.13529 0.11906 0.09393 0.05870 ( 1)  0.093
 522 Y   0.13993 0.13981 0.13908 0.13687 0.13194 0.12276 0.10736 0.08224 ( 1)  0.112
 523 A   0.15593 0.15564 0.15382 0.14836 0.13663 0.11619 0.08603 0.04741 ( 1)  0.084
 524 I   0.15953 0.15919 0.15706 0.15071 0.13716 0.11401 0.08101 0.04134 ( 1)  0.079
 525 E   0.16152 0.16115 0.15884 0.15197 0.13739 0.11273 0.07823 0.03816 ( 1)  0.076
 526 V   0.00003 0.00183 0.01275 0.04469 0.10879 0.20427 0.30168 0.32597 ( 8)  0.321
 527 D   0.16476 0.16433 0.16173 0.15398 0.13768 0.11055 0.07372 0.03325 ( 1)  0.072
 528 P   0.14440 0.14424 0.14324 0.14023 0.13357 0.12139 0.10161 0.07132 ( 1)  0.103
 529 V   0.00000 0.00001 0.00025 0.00322 0.02092 0.08853 0.27081 0.61628 ( 8)  0.460
 530 L   0.14899 0.14878 0.14748 0.14355 0.13498 0.11958 0.09550 0.06113 ( 1)  0.095
 531 T   0.00002 0.00161 0.01126 0.03975 0.09840 0.19082 0.29866 0.35949 ( 8)  0.337
 532 V   0.15618 0.15588 0.15403 0.14849 0.13659 0.11594 0.08566 0.04723 ( 1)  0.084
 533 E   0.16152 0.16115 0.15884 0.15197 0.13739 0.11273 0.07823 0.03816 ( 1)  0.076
 534 E   0.00002 0.00152 0.01066 0.03773 0.09400 0.18466 0.29620 0.37520 ( 8)  0.344
 535 K   0.15081 0.15057 0.14914 0.14483 0.13545 0.11875 0.09304 0.05740 ( 1)  0.092
 536 Y   0.13890 0.13879 0.13812 0.13608 0.13153 0.12303 0.10865 0.08488 ( 1)  0.113
 537 P   0.14442 0.14426 0.14326 0.14024 0.13358 0.12138 0.10159 0.07128 ( 1)  0.103
 538 Y   0.00002 0.00150 0.01048 0.03715 0.09276 0.18295 0.29559 0.37955 ( 8)  0.346
 539 M   0.16260 0.16221 0.15982 0.15269 0.13760 0.11214 0.07674 0.03619 ( 1)  0.074
 540 -   0.12500 0.12500 0.12500 0.12500 0.12500 0.12500 0.12500 0.12500 ( 7)  0.142
 541 -   0.12500 0.12500 0.12500 0.12500 0.12500 0.12500 0.12500 0.12500 ( 8)  0.142
 542 -   0.12500 0.12500 0.12500 0.12500 0.12500 0.12500 0.12500 0.12500 ( 8)  0.142
 543 -   0.12500 0.12500 0.12500 0.12500 0.12500 0.12500 0.12500 0.12500 ( 8)  0.142
 544 V   0.15041 0.15018 0.14877 0.14452 0.13529 0.11885 0.09355 0.05844 ( 1)  0.093
 545 E   0.00000 0.00000 0.00004 0.00062 0.00602 0.04119 0.20521 0.74693 ( 8)  0.511
 546 W   0.13248 0.13242 0.13209 0.13107 0.12876 0.12434 0.11651 0.10233 ( 1)  0.126
 547 -   0.12500 0.12500 0.12500 0.12500 0.12500 0.12500 0.12500 0.12500 ( 8)  0.142
 548 -   0.12500 0.12500 0.12500 0.12500 0.12500 0.12500 0.12500 0.12500 ( 8)  0.142
 549 -   0.12500 0.12500 0.12500 0.12500 0.12500 0.12500 0.12500 0.12500 ( 8)  0.142
 550 -   0.12500 0.12500 0.12500 0.12500 0.12500 0.12500 0.12500 0.12500 ( 8)  0.142
 551 -   0.12500 0.12500 0.12500 0.12500 0.12500 0.12500 0.12500 0.12500 ( 7)  0.142
 552 -   0.12500 0.12500 0.12500 0.12500 0.12500 0.12500 0.12500 0.12500 ( 8)  0.142
 553 -   0.12500 0.12500 0.12500 0.12500 0.12500 0.12500 0.12500 0.12500 ( 8)  0.142
 554 -   0.12500 0.12500 0.12500 0.12500 0.12500 0.12500 0.12500 0.12500 ( 8)  0.142
 555 Y   0.15018 0.14995 0.14857 0.14439 0.13530 0.11905 0.09391 0.05866 ( 1)  0.093
 556 T   0.00003 0.00172 0.01198 0.04216 0.10353 0.19764 0.30060 0.34236 ( 8)  0.329
 557 K   0.16186 0.16147 0.15914 0.15219 0.13744 0.11254 0.07777 0.03759 ( 1)  0.076
 558 S   0.14077 0.14065 0.13987 0.13751 0.13227 0.12253 0.10629 0.08010 ( 1)  0.110
 559 H   0.15426 0.15399 0.15230 0.14723 0.13629 0.11709 0.08833 0.05050 ( 1)  0.087
 560 G   0.00003 0.00179 0.01247 0.04376 0.10692 0.20211 0.30176 0.33117 ( 8)  0.323
 561 L   0.13668 0.13659 0.13604 0.13437 0.13063 0.12357 0.11143 0.09070 ( 1)  0.118
 562 L   0.14933 0.14911 0.14779 0.14379 0.13507 0.11944 0.09506 0.06042 ( 1)  0.095
 563 V   0.15788 0.15755 0.15557 0.14961 0.13688 0.11497 0.08331 0.04423 ( 1)  0.081
 564 E   0.00003 0.00188 0.01312 0.04590 0.11133 0.20750 0.30230 0.31793 ( 8)  0.317
 565 Q   0.14520 0.14503 0.14399 0.14082 0.13383 0.12109 0.10055 0.06948 ( 1)  0.102
 566 A   0.00003 0.00176 0.01223 0.04300 0.10530 0.19997 0.30120 0.33651 ( 8)  0.326
 567 L   0.14107 0.14094 0.14015 0.13773 0.13237 0.12243 0.10590 0.07941 ( 1)  0.109
 568 P   0.14391 0.14376 0.14279 0.13987 0.13341 0.12156 0.10225 0.07246 ( 1)  0.104
 569 K   0.16186 0.16147 0.15914 0.15219 0.13744 0.11254 0.07777 0.03759 ( 1)  0.076
 570 A   0.00000 0.00000 0.00024 0.00305 0.01995 0.08547 0.26670 0.62459 ( 8)  0.464
 571 K   0.16153 0.16115 0.15885 0.15198 0.13740 0.11274 0.07822 0.03813 ( 1)  0.076
 572 L   0.14933 0.14911 0.14779 0.14379 0.13507 0.11944 0.09506 0.06042 ( 1)  0.095
 573 K   0.16186 0.16147 0.15914 0.15219 0.13744 0.11254 0.07777 0.03759 ( 1)  0.076
 574 E   0.16200 0.16161 0.15927 0.15227 0.13745 0.11243 0.07757 0.03741 ( 1)  0.075
 575 I   0.15999 0.15963 0.15747 0.15100 0.13722 0.11373 0.08038 0.04058 ( 1)  0.078
 576 V   0.14481 0.14465 0.14362 0.14051 0.13367 0.12119 0.10104 0.07051 ( 1)  0.103
 577 A   0.15547 0.15517 0.15340 0.14805 0.13654 0.11645 0.08667 0.04825 ( 1)  0.085
 578 E   0.16200 0.16161 0.15927 0.15227 0.13745 0.11243 0.07757 0.03741 ( 1)  0.075
 579 S   0.14483 0.14466 0.14364 0.14054 0.13372 0.12124 0.10105 0.07032 ( 1)  0.103
 580 D   0.15737 0.15705 0.15511 0.14927 0.13678 0.11524 0.08400 0.04518 ( 1)  0.082
 581 V   0.15788 0.15755 0.15557 0.14961 0.13688 0.11497 0.08331 0.04423 ( 1)  0.081
 582 M   0.16260 0.16221 0.15982 0.15269 0.13760 0.11214 0.07674 0.03619 ( 1)  0.074
 583 L   0.13727 0.13717 0.13659 0.13482 0.13087 0.12343 0.11071 0.08914 ( 1)  0.117
 584 K   0.00003 0.00168 0.01174 0.04136 0.10178 0.19519 0.29961 0.34861 ( 8)  0.332
 585 E   0.16200 0.16161 0.15927 0.15227 0.13745 0.11243 0.07757 0.03741 ( 1)  0.075
 586 G   0.00003 0.00169 0.01178 0.04150 0.10214 0.19581 0.30011 0.34694 ( 8)  0.331
 587 Y   0.15086 0.15063 0.14920 0.14487 0.13548 0.11874 0.09298 0.05724 ( 1)  0.092
 588 E   0.15199 0.15174 0.15022 0.14565 0.13572 0.11816 0.09143 0.05509 ( 1)  0.091
 589 N   0.00000 0.00001 0.00035 0.00444 0.02798 0.11143 0.30431 0.55149 ( 8)  0.436
 590 F   0.14137 0.14124 0.14043 0.13796 0.13249 0.12235 0.10552 0.07864 ( 1)  0.109
 591 F   0.14883 0.14862 0.14733 0.14344 0.13493 0.11965 0.09572 0.06149 ( 1)  0.096
 592 D   0.16160 0.16122 0.15891 0.15202 0.13741 0.11269 0.07813 0.03803 ( 1)  0.076
 593 K   0.14846 0.14825 0.14698 0.14316 0.13481 0.11979 0.09622 0.06233 ( 1)  0.096
 594 L   0.13597 0.13589 0.13537 0.13382 0.13032 0.12371 0.11230 0.09262 ( 1)  0.119
 595 Q   0.14266 0.14252 0.14163 0.13892 0.13295 0.12194 0.10386 0.07552 ( 1)  0.106
 596 Q   0.00002 0.00130 0.00909 0.03246 0.08242 0.16801 0.28857 0.41814 ( 8)  0.364
 597 H   0.00002 0.00135 0.00947 0.03375 0.08529 0.17226 0.29082 0.40704 ( 8)  0.359
 598 S   0.00003 0.00173 0.01203 0.04232 0.10388 0.19812 0.30077 0.34114 ( 8)  0.328
 599 I   0.00002 0.00138 0.00965 0.03434 0.08658 0.17407 0.29153 0.40243 ( 8)  0.357
 600 P   0.13529 0.13521 0.13474 0.13328 0.13003 0.12385 0.11313 0.09447 ( 1)  0.120
 601 V   0.00002 0.00125 0.00873 0.03123 0.07966 0.16388 0.28627 0.42896 ( 8)  0.369
 602 F   0.13907 0.13896 0.13828 0.13622 0.13161 0.12300 0.10845 0.08440 ( 1)  0.113
 603 I   0.15996 0.15960 0.15744 0.15098 0.13722 0.11375 0.08042 0.04063 ( 1)  0.078
 604 F   0.14883 0.14862 0.14733 0.14344 0.13493 0.11965 0.09572 0.06149 ( 1)  0.096
 605 S   0.13556 0.13548 0.13499 0.13349 0.13014 0.12379 0.11280 0.09374 ( 1)  0.120
 606 A   0.15368 0.15341 0.15177 0.14683 0.13616 0.11739 0.08914 0.05163 ( 1)  0.088
 607 G   0.15181 0.15156 0.15006 0.14554 0.13572 0.11830 0.09169 0.05531 ( 1)  0.091
 608 I   0.14445 0.14428 0.14328 0.14024 0.13354 0.12131 0.10152 0.07138 ( 1)  0.103
 609 G   0.15158 0.15134 0.14985 0.14538 0.13566 0.11841 0.09200 0.05577 ( 1)  0.091
 610 D   0.15762 0.15730 0.15533 0.14945 0.13685 0.11514 0.08367 0.04464 ( 1)  0.082
 611 V   0.15320 0.15293 0.15132 0.14647 0.13598 0.11753 0.08976 0.05281 ( 1)  0.089
 612 L   0.13933 0.13922 0.13852 0.13641 0.13170 0.12291 0.10812 0.08379 ( 1)  0.113
 613 E   0.15000 0.14977 0.14840 0.14424 0.13519 0.11906 0.09411 0.05922 ( 1)  0.094
 614 E   0.14922 0.14900 0.14768 0.14370 0.13502 0.11946 0.09519 0.06072 ( 1)  0.095
 615 V   0.00003 0.00173 0.01207 0.04244 0.10405 0.19803 0.30006 0.34159 ( 8)  0.328
 616 I   0.14573 0.14555 0.14447 0.14119 0.13399 0.12088 0.09985 0.06833 ( 1)  0.101
 617 R   0.00002 0.00129 0.00905 0.03232 0.08211 0.16757 0.28839 0.41925 ( 8)  0.365
 618 Q   0.14294 0.14280 0.14189 0.13914 0.13306 0.12186 0.10350 0.07481 ( 1)  0.106
 619 A   0.15368 0.15341 0.15177 0.14683 0.13616 0.11739 0.08914 0.05163 ( 1)  0.088
 620 G   0.15390 0.15363 0.15197 0.14699 0.13622 0.11728 0.08883 0.05118 ( 1)  0.087
 621 V   0.15429 0.15401 0.15232 0.14721 0.13621 0.11696 0.08826 0.05073 ( 1)  0.087
 622 Y   0.14830 0.14810 0.14685 0.14306 0.13478 0.11986 0.09643 0.06263 ( 1)  0.097
 623 H   0.00002 0.00156 0.01092 0.03862 0.09594 0.18740 0.29735 0.36819 ( 8)  0.341
 624 P   0.14112 0.14099 0.14019 0.13777 0.13240 0.12244 0.10586 0.07923 ( 1)  0.109
 625 N   0.16148 0.16110 0.15881 0.15195 0.13741 0.11279 0.07830 0.03818 ( 1)  0.076
 626 V   0.14185 0.14171 0.14087 0.13831 0.13263 0.12216 0.10489 0.07758 ( 1)  0.108
 627 K   0.15843 0.15810 0.15607 0.14999 0.13699 0.11467 0.08254 0.04321 ( 1)  0.081
 628 V   0.15309 0.15283 0.15123 0.14640 0.13596 0.11759 0.08991 0.05300 ( 1)  0.089
 629 V   0.14329 0.14314 0.14221 0.13939 0.13315 0.12170 0.10302 0.07411 ( 1)  0.105
 630 S   0.13381 0.13375 0.13335 0.13212 0.12937 0.12413 0.11492 0.09855 ( 1)  0.123
 631 N   0.15435 0.15407 0.15238 0.14728 0.13629 0.11702 0.08821 0.05041 ( 1)  0.087
 632 F   0.14420 0.14404 0.14306 0.14008 0.13350 0.12145 0.10186 0.07180 ( 1)  0.104
 633 M   0.15912 0.15878 0.15670 0.15047 0.13717 0.11435 0.08160 0.04181 ( 1)  0.079
 634 D   0.16160 0.16122 0.15891 0.15202 0.13741 0.11269 0.07813 0.03803 ( 1)  0.076
 635 F   0.14836 0.14815 0.14689 0.14309 0.13479 0.11984 0.09636 0.06252 ( 1)  0.097
 636 D   0.16160 0.16122 0.15891 0.15202 0.13741 0.11269 0.07813 0.03803 ( 1)  0.076
 637 E   0.15856 0.15823 0.15618 0.15007 0.13700 0.11458 0.08236 0.04302 ( 1)  0.080
 638 T   0.00003 0.00179 0.01247 0.04375 0.10683 0.20173 0.30110 0.33230 ( 8)  0.324
 639 G   0.14346 0.14331 0.14237 0.13953 0.13324 0.12169 0.10283 0.07357 ( 1)  0.105
 640 V   0.00000 0.00000 0.00018 0.00230 0.01542 0.06943 0.23794 0.67473 ( 8)  0.482
 641 L   0.00002 0.00109 0.00763 0.02747 0.07113 0.15070 0.27802 0.46396 ( 8)  0.385
 642 K   0.00003 0.00188 0.01307 0.04574 0.11101 0.20715 0.30234 0.31878 ( 8)  0.317
 643 G   0.15254 0.15228 0.15073 0.14605 0.13591 0.11796 0.09070 0.05383 ( 1)  0.090
 644 F   0.14968 0.14946 0.14811 0.14404 0.13518 0.11929 0.09458 0.05966 ( 1)  0.094
 645 K   0.15843 0.15810 0.15607 0.14999 0.13699 0.11467 0.08254 0.04321 ( 1)  0.081
 646 G   0.15254 0.15228 0.15073 0.14605 0.13591 0.11796 0.09070 0.05383 ( 1)  0.090
 647 E   0.15856 0.15823 0.15618 0.15007 0.13700 0.11458 0.08236 0.04302 ( 1)  0.080
 648 L   0.13933 0.13922 0.13853 0.13641 0.13171 0.12292 0.10812 0.08376 ( 1)  0.113
 649 I   0.15670 0.15639 0.15450 0.14885 0.13671 0.11568 0.08495 0.04623 ( 1)  0.083
 650 H   0.15142 0.15118 0.14971 0.14527 0.13563 0.11849 0.09222 0.05608 ( 1)  0.091
 651 V   0.15357 0.15330 0.15166 0.14672 0.13606 0.11734 0.08925 0.05209 ( 1)  0.088
 652 F   0.14968 0.14946 0.14811 0.14404 0.13518 0.11929 0.09458 0.05966 ( 1)  0.094
 653 N   0.14731 0.14712 0.14593 0.14235 0.13449 0.12027 0.09775 0.06478 ( 1)  0.098
 654 K   0.15821 0.15788 0.15587 0.14984 0.13695 0.11479 0.08284 0.04360 ( 1)  0.081
 655 H   0.15142 0.15118 0.14971 0.14527 0.13563 0.11849 0.09222 0.05608 ( 1)  0.091
 656 D   0.16160 0.16122 0.15891 0.15202 0.13741 0.11269 0.07813 0.03803 ( 1)  0.076
 657 G   0.15436 0.15408 0.15239 0.14730 0.13632 0.11704 0.08820 0.05030 ( 1)  0.087
 658 A   0.13964 0.13952 0.13881 0.13665 0.13183 0.12285 0.10774 0.08297 ( 1)  0.112
 659 L   0.13544 0.13536 0.13488 0.13340 0.13010 0.12382 0.11295 0.09405 ( 1)  0.120
 660 R   0.00000 0.00000 0.00013 0.00174 0.01201 0.05699 0.21413 0.71500 ( 8)  0.497
 661 N   0.16148 0.16110 0.15881 0.15195 0.13741 0.11279 0.07830 0.03818 ( 1)  0.076
 662 T   0.15138 0.15114 0.14967 0.14524 0.13562 0.11852 0.09227 0.05614 ( 1)  0.091
 663 E   0.00002 0.00120 0.00845 0.03046 0.07883 0.16540 0.29268 0.42297 ( 8)  0.368
 664 Y   0.14740 0.14720 0.14601 0.14241 0.13451 0.12024 0.09764 0.06459 ( 1)  0.098
 665 F   0.14200 0.14186 0.14101 0.13842 0.13270 0.12214 0.10471 0.07716 ( 1)  0.108
 666 N   0.16148 0.16110 0.15881 0.15195 0.13741 0.11279 0.07830 0.03818 ( 1)  0.076
 667 Q   0.14315 0.14300 0.14208 0.13929 0.13313 0.12180 0.10324 0.07431 ( 1)  0.106
 668 L   0.13903 0.13892 0.13824 0.13618 0.13159 0.12300 0.10850 0.08455 ( 1)  0.113
 669 K   0.15843 0.15810 0.15607 0.14999 0.13699 0.11467 0.08254 0.04321 ( 1)  0.081
 670 D   0.14891 0.14869 0.14739 0.14347 0.13491 0.11955 0.09559 0.06149 ( 1)  0.096
 671 N   0.16022 0.15986 0.15767 0.15114 0.13724 0.11357 0.08006 0.04025 ( 1)  0.078
 672 S   0.14799 0.14779 0.14656 0.14284 0.13471 0.12003 0.09686 0.06321 ( 1)  0.097
 673 N   0.14731 0.14712 0.14593 0.14235 0.13449 0.12027 0.09775 0.06478 ( 1)  0.098
 674 I   0.15996 0.15960 0.15744 0.15098 0.13722 0.11375 0.08042 0.04063 ( 1)  0.078
 675 I   0.15670 0.15639 0.15450 0.14885 0.13671 0.11568 0.08495 0.04623 ( 1)  0.083
 676 L   0.14018 0.14006 0.13931 0.13705 0.13201 0.12265 0.10703 0.08172 ( 1)  0.111
 677 L   0.13364 0.13357 0.13318 0.13198 0.12929 0.12415 0.11513 0.09906 ( 1)  0.124
 678 G   0.15254 0.15228 0.15073 0.14605 0.13591 0.11796 0.09070 0.05383 ( 1)  0.090
 679 D   0.15019 0.14997 0.14858 0.14438 0.13526 0.11898 0.09386 0.05878 ( 1)  0.094
 680 S   0.13555 0.13547 0.13498 0.13349 0.13015 0.12381 0.11282 0.09375 ( 1)  0.120
 681 Q   0.14315 0.14300 0.14208 0.13929 0.13313 0.12180 0.10324 0.07431 ( 1)  0.106
 682 G   0.15254 0.15228 0.15073 0.14605 0.13591 0.11796 0.09070 0.05383 ( 1)  0.090
 683 D   0.14771 0.14751 0.14630 0.14263 0.13460 0.12011 0.09722 0.06391 ( 1)  0.098
 684 L   0.13943 0.13932 0.13862 0.13649 0.13175 0.12289 0.10799 0.08351 ( 1)  0.112
 685 R   0.15243 0.15218 0.15064 0.14598 0.13589 0.11802 0.09085 0.05401 ( 1)  0.090
 686 M   0.15912 0.15878 0.15670 0.15047 0.13717 0.11435 0.08160 0.04181 ( 1)  0.079
 687 A   0.15153 0.15129 0.14981 0.14534 0.13565 0.11844 0.09207 0.05587 ( 1)  0.091
 688 D   0.16160 0.16122 0.15891 0.15202 0.13741 0.11269 0.07813 0.03803 ( 1)  0.076
 689 G   0.15193 0.15168 0.15018 0.14563 0.13576 0.11825 0.09153 0.05504 ( 1)  0.091
 690 V   0.14956 0.14934 0.14799 0.14392 0.13506 0.11923 0.09470 0.06020 ( 1)  0.095
 691 A   0.13964 0.13952 0.13881 0.13665 0.13183 0.12285 0.10774 0.08297 ( 1)  0.112
 692 N   0.16148 0.16110 0.15881 0.15195 0.13741 0.11279 0.07830 0.03818 ( 1)  0.076
 693 V   0.15475 0.15447 0.15273 0.14753 0.13631 0.11672 0.08763 0.04987 ( 1)  0.086
 694 E   0.15395 0.15368 0.15201 0.14697 0.13612 0.11710 0.08871 0.05145 ( 1)  0.088
 695 H   0.14021 0.14009 0.13935 0.13709 0.13206 0.12269 0.10701 0.08150 ( 1)  0.111
 696 I   0.15670 0.15639 0.15450 0.14885 0.13671 0.11568 0.08495 0.04623 ( 1)  0.083
 697 L   0.13386 0.13380 0.13339 0.13216 0.12939 0.12411 0.11486 0.09843 ( 1)  0.123
 698 K   0.15843 0.15810 0.15607 0.14999 0.13699 0.11467 0.08254 0.04321 ( 1)  0.081
 699 I   0.15558 0.15529 0.15349 0.14810 0.13650 0.11630 0.08649 0.04825 ( 1)  0.085
 700 G   0.15254 0.15228 0.15073 0.14605 0.13591 0.11796 0.09070 0.05383 ( 1)  0.090
 701 Y   0.14816 0.14795 0.14671 0.14295 0.13473 0.11992 0.09662 0.06295 ( 1)  0.097
 702 L   0.13914 0.13903 0.13835 0.13627 0.13163 0.12297 0.10836 0.08425 ( 1)  0.113
 703 N   0.16148 0.16110 0.15881 0.15195 0.13741 0.11279 0.07830 0.03818 ( 1)  0.076
 704 D   0.16160 0.16122 0.15891 0.15202 0.13741 0.11269 0.07813 0.03803 ( 1)  0.076
 705 R   0.15170 0.15145 0.14996 0.14546 0.13570 0.11837 0.09185 0.05552 ( 1)  0.091
 706 V   0.14279 0.14264 0.14175 0.13901 0.13298 0.12187 0.10368 0.07527 ( 1)  0.106
 707 D   0.16047 0.16011 0.15790 0.15130 0.13726 0.11340 0.07970 0.03986 ( 1)  0.078
 708 E   0.14880 0.14859 0.14730 0.14340 0.13491 0.11964 0.09576 0.06161 ( 1)  0.096
 709 L   0.14690 0.14671 0.14555 0.14205 0.13436 0.12044 0.09830 0.06569 ( 1)  0.099
 710 L   0.13943 0.13932 0.13862 0.13649 0.13175 0.12289 0.10799 0.08351 ( 1)  0.112
 711 E   0.15856 0.15823 0.15618 0.15007 0.13700 0.11458 0.08236 0.04302 ( 1)  0.080
 712 K   0.14846 0.14825 0.14698 0.14316 0.13481 0.11979 0.09622 0.06233 ( 1)  0.096
 713 Y   0.13794 0.13783 0.13722 0.13534 0.13114 0.12326 0.10987 0.08740 ( 1)  0.115
 714 M   0.15912 0.15878 0.15670 0.15047 0.13717 0.11435 0.08160 0.04181 ( 1)  0.079
 715 D   0.00002 0.00144 0.01010 0.03588 0.08998 0.17902 0.29395 0.38961 ( 8)  0.351
 716 S   0.14280 0.14266 0.14176 0.13904 0.13302 0.12192 0.10369 0.07511 ( 1)  0.106
 717 Y   0.14666 0.14648 0.14533 0.14187 0.13428 0.12052 0.09861 0.06624 ( 1)  0.099
 718 D   0.16160 0.16122 0.15891 0.15202 0.13741 0.11269 0.07813 0.03803 ( 1)  0.076
 719 I   0.15670 0.15639 0.15450 0.14885 0.13671 0.11568 0.08495 0.04623 ( 1)  0.083
 720 V   0.15475 0.15447 0.15273 0.14753 0.13631 0.11672 0.08763 0.04986 ( 1)  0.086
 721 L   0.13936 0.13925 0.13855 0.13642 0.13169 0.12287 0.10805 0.08380 ( 1)  0.113
 722 V   0.15288 0.15262 0.15103 0.14625 0.13591 0.11769 0.09020 0.05341 ( 1)  0.089
 723 Q   0.14315 0.14300 0.14208 0.13929 0.13313 0.12180 0.10324 0.07431 ( 1)  0.106
 724 D   0.16160 0.16122 0.15891 0.15202 0.13741 0.11269 0.07813 0.03803 ( 1)  0.076
 725 E   0.15856 0.15823 0.15618 0.15007 0.13700 0.11458 0.08236 0.04302 ( 1)  0.080
 726 S   0.13936 0.13924 0.13855 0.13643 0.13172 0.12292 0.10809 0.08369 ( 1)  0.113
 727 L   0.13622 0.13614 0.13561 0.13401 0.13043 0.12365 0.11198 0.09196 ( 1)  0.119
 728 E   0.15361 0.15334 0.15170 0.14677 0.13611 0.11737 0.08922 0.05188 ( 1)  0.088
 729 V   0.00002 0.00164 0.01143 0.04031 0.09954 0.19214 0.29859 0.35633 ( 8)  0.335
 730 A   0.00002 0.00120 0.00841 0.03013 0.07719 0.16015 0.28414 0.43877 ( 8)  0.374
 731 N   0.14731 0.14712 0.14593 0.14235 0.13449 0.12027 0.09775 0.06478 ( 1)  0.098
 732 S   0.14264 0.14250 0.14161 0.13892 0.13296 0.12197 0.10390 0.07550 ( 1)  0.107
 733 I   0.15670 0.15639 0.15450 0.14885 0.13671 0.11568 0.08495 0.04623 ( 1)  0.083
 734 L   0.13943 0.13932 0.13862 0.13649 0.13175 0.12289 0.10799 0.08351 ( 1)  0.112
 735 Q   0.13744 0.13734 0.13675 0.13496 0.13095 0.12340 0.11050 0.08867 ( 1)  0.116
 736 K   0.14846 0.14825 0.14698 0.14316 0.13481 0.11979 0.09622 0.06233 ( 1)  0.096
 737 I   0.15670 0.15639 0.15450 0.14885 0.13671 0.11568 0.08495 0.04623 ( 1)  0.083
 738 L   0.14135 0.14122 0.14041 0.13794 0.13248 0.12235 0.10555 0.07870 ( 1)  0.109


lnL = -4482.877021

