Supplemental results for CODEML (seqf: algn  treef: tree)


dN/dS (w) for site classes (K=3)

p:   0.57210  0.42182  0.00608
w:   0.12621  1.00000 14.41537

Naive Empirical Bayes (NEB) probabilities for 3 classes & postmean_w & P(w>1)
(amino acids refer to 1st sequence: aotNan_GBP5_XM_012464816)

   1 -   0.57210 0.42182 0.00608 ( 1)  0.582  0.006
   2 -   0.57210 0.42182 0.00608 ( 1)  0.582  0.006
   3 -   0.57210 0.42182 0.00608 ( 1)  0.582  0.006
   4 -   0.57210 0.42182 0.00608 ( 1)  0.582  0.006
   5 -   0.57210 0.42182 0.00608 ( 1)  0.582  0.006
   6 -   0.57210 0.42182 0.00608 ( 1)  0.582  0.006
   7 -   0.57210 0.42182 0.00608 ( 1)  0.582  0.006
   8 -   0.57210 0.42182 0.00608 ( 1)  0.582  0.006
   9 -   0.57210 0.42182 0.00608 ( 1)  0.582  0.006
  10 -   0.57210 0.42182 0.00608 ( 1)  0.582  0.006
  11 -   0.57210 0.42182 0.00608 ( 1)  0.582  0.006
  12 -   0.57210 0.42182 0.00608 ( 1)  0.582  0.006
  13 -   0.57210 0.42182 0.00608 ( 1)  0.582  0.006
  14 -   0.57210 0.42182 0.00608 ( 1)  0.582  0.006
  15 -   0.57210 0.42182 0.00608 ( 1)  0.582  0.006
  16 -   0.57210 0.42182 0.00608 ( 1)  0.582  0.006
  17 -   0.57210 0.42182 0.00608 ( 1)  0.582  0.006
  18 -   0.57210 0.42182 0.00608 ( 1)  0.582  0.006
  19 -   0.57210 0.42182 0.00608 ( 1)  0.582  0.006
  20 -   0.57210 0.42182 0.00608 ( 1)  0.582  0.006
  21 -   0.57210 0.42182 0.00608 ( 1)  0.582  0.006
  22 -   0.69741 0.30252 0.00007 ( 1)  0.392  0.000
  23 -   0.60858 0.39024 0.00117 ( 1)  0.484  0.001
  24 -   0.15496 0.80739 0.03765 ( 2)  1.370  0.038
  25 -   0.00809 0.36088 0.63103 ( 3)  9.458  0.631
  26 -   0.59662 0.40175 0.00162 ( 1)  0.500  0.002
  27 -   0.58675 0.41052 0.00273 ( 1)  0.524  0.003
  28 -   0.59882 0.39973 0.00145 ( 1)  0.496  0.001
  29 -   0.60246 0.39630 0.00124 ( 1)  0.490  0.001
  30 -   0.18313 0.80955 0.00732 ( 2)  0.938  0.007
  31 -   0.18720 0.80842 0.00438 ( 2)  0.895  0.004
  32 -   0.66556 0.33430 0.00014 ( 1)  0.420  0.000
  33 -   0.64752 0.35224 0.00023 ( 1)  0.437  0.000
  34 -   0.61774 0.38161 0.00065 ( 1)  0.469  0.001
  35 -   0.66605 0.33380 0.00015 ( 1)  0.420  0.000
  36 M   0.94694 0.05306 0.00000 ( 1)  0.173  0.000
  37 A   0.84491 0.15509 0.00000 ( 1)  0.262  0.000
  38 P   0.00454 0.94894 0.04652 ( 2)  1.620  0.047
  39 E   0.01782 0.98217 0.00000 ( 2)  0.984  0.000
  40 I   0.85641 0.14359 0.00000 ( 1)  0.252  0.000
  41 H   0.07496 0.92503 0.00001 ( 2)  0.935  0.000
  42 M   0.94694 0.05306 0.00000 ( 1)  0.173  0.000
  43 S   0.30624 0.69376 0.00001 ( 2)  0.732  0.000
  44 D   0.89864 0.10136 0.00000 ( 1)  0.215  0.000
  45 P   0.80030 0.19970 0.00000 ( 1)  0.301  0.000
  46 V   0.49788 0.50212 0.00000 ( 2)  0.565  0.000
  47 C   0.75710 0.24290 0.00000 ( 1)  0.338  0.000
  48 L   0.78983 0.21017 0.00000 ( 1)  0.310  0.000
  49 I   0.86938 0.13062 0.00000 ( 1)  0.240  0.000
  50 E   0.92033 0.07967 0.00000 ( 1)  0.196  0.000
  51 N   0.89775 0.10225 0.00000 ( 1)  0.216  0.000
  52 F   0.00884 0.99067 0.00049 ( 2)  0.999  0.000
  53 N   0.00220 0.99771 0.00009 ( 2)  0.999  0.000
  54 E   0.57209 0.42791 0.00000 ( 1)  0.500  0.000
  55 H   0.08356 0.91640 0.00004 ( 2)  0.927  0.000
  56 L   0.79504 0.20496 0.00000 ( 1)  0.305  0.000
  57 K   0.01896 0.98103 0.00001 ( 2)  0.984  0.000
  58 V   0.84975 0.15025 0.00000 ( 1)  0.257  0.000
  59 N   0.90453 0.09547 0.00000 ( 1)  0.210  0.000
  60 Q   0.00835 0.99139 0.00027 ( 2)  0.996  0.000
  61 E   0.52176 0.47824 0.00000 ( 1)  0.544  0.000
  62 A   0.84491 0.15509 0.00000 ( 1)  0.262  0.000
  63 L   0.28416 0.71583 0.00000 ( 2)  0.752  0.000
  64 E   0.57455 0.42545 0.00000 ( 1)  0.498  0.000
  65 I   0.85620 0.14380 0.00000 ( 1)  0.252  0.000
  66 L   0.79504 0.20496 0.00000 ( 1)  0.305  0.000
  67 S   0.77641 0.22359 0.00000 ( 1)  0.322  0.000
  68 A   0.05813 0.94184 0.00002 ( 2)  0.950  0.000
  69 I   0.87019 0.12981 0.00000 ( 1)  0.240  0.000
  70 T   0.45394 0.54606 0.00000 ( 2)  0.603  0.000
  71 Q   0.38158 0.61842 0.00000 ( 2)  0.667  0.000
  72 P   0.80061 0.19939 0.00000 ( 1)  0.300  0.000
  73 V   0.02077 0.97915 0.00009 ( 2)  0.983  0.000
  74 V   0.88179 0.11821 0.00000 ( 1)  0.229  0.000
  75 V   0.87791 0.12209 0.00000 ( 1)  0.233  0.000
  76 V   0.87665 0.12335 0.00000 ( 1)  0.234  0.000
  77 A   0.41480 0.58520 0.00000 ( 2)  0.638  0.000
  78 I   0.86451 0.13549 0.00000 ( 1)  0.245  0.000
  79 V   0.88510 0.11490 0.00000 ( 1)  0.227  0.000
  80 G   0.38168 0.61832 0.00000 ( 2)  0.666  0.000
  81 L   0.78985 0.21015 0.00000 ( 1)  0.310  0.000
  82 Y   0.82342 0.17658 0.00000 ( 1)  0.281  0.000
  83 R   0.78827 0.21173 0.00000 ( 1)  0.311  0.000
  84 T   0.86461 0.13539 0.00000 ( 1)  0.245  0.000
  85 G   0.83022 0.16978 0.00000 ( 1)  0.275  0.000
  86 K   0.89572 0.10428 0.00000 ( 1)  0.217  0.000
  87 S   0.76017 0.23983 0.00000 ( 1)  0.336  0.000
  88 Y   0.81789 0.18211 0.00000 ( 1)  0.285  0.000
  89 L   0.79020 0.20980 0.00000 ( 1)  0.310  0.000
  90 L   0.61414 0.38586 0.00000 ( 1)  0.463  0.000
  91 N   0.89764 0.10236 0.00000 ( 1)  0.216  0.000
  92 K   0.13969 0.86031 0.00000 ( 2)  0.878  0.000
  93 L   0.79504 0.20496 0.00000 ( 1)  0.305  0.000
  94 S   0.38120 0.61879 0.00001 ( 2)  0.667  0.000
  95 G   0.88147 0.11853 0.00000 ( 1)  0.230  0.000
  96 K   0.92054 0.07946 0.00000 ( 1)  0.196  0.000
  97 N   0.50344 0.49656 0.00000 ( 1)  0.560  0.000
  98 K   0.92054 0.07946 0.00000 ( 1)  0.196  0.000
  99 G   0.83052 0.16948 0.00000 ( 1)  0.274  0.000
 100 F   0.81389 0.18611 0.00000 ( 1)  0.289  0.000
 101 S   0.77641 0.22359 0.00000 ( 1)  0.322  0.000
 102 V   0.41697 0.58303 0.00000 ( 2)  0.636  0.000
 103 A   0.39489 0.60510 0.00001 ( 2)  0.655  0.000
 104 P   0.04933 0.95064 0.00003 ( 2)  0.957  0.000
 105 T   0.87768 0.12232 0.00000 ( 1)  0.233  0.000
 106 V   0.88564 0.11436 0.00000 ( 1)  0.226  0.000
 107 Q   0.84157 0.15843 0.00000 ( 1)  0.265  0.000
 108 S   0.77485 0.22515 0.00000 ( 1)  0.323  0.000
 109 H   0.42483 0.57517 0.00000 ( 2)  0.629  0.000
 110 T   0.82314 0.17686 0.00000 ( 1)  0.281  0.000
 111 K   0.91749 0.08251 0.00000 ( 1)  0.198  0.000
 112 G   0.84036 0.15964 0.00000 ( 1)  0.266  0.000
 113 I   0.85815 0.14185 0.00000 ( 1)  0.250  0.000
 114 W   0.71970 0.28030 0.00000 ( 1)  0.371  0.000
 115 I   0.62991 0.37009 0.00000 ( 1)  0.450  0.000
 116 W   0.71970 0.28030 0.00000 ( 1)  0.371  0.000
 117 C   0.76684 0.23316 0.00000 ( 1)  0.330  0.000
 118 M   0.10402 0.89597 0.00000 ( 2)  0.909  0.000
 119 P   0.80369 0.19631 0.00000 ( 1)  0.298  0.000
 120 H   0.86769 0.13231 0.00000 ( 1)  0.242  0.000
 121 P   0.78991 0.21009 0.00000 ( 1)  0.310  0.000
 122 N   0.01588 0.98410 0.00001 ( 2)  0.986  0.000
 123 R   0.10261 0.89736 0.00003 ( 2)  0.911  0.000
 124 P   0.80325 0.19675 0.00000 ( 1)  0.298  0.000
 125 N   0.01367 0.98632 0.00000 ( 2)  0.988  0.000
 126 H   0.85681 0.14319 0.00000 ( 1)  0.251  0.000
 127 T   0.83086 0.16914 0.00000 ( 1)  0.274  0.000
 128 L   0.74573 0.25427 0.00000 ( 1)  0.348  0.000
 129 V   0.84975 0.15025 0.00000 ( 1)  0.257  0.000
 130 L   0.79130 0.20870 0.00000 ( 1)  0.309  0.000
 131 L   0.80413 0.19587 0.00000 ( 1)  0.297  0.000
 132 D   0.89857 0.10143 0.00000 ( 1)  0.215  0.000
 133 T   0.84051 0.15949 0.00000 ( 1)  0.266  0.000
 134 E   0.91099 0.08901 0.00000 ( 1)  0.204  0.000
 135 G   0.83022 0.16978 0.00000 ( 1)  0.275  0.000
 136 L   0.79504 0.20496 0.00000 ( 1)  0.305  0.000
 137 G   0.84553 0.15447 0.00000 ( 1)  0.261  0.000
 138 D   0.91013 0.08987 0.00000 ( 1)  0.205  0.000
 139 V   0.43543 0.56457 0.00000 ( 2)  0.620  0.000
 140 E   0.91564 0.08436 0.00000 ( 1)  0.200  0.000
 141 K   0.92054 0.07946 0.00000 ( 1)  0.196  0.000
 142 A   0.05192 0.94804 0.00004 ( 2)  0.955  0.000
 143 D   0.89857 0.10143 0.00000 ( 1)  0.215  0.000
 144 N   0.35361 0.64639 0.00001 ( 2)  0.691  0.000
 145 K   0.92054 0.07946 0.00000 ( 1)  0.196  0.000
 146 N   0.52389 0.47611 0.00000 ( 1)  0.542  0.000
 147 D   0.91061 0.08939 0.00000 ( 1)  0.204  0.000
 148 I   0.02919 0.97080 0.00001 ( 2)  0.975  0.000
 149 Q   0.40116 0.59884 0.00000 ( 2)  0.649  0.000
 150 I   0.85623 0.14377 0.00000 ( 1)  0.252  0.000
 151 F   0.82954 0.17046 0.00000 ( 1)  0.275  0.000
 152 A   0.84601 0.15399 0.00000 ( 1)  0.261  0.000
 153 L   0.79504 0.20496 0.00000 ( 1)  0.305  0.000
 154 A   0.40517 0.59483 0.00000 ( 2)  0.646  0.000
 155 L   0.31277 0.68721 0.00001 ( 2)  0.727  0.000
 156 L   0.23537 0.76259 0.00203 ( 2)  0.822  0.002
 157 L   0.78898 0.21102 0.00000 ( 1)  0.311  0.000
 158 S   0.84459 0.15541 0.00000 ( 1)  0.262  0.000
 159 S   0.84522 0.15478 0.00000 ( 1)  0.261  0.000
 160 T   0.83710 0.16290 0.00000 ( 1)  0.269  0.000
 161 F   0.01081 0.98901 0.00019 ( 2)  0.993  0.000
 162 V   0.34486 0.65514 0.00000 ( 2)  0.699  0.000
 163 Y   0.81657 0.18343 0.00000 ( 1)  0.286  0.000
 164 N   0.90952 0.09048 0.00000 ( 1)  0.205  0.000
 165 T   0.82532 0.17468 0.00000 ( 1)  0.279  0.000
 166 M   0.65603 0.34397 0.00000 ( 1)  0.427  0.000
 167 N   0.51800 0.48200 0.00000 ( 1)  0.547  0.000
 168 K   0.11131 0.88869 0.00000 ( 2)  0.903  0.000
 169 I   0.86957 0.13043 0.00000 ( 1)  0.240  0.000
 170 D   0.90301 0.09699 0.00000 ( 1)  0.211  0.000
 171 Q   0.83663 0.16337 0.00000 ( 1)  0.269  0.000
 172 G   0.41946 0.58054 0.00000 ( 2)  0.633  0.000
 173 A   0.84491 0.15509 0.00000 ( 1)  0.262  0.000
 174 I   0.86620 0.13380 0.00000 ( 1)  0.243  0.000
 175 D   0.89864 0.10136 0.00000 ( 1)  0.215  0.000
 176 L   0.75961 0.24039 0.00000 ( 1)  0.336  0.000
 177 L   0.79258 0.20742 0.00000 ( 1)  0.307  0.000
 178 H   0.85672 0.14328 0.00000 ( 1)  0.251  0.000
 179 N   0.52719 0.47281 0.00000 ( 1)  0.539  0.000
 180 V   0.86621 0.13379 0.00000 ( 1)  0.243  0.000
 181 T   0.84311 0.15689 0.00000 ( 1)  0.263  0.000
 182 E   0.89602 0.10398 0.00000 ( 1)  0.217  0.000
 183 L   0.79384 0.20616 0.00000 ( 1)  0.306  0.000
 184 T   0.84245 0.15755 0.00000 ( 1)  0.264  0.000
 185 D   0.91061 0.08939 0.00000 ( 1)  0.204  0.000
 186 L   0.79504 0.20496 0.00000 ( 1)  0.305  0.000
 187 L   0.78983 0.21017 0.00000 ( 1)  0.310  0.000
 188 K   0.10839 0.89161 0.00000 ( 2)  0.905  0.000
 189 A   0.84601 0.15399 0.00000 ( 1)  0.261  0.000
 190 R   0.84842 0.15158 0.00000 ( 1)  0.259  0.000
 191 T   0.01000 0.98992 0.00007 ( 2)  0.992  0.000
 192 S   0.75693 0.24307 0.00000 ( 1)  0.339  0.000
 193 P   0.00787 0.99102 0.00111 ( 2)  1.008  0.001
 194 D   0.10865 0.89135 0.00000 ( 2)  0.905  0.000
 195 L   0.80714 0.19286 0.00000 ( 1)  0.295  0.000
 196 D   0.51526 0.48474 0.00000 ( 1)  0.550  0.000
 197 G   0.09565 0.90434 0.00000 ( 2)  0.916  0.000
 198 V   0.07942 0.92058 0.00000 ( 2)  0.931  0.000
 199 E   0.89602 0.10398 0.00000 ( 1)  0.217  0.000
 200 D   0.91028 0.08972 0.00000 ( 1)  0.205  0.000
 201 A   0.39218 0.60782 0.00000 ( 2)  0.657  0.000
 202 A   0.40371 0.59629 0.00000 ( 2)  0.647  0.000
 203 D   0.51332 0.48668 0.00000 ( 1)  0.551  0.000
 204 S   0.00566 0.99235 0.00198 ( 2)  1.022  0.002
 205 E   0.00142 0.99752 0.00106 ( 2)  1.013  0.001
 206 S   0.84785 0.15215 0.00000 ( 1)  0.259  0.000
 207 F   0.81389 0.18611 0.00000 ( 1)  0.289  0.000
 208 F   0.82865 0.17135 0.00000 ( 1)  0.276  0.000
 209 P   0.80325 0.19675 0.00000 ( 1)  0.298  0.000
 210 D   0.52625 0.47375 0.00000 ( 1)  0.540  0.000
 211 L   0.72225 0.27775 0.00000 ( 1)  0.369  0.000
 212 V   0.88564 0.11436 0.00000 ( 1)  0.226  0.000
 213 W   0.71970 0.28030 0.00000 ( 1)  0.371  0.000
 214 T   0.84136 0.15864 0.00000 ( 1)  0.265  0.000
 215 L   0.79217 0.20783 0.00000 ( 1)  0.308  0.000
 216 R   0.84842 0.15158 0.00000 ( 1)  0.259  0.000
 217 D   0.90848 0.09152 0.00000 ( 1)  0.206  0.000
 218 F   0.81873 0.18127 0.00000 ( 1)  0.285  0.000
 219 C   0.24994 0.75005 0.00001 ( 2)  0.782  0.000
 220 L   0.72369 0.27630 0.00000 ( 1)  0.368  0.000
 221 G   0.00847 0.99137 0.00016 ( 2)  0.995  0.000
 222 L   0.79198 0.20802 0.00000 ( 1)  0.308  0.000
 223 E   0.89602 0.10398 0.00000 ( 1)  0.217  0.000
 224 K   0.13707 0.86293 0.00000 ( 2)  0.880  0.000
 225 D   0.54054 0.45946 0.00000 ( 1)  0.528  0.000
 226 G   0.88560 0.11440 0.00000 ( 1)  0.226  0.000
 227 Q   0.35435 0.64565 0.00000 ( 2)  0.690  0.000
 228 L   0.80134 0.19866 0.00000 ( 1)  0.300  0.000
 229 I   0.41163 0.58837 0.00000 ( 2)  0.640  0.000
 230 T   0.84245 0.15755 0.00000 ( 1)  0.264  0.000
 231 A   0.39406 0.60594 0.00000 ( 2)  0.656  0.000
 232 D   0.55567 0.44433 0.00000 ( 1)  0.514  0.000
 233 A   0.48647 0.51352 0.00000 ( 2)  0.575  0.000
 234 Y   0.81970 0.18030 0.00000 ( 1)  0.284  0.000
 235 L   0.79504 0.20496 0.00000 ( 1)  0.305  0.000
 236 E   0.58716 0.41284 0.00000 ( 1)  0.487  0.000
 237 N   0.90999 0.09001 0.00000 ( 1)  0.205  0.000
 238 S   0.75357 0.24643 0.00000 ( 1)  0.342  0.000
 239 L   0.79021 0.20979 0.00000 ( 1)  0.310  0.000
 240 R   0.49452 0.50548 0.00000 ( 2)  0.568  0.000
 241 P   0.33188 0.66812 0.00000 ( 2)  0.710  0.000
 242 K   0.92054 0.07946 0.00000 ( 1)  0.196  0.000
 243 Q   0.34240 0.65759 0.00000 ( 2)  0.701  0.000
 244 G   0.84866 0.15134 0.00000 ( 1)  0.258  0.000
 245 S   0.42914 0.57086 0.00000 ( 2)  0.625  0.000
 246 D   0.11834 0.88166 0.00000 ( 2)  0.897  0.000
 247 Q   0.81563 0.18437 0.00000 ( 1)  0.287  0.000
 248 R   0.39135 0.60865 0.00000 ( 2)  0.658  0.000
 249 V   0.42607 0.57393 0.00000 ( 2)  0.628  0.000
 250 Q   0.36367 0.63632 0.00000 ( 2)  0.682  0.000
 251 N   0.55869 0.44131 0.00000 ( 1)  0.512  0.000
 252 F   0.81389 0.18611 0.00000 ( 1)  0.289  0.000
 253 N   0.55898 0.44102 0.00000 ( 1)  0.512  0.000
 254 L   0.75053 0.24947 0.00000 ( 1)  0.344  0.000
 255 P   0.78496 0.21504 0.00000 ( 1)  0.314  0.000
 256 R   0.80579 0.19421 0.00000 ( 1)  0.296  0.000
 257 L   0.77602 0.22398 0.00000 ( 1)  0.322  0.000
 258 C   0.76537 0.23463 0.00000 ( 1)  0.331  0.000
 259 I   0.91781 0.08219 0.00000 ( 1)  0.198  0.000
 260 Q   0.84157 0.15843 0.00000 ( 1)  0.265  0.000
 261 K   0.92054 0.07946 0.00000 ( 1)  0.196  0.000
 262 F   0.81459 0.18541 0.00000 ( 1)  0.288  0.000
 263 F   0.82778 0.17222 0.00000 ( 1)  0.277  0.000
 264 P   0.80200 0.19800 0.00000 ( 1)  0.299  0.000
 265 K   0.54592 0.45408 0.00000 ( 1)  0.523  0.000
 266 K   0.92054 0.07946 0.00000 ( 1)  0.196  0.000
 267 K   0.89572 0.10428 0.00000 ( 1)  0.217  0.000
 268 C   0.75201 0.24799 0.00000 ( 1)  0.343  0.000
 269 F   0.82954 0.17046 0.00000 ( 1)  0.275  0.000
 270 I   0.85641 0.14359 0.00000 ( 1)  0.252  0.000
 271 F   0.82954 0.17046 0.00000 ( 1)  0.275  0.000
 272 D   0.89867 0.10133 0.00000 ( 1)  0.215  0.000
 273 L   0.03122 0.96759 0.00119 ( 2)  0.989  0.001
 274 P   0.80046 0.19954 0.00000 ( 1)  0.301  0.000
 275 A   0.07763 0.92236 0.00000 ( 2)  0.932  0.000
 276 H   0.08175 0.91825 0.00000 ( 2)  0.929  0.000
 277 Q   0.34089 0.65911 0.00000 ( 2)  0.702  0.000
 278 K   0.91718 0.08282 0.00000 ( 1)  0.199  0.000
 279 K   0.91208 0.08792 0.00000 ( 1)  0.203  0.000
 280 L   0.80714 0.19286 0.00000 ( 1)  0.295  0.000
 281 A   0.82683 0.17317 0.00000 ( 1)  0.278  0.000
 282 Q   0.07726 0.92273 0.00001 ( 2)  0.933  0.000
 283 L   0.80714 0.19286 0.00000 ( 1)  0.295  0.000
 284 E   0.90967 0.09033 0.00000 ( 1)  0.205  0.000
 285 T   0.84245 0.15755 0.00000 ( 1)  0.264  0.000
 286 L   0.79504 0.20496 0.00000 ( 1)  0.305  0.000
 287 P   0.39492 0.60508 0.00000 ( 2)  0.655  0.000
 288 D   0.91061 0.08939 0.00000 ( 1)  0.204  0.000
 289 D   0.55622 0.44378 0.00000 ( 1)  0.514  0.000
 290 E   0.91747 0.08253 0.00000 ( 1)  0.198  0.000
 291 L   0.76270 0.23730 0.00000 ( 1)  0.334  0.000
 292 E   0.56837 0.43163 0.00000 ( 1)  0.503  0.000
 293 S   0.00586 0.99344 0.00070 ( 2)  1.004  0.001
 294 E   0.89602 0.10398 0.00000 ( 1)  0.217  0.000
 295 F   0.82954 0.17046 0.00000 ( 1)  0.275  0.000
 296 V   0.07032 0.92967 0.00000 ( 2)  0.939  0.000
 297 Q   0.82152 0.17848 0.00000 ( 1)  0.282  0.000
 298 Q   0.81700 0.18300 0.00000 ( 1)  0.286  0.000
 299 V   0.88564 0.11436 0.00000 ( 1)  0.226  0.000
 300 A   0.07459 0.92540 0.00001 ( 2)  0.935  0.000
 301 E   0.89602 0.10398 0.00000 ( 1)  0.217  0.000
 302 F   0.81389 0.18611 0.00000 ( 1)  0.289  0.000
 303 C   0.28459 0.71540 0.00000 ( 2)  0.751  0.000
 304 S   0.76172 0.23828 0.00000 ( 1)  0.334  0.000
 305 Y   0.81657 0.18343 0.00000 ( 1)  0.286  0.000
 306 I   0.85641 0.14359 0.00000 ( 1)  0.252  0.000
 307 F   0.81544 0.18456 0.00000 ( 1)  0.287  0.000
 308 S   0.85448 0.14552 0.00000 ( 1)  0.253  0.000
 309 H   0.08475 0.91525 0.00000 ( 2)  0.926  0.000
 310 S   0.29026 0.70974 0.00000 ( 2)  0.746  0.000
 311 M   0.94716 0.05284 0.00000 ( 1)  0.172  0.000
 312 T   0.40046 0.59954 0.00000 ( 2)  0.650  0.000
 313 K   0.91711 0.08289 0.00000 ( 1)  0.199  0.000
 314 T   0.84166 0.15834 0.00000 ( 1)  0.265  0.000
 315 L   0.80743 0.19257 0.00000 ( 1)  0.294  0.000
 316 P   0.80198 0.19802 0.00000 ( 1)  0.299  0.000
 317 G   0.41349 0.58651 0.00000 ( 2)  0.639  0.000
 318 G   0.39178 0.60822 0.00000 ( 2)  0.658  0.000
 319 I   0.86146 0.13854 0.00000 ( 1)  0.247  0.000
 320 E   0.00246 0.99648 0.00106 ( 2)  1.012  0.001
 321 V   0.83206 0.16794 0.00000 ( 1)  0.273  0.000
 322 N   0.53012 0.46988 0.00000 ( 1)  0.537  0.000
 323 G   0.84940 0.15060 0.00000 ( 1)  0.258  0.000
 324 S   0.30470 0.69530 0.00000 ( 2)  0.734  0.000
 325 R   0.33661 0.66339 0.00000 ( 2)  0.706  0.000
 326 L   0.76353 0.23647 0.00000 ( 1)  0.333  0.000
 327 K   0.92081 0.07919 0.00000 ( 1)  0.195  0.000
 328 N   0.89793 0.10207 0.00000 ( 1)  0.215  0.000
 329 L   0.78737 0.21263 0.00000 ( 1)  0.312  0.000
 330 V   0.88594 0.11406 0.00000 ( 1)  0.226  0.000
 331 L   0.07501 0.92496 0.00003 ( 2)  0.935  0.000
 332 T   0.29652 0.70347 0.00000 ( 2)  0.741  0.000
 333 Y   0.83478 0.16522 0.00000 ( 1)  0.271  0.000
 334 V   0.83206 0.16794 0.00000 ( 1)  0.273  0.000
 335 N   0.13262 0.86738 0.00000 ( 2)  0.884  0.000
 336 G   0.36809 0.63191 0.00000 ( 2)  0.678  0.000
 337 I   0.85671 0.14329 0.00000 ( 1)  0.251  0.000
 338 S   0.35538 0.64462 0.00000 ( 2)  0.689  0.000
 339 S   0.86149 0.13851 0.00000 ( 1)  0.247  0.000
 340 G   0.22305 0.77695 0.00000 ( 2)  0.805  0.000
 341 D   0.13628 0.86372 0.00000 ( 2)  0.881  0.000
 342 L   0.80284 0.19716 0.00000 ( 1)  0.298  0.000
 343 P   0.32215 0.67784 0.00000 ( 2)  0.719  0.000
 344 C   0.06321 0.93677 0.00002 ( 2)  0.945  0.000
 345 M   0.17793 0.82207 0.00000 ( 2)  0.845  0.000
 346 E   0.92060 0.07940 0.00000 ( 1)  0.196  0.000
 347 N   0.89914 0.10086 0.00000 ( 1)  0.214  0.000
 348 T   0.07381 0.92619 0.00000 ( 2)  0.936  0.000
 349 V   0.36406 0.63593 0.00000 ( 2)  0.682  0.000
 350 L   0.79648 0.20352 0.00000 ( 1)  0.304  0.000
 351 A   0.37188 0.62812 0.00000 ( 2)  0.675  0.000
 352 L   0.75150 0.24850 0.00000 ( 1)  0.343  0.000
 353 A   0.37641 0.62359 0.00000 ( 2)  0.671  0.000
 354 Q   0.83634 0.16366 0.00000 ( 1)  0.269  0.000
 355 I   0.00158 0.99799 0.00043 ( 2)  1.004  0.000
 356 E   0.92060 0.07940 0.00000 ( 1)  0.196  0.000
 357 N   0.89945 0.10055 0.00000 ( 1)  0.214  0.000
 358 S   0.28443 0.71556 0.00001 ( 2)  0.752  0.000
 359 A   0.84223 0.15777 0.00000 ( 1)  0.264  0.000
 360 A   0.40933 0.59067 0.00000 ( 2)  0.642  0.000
 361 V   0.88245 0.11755 0.00000 ( 1)  0.229  0.000
 362 Q   0.81593 0.18407 0.00000 ( 1)  0.287  0.000
 363 K   0.92081 0.07919 0.00000 ( 1)  0.195  0.000
 364 A   0.82722 0.17278 0.00000 ( 1)  0.277  0.000
 365 I   0.01292 0.98702 0.00006 ( 2)  0.989  0.000
 366 A   0.83067 0.16933 0.00000 ( 1)  0.274  0.000
 367 H   0.07807 0.92192 0.00000 ( 2)  0.932  0.000
 368 Y   0.82706 0.17294 0.00000 ( 1)  0.277  0.000
 369 D   0.51452 0.48548 0.00000 ( 1)  0.550  0.000
 370 Q   0.06907 0.93092 0.00001 ( 2)  0.940  0.000
 371 Q   0.39175 0.60825 0.00000 ( 2)  0.658  0.000
 372 M   0.94716 0.05284 0.00000 ( 1)  0.172  0.000
 373 G   0.38881 0.61119 0.00000 ( 2)  0.660  0.000
 374 Q   0.84187 0.15813 0.00000 ( 1)  0.264  0.000
 375 K   0.91741 0.08259 0.00000 ( 1)  0.198  0.000
 376 V   0.48040 0.51960 0.00000 ( 2)  0.580  0.000
 377 Q   0.84187 0.15813 0.00000 ( 1)  0.264  0.000
 378 L   0.79533 0.20467 0.00000 ( 1)  0.305  0.000
 379 P   0.78680 0.21320 0.00000 ( 1)  0.312  0.000
 380 T   0.07771 0.92228 0.00000 ( 2)  0.932  0.000
 381 E   0.90352 0.09648 0.00000 ( 1)  0.211  0.000
 382 T   0.82603 0.17397 0.00000 ( 1)  0.278  0.000
 383 L   0.33395 0.66605 0.00000 ( 2)  0.708  0.000
 384 Q   0.38072 0.61928 0.00000 ( 2)  0.667  0.000
 385 E   0.91775 0.08225 0.00000 ( 1)  0.198  0.000
 386 L   0.79533 0.20467 0.00000 ( 1)  0.305  0.000
 387 L   0.79227 0.20773 0.00000 ( 1)  0.308  0.000
 388 D   0.09310 0.90690 0.00000 ( 2)  0.919  0.000
 389 L   0.78641 0.21359 0.00000 ( 1)  0.313  0.000
 390 H   0.85710 0.14290 0.00000 ( 1)  0.251  0.000
 391 R   0.00039 0.99642 0.00320 ( 2)  1.043  0.003
 392 A   0.00926 0.99048 0.00026 ( 2)  0.995  0.000
 393 S   0.40816 0.59184 0.00000 ( 2)  0.643  0.000
 394 E   0.88296 0.11704 0.00000 ( 1)  0.228  0.000
 395 R   0.39859 0.60141 0.00000 ( 2)  0.652  0.000
 396 E   0.45089 0.54911 0.00000 ( 2)  0.606  0.000
 397 A   0.78775 0.21225 0.00000 ( 1)  0.312  0.000
 398 I   0.83179 0.16821 0.00000 ( 1)  0.273  0.000
 399 D   0.42953 0.57047 0.00000 ( 2)  0.625  0.000
 400 V   0.05668 0.94317 0.00016 ( 2)  0.953  0.000
 401 F   0.77663 0.22337 0.00000 ( 1)  0.321  0.000
 402 I   0.10798 0.89201 0.00001 ( 2)  0.906  0.000
 403 K   0.85642 0.14358 0.00000 ( 1)  0.252  0.000
 404 N   0.85810 0.14190 0.00000 ( 1)  0.250  0.000
 405 S   0.77668 0.22332 0.00000 ( 1)  0.321  0.000
 406 F   0.81418 0.18582 0.00000 ( 1)  0.289  0.000
 407 K   0.47299 0.52701 0.00000 ( 2)  0.587  0.000
 408 D   0.87211 0.12789 0.00000 ( 1)  0.238  0.000
 409 V   0.35304 0.64695 0.00001 ( 2)  0.692  0.000
 410 D   0.85910 0.14090 0.00000 ( 1)  0.249  0.000
 411 Q   0.77748 0.22252 0.00000 ( 1)  0.321  0.000
 412 S   0.07045 0.92953 0.00002 ( 2)  0.939  0.000
 413 F   0.77580 0.22420 0.00000 ( 1)  0.322  0.000
 414 Q   0.80181 0.19819 0.00000 ( 1)  0.299  0.000
 415 K   0.86709 0.13291 0.00000 ( 1)  0.242  0.000
 416 E   0.85643 0.14357 0.00000 ( 1)  0.252  0.000
 417 L   0.70744 0.29255 0.00000 ( 1)  0.382  0.000
 418 E   0.44719 0.55281 0.00000 ( 2)  0.609  0.000
 419 T   0.32011 0.67988 0.00000 ( 2)  0.720  0.000
 420 L   0.73013 0.26987 0.00000 ( 1)  0.362  0.000
 421 L   0.73404 0.26596 0.00000 ( 1)  0.359  0.000
 422 D   0.87211 0.12789 0.00000 ( 1)  0.238  0.000
 423 A   0.31517 0.68482 0.00000 ( 2)  0.725  0.000
 424 K   0.87807 0.12193 0.00000 ( 1)  0.233  0.000
 425 R   0.00726 0.99204 0.00070 ( 2)  1.003  0.001
 426 N   0.07674 0.92325 0.00001 ( 2)  0.933  0.000
 427 D   0.85909 0.14091 0.00000 ( 1)  0.249  0.000
 428 I   0.82932 0.17068 0.00000 ( 1)  0.275  0.000
 429 C   0.73229 0.26771 0.00000 ( 1)  0.360  0.000
 430 K   0.85610 0.14390 0.00000 ( 1)  0.252  0.000
 431 Q   0.00674 0.99102 0.00224 ( 2)  1.024  0.002
 432 N   0.85810 0.14190 0.00000 ( 1)  0.250  0.000
 433 L   0.00191 0.76921 0.22888 ( 2)  4.069  0.229
 434 E   0.85899 0.14101 0.00000 ( 1)  0.249  0.000
 435 A   0.80607 0.19393 0.00000 ( 1)  0.296  0.000
 436 S   0.72462 0.27538 0.00000 ( 1)  0.367  0.000
 437 S   0.03898 0.96055 0.00047 ( 2)  0.972  0.000
 438 D   0.87211 0.12789 0.00000 ( 1)  0.238  0.000
 439 R   0.04918 0.95075 0.00007 ( 2)  0.958  0.000
 440 C   0.72075 0.27925 0.00000 ( 1)  0.370  0.000
 441 S   0.00479 0.96623 0.02898 ( 2)  1.385  0.029
 442 A   0.33100 0.66899 0.00000 ( 2)  0.711  0.000
 443 L   0.69733 0.30267 0.00001 ( 1)  0.391  0.000
 444 L   0.76973 0.23027 0.00000 ( 1)  0.327  0.000
 445 K   0.07058 0.92938 0.00004 ( 2)  0.939  0.000
 446 D   0.87211 0.12789 0.00000 ( 1)  0.238  0.000
 447 I   0.35743 0.64257 0.00000 ( 2)  0.688  0.000
 448 F   0.79034 0.20966 0.00000 ( 1)  0.309  0.000
 449 G   0.33753 0.66247 0.00000 ( 2)  0.705  0.000
 450 P   0.27939 0.72060 0.00001 ( 2)  0.756  0.000
 451 V   0.25459 0.74535 0.00007 ( 2)  0.778  0.000
 452 E   0.85643 0.14357 0.00000 ( 1)  0.252  0.000
 453 E   0.85643 0.14357 0.00000 ( 1)  0.252  0.000
 454 A   0.31298 0.68700 0.00001 ( 2)  0.727  0.000
 455 V   0.84559 0.15441 0.00000 ( 1)  0.261  0.000
 456 K   0.44310 0.55690 0.00000 ( 2)  0.613  0.000
 457 Q   0.29138 0.70861 0.00001 ( 2)  0.746  0.000
 458 G   0.82492 0.17508 0.00000 ( 1)  0.279  0.000
 459 I   0.83179 0.16821 0.00000 ( 1)  0.273  0.000
 460 Y   0.79528 0.20472 0.00000 ( 1)  0.305  0.000
 461 S   0.26658 0.73341 0.00001 ( 2)  0.767  0.000
 462 K   0.44735 0.55265 0.00000 ( 2)  0.609  0.000
 463 P   0.76614 0.23386 0.00000 ( 1)  0.331  0.000
 464 G   0.81132 0.18868 0.00000 ( 1)  0.291  0.000
 465 G   0.79209 0.20791 0.00000 ( 1)  0.308  0.000
 466 H   0.82964 0.17036 0.00000 ( 1)  0.275  0.000
 467 N   0.07648 0.92352 0.00000 ( 2)  0.933  0.000
 468 L   0.75437 0.24563 0.00000 ( 1)  0.341  0.000
 469 F   0.29672 0.70328 0.00001 ( 2)  0.741  0.000
 470 I   0.83179 0.16821 0.00000 ( 1)  0.273  0.000
 471 Q   0.30305 0.69695 0.00000 ( 2)  0.735  0.000
 472 K   0.86709 0.13291 0.00000 ( 1)  0.242  0.000
 473 M   0.24089 0.75911 0.00000 ( 2)  0.790  0.000
 474 E   0.85643 0.14357 0.00000 ( 1)  0.252  0.000
 475 E   0.87782 0.12218 0.00000 ( 1)  0.233  0.000
 476 L   0.75878 0.24122 0.00000 ( 1)  0.337  0.000
 477 K   0.88320 0.11680 0.00000 ( 1)  0.228  0.000
 478 A   0.33189 0.66811 0.00001 ( 2)  0.710  0.000
 479 K   0.88320 0.11680 0.00000 ( 1)  0.228  0.000
 480 Y   0.77833 0.22167 0.00000 ( 1)  0.320  0.000
 481 Y   0.32475 0.67525 0.00000 ( 2)  0.716  0.000
 482 Q   0.00716 0.98415 0.00869 ( 2)  1.110  0.009
 483 E   0.88296 0.11704 0.00000 ( 1)  0.228  0.000
 484 P   0.76522 0.23478 0.00000 ( 1)  0.331  0.000
 485 R   0.83603 0.16397 0.00000 ( 1)  0.269  0.000
 486 K   0.85610 0.14390 0.00000 ( 1)  0.252  0.000
 487 G   0.80553 0.19447 0.00000 ( 1)  0.296  0.000
 488 I   0.88011 0.11989 0.00000 ( 1)  0.231  0.000
 489 Q   0.33771 0.66229 0.00000 ( 2)  0.705  0.000
 490 A   0.80502 0.19498 0.00000 ( 1)  0.297  0.000
 491 E   0.86708 0.13292 0.00000 ( 1)  0.242  0.000
 492 E   0.39647 0.60353 0.00000 ( 2)  0.654  0.000
 493 V   0.05824 0.94170 0.00006 ( 2)  0.950  0.000
 494 L   0.74801 0.25199 0.00000 ( 1)  0.346  0.000
 495 Q   0.30305 0.69695 0.00000 ( 2)  0.735  0.000
 496 K   0.08298 0.91700 0.00002 ( 2)  0.928  0.000
 497 Y   0.79528 0.20472 0.00000 ( 1)  0.305  0.000
 498 L   0.69508 0.30492 0.00000 ( 1)  0.393  0.000
 499 K   0.87096 0.12904 0.00000 ( 1)  0.239  0.000
 500 S   0.72785 0.27215 0.00000 ( 1)  0.364  0.000
 501 K   0.88320 0.11680 0.00000 ( 1)  0.228  0.000
 502 K   0.44020 0.55980 0.00000 ( 2)  0.615  0.000
 503 S   0.74058 0.25942 0.00000 ( 1)  0.353  0.000
 504 V   0.39249 0.60751 0.00000 ( 2)  0.657  0.000
 505 S   0.82073 0.17927 0.00000 ( 1)  0.283  0.000
 506 D   0.07103 0.92895 0.00002 ( 2)  0.938  0.000
 507 A   0.80589 0.19411 0.00000 ( 1)  0.296  0.000
 508 I   0.41185 0.58815 0.00000 ( 2)  0.640  0.000
 509 L   0.71150 0.28847 0.00003 ( 1)  0.379  0.000
 510 Q   0.30770 0.69230 0.00001 ( 2)  0.731  0.000
 511 A   0.31621 0.68377 0.00003 ( 2)  0.724  0.000
 512 D   0.85910 0.14090 0.00000 ( 1)  0.249  0.000
 513 Q   0.30305 0.69695 0.00000 ( 2)  0.735  0.000
 514 A   0.80502 0.19498 0.00000 ( 1)  0.297  0.000
 515 L   0.75409 0.24591 0.00000 ( 1)  0.341  0.000
 516 T   0.81073 0.18927 0.00000 ( 1)  0.292  0.000
 517 E   0.42393 0.57606 0.00000 ( 2)  0.630  0.000
 518 K   0.10613 0.89386 0.00002 ( 2)  0.907  0.000
 519 E   0.07479 0.92516 0.00005 ( 2)  0.935  0.000
 520 K   0.86709 0.13291 0.00000 ( 1)  0.242  0.000
 521 K   0.01128 0.98757 0.00115 ( 2)  1.006  0.001
 522 M   0.54890 0.45110 0.00000 ( 1)  0.520  0.000
 523 K   0.06841 0.93158 0.00002 ( 2)  0.940  0.000
 524 E   0.48741 0.51259 0.00000 ( 2)  0.574  0.000
 525 E   0.06312 0.93680 0.00008 ( 2)  0.946  0.000
 526 Q   0.12934 0.87054 0.00013 ( 2)  0.889  0.000
 527 V   0.38935 0.61065 0.00000 ( 2)  0.660  0.000
 528 K   0.38936 0.61064 0.00000 ( 2)  0.660  0.000
 529 A   0.80289 0.19711 0.00000 ( 1)  0.298  0.000
 530 E   0.07543 0.92446 0.00011 ( 2)  0.936  0.000
 531 A   0.80385 0.19615 0.00000 ( 1)  0.298  0.000
 532 A   0.34916 0.65084 0.00001 ( 2)  0.695  0.000
 533 K   0.01176 0.98790 0.00035 ( 2)  0.994  0.000
 534 A   0.80385 0.19615 0.00000 ( 1)  0.298  0.000
 535 N   0.07105 0.92892 0.00004 ( 2)  0.938  0.000
 536 A   0.80917 0.19083 0.00000 ( 1)  0.293  0.000
 537 R   0.01562 0.98095 0.00343 ( 2)  1.032  0.003
 538 R   0.83928 0.16072 0.00000 ( 1)  0.267  0.000
 539 L   0.71930 0.28070 0.00000 ( 1)  0.371  0.000
 540 E   0.08207 0.91784 0.00009 ( 2)  0.930  0.000
 541 E   0.00573 0.98983 0.00444 ( 2)  1.054  0.004
 542 I   0.06189 0.93808 0.00003 ( 2)  0.946  0.000
 543 Q   0.04871 0.95054 0.00074 ( 2)  0.967  0.001
 544 R   0.38256 0.61744 0.00000 ( 2)  0.666  0.000
 545 W   0.00002 0.24893 0.75105 ( 3) 11.076  0.751
 546 N   0.42633 0.57367 0.00000 ( 2)  0.627  0.000
 547 Q   0.33852 0.66148 0.00000 ( 2)  0.704  0.000
 548 Q   0.03182 0.96770 0.00048 ( 2)  0.979  0.000
 549 M   0.51670 0.48330 0.00000 ( 1)  0.549  0.000
 550 M   0.91334 0.08666 0.00000 ( 1)  0.202  0.000
 551 Q   0.36698 0.63301 0.00001 ( 2)  0.679  0.000
 552 K   0.04898 0.95081 0.00021 ( 2)  0.960  0.000
 553 R   0.38052 0.61947 0.00001 ( 2)  0.668  0.000
 554 E   0.33156 0.66843 0.00001 ( 2)  0.710  0.000
 555 R   0.80713 0.19287 0.00000 ( 1)  0.295  0.000
 556 V   0.27886 0.72103 0.00011 ( 2)  0.758  0.000
 557 H   0.36809 0.63191 0.00000 ( 2)  0.678  0.000
 558 Q   0.80065 0.19935 0.00000 ( 1)  0.300  0.000
 559 E   0.85518 0.14482 0.00000 ( 1)  0.253  0.000
 560 Q   0.77639 0.22361 0.00000 ( 1)  0.322  0.000
 561 V   0.84435 0.15565 0.00000 ( 1)  0.262  0.000
 562 R   0.80713 0.19287 0.00000 ( 1)  0.295  0.000
 563 Q   0.77639 0.22361 0.00000 ( 1)  0.322  0.000
 564 M   0.91334 0.08666 0.00000 ( 1)  0.202  0.000
 565 E   0.38581 0.61419 0.00000 ( 2)  0.663  0.000
 566 R   0.07430 0.92559 0.00012 ( 2)  0.937  0.000
 567 D   0.05868 0.94124 0.00008 ( 2)  0.950  0.000
 568 K   0.00120 0.99020 0.00860 ( 2)  1.114  0.009
 569 Q   0.33244 0.66754 0.00001 ( 2)  0.710  0.000
 570 N   0.41459 0.58541 0.00000 ( 2)  0.638  0.000
 571 W   0.21759 0.78211 0.00030 ( 2)  0.814  0.000
 572 L   0.26866 0.73129 0.00005 ( 2)  0.766  0.000
 573 A   0.80490 0.19510 0.00000 ( 1)  0.297  0.000
 574 E   0.48355 0.51645 0.00000 ( 2)  0.577  0.000
 575 L   0.28363 0.71631 0.00006 ( 2)  0.753  0.000
 576 Q   0.05785 0.94206 0.00009 ( 2)  0.951  0.000
 577 R   0.39521 0.60479 0.00000 ( 2)  0.655  0.000
 578 T   0.10895 0.89103 0.00002 ( 2)  0.905  0.000
 579 Q   0.05791 0.94199 0.00010 ( 2)  0.951  0.000
 580 E   0.42574 0.57426 0.00000 ( 2)  0.628  0.000
 581 Q   0.02327 0.97265 0.00408 ( 2)  1.034  0.004
 582 R   0.00705 0.99227 0.00068 ( 2)  1.003  0.001
 583 M   0.91334 0.08666 0.00000 ( 1)  0.202  0.000
 584 -   0.57210 0.42182 0.00608 ( 1)  0.582  0.006
 585 -   0.57210 0.42182 0.00608 ( 1)  0.582  0.006
 586 Q   0.80065 0.19935 0.00000 ( 1)  0.300  0.000
 587 -   0.57210 0.42182 0.00608 ( 1)  0.582  0.006
 588 -   0.57210 0.42182 0.00608 ( 1)  0.582  0.006
 589 -   0.57210 0.42182 0.00608 ( 1)  0.582  0.006
 590 -   0.57210 0.42182 0.00608 ( 1)  0.582  0.006
 591 -   0.57210 0.42182 0.00608 ( 1)  0.582  0.006
 592 -   0.57210 0.42182 0.00608 ( 1)  0.582  0.006
 593 -   0.57210 0.42182 0.00608 ( 1)  0.582  0.006
 594 -   0.57210 0.42182 0.00608 ( 1)  0.582  0.006
 595 -   0.57210 0.42182 0.00608 ( 1)  0.582  0.006
 596 -   0.57210 0.42182 0.00608 ( 1)  0.582  0.006
 597 -   0.57210 0.42182 0.00608 ( 1)  0.582  0.006
 598 -   0.57210 0.42182 0.00608 ( 1)  0.582  0.006
 599 -   0.57210 0.42182 0.00608 ( 1)  0.582  0.006
 600 -   0.57210 0.42182 0.00608 ( 1)  0.582  0.006
 601 -   0.57210 0.42182 0.00608 ( 1)  0.582  0.006
 602 -   0.57210 0.42182 0.00608 ( 1)  0.582  0.006
 603 E   0.07326 0.92671 0.00002 ( 2)  0.936  0.000
 604 Q   0.00917 0.98885 0.00198 ( 2)  1.019  0.002
 605 A   0.80343 0.19657 0.00000 ( 1)  0.298  0.000
 606 A   0.05655 0.94327 0.00018 ( 2)  0.953  0.000
 607 Q   0.00001 0.23291 0.76708 ( 3) 11.291  0.767
 608 L   0.75333 0.24667 0.00000 ( 1)  0.342  0.000
 609 R   0.00790 0.99134 0.00076 ( 2)  1.003  0.001
 610 A   0.05597 0.94366 0.00036 ( 2)  0.956  0.000
 611 T   0.05195 0.94798 0.00007 ( 2)  0.955  0.000
 612 F   0.27070 0.72926 0.00003 ( 2)  0.764  0.000
 613 E   0.39225 0.60774 0.00001 ( 2)  0.657  0.000
 614 A   0.80385 0.19615 0.00000 ( 1)  0.298  0.000
 615 E   0.39225 0.60774 0.00001 ( 2)  0.657  0.000
 616 N   0.00113 0.99283 0.00604 ( 2)  1.080  0.006
 617 R   0.80713 0.19287 0.00000 ( 1)  0.295  0.000
 618 R   0.14513 0.85082 0.00405 ( 2)  0.927  0.004
 619 L   0.76697 0.23303 0.00000 ( 1)  0.330  0.000
 620 H   0.05361 0.94612 0.00027 ( 2)  0.957  0.000
 621 H   0.07986 0.91993 0.00020 ( 2)  0.933  0.000
 622 E   0.38581 0.61419 0.00000 ( 2)  0.663  0.000
 623 L   0.29470 0.70526 0.00005 ( 2)  0.743  0.000
 624 Q   0.80065 0.19935 0.00000 ( 1)  0.300  0.000
 625 Y   0.00072 0.94684 0.05244 ( 2)  1.703  0.052
 626 L   0.00572 0.98386 0.01041 ( 2)  1.135  0.010
 627 Q   0.80065 0.19935 0.00000 ( 1)  0.300  0.000
 628 R   0.00746 0.99183 0.00071 ( 2)  1.003  0.001
 629 N   0.00817 0.99137 0.00046 ( 2)  0.999  0.000
 630 V   0.05757 0.94237 0.00006 ( 2)  0.951  0.000
 631 N   0.43848 0.56152 0.00000 ( 2)  0.617  0.000
 632 N   0.00000 0.00001 0.99999 ( 3) 14.415  1.000
 633 -   0.18590 0.80625 0.00784 ( 2)  0.943  0.008
 634 D   0.01011 0.98952 0.00038 ( 2)  0.996  0.000
 635 D   0.87088 0.12912 0.00000 ( 1)  0.239  0.000
 636 P   0.76510 0.23490 0.00000 ( 1)  0.331  0.000
 637 C   0.73137 0.26863 0.00000 ( 1)  0.361  0.000
 638 V   0.32247 0.67753 0.00001 ( 2)  0.718  0.000
 639 L   0.69435 0.30564 0.00000 ( 1)  0.393  0.000
 640 L   0.75355 0.24645 0.00000 ( 1)  0.342  0.000
 641 -   0.57210 0.42182 0.00608 ( 1)  0.582  0.006
 642 -   0.57210 0.42182 0.00608 ( 1)  0.582  0.006
 643 -   0.57210 0.42182 0.00608 ( 1)  0.582  0.006
 644 -   0.57210 0.42182 0.00608 ( 1)  0.582  0.006
 645 -   0.57210 0.42182 0.00608 ( 1)  0.582  0.006
 646 -   0.57210 0.42182 0.00608 ( 1)  0.582  0.006
 647 -   0.57210 0.42182 0.00608 ( 1)  0.582  0.006
 648 -   0.57210 0.42182 0.00608 ( 1)  0.582  0.006
 649 -   0.57210 0.42182 0.00608 ( 1)  0.582  0.006
 650 -   0.57210 0.42182 0.00608 ( 1)  0.582  0.006
 651 -   0.57210 0.42182 0.00608 ( 1)  0.582  0.006
 652 -   0.57210 0.42182 0.00608 ( 1)  0.582  0.006
 653 -   0.57210 0.42182 0.00608 ( 1)  0.582  0.006
 654 -   0.57210 0.42182 0.00608 ( 1)  0.582  0.006

Positively selected sites

	Prob(w>1)  mean w

    25 -      0.631         9.458
   545 W      0.751         11.076
   607 Q      0.767         11.291
   632 N      1.000**       14.415


lnL = -6504.843475

Bayes Empirical Bayes (BEB) probabilities for 3 classes (class) & postmean_w
(amino acids refer to 1st sequence: aotNan_GBP5_XM_012464816)

   1 -   0.62559 0.33788 0.03653 ( 1)  0.594 +-  0.887
   2 -   0.62559 0.33788 0.03653 ( 1)  0.594 +-  0.887
   3 -   0.62559 0.33788 0.03653 ( 1)  0.594 +-  0.887
   4 -   0.62559 0.33788 0.03653 ( 1)  0.594 +-  0.887
   5 -   0.62559 0.33788 0.03653 ( 1)  0.594 +-  0.887
   6 -   0.62559 0.33788 0.03653 ( 1)  0.594 +-  0.887
   7 -   0.62559 0.33788 0.03653 ( 1)  0.594 +-  0.887
   8 -   0.62559 0.33788 0.03653 ( 1)  0.594 +-  0.887
   9 -   0.62559 0.33788 0.03653 ( 1)  0.594 +-  0.887
  10 -   0.62559 0.33788 0.03653 ( 1)  0.594 +-  0.887
  11 -   0.62559 0.33788 0.03653 ( 1)  0.594 +-  0.887
  12 -   0.62559 0.33788 0.03653 ( 1)  0.594 +-  0.887
  13 -   0.62559 0.33788 0.03653 ( 1)  0.594 +-  0.887
  14 -   0.62559 0.33788 0.03653 ( 1)  0.594 +-  0.887
  15 -   0.62559 0.33788 0.03653 ( 1)  0.594 +-  0.887
  16 -   0.62559 0.33788 0.03653 ( 1)  0.594 +-  0.887
  17 -   0.62559 0.33788 0.03653 ( 1)  0.594 +-  0.887
  18 -   0.62559 0.33788 0.03653 ( 1)  0.594 +-  0.887
  19 -   0.62559 0.33788 0.03653 ( 1)  0.594 +-  0.887
  20 -   0.62559 0.33788 0.03653 ( 1)  0.594 +-  0.887
  21 -   0.62559 0.33788 0.03653 ( 1)  0.594 +-  0.887
  22 -   0.75024 0.24347 0.00629 ( 1)  0.382 +-  0.450
  23 -   0.66466 0.31399 0.02135 ( 1)  0.504 +-  0.687
  24 -   0.20059 0.61710 0.18230 ( 2)  1.483 +-  1.645
  25 -   0.01851 0.37063 0.61086 ( 3)  3.306 +-  2.259
  26 -   0.65200 0.32281 0.02519 ( 1)  0.528 +-  0.738
  27 -   0.64129 0.32939 0.02932 ( 1)  0.553 +-  0.794
  28 -   0.65437 0.32128 0.02436 ( 1)  0.523 +-  0.726
  29 -   0.65827 0.31867 0.02306 ( 1)  0.515 +-  0.709
  30 -   0.24531 0.64637 0.10832 ( 2)  1.148 +-  1.244
  31 -   0.25200 0.64947 0.09852 ( 2)  1.103 +-  1.176
  32 -   0.72108 0.26942 0.00950 ( 1)  0.416 +-  0.507
  33 -   0.70397 0.28396 0.01206 ( 1)  0.438 +-  0.548
  34 -   0.67424 0.30730 0.01846 ( 1)  0.485 +-  0.644
  35 -   0.72149 0.26900 0.00951 ( 1)  0.416 +-  0.507
  36 M   0.95675 0.04317 0.00008 ( 1)  0.192 +-  0.174
  37 A   0.87534 0.12405 0.00061 ( 1)  0.261 +-  0.285
  38 P   0.00712 0.52763 0.46525 ( 2)  2.636 +-  2.036
  39 E   0.04425 0.92119 0.03456 ( 2)  1.036 +-  0.474
  40 I   0.88458 0.11490 0.00052 ( 1)  0.253 +-  0.275
  41 H   0.13764 0.83114 0.03122 ( 2)  0.955 +-  0.544
  42 M   0.95675 0.04317 0.00008 ( 1)  0.192 +-  0.174
  43 S   0.41082 0.57336 0.01583 ( 2)  0.689 +-  0.544
  44 D   0.91831 0.08143 0.00026 ( 1)  0.224 +-  0.235
  45 P   0.83897 0.15983 0.00119 ( 1)  0.293 +-  0.322
  46 V   0.60560 0.39154 0.00287 ( 1)  0.493 +-  0.428
  47 C   0.80301 0.19485 0.00215 ( 1)  0.326 +-  0.357
  48 L   0.83026 0.16829 0.00144 ( 1)  0.301 +-  0.331
  49 I   0.89497 0.10460 0.00043 ( 1)  0.244 +-  0.263
  50 E   0.93552 0.06430 0.00017 ( 1)  0.210 +-  0.210
  51 N   0.91761 0.08213 0.00026 ( 1)  0.225 +-  0.235
  52 F   0.02048 0.83676 0.14276 ( 2)  1.393 +-  1.119
  53 N   0.00709 0.87635 0.11657 ( 2)  1.305 +-  0.943
  54 E   0.67135 0.32677 0.00189 ( 1)  0.436 +-  0.407
  55 H   0.15066 0.81573 0.03362 ( 2)  0.954 +-  0.588
  56 L   0.83456 0.16409 0.00135 ( 1)  0.297 +-  0.327
  57 K   0.04640 0.91363 0.03997 ( 2)  1.052 +-  0.534
  58 V   0.87916 0.12023 0.00061 ( 1)  0.258 +-  0.281
  59 N   0.92298 0.07678 0.00024 ( 1)  0.220 +-  0.228
  60 Q   0.01934 0.83539 0.14526 ( 2)  1.396 +-  1.109
  61 E   0.62726 0.37026 0.00249 ( 1)  0.474 +-  0.421
  62 A   0.87534 0.12405 0.00061 ( 1)  0.261 +-  0.285
  63 L   0.38594 0.59563 0.01842 ( 2)  0.716 +-  0.558
  64 E   0.67340 0.32474 0.00186 ( 1)  0.434 +-  0.406
  65 I   0.88437 0.11508 0.00054 ( 1)  0.254 +-  0.275
  66 L   0.83456 0.16409 0.00135 ( 1)  0.297 +-  0.327
  67 S   0.81922 0.17914 0.00164 ( 1)  0.311 +-  0.341
  68 A   0.10797 0.84235 0.04968 ( 2)  1.031 +-  0.660
  69 I   0.89562 0.10396 0.00042 ( 1)  0.244 +-  0.263
  70 T   0.56460 0.43152 0.00388 ( 1)  0.530 +-  0.441
  71 Q   0.49253 0.50001 0.00745 ( 2)  0.599 +-  0.474
  72 P   0.83923 0.15958 0.00119 ( 1)  0.293 +-  0.321
  73 V   0.04300 0.86913 0.08787 ( 2)  1.194 +-  0.841
  74 V   0.90485 0.09478 0.00036 ( 1)  0.236 +-  0.252
  75 V   0.90174 0.09787 0.00039 ( 1)  0.239 +-  0.256
  76 V   0.90073 0.09886 0.00041 ( 1)  0.239 +-  0.257
  77 A   0.52654 0.46831 0.00515 ( 1)  0.565 +-  0.453
  78 I   0.89106 0.10847 0.00047 ( 1)  0.248 +-  0.268
  79 V   0.90750 0.09216 0.00034 ( 1)  0.234 +-  0.248
  80 G   0.49339 0.50036 0.00625 ( 2)  0.595 +-  0.459
  81 L   0.83028 0.16828 0.00144 ( 1)  0.301 +-  0.331
  82 Y   0.85793 0.14124 0.00084 ( 1)  0.276 +-  0.303
  83 R   0.82910 0.16953 0.00137 ( 1)  0.302 +-  0.331
  84 T   0.89117 0.10837 0.00046 ( 1)  0.248 +-  0.268
  85 G   0.86350 0.13577 0.00073 ( 1)  0.271 +-  0.296
  86 K   0.91599 0.08374 0.00028 ( 1)  0.226 +-  0.238
  87 S   0.80558 0.19234 0.00207 ( 1)  0.323 +-  0.355
  88 Y   0.85341 0.14567 0.00092 ( 1)  0.280 +-  0.307
  89 L   0.83045 0.16801 0.00154 ( 1)  0.301 +-  0.333
  90 L   0.70723 0.29131 0.00146 ( 1)  0.405 +-  0.393
  91 N   0.91756 0.08219 0.00025 ( 1)  0.225 +-  0.235
  92 K   0.23813 0.75096 0.01091 ( 2)  0.820 +-  0.427
  93 L   0.83456 0.16409 0.00135 ( 1)  0.297 +-  0.327
  94 S   0.49229 0.50044 0.00728 ( 2)  0.599 +-  0.472
  95 G   0.90473 0.09495 0.00032 ( 1)  0.236 +-  0.251
  96 K   0.93570 0.06413 0.00017 ( 1)  0.210 +-  0.210
  97 N   0.61067 0.38655 0.00278 ( 1)  0.489 +-  0.426
  98 K   0.93570 0.06413 0.00017 ( 1)  0.210 +-  0.210
  99 G   0.86374 0.13553 0.00073 ( 1)  0.271 +-  0.296
 100 F   0.85019 0.14887 0.00094 ( 1)  0.283 +-  0.310
 101 S   0.81922 0.17914 0.00164 ( 1)  0.311 +-  0.341
 102 V   0.52793 0.46597 0.00610 ( 1)  0.566 +-  0.464
 103 A   0.50584 0.48675 0.00742 ( 1)  0.589 +-  0.481
 104 P   0.09091 0.83606 0.07303 ( 2)  1.115 +-  0.806
 105 T   0.90166 0.09798 0.00035 ( 1)  0.239 +-  0.255
 106 V   0.90794 0.09173 0.00033 ( 1)  0.233 +-  0.248
 107 Q   0.87261 0.12673 0.00066 ( 1)  0.264 +-  0.288
 108 S   0.81791 0.18041 0.00168 ( 1)  0.312 +-  0.342
 109 H   0.53600 0.45864 0.00536 ( 1)  0.558 +-  0.457
 110 T   0.85769 0.14146 0.00085 ( 1)  0.277 +-  0.303
 111 K   0.93327 0.06655 0.00019 ( 1)  0.212 +-  0.214
 112 G   0.87170 0.12766 0.00064 ( 1)  0.264 +-  0.288
 113 I   0.88598 0.11351 0.00051 ( 1)  0.252 +-  0.273
 114 W   0.77086 0.22543 0.00371 ( 1)  0.357 +-  0.396
 115 I   0.72045 0.27839 0.00117 ( 1)  0.393 +-  0.384
 116 W   0.77086 0.22543 0.00371 ( 1)  0.357 +-  0.396
 117 C   0.81124 0.18691 0.00185 ( 1)  0.318 +-  0.349
 118 M   0.18499 0.79791 0.01710 ( 2)  0.879 +-  0.450
 119 P   0.84175 0.15710 0.00115 ( 1)  0.291 +-  0.319
 120 H   0.89361 0.10594 0.00045 ( 1)  0.246 +-  0.265
 121 P   0.83038 0.16822 0.00140 ( 1)  0.301 +-  0.331
 122 N   0.03945 0.91627 0.04428 ( 2)  1.068 +-  0.555
 123 R   0.18085 0.79358 0.02557 ( 2)  0.907 +-  0.537
 124 P   0.84141 0.15745 0.00115 ( 1)  0.291 +-  0.319
 125 N   0.03427 0.91741 0.04832 ( 2)  1.080 +-  0.562
 126 H   0.88488 0.11459 0.00053 ( 1)  0.253 +-  0.275
 127 T   0.86397 0.13527 0.00076 ( 1)  0.271 +-  0.296
 128 L   0.79299 0.20411 0.00290 ( 1)  0.336 +-  0.376
 129 V   0.87916 0.12023 0.00061 ( 1)  0.258 +-  0.281
 130 L   0.83145 0.16711 0.00144 ( 1)  0.300 +-  0.331
 131 L   0.84207 0.15675 0.00118 ( 1)  0.290 +-  0.320
 132 D   0.91829 0.08146 0.00025 ( 1)  0.224 +-  0.234
 133 T   0.87176 0.12757 0.00067 ( 1)  0.264 +-  0.289
 134 E   0.92808 0.07170 0.00022 ( 1)  0.216 +-  0.221
 135 G   0.86350 0.13577 0.00073 ( 1)  0.271 +-  0.296
 136 L   0.83456 0.16409 0.00135 ( 1)  0.297 +-  0.327
 137 G   0.87589 0.12353 0.00058 ( 1)  0.261 +-  0.284
 138 D   0.92747 0.07233 0.00020 ( 1)  0.217 +-  0.222
 139 V   0.54641 0.44871 0.00488 ( 1)  0.548 +-  0.451
 140 E   0.93178 0.06803 0.00020 ( 1)  0.213 +-  0.216
 141 K   0.93570 0.06413 0.00017 ( 1)  0.210 +-  0.210
 142 A   0.09754 0.84828 0.05418 ( 2)  1.054 +-  0.692
 143 D   0.91829 0.08146 0.00025 ( 1)  0.224 +-  0.234
 144 N   0.46220 0.52646 0.01135 ( 2)  0.635 +-  0.513
 145 K   0.93570 0.06413 0.00017 ( 1)  0.210 +-  0.210
 146 N   0.62917 0.36838 0.00246 ( 1)  0.473 +-  0.421
 147 D   0.92785 0.07195 0.00020 ( 1)  0.216 +-  0.221
 148 I   0.05987 0.88505 0.05508 ( 2)  1.081 +-  0.642
 149 Q   0.51281 0.48131 0.00588 ( 1)  0.578 +-  0.459
 150 I   0.88440 0.11506 0.00054 ( 1)  0.253 +-  0.275
 151 F   0.86294 0.13631 0.00074 ( 1)  0.272 +-  0.297
 152 A   0.87622 0.12318 0.00060 ( 1)  0.260 +-  0.284
 153 L   0.83456 0.16409 0.00135 ( 1)  0.297 +-  0.327
 154 A   0.51687 0.47748 0.00565 ( 1)  0.574 +-  0.457
 155 L   0.41727 0.56609 0.01663 ( 2)  0.687 +-  0.557
 156 L   0.31454 0.61817 0.06728 ( 2)  0.944 +-  1.003
 157 L   0.82943 0.16900 0.00157 ( 1)  0.302 +-  0.335
 158 S   0.87516 0.12427 0.00058 ( 1)  0.261 +-  0.284
 159 S   0.87564 0.12378 0.00058 ( 1)  0.261 +-  0.284
 160 T   0.86901 0.13029 0.00069 ( 1)  0.267 +-  0.291
 161 F   0.02261 0.81709 0.16030 ( 2)  1.442 +-  1.169
 162 V   0.45715 0.53613 0.00672 ( 2)  0.626 +-  0.460
 163 Y   0.85234 0.14673 0.00093 ( 1)  0.281 +-  0.308
 164 N   0.92699 0.07280 0.00020 ( 1)  0.217 +-  0.222
 165 T   0.85946 0.13972 0.00082 ( 1)  0.275 +-  0.301
 166 M   0.74198 0.25704 0.00098 ( 1)  0.375 +-  0.374
 167 N   0.62402 0.37356 0.00242 ( 1)  0.477 +-  0.421
 168 K   0.19606 0.78801 0.01594 ( 2)  0.866 +-  0.446
 169 I   0.89513 0.10444 0.00043 ( 1)  0.244 +-  0.263
 170 D   0.92180 0.07796 0.00024 ( 1)  0.221 +-  0.230
 171 Q   0.86859 0.13068 0.00073 ( 1)  0.267 +-  0.292
 172 G   0.53132 0.46395 0.00473 ( 1)  0.560 +-  0.448
 173 A   0.87534 0.12405 0.00061 ( 1)  0.261 +-  0.285
 174 I   0.89217 0.10729 0.00055 ( 1)  0.247 +-  0.268
 175 D   0.91831 0.08143 0.00026 ( 1)  0.224 +-  0.235
 176 L   0.80478 0.19281 0.00242 ( 1)  0.325 +-  0.362
 177 L   0.83252 0.16608 0.00140 ( 1)  0.299 +-  0.329
 178 H   0.88484 0.11464 0.00052 ( 1)  0.253 +-  0.275
 179 N   0.63207 0.36548 0.00245 ( 1)  0.470 +-  0.420
 180 V   0.89241 0.10712 0.00047 ( 1)  0.247 +-  0.267
 181 T   0.87389 0.12548 0.00062 ( 1)  0.262 +-  0.286
 182 E   0.91622 0.08350 0.00028 ( 1)  0.226 +-  0.237
 183 L   0.83353 0.16507 0.00140 ( 1)  0.298 +-  0.329
 184 T   0.87336 0.12601 0.00063 ( 1)  0.263 +-  0.287
 185 D   0.92785 0.07195 0.00020 ( 1)  0.216 +-  0.221
 186 L   0.83456 0.16409 0.00135 ( 1)  0.297 +-  0.327
 187 L   0.83026 0.16829 0.00144 ( 1)  0.301 +-  0.331
 188 K   0.19270 0.79493 0.01237 ( 2)  0.859 +-  0.404
 189 A   0.87622 0.12318 0.00060 ( 1)  0.260 +-  0.284
 190 R   0.87823 0.12122 0.00055 ( 1)  0.259 +-  0.281
 191 T   0.02407 0.87289 0.10304 ( 2)  1.254 +-  0.903
 192 S   0.80280 0.19498 0.00222 ( 1)  0.326 +-  0.359
 193 P   0.01790 0.81787 0.16423 ( 2)  1.464 +-  1.200
 194 D   0.19170 0.79062 0.01769 ( 2)  0.875 +-  0.460
 195 L   0.84454 0.15434 0.00113 ( 1)  0.288 +-  0.317
 196 D   0.62118 0.37602 0.00280 ( 1)  0.480 +-  0.426
 197 G   0.17257 0.81112 0.01631 ( 2)  0.886 +-  0.427
 198 V   0.14566 0.82913 0.02521 ( 2)  0.931 +-  0.489
 199 E   0.91622 0.08350 0.00028 ( 1)  0.226 +-  0.237
 200 D   0.92758 0.07221 0.00020 ( 1)  0.216 +-  0.222
 201 A   0.50373 0.48997 0.00630 ( 1)  0.587 +-  0.462
 202 A   0.51551 0.47895 0.00554 ( 1)  0.575 +-  0.455
 203 D   0.61967 0.37774 0.00260 ( 1)  0.481 +-  0.423
 204 S   0.01085 0.68284 0.30631 ( 2)  1.971 +-  1.645
 205 E   0.00399 0.75406 0.24195 ( 2)  1.728 +-  1.431
 206 S   0.87773 0.12170 0.00057 ( 1)  0.259 +-  0.282
 207 F   0.85019 0.14887 0.00094 ( 1)  0.283 +-  0.310
 208 F   0.86221 0.13703 0.00076 ( 1)  0.273 +-  0.298
 209 P   0.84141 0.15745 0.00115 ( 1)  0.291 +-  0.319
 210 D   0.63140 0.36629 0.00231 ( 1)  0.471 +-  0.419
 211 L   0.77299 0.22333 0.00368 ( 1)  0.355 +-  0.395
 212 V   0.90794 0.09173 0.00033 ( 1)  0.233 +-  0.248
 213 W   0.77086 0.22543 0.00371 ( 1)  0.357 +-  0.396
 214 T   0.87247 0.12688 0.00064 ( 1)  0.264 +-  0.288
 215 L   0.83219 0.16640 0.00141 ( 1)  0.299 +-  0.330
 216 R   0.87823 0.12122 0.00055 ( 1)  0.259 +-  0.281
 217 D   0.92614 0.07365 0.00022 ( 1)  0.218 +-  0.224
 218 F   0.85411 0.14499 0.00090 ( 1)  0.280 +-  0.306
 219 C   0.34514 0.62870 0.02616 ( 2)  0.772 +-  0.615
 220 L   0.77406 0.22212 0.00382 ( 1)  0.354 +-  0.398
 221 G   0.01955 0.83420 0.14625 ( 2)  1.396 +-  1.103
 222 L   0.83203 0.16656 0.00141 ( 1)  0.299 +-  0.330
 223 E   0.91622 0.08350 0.00028 ( 1)  0.226 +-  0.237
 224 K   0.23482 0.75521 0.00996 ( 2)  0.820 +-  0.414
 225 D   0.64385 0.35391 0.00224 ( 1)  0.460 +-  0.416
 226 G   0.90804 0.09167 0.00029 ( 1)  0.233 +-  0.247
 227 Q   0.46440 0.52680 0.00880 ( 2)  0.626 +-  0.482
 228 L   0.83978 0.15900 0.00122 ( 1)  0.292 +-  0.322
 229 I   0.52316 0.47124 0.00561 ( 1)  0.569 +-  0.458
 230 T   0.87336 0.12601 0.00063 ( 1)  0.263 +-  0.287
 231 A   0.50565 0.48815 0.00620 ( 1)  0.585 +-  0.461
 232 D   0.65729 0.34071 0.00200 ( 1)  0.448 +-  0.411
 233 A   0.59457 0.40169 0.00374 ( 1)  0.505 +-  0.440
 234 Y   0.85489 0.14422 0.00089 ( 1)  0.279 +-  0.306
 235 L   0.83456 0.16409 0.00135 ( 1)  0.297 +-  0.327
 236 E   0.68442 0.31395 0.00163 ( 1)  0.425 +-  0.401
 237 N   0.92737 0.07243 0.00020 ( 1)  0.217 +-  0.222
 238 S   0.79996 0.19772 0.00232 ( 1)  0.329 +-  0.362
 239 L   0.83055 0.16799 0.00145 ( 1)  0.301 +-  0.332
 240 R   0.60306 0.39449 0.00245 ( 1)  0.495 +-  0.423
 241 P   0.44019 0.54895 0.01085 ( 2)  0.651 +-  0.497
 242 K   0.93570 0.06413 0.00017 ( 1)  0.210 +-  0.210
 243 Q   0.45041 0.53785 0.01175 ( 2)  0.645 +-  0.511
 244 G   0.87842 0.12103 0.00055 ( 1)  0.259 +-  0.281
 245 S   0.54095 0.45483 0.00421 ( 1)  0.550 +-  0.443
 246 D   0.20645 0.77850 0.01505 ( 2)  0.856 +-  0.444
 247 Q   0.85153 0.14749 0.00097 ( 1)  0.282 +-  0.310
 248 R   0.50318 0.49089 0.00593 ( 1)  0.586 +-  0.458
 249 V   0.53719 0.45756 0.00526 ( 1)  0.556 +-  0.455
 250 Q   0.47377 0.51731 0.00893 ( 2)  0.618 +-  0.487
 251 N   0.66006 0.33808 0.00186 ( 1)  0.446 +-  0.409
 252 F   0.85019 0.14887 0.00094 ( 1)  0.283 +-  0.310
 253 N   0.66033 0.33782 0.00185 ( 1)  0.445 +-  0.409
 254 L   0.79735 0.20020 0.00245 ( 1)  0.331 +-  0.365
 255 P   0.82629 0.17222 0.00149 ( 1)  0.304 +-  0.334
 256 R   0.84355 0.15539 0.00106 ( 1)  0.289 +-  0.316
 257 L   0.81877 0.17948 0.00175 ( 1)  0.311 +-  0.343
 258 C   0.80998 0.18811 0.00191 ( 1)  0.319 +-  0.350
 259 I   0.93361 0.06623 0.00016 ( 1)  0.211 +-  0.213
 260 Q   0.87261 0.12673 0.00066 ( 1)  0.264 +-  0.288
 261 K   0.93570 0.06413 0.00017 ( 1)  0.210 +-  0.210
 262 F   0.85071 0.14832 0.00096 ( 1)  0.283 +-  0.310
 263 F   0.86149 0.13773 0.00078 ( 1)  0.273 +-  0.299
 264 P   0.84037 0.15846 0.00117 ( 1)  0.292 +-  0.321
 265 K   0.64877 0.34911 0.00212 ( 1)  0.456 +-  0.414
 266 K   0.93570 0.06413 0.00017 ( 1)  0.210 +-  0.210
 267 K   0.91599 0.08374 0.00028 ( 1)  0.226 +-  0.238
 268 C   0.79871 0.19899 0.00230 ( 1)  0.330 +-  0.362
 269 F   0.86294 0.13631 0.00074 ( 1)  0.272 +-  0.297
 270 I   0.88458 0.11490 0.00052 ( 1)  0.253 +-  0.275
 271 F   0.86294 0.13631 0.00074 ( 1)  0.272 +-  0.297
 272 D   0.91834 0.08140 0.00026 ( 1)  0.224 +-  0.234
 273 L   0.05152 0.74429 0.20419 ( 2)  1.599 +-  1.428
 274 P   0.83911 0.15970 0.00119 ( 1)  0.293 +-  0.322
 275 A   0.14279 0.83169 0.02552 ( 2)  0.934 +-  0.487
 276 H   0.14969 0.82712 0.02318 ( 2)  0.922 +-  0.473
 277 Q   0.44920 0.53944 0.01135 ( 2)  0.645 +-  0.507
 278 K   0.93302 0.06680 0.00019 ( 1)  0.212 +-  0.214
 279 K   0.92897 0.07082 0.00021 ( 1)  0.215 +-  0.220
 280 L   0.84454 0.15434 0.00113 ( 1)  0.288 +-  0.317
 281 A   0.86068 0.13851 0.00081 ( 1)  0.274 +-  0.300
 282 Q   0.14179 0.83023 0.02798 ( 2)  0.942 +-  0.513
 283 L   0.84454 0.15434 0.00113 ( 1)  0.288 +-  0.317
 284 E   0.92702 0.07275 0.00023 ( 1)  0.217 +-  0.223
 285 T   0.87336 0.12601 0.00063 ( 1)  0.263 +-  0.287
 286 L   0.83456 0.16409 0.00135 ( 1)  0.297 +-  0.327
 287 P   0.50587 0.48691 0.00723 ( 1)  0.588 +-  0.475
 288 D   0.92785 0.07195 0.00020 ( 1)  0.216 +-  0.221
 289 D   0.65792 0.34022 0.00186 ( 1)  0.447 +-  0.409
 290 E   0.93324 0.06657 0.00019 ( 1)  0.212 +-  0.214
 291 L   0.80757 0.19030 0.00214 ( 1)  0.322 +-  0.356
 292 E   0.66842 0.32980 0.00178 ( 1)  0.438 +-  0.406
 293 S   0.01193 0.72655 0.26152 ( 2)  1.798 +-  1.503
 294 E   0.91622 0.08350 0.00028 ( 1)  0.226 +-  0.237
 295 F   0.86294 0.13631 0.00074 ( 1)  0.272 +-  0.297
 296 V   0.12968 0.83590 0.03442 ( 2)  0.969 +-  0.556
 297 Q   0.85623 0.14281 0.00096 ( 1)  0.278 +-  0.306
 298 Q   0.85260 0.14641 0.00099 ( 1)  0.281 +-  0.309
 299 V   0.90794 0.09173 0.00033 ( 1)  0.233 +-  0.248
 300 A   0.13699 0.83155 0.03145 ( 2)  0.956 +-  0.543
 301 E   0.91622 0.08350 0.00028 ( 1)  0.226 +-  0.237
 302 F   0.85019 0.14887 0.00094 ( 1)  0.283 +-  0.310
 303 C   0.38683 0.59570 0.01747 ( 2)  0.713 +-  0.547
 304 S   0.80688 0.19108 0.00204 ( 1)  0.322 +-  0.354
 305 Y   0.85234 0.14673 0.00093 ( 1)  0.281 +-  0.308
 306 I   0.88458 0.11490 0.00052 ( 1)  0.253 +-  0.275
 307 F   0.85145 0.14762 0.00093 ( 1)  0.282 +-  0.309
 308 S   0.88311 0.11639 0.00050 ( 1)  0.254 +-  0.276
 309 H   0.15381 0.82010 0.02609 ( 2)  0.928 +-  0.508
 310 S   0.39344 0.59015 0.01641 ( 2)  0.704 +-  0.539
 311 M   0.95693 0.04300 0.00007 ( 1)  0.191 +-  0.174
 312 T   0.51156 0.48179 0.00665 ( 1)  0.581 +-  0.468
 313 K   0.93296 0.06685 0.00019 ( 1)  0.212 +-  0.214
 314 T   0.87272 0.12664 0.00064 ( 1)  0.264 +-  0.287
 315 L   0.84478 0.15410 0.00112 ( 1)  0.288 +-  0.317
 316 P   0.84035 0.15847 0.00118 ( 1)  0.292 +-  0.321
 317 G   0.52547 0.46961 0.00492 ( 1)  0.565 +-  0.450
 318 G   0.50248 0.48989 0.00762 ( 1)  0.591 +-  0.478
 319 I   0.88862 0.11089 0.00049 ( 1)  0.250 +-  0.271
 320 E   0.00759 0.84898 0.14342 ( 2)  1.412 +-  1.135
 321 V   0.86485 0.13435 0.00080 ( 1)  0.270 +-  0.297
 322 N   0.63468 0.36290 0.00242 ( 1)  0.468 +-  0.420
 323 G   0.87899 0.12046 0.00055 ( 1)  0.258 +-  0.280
 324 S   0.41001 0.57594 0.01405 ( 2)  0.684 +-  0.521
 325 R   0.44566 0.54457 0.00977 ( 2)  0.643 +-  0.486
 326 L   0.80827 0.18962 0.00211 ( 1)  0.321 +-  0.355
 327 K   0.93592 0.06391 0.00017 ( 1)  0.209 +-  0.210
 328 N   0.91779 0.08196 0.00025 ( 1)  0.225 +-  0.235
 329 L   0.82813 0.17030 0.00157 ( 1)  0.303 +-  0.335
 330 V   0.90818 0.09149 0.00033 ( 1)  0.233 +-  0.248
 331 L   0.13699 0.82736 0.03565 ( 2)  0.970 +-  0.587
 332 T   0.40237 0.58514 0.01248 ( 2)  0.686 +-  0.502
 333 Y   0.86716 0.13213 0.00071 ( 1)  0.268 +-  0.293
 334 V   0.86485 0.13435 0.00080 ( 1)  0.270 +-  0.297
 335 N   0.22849 0.76141 0.01010 ( 2)  0.825 +-  0.410
 336 G   0.47881 0.51330 0.00789 ( 2)  0.611 +-  0.475
 337 I   0.88482 0.11466 0.00052 ( 1)  0.253 +-  0.275
 338 S   0.46632 0.52608 0.00760 ( 2)  0.621 +-  0.469
 339 S   0.88876 0.11080 0.00044 ( 1)  0.250 +-  0.269
 340 G   0.32791 0.66356 0.00853 ( 2)  0.738 +-  0.439
 341 D   0.23417 0.75716 0.00866 ( 2)  0.817 +-  0.399
 342 L   0.84099 0.15780 0.00121 ( 1)  0.291 +-  0.321
 343 P   0.42953 0.55862 0.01184 ( 2)  0.662 +-  0.504
 344 C   0.11743 0.84220 0.04037 ( 2)  0.996 +-  0.594
 345 M   0.29145 0.70210 0.00645 ( 2)  0.765 +-  0.412
 346 E   0.93574 0.06409 0.00017 ( 1)  0.209 +-  0.210
 347 N   0.91874 0.08101 0.00025 ( 1)  0.224 +-  0.234
 348 T   0.13621 0.83520 0.02859 ( 2)  0.947 +-  0.509
 349 V   0.47412 0.51689 0.00899 ( 2)  0.618 +-  0.488
 350 L   0.83573 0.16293 0.00134 ( 1)  0.296 +-  0.327
 351 A   0.48292 0.50971 0.00737 ( 2)  0.606 +-  0.470
 352 L   0.79818 0.19942 0.00240 ( 1)  0.330 +-  0.364
 353 A   0.48766 0.50532 0.00702 ( 2)  0.602 +-  0.467
 354 Q   0.86833 0.13093 0.00074 ( 1)  0.267 +-  0.293
 355 I   0.00447 0.76895 0.22658 ( 2)  1.667 +-  1.363
 356 E   0.93574 0.06409 0.00017 ( 1)  0.209 +-  0.210
 357 N   0.91893 0.08081 0.00026 ( 1)  0.224 +-  0.234
 358 S   0.38603 0.59506 0.01891 ( 2)  0.718 +-  0.564
 359 A   0.87316 0.12620 0.00064 ( 1)  0.263 +-  0.287
 360 A   0.52117 0.47357 0.00526 ( 1)  0.569 +-  0.453
 361 V   0.90539 0.09425 0.00036 ( 1)  0.235 +-  0.251
 362 Q   0.85177 0.14726 0.00097 ( 1)  0.282 +-  0.309
 363 K   0.93592 0.06391 0.00017 ( 1)  0.209 +-  0.210
 364 A   0.86100 0.13820 0.00081 ( 1)  0.274 +-  0.300
 365 I   0.03209 0.90752 0.06039 ( 2)  1.120 +-  0.666
 366 A   0.86380 0.13543 0.00077 ( 1)  0.271 +-  0.297
 367 H   0.14358 0.83147 0.02495 ( 2)  0.931 +-  0.482
 368 Y   0.86087 0.13832 0.00080 ( 1)  0.274 +-  0.300
 369 D   0.62074 0.37672 0.00255 ( 1)  0.480 +-  0.423
 370 Q   0.12684 0.83309 0.04007 ( 2)  0.989 +-  0.605
 371 Q   0.50317 0.49031 0.00652 ( 1)  0.588 +-  0.465
 372 M   0.95693 0.04300 0.00007 ( 1)  0.191 +-  0.174
 373 G   0.50072 0.49345 0.00583 ( 1)  0.588 +-  0.456
 374 Q   0.87286 0.12648 0.00066 ( 1)  0.263 +-  0.288
 375 K   0.93321 0.06661 0.00019 ( 1)  0.212 +-  0.214
 376 V   0.58928 0.40730 0.00342 ( 1)  0.508 +-  0.435
 377 Q   0.87286 0.12648 0.00066 ( 1)  0.263 +-  0.288
 378 L   0.83479 0.16386 0.00135 ( 1)  0.297 +-  0.327
 379 P   0.82781 0.17073 0.00146 ( 1)  0.303 +-  0.333
 380 T   0.14212 0.82846 0.02942 ( 2)  0.945 +-  0.520
 381 E   0.92213 0.07761 0.00026 ( 1)  0.221 +-  0.230
 382 T   0.86002 0.13915 0.00083 ( 1)  0.275 +-  0.301
 383 L   0.44222 0.54669 0.01109 ( 2)  0.650 +-  0.502
 384 Q   0.49189 0.50097 0.00714 ( 2)  0.599 +-  0.470
 385 E   0.93346 0.06635 0.00019 ( 1)  0.211 +-  0.213
 386 L   0.83479 0.16386 0.00135 ( 1)  0.297 +-  0.327
 387 L   0.83227 0.16632 0.00141 ( 1)  0.299 +-  0.330
 388 D   0.16778 0.81193 0.02029 ( 2)  0.900 +-  0.464
 389 L   0.82729 0.17108 0.00163 ( 1)  0.304 +-  0.337
 390 H   0.88510 0.11436 0.00053 ( 1)  0.253 +-  0.275
 391 R   0.00075 0.48226 0.51700 ( 3)  2.679 +-  1.859
 392 A   0.02208 0.86124 0.11668 ( 2)  1.302 +-  0.982
 393 S   0.52041 0.47482 0.00477 ( 1)  0.569 +-  0.447
 394 E   0.90571 0.09389 0.00040 ( 1)  0.235 +-  0.252
 395 R   0.51030 0.48382 0.00588 ( 1)  0.580 +-  0.458
 396 E   0.56120 0.43432 0.00448 ( 1)  0.534 +-  0.447
 397 A   0.82855 0.16997 0.00148 ( 1)  0.303 +-  0.333
 398 I   0.86463 0.13456 0.00081 ( 1)  0.271 +-  0.297
 399 D   0.54035 0.45410 0.00554 ( 1)  0.555 +-  0.459
 400 V   0.10397 0.83280 0.06323 ( 2)  1.079 +-  0.774
 401 F   0.81930 0.17897 0.00173 ( 1)  0.311 +-  0.343
 402 I   0.19093 0.79148 0.01759 ( 2)  0.876 +-  0.467
 403 K   0.88448 0.11494 0.00058 ( 1)  0.254 +-  0.276
 404 N   0.88590 0.11357 0.00054 ( 1)  0.252 +-  0.274
 405 S   0.81945 0.17892 0.00163 ( 1)  0.310 +-  0.341
 406 F   0.85042 0.14864 0.00094 ( 1)  0.283 +-  0.310
 407 K   0.58210 0.41398 0.00392 ( 1)  0.516 +-  0.441
 408 D   0.89711 0.10245 0.00044 ( 1)  0.243 +-  0.261
 409 V   0.46140 0.52712 0.01148 ( 2)  0.636 +-  0.513
 410 D   0.88668 0.11279 0.00054 ( 1)  0.252 +-  0.273
 411 Q   0.81997 0.17829 0.00174 ( 1)  0.310 +-  0.343
 412 S   0.12896 0.83051 0.04053 ( 2)  0.989 +-  0.615
 413 F   0.81869 0.17963 0.00168 ( 1)  0.311 +-  0.342
 414 Q   0.84013 0.15862 0.00125 ( 1)  0.292 +-  0.322
 415 K   0.89296 0.10650 0.00054 ( 1)  0.246 +-  0.267
 416 E   0.88447 0.11494 0.00059 ( 1)  0.254 +-  0.276
 417 L   0.75984 0.23544 0.00472 ( 1)  0.369 +-  0.417
 418 E   0.55786 0.43779 0.00435 ( 1)  0.537 +-  0.446
 419 T   0.42712 0.56046 0.01242 ( 2)  0.666 +-  0.511
 420 L   0.77968 0.21686 0.00346 ( 1)  0.349 +-  0.390
 421 L   0.78304 0.21366 0.00330 ( 1)  0.345 +-  0.386
 422 D   0.89711 0.10245 0.00044 ( 1)  0.243 +-  0.261
 423 A   0.42097 0.56473 0.01430 ( 2)  0.677 +-  0.530
 424 K   0.90179 0.09778 0.00044 ( 1)  0.239 +-  0.257
 425 R   0.01572 0.77869 0.20559 ( 2)  1.608 +-  1.353
 426 N   0.14076 0.83009 0.02915 ( 2)  0.946 +-  0.524
 427 D   0.88668 0.11279 0.00054 ( 1)  0.252 +-  0.273
 428 I   0.86260 0.13655 0.00085 ( 1)  0.273 +-  0.299
 429 C   0.78177 0.21511 0.00312 ( 1)  0.346 +-  0.383
 430 K   0.88423 0.11519 0.00058 ( 1)  0.254 +-  0.276
 431 Q   0.01377 0.73242 0.25381 ( 2)  1.790 +-  1.530
 432 N   0.88589 0.11357 0.00054 ( 1)  0.252 +-  0.274
 433 L   0.00188 0.25188 0.74624 ( 3)  3.726 +-  2.071
 434 E   0.88647 0.11293 0.00060 ( 1)  0.252 +-  0.275
 435 A   0.84367 0.15519 0.00114 ( 1)  0.289 +-  0.318
 436 S   0.77502 0.22137 0.00361 ( 1)  0.353 +-  0.394
 437 S   0.06781 0.78853 0.14366 ( 2)  1.374 +-  1.194
 438 D   0.89711 0.10245 0.00044 ( 1)  0.243 +-  0.261
 439 R   0.09058 0.83540 0.07402 ( 2)  1.119 +-  0.816
 440 C   0.77178 0.22456 0.00366 ( 1)  0.356 +-  0.395
 441 S   0.00721 0.51801 0.47478 ( 2)  2.663 +-  2.031
 442 A   0.43903 0.54963 0.01134 ( 2)  0.653 +-  0.503
 443 L   0.75075 0.24372 0.00554 ( 1)  0.379 +-  0.433
 444 L   0.81344 0.18458 0.00199 ( 1)  0.316 +-  0.350
 445 K   0.12968 0.83277 0.03756 ( 2)  0.980 +-  0.594
 446 D   0.89711 0.10245 0.00044 ( 1)  0.243 +-  0.261
 447 I   0.46735 0.52355 0.00909 ( 2)  0.624 +-  0.486
 448 F   0.83078 0.16786 0.00136 ( 1)  0.300 +-  0.330
 449 G   0.44658 0.54357 0.00985 ( 2)  0.643 +-  0.488
 450 P   0.37992 0.59971 0.02037 ( 2)  0.727 +-  0.577
 451 V   0.34875 0.62109 0.03016 ( 2)  0.783 +-  0.665
 452 E   0.88447 0.11494 0.00059 ( 1)  0.254 +-  0.276
 453 E   0.88447 0.11494 0.00059 ( 1)  0.254 +-  0.276
 454 A   0.41835 0.56664 0.01501 ( 2)  0.681 +-  0.540
 455 V   0.87574 0.12357 0.00069 ( 1)  0.261 +-  0.286
 456 K   0.55310 0.44147 0.00542 ( 1)  0.544 +-  0.458
 457 Q   0.39357 0.58767 0.01876 ( 2)  0.712 +-  0.567
 458 G   0.85912 0.14004 0.00084 ( 1)  0.275 +-  0.302
 459 I   0.86463 0.13456 0.00081 ( 1)  0.271 +-  0.297
 460 Y   0.83481 0.16388 0.00131 ( 1)  0.297 +-  0.326
 461 S   0.36472 0.61209 0.02318 ( 2)  0.748 +-  0.597
 462 K   0.55702 0.43737 0.00561 ( 1)  0.541 +-  0.462
 463 P   0.81051 0.18748 0.00201 ( 1)  0.319 +-  0.352
 464 G   0.84807 0.15094 0.00099 ( 1)  0.285 +-  0.312
 465 G   0.83213 0.16644 0.00143 ( 1)  0.299 +-  0.331
 466 H   0.86290 0.13627 0.00083 ( 1)  0.272 +-  0.299
 467 N   0.14058 0.83169 0.02773 ( 2)  0.942 +-  0.507
 468 L   0.80048 0.19707 0.00245 ( 1)  0.329 +-  0.364
 469 F   0.40043 0.58324 0.01633 ( 2)  0.699 +-  0.544
 470 I   0.86463 0.13456 0.00081 ( 1)  0.271 +-  0.297
 471 Q   0.40790 0.57731 0.01479 ( 2)  0.688 +-  0.528
 472 K   0.89296 0.10650 0.00054 ( 1)  0.246 +-  0.267
 473 M   0.33834 0.64258 0.01908 ( 2)  0.756 +-  0.541
 474 E   0.88447 0.11494 0.00059 ( 1)  0.254 +-  0.276
 475 E   0.90157 0.09798 0.00045 ( 1)  0.239 +-  0.257
 476 L   0.80419 0.19348 0.00233 ( 1)  0.325 +-  0.361
 477 K   0.90592 0.09369 0.00038 ( 1)  0.235 +-  0.251
 478 A   0.43983 0.54857 0.01160 ( 2)  0.654 +-  0.507
 479 K   0.90592 0.09369 0.00038 ( 1)  0.235 +-  0.251
 480 Y   0.82074 0.17760 0.00166 ( 1)  0.310 +-  0.341
 481 Y   0.43247 0.55609 0.01144 ( 2)  0.659 +-  0.501
 482 Q   0.01468 0.73112 0.25420 ( 2)  1.815 +-  1.590
 483 E   0.90571 0.09389 0.00040 ( 1)  0.235 +-  0.252
 484 P   0.80974 0.18824 0.00202 ( 1)  0.320 +-  0.352
 485 R   0.86808 0.13117 0.00076 ( 1)  0.268 +-  0.293
 486 K   0.88423 0.11519 0.00058 ( 1)  0.254 +-  0.276
 487 G   0.84331 0.15561 0.00108 ( 1)  0.289 +-  0.317
 488 I   0.90356 0.09608 0.00036 ( 1)  0.237 +-  0.253
 489 Q   0.44613 0.54279 0.01107 ( 2)  0.647 +-  0.504
 490 A   0.84280 0.15604 0.00116 ( 1)  0.290 +-  0.319
 491 E   0.89293 0.10652 0.00055 ( 1)  0.246 +-  0.268
 492 E   0.50797 0.48576 0.00626 ( 1)  0.583 +-  0.463
 493 V   0.10765 0.83862 0.05373 ( 2)  1.045 +-  0.699
 494 L   0.79501 0.20225 0.00274 ( 1)  0.334 +-  0.372
 495 Q   0.40790 0.57731 0.01479 ( 2)  0.688 +-  0.528
 496 K   0.15072 0.82118 0.02811 ( 2)  0.937 +-  0.530
 497 Y   0.83481 0.16388 0.00131 ( 1)  0.297 +-  0.326
 498 L   0.74891 0.24559 0.00550 ( 1)  0.380 +-  0.432
 499 K   0.89613 0.10340 0.00047 ( 1)  0.243 +-  0.263
 500 S   0.77791 0.21874 0.00335 ( 1)  0.350 +-  0.388
 501 K   0.90592 0.09369 0.00038 ( 1)  0.235 +-  0.251
 502 K   0.55035 0.44423 0.00541 ( 1)  0.546 +-  0.457
 503 S   0.78888 0.20833 0.00279 ( 1)  0.339 +-  0.374
 504 V   0.50420 0.48953 0.00626 ( 1)  0.586 +-  0.463
 505 S   0.85578 0.14338 0.00085 ( 1)  0.278 +-  0.304
 506 D   0.13071 0.83368 0.03561 ( 2)  0.974 +-  0.577
 507 A   0.84350 0.15534 0.00117 ( 1)  0.289 +-  0.319
 508 I   0.52214 0.47096 0.00690 ( 1)  0.573 +-  0.471
 509 L   0.76293 0.23201 0.00506 ( 1)  0.367 +-  0.425
 510 Q   0.41285 0.57238 0.01477 ( 2)  0.684 +-  0.532
 511 A   0.42213 0.56363 0.01425 ( 2)  0.676 +-  0.533
 512 D   0.88667 0.11279 0.00054 ( 1)  0.252 +-  0.273
 513 Q   0.40790 0.57731 0.01479 ( 2)  0.688 +-  0.528
 514 A   0.84280 0.15604 0.00116 ( 1)  0.290 +-  0.319
 515 L   0.80024 0.19730 0.00246 ( 1)  0.329 +-  0.365
 516 T   0.84751 0.15143 0.00105 ( 1)  0.286 +-  0.314
 517 E   0.53434 0.45927 0.00640 ( 1)  0.562 +-  0.469
 518 K   0.18745 0.79231 0.02024 ( 2)  0.886 +-  0.491
 519 E   0.13558 0.82234 0.04208 ( 2)  0.991 +-  0.646
 520 K   0.89296 0.10650 0.00054 ( 1)  0.246 +-  0.267
 521 K   0.02606 0.84495 0.12899 ( 2)  1.356 +-  1.100
 522 M   0.65122 0.34650 0.00228 ( 1)  0.454 +-  0.416
 523 K   0.12589 0.83447 0.03964 ( 2)  0.989 +-  0.604
 524 E   0.59531 0.40085 0.00384 ( 1)  0.505 +-  0.440
 525 E   0.11549 0.83090 0.05361 ( 2)  1.041 +-  0.715
 526 Q   0.19224 0.74122 0.06654 ( 2)  1.019 +-  0.850
 527 V   0.49987 0.49223 0.00790 ( 1)  0.594 +-  0.481
 528 K   0.50043 0.49256 0.00702 ( 1)  0.591 +-  0.469
 529 A   0.84103 0.15775 0.00122 ( 1)  0.291 +-  0.321
 530 E   0.13598 0.81852 0.04550 ( 2)  1.002 +-  0.678
 531 A   0.84184 0.15698 0.00118 ( 1)  0.291 +-  0.320
 532 A   0.45854 0.53160 0.00986 ( 2)  0.633 +-  0.494
 533 K   0.02798 0.87096 0.10106 ( 2)  1.255 +-  0.935
 534 A   0.84184 0.15698 0.00118 ( 1)  0.291 +-  0.320
 535 N   0.12945 0.82694 0.04362 ( 2)  1.000 +-  0.648
 536 A   0.84620 0.15270 0.00111 ( 1)  0.287 +-  0.316
 537 R   0.02709 0.73344 0.23946 ( 2)  1.742 +-  1.528
 538 R   0.87079 0.12854 0.00067 ( 1)  0.265 +-  0.289
 539 L   0.77039 0.22574 0.00387 ( 1)  0.357 +-  0.399
 540 E   0.14715 0.81305 0.03979 ( 2)  0.976 +-  0.642
 541 E   0.01091 0.67606 0.31303 ( 2)  2.010 +-  1.690
 542 I   0.11430 0.83789 0.04781 ( 2)  1.022 +-  0.659
 543 Q   0.08737 0.81382 0.09880 ( 2)  1.214 +-  1.010
 544 R   0.49424 0.49945 0.00631 ( 2)  0.594 +-  0.460
 545 W   0.00006 0.10228 0.89766 ( 3)  4.255 +-  1.820
 546 N   0.53756 0.45724 0.00520 ( 1)  0.556 +-  0.455
 547 Q   0.44698 0.54197 0.01104 ( 2)  0.646 +-  0.504
 548 Q   0.05502 0.77886 0.16612 ( 2)  1.454 +-  1.261
 549 M   0.62237 0.37477 0.00286 ( 1)  0.479 +-  0.426
 550 M   0.93003 0.06978 0.00019 ( 1)  0.214 +-  0.218
 551 Q   0.47550 0.51315 0.01136 ( 2)  0.624 +-  0.516
 552 K   0.09173 0.84133 0.06694 ( 2)  1.103 +-  0.801
 553 R   0.49132 0.50089 0.00779 ( 2)  0.601 +-  0.479
 554 E   0.44121 0.54810 0.01068 ( 2)  0.651 +-  0.504
 555 R   0.84464 0.15431 0.00105 ( 1)  0.288 +-  0.316
 556 V   0.37824 0.59858 0.02319 ( 2)  0.739 +-  0.615
 557 H   0.47875 0.51322 0.00803 ( 2)  0.612 +-  0.477
 558 Q   0.83917 0.15956 0.00127 ( 1)  0.293 +-  0.323
 559 E   0.88346 0.11593 0.00061 ( 1)  0.254 +-  0.278
 560 Q   0.81906 0.17917 0.00177 ( 1)  0.311 +-  0.344
 561 V   0.87473 0.12457 0.00071 ( 1)  0.262 +-  0.287
 562 R   0.84464 0.15431 0.00105 ( 1)  0.288 +-  0.316
 563 Q   0.81906 0.17917 0.00177 ( 1)  0.311 +-  0.344
 564 M   0.93003 0.06978 0.00019 ( 1)  0.214 +-  0.218
 565 E   0.49707 0.49603 0.00689 ( 1)  0.594 +-  0.468
 566 R   0.13404 0.81856 0.04740 ( 2)  1.011 +-  0.701
 567 D   0.10837 0.83792 0.05371 ( 2)  1.045 +-  0.702
 568 K   0.00272 0.60727 0.39001 ( 2)  2.289 +-  1.824
 569 Q   0.43858 0.54649 0.01493 ( 2)  0.665 +-  0.546
 570 N   0.52567 0.46824 0.00610 ( 1)  0.568 +-  0.464
 571 W   0.29939 0.64808 0.05253 ( 2)  0.896 +-  0.841
 572 L   0.36563 0.60779 0.02658 ( 2)  0.759 +-  0.639
 573 A   0.84270 0.15613 0.00116 ( 1)  0.290 +-  0.319
 574 E   0.59170 0.40432 0.00398 ( 1)  0.508 +-  0.442
 575 L   0.38362 0.59375 0.02263 ( 2)  0.733 +-  0.612
 576 Q   0.10666 0.83666 0.05668 ( 2)  1.056 +-  0.725
 577 R   0.50708 0.48716 0.00577 ( 1)  0.582 +-  0.457
 578 T   0.19142 0.78753 0.02105 ( 2)  0.886 +-  0.503
 579 Q   0.10678 0.83662 0.05660 ( 2)  1.056 +-  0.725
 580 E   0.53658 0.45765 0.00577 ( 1)  0.558 +-  0.462
 581 Q   0.03721 0.70749 0.25530 ( 2)  1.801 +-  1.601
 582 R   0.01530 0.77892 0.20578 ( 2)  1.606 +-  1.346
 583 M   0.93003 0.06978 0.00019 ( 1)  0.214 +-  0.218
 584 -   0.62559 0.33788 0.03653 ( 1)  0.594 +-  0.887
 585 -   0.62559 0.33788 0.03653 ( 1)  0.594 +-  0.887
 586 Q   0.83917 0.15956 0.00127 ( 1)  0.293 +-  0.323
 587 -   0.62559 0.33788 0.03653 ( 1)  0.594 +-  0.887
 588 -   0.62559 0.33788 0.03653 ( 1)  0.594 +-  0.887
 589 -   0.62559 0.33788 0.03653 ( 1)  0.594 +-  0.887
 590 -   0.62559 0.33788 0.03653 ( 1)  0.594 +-  0.887
 591 -   0.62559 0.33788 0.03653 ( 1)  0.594 +-  0.887
 592 -   0.62559 0.33788 0.03653 ( 1)  0.594 +-  0.887
 593 -   0.62559 0.33788 0.03653 ( 1)  0.594 +-  0.887
 594 -   0.62559 0.33788 0.03653 ( 1)  0.594 +-  0.887
 595 -   0.62559 0.33788 0.03653 ( 1)  0.594 +-  0.887
 596 -   0.62559 0.33788 0.03653 ( 1)  0.594 +-  0.887
 597 -   0.62559 0.33788 0.03653 ( 1)  0.594 +-  0.887
 598 -   0.62559 0.33788 0.03653 ( 1)  0.594 +-  0.887
 599 -   0.62559 0.33788 0.03653 ( 1)  0.594 +-  0.887
 600 -   0.62559 0.33788 0.03653 ( 1)  0.594 +-  0.887
 601 -   0.62559 0.33788 0.03653 ( 1)  0.594 +-  0.887
 602 -   0.62559 0.33788 0.03653 ( 1)  0.594 +-  0.887
 603 E   0.13440 0.83112 0.03448 ( 2)  0.967 +-  0.570
 604 Q   0.02085 0.82249 0.15666 ( 2)  1.452 +-  1.217
 605 A   0.84149 0.15732 0.00119 ( 1)  0.291 +-  0.320
 606 A   0.10228 0.82227 0.07546 ( 2)  1.122 +-  0.863
 607 Q   0.00003 0.07354 0.92643 ( 3)  4.345 +-  1.746
 608 L   0.79959 0.19792 0.00249 ( 1)  0.329 +-  0.365
 609 R   0.01741 0.79512 0.18748 ( 2)  1.547 +-  1.297
 610 A   0.10156 0.82408 0.07436 ( 2)  1.121 +-  0.866
 611 T   0.09531 0.83287 0.07182 ( 2)  1.111 +-  0.813
 612 F   0.36864 0.60663 0.02473 ( 2)  0.750 +-  0.621
 613 E   0.50222 0.48894 0.00884 ( 1)  0.595 +-  0.495
 614 A   0.84184 0.15698 0.00118 ( 1)  0.291 +-  0.320
 615 E   0.50222 0.48894 0.00884 ( 1)  0.595 +-  0.495
 616 N   0.00251 0.59456 0.40293 ( 2)  2.328 +-  1.829
 617 R   0.84463 0.15431 0.00105 ( 1)  0.288 +-  0.316
 618 R   0.18230 0.64089 0.17682 ( 2)  1.416 +-  1.456
 619 L   0.81113 0.18682 0.00205 ( 1)  0.319 +-  0.352
 620 H   0.09766 0.82732 0.07501 ( 2)  1.123 +-  0.853
 621 H   0.14365 0.81476 0.04159 ( 2)  0.987 +-  0.668
 622 E   0.49707 0.49604 0.00689 ( 1)  0.594 +-  0.468
 623 L   0.39621 0.58286 0.02093 ( 2)  0.717 +-  0.598
 624 Q   0.83917 0.15956 0.00127 ( 1)  0.293 +-  0.323
 625 Y   0.00098 0.33684 0.66218 ( 3)  3.353 +-  2.064
 626 L   0.01007 0.62253 0.36741 ( 2)  2.233 +-  1.843
 627 Q   0.83917 0.15956 0.00127 ( 1)  0.293 +-  0.323
 628 R   0.01561 0.75576 0.22863 ( 2)  1.691 +-  1.434
 629 N   0.01867 0.82334 0.15799 ( 2)  1.442 +-  1.173
 630 V   0.10636 0.83830 0.05534 ( 2)  1.051 +-  0.710
 631 N   0.54917 0.44578 0.00505 ( 1)  0.546 +-  0.454
 632 N   0.00000 0.00166 0.99834 ( 3)  4.558 +-  1.529
 633 -   0.24961 0.64586 0.10452 ( 2)  1.131 +-  1.227
 634 D   0.02393 0.85932 0.11675 ( 2)  1.307 +-  1.004
 635 D   0.89612 0.10343 0.00045 ( 1)  0.243 +-  0.263
 636 P   0.80962 0.18834 0.00204 ( 1)  0.320 +-  0.353
 637 C   0.78098 0.21586 0.00317 ( 1)  0.347 +-  0.384
 638 V   0.42929 0.55772 0.01298 ( 2)  0.666 +-  0.519
 639 L   0.74826 0.24619 0.00556 ( 1)  0.381 +-  0.433
 640 L   0.79976 0.19773 0.00252 ( 1)  0.329 +-  0.366
 641 -   0.62559 0.33788 0.03653 ( 1)  0.594 +-  0.887
 642 -   0.62559 0.33788 0.03653 ( 1)  0.594 +-  0.887
 643 -   0.62559 0.33788 0.03653 ( 1)  0.594 +-  0.887
 644 -   0.62559 0.33788 0.03653 ( 1)  0.594 +-  0.887
 645 -   0.62559 0.33788 0.03653 ( 1)  0.594 +-  0.887
 646 -   0.62559 0.33788 0.03653 ( 1)  0.594 +-  0.887
 647 -   0.62559 0.33788 0.03653 ( 1)  0.594 +-  0.887
 648 -   0.62559 0.33788 0.03653 ( 1)  0.594 +-  0.887
 649 -   0.62559 0.33788 0.03653 ( 1)  0.594 +-  0.887
 650 -   0.62559 0.33788 0.03653 ( 1)  0.594 +-  0.887
 651 -   0.62559 0.33788 0.03653 ( 1)  0.594 +-  0.887
 652 -   0.62559 0.33788 0.03653 ( 1)  0.594 +-  0.887
 653 -   0.62559 0.33788 0.03653 ( 1)  0.594 +-  0.887
 654 -   0.62559 0.33788 0.03653 ( 1)  0.594 +-  0.887

Positively selected sites

	Prob(w>1)  mean w

    25 -      0.611         3.306 +- 2.259
   391 R      0.517         2.679 +- 1.859
   433 L      0.746         3.726 +- 2.071
   545 W      0.898         4.255 +- 1.820
   607 Q      0.926         4.345 +- 1.746
   625 Y      0.662         3.353 +- 2.064
   632 N      0.998**       4.558 +- 1.529

