Supplemental results for CODEML (seqf: algn  treef: tree)


dN/dS (w) for site classes (K=2)

p:   0.89643  0.10357
w:   0.05644  1.00000

Naive Empirical Bayes (NEB) probabilities for 2 classes & postmean_w
(amino acids refer to 1st sequence: aotNan_SMC6_XM_021669005)

   1 -   0.89643 0.10357 ( 1)  0.154
   2 -   0.89643 0.10357 ( 1)  0.154
   3 -   0.89643 0.10357 ( 1)  0.154
   4 -   0.89643 0.10357 ( 1)  0.154
   5 M   0.98709 0.01291 ( 1)  0.069
   6 A   0.94386 0.05614 ( 1)  0.109
   7 K   0.99311 0.00689 ( 1)  0.063
   8 R   0.98900 0.01100 ( 1)  0.067
   9 K   0.98102 0.01898 ( 1)  0.074
  10 E   0.99309 0.00691 ( 1)  0.063
  11 E   0.99241 0.00759 ( 1)  0.064
  12 N   0.99333 0.00667 ( 1)  0.063
  13 F   0.95847 0.04153 ( 1)  0.096
  14 S   0.45893 0.54107 ( 2)  0.567
  15 P   0.59910 0.40090 ( 1)  0.435
  16 P   0.61673 0.38327 ( 1)  0.418
  17 K   0.88106 0.11894 ( 1)  0.169
  18 N   0.99333 0.00667 ( 1)  0.063
  19 A   0.94386 0.05614 ( 1)  0.109
  20 K   0.88919 0.11081 ( 1)  0.161
  21 R   0.98558 0.01442 ( 1)  0.070
  22 P   0.97174 0.02826 ( 1)  0.083
  23 R   0.98900 0.01100 ( 1)  0.067
  24 Q   0.97926 0.02074 ( 1)  0.076
  25 E   0.88134 0.11866 ( 1)  0.168
  26 E   0.99309 0.00691 ( 1)  0.063
  27 L   0.93920 0.06080 ( 1)  0.114
  28 E   0.72412 0.27588 ( 1)  0.317
  29 D   0.99322 0.00678 ( 1)  0.063
  30 F   0.10582 0.89418 ( 2)  0.900
  31 D   0.89198 0.10802 ( 1)  0.158
  32 K   0.99293 0.00707 ( 1)  0.063
  33 D   0.99322 0.00678 ( 1)  0.063
  34 G   0.98356 0.01644 ( 1)  0.072
  35 D   0.84916 0.15084 ( 1)  0.199
  36 E   0.28811 0.71189 ( 2)  0.728
  37 D   0.99012 0.00988 ( 1)  0.066
  38 E   0.99309 0.00691 ( 1)  0.063
  39 C   0.96762 0.03238 ( 1)  0.087
  40 T   0.08681 0.91319 ( 2)  0.918
  41 A   0.62969 0.37031 ( 1)  0.406
  42 S   0.52306 0.47694 ( 1)  0.506
  43 F   0.93504 0.06496 ( 1)  0.118
  44 T   0.96889 0.03111 ( 1)  0.086
  45 N   0.87762 0.12238 ( 1)  0.172
  46 G   0.98356 0.01644 ( 1)  0.072
  47 T   0.97424 0.02576 ( 1)  0.081
  48 S   0.54290 0.45710 ( 1)  0.488
  49 T   0.73912 0.26088 ( 1)  0.303
  50 L   0.93966 0.06034 ( 1)  0.113
  51 T   0.98071 0.01929 ( 1)  0.075
  52 A   0.98308 0.01692 ( 1)  0.072
  53 A   0.98242 0.01758 ( 1)  0.073
  54 E   0.99309 0.00691 ( 1)  0.063
  55 V   0.98142 0.01858 ( 1)  0.074
  56 G   0.98683 0.01317 ( 1)  0.069
  57 I   0.99048 0.00952 ( 1)  0.065
  58 I   0.98416 0.01584 ( 1)  0.071
  59 E   0.97935 0.02065 ( 1)  0.076
  60 S   0.98789 0.01211 ( 1)  0.068
  61 I   0.98379 0.01621 ( 1)  0.072
  62 R   0.06589 0.93411 ( 2)  0.938
  63 L   0.96529 0.03471 ( 1)  0.089
  64 K   0.99145 0.00855 ( 1)  0.065
  65 N   0.97587 0.02413 ( 1)  0.079
  66 F   0.94570 0.05430 ( 1)  0.108
  67 M   0.98714 0.01286 ( 1)  0.069
  68 C   0.96556 0.03444 ( 1)  0.089
  69 H   0.98619 0.01381 ( 1)  0.069
  70 S   0.95461 0.04539 ( 1)  0.099
  71 M   0.98714 0.01286 ( 1)  0.069
  72 L   0.97036 0.02964 ( 1)  0.084
  73 G   0.98688 0.01312 ( 1)  0.069
  74 P   0.93735 0.06265 ( 1)  0.116
  75 F   0.97496 0.02504 ( 1)  0.080
  76 K   0.98724 0.01276 ( 1)  0.068
  77 F   0.97496 0.02504 ( 1)  0.080
  78 G   0.98312 0.01688 ( 1)  0.072
  79 S   0.96391 0.03609 ( 1)  0.090
  80 N   0.99337 0.00663 ( 1)  0.063
  81 V   0.94586 0.05414 ( 1)  0.108
  82 N   0.97594 0.02406 ( 1)  0.079
  83 F   0.97332 0.02668 ( 1)  0.082
  84 V   0.73263 0.26737 ( 1)  0.309
  85 V   0.98035 0.01965 ( 1)  0.075
  86 G   0.94869 0.05131 ( 1)  0.105
  87 N   0.97594 0.02406 ( 1)  0.079
  88 N   0.99337 0.00663 ( 1)  0.063
  89 G   0.98688 0.01312 ( 1)  0.069
  90 S   0.98793 0.01207 ( 1)  0.068
  91 -   0.89643 0.10357 ( 1)  0.154
  92 -   0.89643 0.10357 ( 1)  0.154
  93 -   0.89643 0.10357 ( 1)  0.154
  94 -   0.89643 0.10357 ( 1)  0.154
  95 -   0.89643 0.10357 ( 1)  0.154
  96 -   0.89643 0.10357 ( 1)  0.154
  97 -   0.89643 0.10357 ( 1)  0.154
  98 -   0.89643 0.10357 ( 1)  0.154
  99 -   0.89643 0.10357 ( 1)  0.154
 100 -   0.89643 0.10357 ( 1)  0.154
 101 -   0.89643 0.10357 ( 1)  0.154
 102 -   0.89643 0.10357 ( 1)  0.154
 103 -   0.89643 0.10357 ( 1)  0.154
 104 -   0.89643 0.10357 ( 1)  0.154
 105 -   0.89643 0.10357 ( 1)  0.154
 106 -   0.89643 0.10357 ( 1)  0.154
 107 -   0.89643 0.10357 ( 1)  0.154
 108 -   0.89643 0.10357 ( 1)  0.154
 109 -   0.89643 0.10357 ( 1)  0.154
 110 -   0.89643 0.10357 ( 1)  0.154
 111 -   0.89643 0.10357 ( 1)  0.154
 112 -   0.89643 0.10357 ( 1)  0.154
 113 -   0.89643 0.10357 ( 1)  0.154
 114 -   0.89643 0.10357 ( 1)  0.154
 115 -   0.89643 0.10357 ( 1)  0.154
 116 -   0.89643 0.10357 ( 1)  0.154
 117 -   0.89643 0.10357 ( 1)  0.154
 118 -   0.89643 0.10357 ( 1)  0.154
 119 -   0.89643 0.10357 ( 1)  0.154
 120 -   0.89643 0.10357 ( 1)  0.154
 121 -   0.89643 0.10357 ( 1)  0.154
 122 -   0.89643 0.10357 ( 1)  0.154
 123 -   0.89643 0.10357 ( 1)  0.154
 124 -   0.89643 0.10357 ( 1)  0.154
 125 -   0.89643 0.10357 ( 1)  0.154
 126 -   0.89643 0.10357 ( 1)  0.154
 127 -   0.89643 0.10357 ( 1)  0.154
 128 -   0.89643 0.10357 ( 1)  0.154
 129 -   0.89643 0.10357 ( 1)  0.154
 130 -   0.89643 0.10357 ( 1)  0.154
 131 -   0.89643 0.10357 ( 1)  0.154
 132 -   0.89643 0.10357 ( 1)  0.154
 133 -   0.89643 0.10357 ( 1)  0.154
 134 -   0.89643 0.10357 ( 1)  0.154
 135 -   0.89643 0.10357 ( 1)  0.154
 136 -   0.89643 0.10357 ( 1)  0.154
 137 -   0.89643 0.10357 ( 1)  0.154
 138 -   0.89643 0.10357 ( 1)  0.154
 139 -   0.89643 0.10357 ( 1)  0.154
 140 -   0.89643 0.10357 ( 1)  0.154
 141 -   0.89643 0.10357 ( 1)  0.154
 142 -   0.89643 0.10357 ( 1)  0.154
 143 -   0.89643 0.10357 ( 1)  0.154
 144 -   0.89643 0.10357 ( 1)  0.154
 145 -   0.89643 0.10357 ( 1)  0.154
 146 -   0.89643 0.10357 ( 1)  0.154
 147 -   0.89643 0.10357 ( 1)  0.154
 148 -   0.89643 0.10357 ( 1)  0.154
 149 -   0.89643 0.10357 ( 1)  0.154
 150 -   0.89643 0.10357 ( 1)  0.154
 151 -   0.89643 0.10357 ( 1)  0.154
 152 -   0.89643 0.10357 ( 1)  0.154
 153 -   0.89643 0.10357 ( 1)  0.154
 154 -   0.89643 0.10357 ( 1)  0.154
 155 -   0.89643 0.10357 ( 1)  0.154
 156 -   0.89643 0.10357 ( 1)  0.154
 157 -   0.89643 0.10357 ( 1)  0.154
 158 -   0.89643 0.10357 ( 1)  0.154
 159 -   0.89643 0.10357 ( 1)  0.154
 160 -   0.89643 0.10357 ( 1)  0.154
 161 -   0.89643 0.10357 ( 1)  0.154
 162 -   0.89643 0.10357 ( 1)  0.154
 163 -   0.89643 0.10357 ( 1)  0.154
 164 -   0.89643 0.10357 ( 1)  0.154
 165 -   0.89643 0.10357 ( 1)  0.154
 166 -   0.89643 0.10357 ( 1)  0.154
 167 -   0.89643 0.10357 ( 1)  0.154
 168 -   0.89643 0.10357 ( 1)  0.154
 169 G   0.96413 0.03587 ( 1)  0.090
 170 K   0.97983 0.02017 ( 1)  0.075
 171 S   0.98782 0.01218 ( 1)  0.068
 172 A   0.98314 0.01686 ( 1)  0.072
 173 V   0.80057 0.19943 ( 1)  0.245
 174 L   0.93644 0.06356 ( 1)  0.116
 175 T   0.98227 0.01773 ( 1)  0.073
 176 A   0.97983 0.02017 ( 1)  0.075
 177 L   0.93524 0.06476 ( 1)  0.118
 178 I   0.99052 0.00948 ( 1)  0.065
 179 V   0.98120 0.01880 ( 1)  0.074
 180 G   0.98361 0.01639 ( 1)  0.072
 181 L   0.97036 0.02964 ( 1)  0.084
 182 G   0.98361 0.01639 ( 1)  0.072
 183 G   0.98545 0.01455 ( 1)  0.070
 184 R   0.82070 0.17930 ( 1)  0.226
 185 A   0.98188 0.01812 ( 1)  0.074
 186 V   0.73407 0.26593 ( 1)  0.307
 187 A   0.73114 0.26886 ( 1)  0.310
 188 T   0.98077 0.01923 ( 1)  0.075
 189 N   0.99337 0.00663 ( 1)  0.063
 190 R   0.98904 0.01096 ( 1)  0.067
 191 G   0.98688 0.01312 ( 1)  0.069
 192 S   0.95706 0.04294 ( 1)  0.097
 193 S   0.96391 0.03609 ( 1)  0.090
 194 L   0.95664 0.04336 ( 1)  0.097
 195 K   0.99315 0.00685 ( 1)  0.063
 196 G   0.76977 0.23023 ( 1)  0.274
 197 F   0.97496 0.02504 ( 1)  0.080
 198 V   0.96168 0.03832 ( 1)  0.093
 199 K   0.99227 0.00773 ( 1)  0.064
 200 D   0.99326 0.00674 ( 1)  0.063
 201 G   0.98688 0.01312 ( 1)  0.069
 202 Q   0.95983 0.04017 ( 1)  0.094
 203 K   0.10913 0.89087 ( 2)  0.897
 204 S   0.96186 0.03814 ( 1)  0.092
 205 A   0.98412 0.01588 ( 1)  0.071
 206 D   0.99326 0.00674 ( 1)  0.063
 207 I   0.95681 0.04319 ( 1)  0.097
 208 S   0.06812 0.93188 ( 2)  0.936
 209 I   0.23127 0.76873 ( 2)  0.782
 210 T   0.98532 0.01468 ( 1)  0.070
 211 L   0.94849 0.05151 ( 1)  0.105
 212 R   0.97008 0.02992 ( 1)  0.085
 213 N   0.97594 0.02406 ( 1)  0.079
 214 R   0.98887 0.01113 ( 1)  0.067
 215 G   0.98688 0.01312 ( 1)  0.069
 216 D   0.99326 0.00674 ( 1)  0.063
 217 D   0.99326 0.00674 ( 1)  0.063
 218 A   0.94392 0.05608 ( 1)  0.109
 219 F   0.10888 0.89112 ( 2)  0.897
 220 K   0.88318 0.11682 ( 1)  0.167
 221 A   0.96923 0.03077 ( 1)  0.085
 222 N   0.23738 0.76262 ( 2)  0.776
 223 V   0.97575 0.02425 ( 1)  0.079
 224 Y   0.98048 0.01952 ( 1)  0.075
 225 G   0.98270 0.01730 ( 1)  0.073
 226 N   0.68612 0.31388 ( 1)  0.353
 227 S   0.96391 0.03609 ( 1)  0.090
 228 I   0.99052 0.00948 ( 1)  0.065
 229 I   0.00815 0.99185 ( 2)  0.992
 230 V   0.60671 0.39329 ( 1)  0.428
 231 Q   0.61112 0.38888 ( 1)  0.423
 232 Q   0.97906 0.02094 ( 1)  0.076
 233 H   0.96158 0.03842 ( 1)  0.093
 234 I   0.95292 0.04708 ( 1)  0.101
 235 S   0.95978 0.04022 ( 1)  0.094
 236 M   0.81647 0.18353 ( 1)  0.230
 237 D   0.99326 0.00674 ( 1)  0.063
 238 G   0.98688 0.01312 ( 1)  0.069
 239 S   0.81607 0.18393 ( 1)  0.230
 240 R   0.96402 0.03598 ( 1)  0.090
 241 S   0.60026 0.39974 ( 1)  0.434
 242 Y   0.97863 0.02137 ( 1)  0.077
 243 K   0.99315 0.00685 ( 1)  0.063
 244 L   0.96809 0.03191 ( 1)  0.087
 245 K   0.99315 0.00685 ( 1)  0.063
 246 S   0.98793 0.01207 ( 1)  0.068
 247 E   0.00048 0.99952 ( 2)  1.000
 248 T   0.16900 0.83100 ( 2)  0.841
 249 G   0.96308 0.03692 ( 1)  0.091
 250 A   0.00279 0.99721 ( 2)  0.997
 251 V   0.96168 0.03832 ( 1)  0.093
 252 V   0.74848 0.25152 ( 1)  0.294
 253 S   0.95731 0.04269 ( 1)  0.097
 254 T   0.97930 0.02070 ( 1)  0.076
 255 R   0.00653 0.99347 ( 2)  0.994
 256 K   0.99315 0.00685 ( 1)  0.063
 257 E   0.99313 0.00687 ( 1)  0.063
 258 E   0.98375 0.01625 ( 1)  0.072
 259 L   0.93992 0.06008 ( 1)  0.113
 260 I   0.98411 0.01589 ( 1)  0.071
 261 A   0.98449 0.01551 ( 1)  0.071
 262 I   0.98411 0.01589 ( 1)  0.071
 263 L   0.97036 0.02964 ( 1)  0.084
 264 D   0.99326 0.00674 ( 1)  0.063
 265 H   0.98621 0.01379 ( 1)  0.069
 266 F   0.97496 0.02504 ( 1)  0.080
 267 N   0.97594 0.02406 ( 1)  0.079
 268 I   0.95292 0.04708 ( 1)  0.101
 269 Q   0.95983 0.04017 ( 1)  0.094
 270 -   0.89643 0.10357 ( 1)  0.154
 271 -   0.89643 0.10357 ( 1)  0.154
 272 -   0.89643 0.10357 ( 1)  0.154
 273 -   0.89643 0.10357 ( 1)  0.154
 274 -   0.89643 0.10357 ( 1)  0.154
 275 -   0.89643 0.10357 ( 1)  0.154
 276 -   0.89643 0.10357 ( 1)  0.154
 277 -   0.89643 0.10357 ( 1)  0.154
 278 -   0.89643 0.10357 ( 1)  0.154
 279 -   0.89643 0.10357 ( 1)  0.154
 280 -   0.89643 0.10357 ( 1)  0.154
 281 -   0.89643 0.10357 ( 1)  0.154
 282 -   0.89643 0.10357 ( 1)  0.154
 283 -   0.89643 0.10357 ( 1)  0.154
 284 -   0.89643 0.10357 ( 1)  0.154
 285 -   0.89643 0.10357 ( 1)  0.154
 286 -   0.89643 0.10357 ( 1)  0.154
 287 -   0.89643 0.10357 ( 1)  0.154
 288 -   0.89643 0.10357 ( 1)  0.154
 289 -   0.89643 0.10357 ( 1)  0.154
 290 -   0.89643 0.10357 ( 1)  0.154
 291 -   0.89643 0.10357 ( 1)  0.154
 292 -   0.89643 0.10357 ( 1)  0.154
 293 -   0.89643 0.10357 ( 1)  0.154
 294 -   0.89643 0.10357 ( 1)  0.154
 295 -   0.89643 0.10357 ( 1)  0.154
 296 -   0.89643 0.10357 ( 1)  0.154
 297 V   0.96159 0.03841 ( 1)  0.093
 298 D   0.99321 0.00679 ( 1)  0.063
 299 N   0.99332 0.00668 ( 1)  0.063
 300 P   0.97173 0.02827 ( 1)  0.083
 301 V   0.98141 0.01859 ( 1)  0.074
 302 S   0.96325 0.03675 ( 1)  0.091
 303 V   0.98141 0.01859 ( 1)  0.074
 304 L   0.95655 0.04345 ( 1)  0.097
 305 T   0.98525 0.01475 ( 1)  0.070
 306 Q   0.97924 0.02076 ( 1)  0.076
 307 E   0.98856 0.01144 ( 1)  0.067
 308 M   0.98708 0.01292 ( 1)  0.069
 309 S   0.95969 0.04031 ( 1)  0.094
 310 K   0.98305 0.01695 ( 1)  0.072
 311 Q   0.96133 0.03867 ( 1)  0.093
 312 F   0.94569 0.05431 ( 1)  0.108
 313 L   0.95520 0.04480 ( 1)  0.099
 314 Q   0.95974 0.04026 ( 1)  0.094
 315 S   0.96273 0.03727 ( 1)  0.092
 316 K   0.99310 0.00690 ( 1)  0.063
 317 N   0.99332 0.00668 ( 1)  0.063
 318 E   0.99051 0.00949 ( 1)  0.065
 319 G   0.98445 0.01555 ( 1)  0.071
 320 D   0.97500 0.02500 ( 1)  0.080
 321 K   0.99310 0.00690 ( 1)  0.063
 322 Y   0.94456 0.05544 ( 1)  0.109
 323 K   0.99310 0.00690 ( 1)  0.063
 324 F   0.94577 0.05423 ( 1)  0.108
 325 F   0.94577 0.05423 ( 1)  0.108
 326 M   0.98714 0.01286 ( 1)  0.069
 327 K   0.99315 0.00685 ( 1)  0.063
 328 A   0.98446 0.01554 ( 1)  0.071
 329 T   0.95698 0.04302 ( 1)  0.097
 330 Q   0.97789 0.02211 ( 1)  0.077
 331 L   0.97036 0.02964 ( 1)  0.084
 332 E   0.99313 0.00687 ( 1)  0.063
 333 Q   0.96539 0.03461 ( 1)  0.089
 334 M   0.98714 0.01286 ( 1)  0.069
 335 K   0.97983 0.02017 ( 1)  0.075
 336 E   0.99259 0.00741 ( 1)  0.063
 337 D   0.99326 0.00674 ( 1)  0.063
 338 Y   0.98048 0.01952 ( 1)  0.075
 339 S   0.95958 0.04042 ( 1)  0.095
 340 Y   0.94707 0.05293 ( 1)  0.106
 341 I   0.98411 0.01589 ( 1)  0.071
 342 M   0.98714 0.01286 ( 1)  0.069
 343 E   0.99313 0.00687 ( 1)  0.063
 344 T   0.98190 0.01810 ( 1)  0.074
 345 K   0.99315 0.00685 ( 1)  0.063
 346 E   0.99313 0.00687 ( 1)  0.063
 347 R   0.98882 0.01118 ( 1)  0.067
 348 T   0.98532 0.01468 ( 1)  0.070
 349 K   0.97983 0.02017 ( 1)  0.075
 350 E   0.98089 0.01911 ( 1)  0.074
 351 Q   0.95983 0.04017 ( 1)  0.094
 352 I   0.99052 0.00948 ( 1)  0.065
 353 N   0.18533 0.81467 ( 2)  0.825
 354 Q   0.97903 0.02097 ( 1)  0.076
 355 G   0.98682 0.01318 ( 1)  0.069
 356 E   0.99313 0.00687 ( 1)  0.063
 357 E   0.97941 0.02059 ( 1)  0.076
 358 R   0.94918 0.05082 ( 1)  0.104
 359 L   0.96851 0.03149 ( 1)  0.086
 360 T   0.98077 0.01923 ( 1)  0.075
 361 E   0.99310 0.00690 ( 1)  0.063
 362 L   0.96353 0.03647 ( 1)  0.091
 363 K   0.97983 0.02017 ( 1)  0.075
 364 R   0.93455 0.06545 ( 1)  0.118
 365 Q   0.95983 0.04017 ( 1)  0.094
 366 C   0.95452 0.04548 ( 1)  0.099
 367 L   0.57611 0.42389 ( 1)  0.456
 368 E   0.97941 0.02059 ( 1)  0.076
 369 K   0.99315 0.00685 ( 1)  0.063
 370 E   0.97941 0.02059 ( 1)  0.076
 371 E   0.99313 0.00687 ( 1)  0.063
 372 R   0.96960 0.03040 ( 1)  0.085
 373 F   0.97304 0.02696 ( 1)  0.082
 374 Q   0.97932 0.02068 ( 1)  0.076
 375 S   0.81762 0.18238 ( 1)  0.229
 376 I   0.98411 0.01589 ( 1)  0.071
 377 A   0.97983 0.02017 ( 1)  0.075
 378 G   0.98380 0.01620 ( 1)  0.072
 379 L   0.95516 0.04484 ( 1)  0.099
 380 S   0.98794 0.01206 ( 1)  0.068
 381 T   0.98495 0.01505 ( 1)  0.071
 382 M   0.98714 0.01286 ( 1)  0.069
 383 K   0.97983 0.02017 ( 1)  0.075
 384 A   0.73351 0.26649 ( 1)  0.308
 385 T   0.73991 0.26009 ( 1)  0.302
 386 L   0.95665 0.04335 ( 1)  0.097
 387 E   0.97952 0.02048 ( 1)  0.076
 388 N   0.00330 0.99670 ( 2)  0.997
 389 L   0.94109 0.05891 ( 1)  0.112
 390 K   0.99315 0.00685 ( 1)  0.063
 391 H   0.98621 0.01379 ( 1)  0.069
 392 E   0.99313 0.00687 ( 1)  0.063
 393 M   0.98714 0.01286 ( 1)  0.069
 394 A   0.97983 0.02017 ( 1)  0.075
 395 W   0.93341 0.06659 ( 1)  0.119
 396 A   0.98449 0.01551 ( 1)  0.071
 397 V   0.96168 0.03832 ( 1)  0.093
 398 V   0.94586 0.05414 ( 1)  0.108
 399 N   0.87559 0.12441 ( 1)  0.174
 400 E   0.99313 0.00687 ( 1)  0.063
 401 I   0.97689 0.02311 ( 1)  0.078
 402 E   0.99313 0.00687 ( 1)  0.063
 403 K   0.99315 0.00685 ( 1)  0.063
 404 Q   0.97808 0.02192 ( 1)  0.077
 405 L   0.93972 0.06028 ( 1)  0.113
 406 N   0.99337 0.00663 ( 1)  0.063
 407 A   0.97987 0.02013 ( 1)  0.075
 408 I   0.95682 0.04318 ( 1)  0.097
 409 R   0.83866 0.16134 ( 1)  0.209
 410 D   0.99326 0.00674 ( 1)  0.063
 411 N   0.99337 0.00663 ( 1)  0.063
 412 I   0.95361 0.04639 ( 1)  0.100
 413 K   0.87560 0.12440 ( 1)  0.174
 414 I   0.98411 0.01589 ( 1)  0.071
 415 G   0.98688 0.01312 ( 1)  0.069
 416 E   0.99313 0.00687 ( 1)  0.063
 417 D   0.25160 0.74840 ( 2)  0.763
 418 R   0.96960 0.03040 ( 1)  0.085
 419 A   0.97983 0.02017 ( 1)  0.075
 420 A   0.73121 0.26879 ( 1)  0.310
 421 R   0.98811 0.01189 ( 1)  0.068
 422 L   0.97036 0.02964 ( 1)  0.084
 423 D   0.97508 0.02492 ( 1)  0.080
 424 R   0.97008 0.02992 ( 1)  0.085
 425 K   0.99315 0.00685 ( 1)  0.063
 426 M   0.81202 0.18798 ( 1)  0.234
 427 E   0.89008 0.10992 ( 1)  0.160
 428 E   0.99295 0.00705 ( 1)  0.063
 429 Q   0.95990 0.04010 ( 1)  0.094
 430 Q   0.95983 0.04017 ( 1)  0.094
 431 V   0.94986 0.05014 ( 1)  0.104
 432 R   0.98905 0.01095 ( 1)  0.067
 433 L   0.97036 0.02964 ( 1)  0.084
 434 S   0.89199 0.10801 ( 1)  0.158
 435 E   0.99301 0.00699 ( 1)  0.063
 436 A   0.98449 0.01551 ( 1)  0.071
 437 E   0.99313 0.00687 ( 1)  0.063
 438 Q   0.79914 0.20086 ( 1)  0.246
 439 K   0.13561 0.86439 ( 2)  0.872
 440 Y   0.94464 0.05536 ( 1)  0.109
 441 K   0.97983 0.02017 ( 1)  0.075
 442 D   0.99326 0.00674 ( 1)  0.063
 443 I   0.98411 0.01589 ( 1)  0.071
 444 Q   0.97932 0.02068 ( 1)  0.076
 445 D   0.98590 0.01410 ( 1)  0.070
 446 K   0.99315 0.00685 ( 1)  0.063
 447 L   0.96522 0.03478 ( 1)  0.089
 448 E   0.99303 0.00697 ( 1)  0.063
 449 K   0.98125 0.01875 ( 1)  0.074
 450 I   0.98249 0.01751 ( 1)  0.073
 451 S   0.98713 0.01287 ( 1)  0.069
 452 E   0.81341 0.18659 ( 1)  0.233
 453 E   0.98089 0.01911 ( 1)  0.074
 454 T   0.98370 0.01630 ( 1)  0.072
 455 N   0.87837 0.12163 ( 1)  0.171
 456 A   0.98357 0.01643 ( 1)  0.072
 457 R   0.96724 0.03276 ( 1)  0.087
 458 A   0.98411 0.01589 ( 1)  0.071
 459 P   0.97147 0.02853 ( 1)  0.083
 460 E   0.99245 0.00755 ( 1)  0.064
 461 C   0.96769 0.03231 ( 1)  0.087
 462 M   0.98714 0.01286 ( 1)  0.069
 463 A   0.78141 0.21859 ( 1)  0.263
 464 L   0.93972 0.06028 ( 1)  0.113
 465 K   0.99150 0.00850 ( 1)  0.064
 466 A   0.98449 0.01551 ( 1)  0.071
 467 D   0.88431 0.11569 ( 1)  0.166
 468 A   0.59239 0.40761 ( 1)  0.441
 469 V   0.00857 0.99143 ( 2)  0.992
 470 A   0.97953 0.02047 ( 1)  0.076
 471 K   0.97983 0.02017 ( 1)  0.075
 472 K   0.99315 0.00685 ( 1)  0.063
 473 R   0.64767 0.35233 ( 1)  0.389
 474 D   0.51277 0.48723 ( 1)  0.516
 475 Y   0.97643 0.02357 ( 1)  0.079
 476 N   0.99337 0.00663 ( 1)  0.063
 477 E   0.99313 0.00687 ( 1)  0.063
 478 A   0.98020 0.01980 ( 1)  0.075
 479 E   0.97941 0.02059 ( 1)  0.076
 480 V   0.98148 0.01852 ( 1)  0.074
 481 L   0.95586 0.04414 ( 1)  0.098
 482 Y   0.98048 0.01952 ( 1)  0.075
 483 N   0.97767 0.02233 ( 1)  0.078
 484 R   0.96832 0.03168 ( 1)  0.086
 485 S   0.93345 0.06655 ( 1)  0.119
 486 L   0.95858 0.04142 ( 1)  0.096
 487 N   0.98857 0.01143 ( 1)  0.067
 488 E   0.99313 0.00687 ( 1)  0.063
 489 Y   0.98048 0.01952 ( 1)  0.075
 490 K   0.99247 0.00753 ( 1)  0.064
 491 A   0.98420 0.01580 ( 1)  0.071
 492 L   0.95396 0.04604 ( 1)  0.100
 493 K   0.98108 0.01892 ( 1)  0.074
 494 K   0.99315 0.00685 ( 1)  0.063
 495 D   0.99326 0.00674 ( 1)  0.063
 496 D   0.99326 0.00674 ( 1)  0.063
 497 E   0.97941 0.02059 ( 1)  0.076
 498 Q   0.57473 0.42527 ( 1)  0.458
 499 L   0.97011 0.02989 ( 1)  0.085
 500 C   0.63570 0.36430 ( 1)  0.400
 501 K   0.99315 0.00685 ( 1)  0.063
 502 R   0.97897 0.02103 ( 1)  0.076
 503 I   0.98411 0.01589 ( 1)  0.071
 504 E   0.99313 0.00687 ( 1)  0.063
 505 E   0.99204 0.00796 ( 1)  0.064
 506 L   0.96182 0.03818 ( 1)  0.092
 507 K   0.99311 0.00689 ( 1)  0.063
 508 K   0.99112 0.00888 ( 1)  0.065
 509 S   0.98782 0.01218 ( 1)  0.068
 510 T   0.98077 0.01923 ( 1)  0.075
 511 D   0.98590 0.01410 ( 1)  0.070
 512 Q   0.97932 0.02068 ( 1)  0.076
 513 S   0.96391 0.03609 ( 1)  0.090
 514 L   0.93972 0.06028 ( 1)  0.113
 515 E   0.99313 0.00687 ( 1)  0.063
 516 P   0.96621 0.03379 ( 1)  0.088
 517 E   0.98863 0.01137 ( 1)  0.067
 518 R   0.94474 0.05526 ( 1)  0.109
 519 L   0.93972 0.06028 ( 1)  0.113
 520 E   0.99313 0.00687 ( 1)  0.063
 521 R   0.97698 0.02302 ( 1)  0.078
 522 Q   0.97932 0.02068 ( 1)  0.076
 523 K   0.99315 0.00685 ( 1)  0.063
 524 K   0.99315 0.00685 ( 1)  0.063
 525 I   0.99050 0.00950 ( 1)  0.065
 526 S   0.96391 0.03609 ( 1)  0.090
 527 W   0.93341 0.06659 ( 1)  0.119
 528 L   0.95664 0.04336 ( 1)  0.097
 529 K   0.99315 0.00685 ( 1)  0.063
 530 E   0.72730 0.27270 ( 1)  0.314
 531 R   0.21422 0.78578 ( 2)  0.798
 532 V   0.79821 0.20179 ( 1)  0.247
 533 K   0.98086 0.01914 ( 1)  0.074
 534 A   0.50131 0.49869 ( 1)  0.527
 535 L   0.55574 0.44426 ( 1)  0.476
 536 Q   0.64118 0.35882 ( 1)  0.395
 537 N   0.88221 0.11779 ( 1)  0.168
 538 Q   0.72657 0.27343 ( 1)  0.314
 539 E   0.99313 0.00687 ( 1)  0.063
 540 N   0.87799 0.12201 ( 1)  0.172
 541 S   0.95958 0.04042 ( 1)  0.095
 542 L   0.49451 0.50549 ( 2)  0.533
 543 N   0.29261 0.70739 ( 2)  0.724
 544 Q   0.97909 0.02091 ( 1)  0.076
 545 E   0.72701 0.27299 ( 1)  0.314
 546 I   0.65667 0.34333 ( 1)  0.380
 547 E   0.99313 0.00687 ( 1)  0.063
 548 Q   0.96166 0.03834 ( 1)  0.093
 549 F   0.97496 0.02504 ( 1)  0.080
 550 Q   0.96141 0.03859 ( 1)  0.093
 551 Q   0.97932 0.02068 ( 1)  0.076
 552 A   0.94392 0.05608 ( 1)  0.109
 553 I   0.99052 0.00948 ( 1)  0.065
 554 E   0.99313 0.00687 ( 1)  0.063
 555 K   0.98108 0.01892 ( 1)  0.074
 556 D   0.97508 0.02492 ( 1)  0.080
 557 R   0.86882 0.13118 ( 1)  0.180
 558 E   0.99313 0.00687 ( 1)  0.063
 559 E   0.99295 0.00705 ( 1)  0.063
 560 H   0.14988 0.85012 ( 2)  0.859
 561 G   0.00017 0.99983 ( 2)  1.000
 562 K   0.86266 0.13734 ( 1)  0.186
 563 I   0.98411 0.01589 ( 1)  0.071
 564 K   0.72184 0.27816 ( 1)  0.319
 565 R   0.78818 0.21182 ( 1)  0.256
 566 E   0.99313 0.00687 ( 1)  0.063
 567 E   0.99138 0.00862 ( 1)  0.065
 568 L   0.06456 0.93544 ( 2)  0.939
 569 D   0.99309 0.00691 ( 1)  0.063
 570 L   0.56098 0.43902 ( 1)  0.471
 571 K   0.97983 0.02017 ( 1)  0.075
 572 H   0.98621 0.01379 ( 1)  0.069
 573 T   0.10179 0.89821 ( 2)  0.904
 574 L   0.49211 0.50789 ( 2)  0.536
 575 S   0.06001 0.93999 ( 2)  0.943
 576 Y   0.97411 0.02589 ( 1)  0.081
 577 N   0.88071 0.11929 ( 1)  0.169
 578 Q   0.57436 0.42564 ( 1)  0.458
 579 R   0.09237 0.90763 ( 2)  0.913
 580 Q   0.71186 0.28814 ( 1)  0.328
 581 L   0.93992 0.06008 ( 1)  0.113
 582 K   0.99315 0.00685 ( 1)  0.063
 583 E   0.99313 0.00687 ( 1)  0.063
 584 L   0.94345 0.05655 ( 1)  0.110
 585 K   0.99315 0.00685 ( 1)  0.063
 586 D   0.99244 0.00756 ( 1)  0.064
 587 S   0.98794 0.01206 ( 1)  0.068
 588 K   0.99315 0.00685 ( 1)  0.063
 589 T   0.98077 0.01923 ( 1)  0.075
 590 D   0.89068 0.10932 ( 1)  0.160
 591 R   0.60168 0.39832 ( 1)  0.432
 592 L   0.95181 0.04819 ( 1)  0.102
 593 K   0.99315 0.00685 ( 1)  0.063
 594 R   0.98664 0.01336 ( 1)  0.069
 595 F   0.97496 0.02504 ( 1)  0.080
 596 G   0.95210 0.04790 ( 1)  0.102
 597 P   0.96439 0.03561 ( 1)  0.090
 598 N   0.00071 0.99929 ( 2)  0.999
 599 V   0.98148 0.01852 ( 1)  0.074
 600 P   0.97181 0.02819 ( 1)  0.083
 601 A   0.97983 0.02017 ( 1)  0.075
 602 L   0.97036 0.02964 ( 1)  0.084
 603 L   0.97036 0.02964 ( 1)  0.084
 604 E   0.89060 0.10940 ( 1)  0.160
 605 A   0.96923 0.03077 ( 1)  0.085
 606 I   0.99052 0.00948 ( 1)  0.065
 607 D   0.99326 0.00674 ( 1)  0.063
 608 D   0.29762 0.70238 ( 2)  0.719
 609 A   0.97983 0.02017 ( 1)  0.075
 610 Y   0.97888 0.02112 ( 1)  0.076
 611 R   0.83866 0.16134 ( 1)  0.209
 612 Q   0.06776 0.93224 ( 2)  0.936
 613 G   0.98688 0.01312 ( 1)  0.069
 614 R   0.00660 0.99340 ( 2)  0.994
 615 F   0.97496 0.02504 ( 1)  0.080
 616 T   0.49346 0.50654 ( 2)  0.534
 617 Y   0.72075 0.27925 ( 1)  0.320
 618 K   0.99301 0.00699 ( 1)  0.063
 619 P   0.96621 0.03379 ( 1)  0.088
 620 V   0.79244 0.20756 ( 1)  0.252
 621 G   0.94806 0.05194 ( 1)  0.105
 622 P   0.96621 0.03379 ( 1)  0.088
 623 L   0.95664 0.04336 ( 1)  0.097
 624 G   0.98654 0.01346 ( 1)  0.069
 625 A   0.97983 0.02017 ( 1)  0.075
 626 C   0.93447 0.06553 ( 1)  0.118
 627 I   0.98411 0.01589 ( 1)  0.071
 628 H   0.98474 0.01526 ( 1)  0.071
 629 L   0.97036 0.02964 ( 1)  0.084
 630 R   0.94474 0.05526 ( 1)  0.109
 631 D   0.97508 0.02492 ( 1)  0.080
 632 P   0.95735 0.04265 ( 1)  0.097
 633 E   0.98863 0.01137 ( 1)  0.067
 634 L   0.97036 0.02964 ( 1)  0.084
 635 A   0.97983 0.02017 ( 1)  0.075
 636 L   0.93972 0.06028 ( 1)  0.113
 637 A   0.97976 0.02024 ( 1)  0.076
 638 I   0.98411 0.01589 ( 1)  0.071
 639 E   0.99295 0.00705 ( 1)  0.063
 640 S   0.96391 0.03609 ( 1)  0.090
 641 C   0.93447 0.06553 ( 1)  0.118
 642 L   0.95383 0.04617 ( 1)  0.100
 643 K   0.99315 0.00685 ( 1)  0.063
 644 G   0.97769 0.02231 ( 1)  0.077
 645 L   0.96643 0.03357 ( 1)  0.088
 646 L   0.95362 0.04638 ( 1)  0.100
 647 Q   0.97026 0.02974 ( 1)  0.084
 648 A   0.94392 0.05608 ( 1)  0.109
 649 Y   0.98048 0.01952 ( 1)  0.075
 650 C   0.96769 0.03231 ( 1)  0.087
 651 C   0.93447 0.06553 ( 1)  0.118
 652 H   0.98474 0.01526 ( 1)  0.071
 653 N   0.99257 0.00743 ( 1)  0.063
 654 H   0.98621 0.01379 ( 1)  0.069
 655 A   0.97983 0.02017 ( 1)  0.075
 656 D   0.99326 0.00674 ( 1)  0.063
 657 E   0.99313 0.00687 ( 1)  0.063
 658 R   0.17045 0.82955 ( 2)  0.839
 659 V   0.94904 0.05096 ( 1)  0.105
 660 L   0.96993 0.03007 ( 1)  0.085
 661 Q   0.57442 0.42558 ( 1)  0.458
 662 A   0.98449 0.01551 ( 1)  0.071
 663 L   0.93644 0.06356 ( 1)  0.116
 664 M   0.98714 0.01286 ( 1)  0.069
 665 K   0.88356 0.11644 ( 1)  0.166
 666 K   0.10176 0.89824 ( 2)  0.904
 667 F   0.97496 0.02504 ( 1)  0.080
 668 Y   0.98048 0.01952 ( 1)  0.075
 669 L   0.95664 0.04336 ( 1)  0.097
 670 P   0.96809 0.03191 ( 1)  0.087
 671 G   0.96413 0.03587 ( 1)  0.090
 672 T   0.48572 0.51428 ( 2)  0.542
 673 S   0.95958 0.04042 ( 1)  0.095
 674 R   0.94604 0.05396 ( 1)  0.107
 675 P   0.97147 0.02853 ( 1)  0.083
 676 Q   0.56216 0.43784 ( 1)  0.470
 677 I   0.98960 0.01040 ( 1)  0.066
 678 I   0.99052 0.00948 ( 1)  0.065
 679 V   0.98148 0.01852 ( 1)  0.074
 680 S   0.96391 0.03609 ( 1)  0.090
 681 E   0.98726 0.01274 ( 1)  0.068
 682 F   0.97496 0.02504 ( 1)  0.080
 683 R   0.94498 0.05502 ( 1)  0.108
 684 N   0.99337 0.00663 ( 1)  0.063
 685 E   0.97941 0.02059 ( 1)  0.076
 686 I   0.83355 0.16645 ( 1)  0.213
 687 Y   0.98048 0.01952 ( 1)  0.075
 688 D   0.99326 0.00674 ( 1)  0.063
 689 V   0.98592 0.01408 ( 1)  0.070
 690 R   0.98905 0.01095 ( 1)  0.067
 691 H   0.96144 0.03856 ( 1)  0.093
 692 -   0.89643 0.10357 ( 1)  0.154
 693 -   0.89643 0.10357 ( 1)  0.154
 694 -   0.89643 0.10357 ( 1)  0.154
 695 -   0.89643 0.10357 ( 1)  0.154
 696 -   0.89643 0.10357 ( 1)  0.154
 697 -   0.89643 0.10357 ( 1)  0.154
 698 -   0.89643 0.10357 ( 1)  0.154
 699 -   0.89643 0.10357 ( 1)  0.154
 700 -   0.89643 0.10357 ( 1)  0.154
 701 -   0.89643 0.10357 ( 1)  0.154
 702 -   0.89643 0.10357 ( 1)  0.154
 703 -   0.89643 0.10357 ( 1)  0.154
 704 -   0.89643 0.10357 ( 1)  0.154
 705 -   0.89643 0.10357 ( 1)  0.154
 706 -   0.89643 0.10357 ( 1)  0.154
 707 -   0.89643 0.10357 ( 1)  0.154
 708 -   0.89643 0.10357 ( 1)  0.154
 709 R   0.98904 0.01096 ( 1)  0.067
 710 A   0.97983 0.02017 ( 1)  0.075
 711 A   0.97983 0.02017 ( 1)  0.075
 712 Y   0.98048 0.01952 ( 1)  0.075
 713 H   0.98589 0.01411 ( 1)  0.070
 714 P   0.97154 0.02846 ( 1)  0.083
 715 E   0.14135 0.85865 ( 2)  0.867
 716 F   0.97457 0.02543 ( 1)  0.080
 717 P   0.97181 0.02819 ( 1)  0.083
 718 T   0.98493 0.01507 ( 1)  0.071
 719 V   0.98148 0.01852 ( 1)  0.074
 720 L   0.94215 0.05785 ( 1)  0.111
 721 T   0.98532 0.01468 ( 1)  0.070
 722 A   0.97971 0.02029 ( 1)  0.076
 723 L   0.95537 0.04463 ( 1)  0.099
 724 E   0.99313 0.00687 ( 1)  0.063
 725 I   0.99052 0.00948 ( 1)  0.065
 726 D   0.99326 0.00674 ( 1)  0.063
 727 N   0.99316 0.00684 ( 1)  0.063
 728 A   0.97478 0.02522 ( 1)  0.080
 729 V   0.97942 0.02058 ( 1)  0.076
 730 V   0.97269 0.02731 ( 1)  0.082
 731 A   0.98449 0.01551 ( 1)  0.071
 732 N   0.99337 0.00663 ( 1)  0.063
 733 S   0.95978 0.04022 ( 1)  0.094
 734 L   0.96323 0.03677 ( 1)  0.091
 735 I   0.98411 0.01589 ( 1)  0.071
 736 D   0.97508 0.02492 ( 1)  0.080
 737 M   0.98714 0.01286 ( 1)  0.069
 738 R   0.98229 0.01771 ( 1)  0.073
 739 G   0.05832 0.94168 ( 2)  0.945
 740 I   0.99052 0.00948 ( 1)  0.065
 741 E   0.97941 0.02059 ( 1)  0.076
 742 T   0.98532 0.01468 ( 1)  0.070
 743 V   0.96168 0.03832 ( 1)  0.093
 744 L   0.96515 0.03485 ( 1)  0.089
 745 L   0.96544 0.03456 ( 1)  0.089
 746 I   0.95292 0.04708 ( 1)  0.101
 747 K   0.99315 0.00685 ( 1)  0.063
 748 N   0.29260 0.70740 ( 2)  0.724
 749 N   0.99325 0.00675 ( 1)  0.063
 750 S   0.07345 0.92655 ( 2)  0.931
 751 V   0.98592 0.01408 ( 1)  0.070
 752 A   0.97983 0.02017 ( 1)  0.075
 753 R   0.96960 0.03040 ( 1)  0.085
 754 A   0.16435 0.83565 ( 2)  0.845
 755 V   0.79593 0.20407 ( 1)  0.249
 756 M   0.98714 0.01286 ( 1)  0.069
 757 Q   0.95983 0.04017 ( 1)  0.094
 758 S   0.44529 0.55471 ( 2)  0.580
 759 Q   0.97808 0.02192 ( 1)  0.077
 760 K   0.97995 0.02005 ( 1)  0.075
 761 P   0.97181 0.02819 ( 1)  0.083
 762 P   0.93312 0.06688 ( 1)  0.120
 763 K   0.99315 0.00685 ( 1)  0.063
 764 N   0.99337 0.00663 ( 1)  0.063
 765 C   0.96769 0.03231 ( 1)  0.087
 766 R   0.98904 0.01096 ( 1)  0.067
 767 E   0.99313 0.00687 ( 1)  0.063
 768 A   0.97983 0.02017 ( 1)  0.075
 769 F   0.97491 0.02509 ( 1)  0.080
 770 T   0.98004 0.01996 ( 1)  0.075
 771 A   0.97983 0.02017 ( 1)  0.075
 772 D   0.87991 0.12009 ( 1)  0.170
 773 G   0.98347 0.01653 ( 1)  0.072
 774 D   0.99326 0.00674 ( 1)  0.063
 775 Q   0.97932 0.02068 ( 1)  0.076
 776 V   0.98148 0.01852 ( 1)  0.074
 777 F   0.97496 0.02504 ( 1)  0.080
 778 P   0.13155 0.86845 ( 2)  0.876
 779 G   0.98688 0.01312 ( 1)  0.069
 780 R   0.96960 0.03040 ( 1)  0.085
 781 Y   0.98048 0.01952 ( 1)  0.075
 782 Y   0.97861 0.02139 ( 1)  0.077
 783 S   0.95801 0.04199 ( 1)  0.096
 784 S   0.96372 0.03628 ( 1)  0.091
 785 E   0.99313 0.00687 ( 1)  0.063
 786 Y   0.20661 0.79339 ( 2)  0.805
 787 T   0.98532 0.01468 ( 1)  0.070
 788 R   0.98904 0.01096 ( 1)  0.067
 789 P   0.96616 0.03384 ( 1)  0.088
 790 K   0.97983 0.02017 ( 1)  0.075
 791 F   0.94885 0.05115 ( 1)  0.105
 792 L   0.96257 0.03743 ( 1)  0.092
 793 S   0.96938 0.03062 ( 1)  0.085
 794 R   0.13961 0.86039 ( 2)  0.868
 795 D   0.99326 0.00674 ( 1)  0.063
 796 V   0.96168 0.03832 ( 1)  0.093
 797 D   0.99326 0.00674 ( 1)  0.063
 798 S   0.96377 0.03623 ( 1)  0.091
 799 E   0.99245 0.00755 ( 1)  0.064
 800 I   0.99052 0.00948 ( 1)  0.065
 801 S   0.98718 0.01282 ( 1)  0.069
 802 D   0.97630 0.02370 ( 1)  0.079
 803 L   0.93972 0.06028 ( 1)  0.113
 804 E   0.98033 0.01967 ( 1)  0.075
 805 H   0.01979 0.98021 ( 2)  0.981
 806 E   0.98375 0.01625 ( 1)  0.072
 807 V   0.74214 0.25786 ( 1)  0.300
 808 E   0.30741 0.69259 ( 2)  0.710
 809 N   0.99337 0.00663 ( 1)  0.063
 810 K   0.98108 0.01892 ( 1)  0.074
 811 T   0.00048 0.99952 ( 2)  1.000
 812 A   0.94392 0.05608 ( 1)  0.109
 813 Q   0.95983 0.04017 ( 1)  0.094
 814 I   0.83206 0.16794 ( 1)  0.215
 815 L   0.95664 0.04336 ( 1)  0.097
 816 N   0.99337 0.00663 ( 1)  0.063
 817 L   0.63428 0.36572 ( 1)  0.402
 818 Q   0.60478 0.39522 ( 1)  0.429
 819 Q   0.97491 0.02509 ( 1)  0.080
 820 H   0.98621 0.01379 ( 1)  0.069
 821 L   0.94911 0.05089 ( 1)  0.104
 822 S   0.96391 0.03609 ( 1)  0.090
 823 A   0.00020 0.99980 ( 2)  1.000
 824 L   0.97036 0.02964 ( 1)  0.084
 825 E   0.99313 0.00687 ( 1)  0.063
 826 K   0.98878 0.01122 ( 1)  0.067
 827 D   0.02282 0.97718 ( 2)  0.978
 828 I   0.15693 0.84307 ( 2)  0.852
 829 K   0.88356 0.11644 ( 1)  0.166
 830 R   0.00282 0.99718 ( 2)  0.997
 831 N   0.87509 0.12491 ( 1)  0.174
 832 E   0.98841 0.01159 ( 1)  0.067
 833 E   0.99313 0.00687 ( 1)  0.063
 834 L   0.09415 0.90585 ( 2)  0.911
 835 L   0.96878 0.03122 ( 1)  0.086
 836 K   0.87335 0.12665 ( 1)  0.176
 837 R   0.97066 0.02934 ( 1)  0.084
 838 C   0.93447 0.06553 ( 1)  0.118
 839 Q   0.97932 0.02068 ( 1)  0.076
 840 L   0.61169 0.38831 ( 1)  0.423
 841 H   0.98621 0.01379 ( 1)  0.069
 842 Y   0.98048 0.01952 ( 1)  0.075
 843 K   0.99315 0.00685 ( 1)  0.063
 844 E   0.99313 0.00687 ( 1)  0.063
 845 L   0.95891 0.04109 ( 1)  0.095
 846 K   0.72888 0.27112 ( 1)  0.312
 847 M   0.98709 0.01291 ( 1)  0.069
 848 K   0.88988 0.11012 ( 1)  0.160
 849 I   0.85433 0.14567 ( 1)  0.194
 850 R   0.82378 0.17622 ( 1)  0.223
 851 K   0.99311 0.00689 ( 1)  0.063
 852 N   0.01747 0.98253 ( 2)  0.984
 853 -   0.89744 0.10256 ( 1)  0.153
 854 -   0.89700 0.10300 ( 1)  0.154
 855 -   0.89790 0.10210 ( 1)  0.153
 856 -   0.89744 0.10256 ( 1)  0.153
 857 -   0.89677 0.10323 ( 1)  0.154
 858 -   0.89790 0.10210 ( 1)  0.153
 859 -   0.89710 0.10290 ( 1)  0.154
 860 -   0.89730 0.10270 ( 1)  0.153
 861 -   0.89721 0.10279 ( 1)  0.153
 862 -   0.89771 0.10229 ( 1)  0.153
 863 -   0.89790 0.10210 ( 1)  0.153
 864 -   0.89790 0.10210 ( 1)  0.153
 865 -   0.89696 0.10304 ( 1)  0.154
 866 -   0.89694 0.10306 ( 1)  0.154
 867 -   0.89700 0.10300 ( 1)  0.154
 868 -   0.89750 0.10250 ( 1)  0.153
 869 -   0.89790 0.10210 ( 1)  0.153
 870 -   0.89744 0.10256 ( 1)  0.153
 871 -   0.89744 0.10256 ( 1)  0.153
 872 -   0.89733 0.10267 ( 1)  0.153
 873 -   0.89672 0.10328 ( 1)  0.154
 874 -   0.89790 0.10210 ( 1)  0.153
 875 -   0.89790 0.10210 ( 1)  0.153
 876 -   0.89790 0.10210 ( 1)  0.153
 877 -   0.89731 0.10269 ( 1)  0.153
 878 -   0.89694 0.10306 ( 1)  0.154
 879 -   0.89790 0.10210 ( 1)  0.153
 880 -   0.89791 0.10209 ( 1)  0.153
 881 -   0.89791 0.10209 ( 1)  0.153
 882 -   0.89694 0.10306 ( 1)  0.154
 883 -   0.89791 0.10209 ( 1)  0.153
 884 -   0.89754 0.10246 ( 1)  0.153
 885 -   0.89791 0.10209 ( 1)  0.153
 886 -   0.89754 0.10246 ( 1)  0.153
 887 -   0.89736 0.10264 ( 1)  0.153
 888 -   0.89730 0.10270 ( 1)  0.153
 889 -   0.89790 0.10210 ( 1)  0.153
 890 -   0.89751 0.10249 ( 1)  0.153
 891 -   0.89754 0.10246 ( 1)  0.153
 892 -   0.89730 0.10270 ( 1)  0.153
 893 -   0.89729 0.10271 ( 1)  0.153
 894 -   0.89729 0.10271 ( 1)  0.153
 895 -   0.89791 0.10209 ( 1)  0.153
 896 -   0.89790 0.10210 ( 1)  0.153
 897 -   0.89791 0.10209 ( 1)  0.153
 898 -   0.89754 0.10246 ( 1)  0.153
 899 -   0.89730 0.10270 ( 1)  0.153
 900 -   0.89751 0.10249 ( 1)  0.153
 901 -   0.89710 0.10290 ( 1)  0.154
 902 -   0.89791 0.10209 ( 1)  0.153
 903 -   0.89757 0.10243 ( 1)  0.153
 904 -   0.89673 0.10327 ( 1)  0.154
 905 -   0.89791 0.10209 ( 1)  0.153
 906 -   0.89771 0.10229 ( 1)  0.153
 907 -   0.89790 0.10210 ( 1)  0.153
 908 -   0.89744 0.10256 ( 1)  0.153
 909 -   0.89790 0.10210 ( 1)  0.153
 910 -   0.89791 0.10209 ( 1)  0.153
 911 -   0.89731 0.10269 ( 1)  0.153
 912 -   0.89732 0.10268 ( 1)  0.153
 913 -   0.89790 0.10210 ( 1)  0.153
 914 -   0.89744 0.10256 ( 1)  0.153
 915 -   0.89744 0.10256 ( 1)  0.153
 916 -   0.89791 0.10209 ( 1)  0.153
 917 -   0.89678 0.10322 ( 1)  0.154
 918 -   0.89791 0.10209 ( 1)  0.153
 919 -   0.89744 0.10256 ( 1)  0.153
 920 -   0.89791 0.10209 ( 1)  0.153
 921 -   0.89729 0.10271 ( 1)  0.153
 922 -   0.89702 0.10298 ( 1)  0.154
 923 -   0.89670 0.10330 ( 1)  0.154
 924 -   0.89730 0.10270 ( 1)  0.153
 925 -   0.89702 0.10298 ( 1)  0.154
 926 -   0.89744 0.10256 ( 1)  0.153
 927 -   0.89719 0.10281 ( 1)  0.153
 928 -   0.89713 0.10287 ( 1)  0.154
 929 -   0.89710 0.10290 ( 1)  0.154
 930 -   0.89731 0.10269 ( 1)  0.153
 931 -   0.89790 0.10210 ( 1)  0.153
 932 -   0.89790 0.10210 ( 1)  0.153
 933 -   0.89690 0.10310 ( 1)  0.154
 934 -   0.89721 0.10279 ( 1)  0.153
 935 -   0.89710 0.10290 ( 1)  0.154
 936 -   0.89731 0.10269 ( 1)  0.153
 937 -   0.89790 0.10210 ( 1)  0.153
 938 -   0.89700 0.10300 ( 1)  0.154
 939 -   0.89790 0.10210 ( 1)  0.153
 940 -   0.89697 0.10303 ( 1)  0.154
 941 -   0.89790 0.10210 ( 1)  0.153
 942 -   0.89721 0.10279 ( 1)  0.153
 943 -   0.89729 0.10271 ( 1)  0.153
 944 -   0.89791 0.10209 ( 1)  0.153
 945 -   0.89700 0.10300 ( 1)  0.154
 946 -   0.89700 0.10300 ( 1)  0.154
 947 -   0.89791 0.10209 ( 1)  0.153
 948 -   0.89700 0.10300 ( 1)  0.154
 949 -   0.89751 0.10249 ( 1)  0.153
 950 -   0.89732 0.10268 ( 1)  0.153
 951 -   0.89790 0.10210 ( 1)  0.153
 952 -   0.89790 0.10210 ( 1)  0.153
 953 -   0.89791 0.10209 ( 1)  0.153
 954 -   0.89729 0.10271 ( 1)  0.153
 955 -   0.89791 0.10209 ( 1)  0.153
 956 -   0.89790 0.10210 ( 1)  0.153
 957 -   0.89696 0.10304 ( 1)  0.154
 958 -   0.89672 0.10328 ( 1)  0.154
 959 -   0.89790 0.10210 ( 1)  0.153
 960 -   0.89677 0.10323 ( 1)  0.154
 961 -   0.89690 0.10310 ( 1)  0.154
 962 -   0.89791 0.10209 ( 1)  0.153
 963 -   0.89791 0.10209 ( 1)  0.153
 964 -   0.89731 0.10269 ( 1)  0.153
 965 -   0.89791 0.10209 ( 1)  0.153
 966 -   0.89700 0.10300 ( 1)  0.154
 967 -   0.89790 0.10210 ( 1)  0.153
 968 -   0.89673 0.10327 ( 1)  0.154
 969 -   0.89790 0.10210 ( 1)  0.153
 970 -   0.89754 0.10246 ( 1)  0.153
 971 -   0.89791 0.10209 ( 1)  0.153
 972 -   0.89730 0.10270 ( 1)  0.153
 973 -   0.89791 0.10209 ( 1)  0.153
 974 -   0.89790 0.10210 ( 1)  0.153
 975 -   0.89702 0.10298 ( 1)  0.154
 976 -   0.89730 0.10270 ( 1)  0.153
 977 -   0.89730 0.10270 ( 1)  0.153
 978 -   0.89791 0.10209 ( 1)  0.153
 979 -   0.89754 0.10246 ( 1)  0.153
 980 -   0.89694 0.10306 ( 1)  0.154
 981 -   0.89729 0.10271 ( 1)  0.153
 982 -   0.89744 0.10256 ( 1)  0.153
 983 -   0.89762 0.10238 ( 1)  0.153
 984 -   0.89729 0.10271 ( 1)  0.153
 985 -   0.89686 0.10314 ( 1)  0.154
 986 -   0.89668 0.10332 ( 1)  0.154
 987 -   0.89713 0.10287 ( 1)  0.154
 988 -   0.89730 0.10270 ( 1)  0.153
 989 -   0.89709 0.10291 ( 1)  0.154
 990 -   0.89771 0.10229 ( 1)  0.153
 991 -   0.89790 0.10210 ( 1)  0.153
 992 -   0.89750 0.10250 ( 1)  0.153
 993 -   0.89790 0.10210 ( 1)  0.153
 994 -   0.89791 0.10209 ( 1)  0.153
 995 -   0.89700 0.10300 ( 1)  0.154
 996 -   0.89744 0.10256 ( 1)  0.153
 997 -   0.89694 0.10306 ( 1)  0.154
 998 -   0.89744 0.10256 ( 1)  0.153
 999 -   0.89673 0.10327 ( 1)  0.154
1000 -   0.89719 0.10281 ( 1)  0.153
1001 -   0.89791 0.10209 ( 1)  0.153
1002 -   0.89790 0.10210 ( 1)  0.153
1003 -   0.89744 0.10256 ( 1)  0.153
1004 -   0.89791 0.10209 ( 1)  0.153
1005 -   0.89700 0.10300 ( 1)  0.154
1006 -   0.89690 0.10310 ( 1)  0.154
1007 -   0.89710 0.10290 ( 1)  0.154
1008 -   0.89694 0.10306 ( 1)  0.154
1009 -   0.89731 0.10269 ( 1)  0.153
1010 -   0.89771 0.10229 ( 1)  0.153
1011 -   0.89694 0.10306 ( 1)  0.154
1012 -   0.89744 0.10256 ( 1)  0.153
1013 -   0.89790 0.10210 ( 1)  0.153
1014 -   0.89751 0.10249 ( 1)  0.153
1015 -   0.89731 0.10269 ( 1)  0.153
1016 -   0.89757 0.10243 ( 1)  0.153
1017 -   0.89751 0.10249 ( 1)  0.153
1018 -   0.89753 0.10247 ( 1)  0.153
1019 -   0.89790 0.10210 ( 1)  0.153
1020 -   0.89700 0.10300 ( 1)  0.154
1021 -   0.89730 0.10270 ( 1)  0.153
1022 -   0.89790 0.10210 ( 1)  0.153
1023 -   0.89771 0.10229 ( 1)  0.153
1024 -   0.89754 0.10246 ( 1)  0.153
1025 -   0.89705 0.10295 ( 1)  0.154
1026 -   0.89694 0.10306 ( 1)  0.154
1027 -   0.89677 0.10323 ( 1)  0.154
1028 -   0.89729 0.10271 ( 1)  0.153
1029 -   0.89790 0.10210 ( 1)  0.153
1030 -   0.89744 0.10256 ( 1)  0.153
1031 -   0.89762 0.10238 ( 1)  0.153
1032 -   0.89730 0.10270 ( 1)  0.153
1033 -   0.89677 0.10323 ( 1)  0.154
1034 -   0.89732 0.10268 ( 1)  0.153
1035 -   0.89710 0.10290 ( 1)  0.154
1036 -   0.89790 0.10210 ( 1)  0.153
1037 -   0.89673 0.10327 ( 1)  0.154
1038 -   0.89790 0.10210 ( 1)  0.153
1039 -   0.89757 0.10243 ( 1)  0.153
1040 -   0.89791 0.10209 ( 1)  0.153
1041 -   0.89697 0.10303 ( 1)  0.154
1042 -   0.89710 0.10290 ( 1)  0.154
1043 -   0.89733 0.10267 ( 1)  0.153
1044 -   0.89690 0.10310 ( 1)  0.154
1045 -   0.89791 0.10209 ( 1)  0.153
1046 -   0.89731 0.10269 ( 1)  0.153
1047 -   0.89719 0.10281 ( 1)  0.153
1048 -   0.89744 0.10256 ( 1)  0.153
1049 -   0.89791 0.10209 ( 1)  0.153
1050 -   0.89690 0.10310 ( 1)  0.154
1051 -   0.89673 0.10327 ( 1)  0.154
1052 -   0.89753 0.10247 ( 1)  0.153
1053 -   0.89790 0.10210 ( 1)  0.153
1054 -   0.89686 0.10314 ( 1)  0.154
1055 -   0.89754 0.10246 ( 1)  0.153
1056 -   0.89730 0.10270 ( 1)  0.153
1057 -   0.89696 0.10304 ( 1)  0.154
1058 -   0.89762 0.10238 ( 1)  0.153
1059 -   0.89678 0.10322 ( 1)  0.154
1060 -   0.89731 0.10269 ( 1)  0.153
1061 -   0.89747 0.10253 ( 1)  0.153
1062 -   0.89732 0.10268 ( 1)  0.153
1063 -   0.89729 0.10271 ( 1)  0.153
1064 -   0.89729 0.10271 ( 1)  0.153
1065 -   0.89719 0.10281 ( 1)  0.153
1066 -   0.89762 0.10238 ( 1)  0.153
1067 -   0.89643 0.10357 ( 1)  0.154
1068 -   0.89643 0.10357 ( 1)  0.154
1069 -   0.89643 0.10357 ( 1)  0.154
1070 -   0.89643 0.10357 ( 1)  0.154
1071 -   0.89643 0.10357 ( 1)  0.154
1072 -   0.89643 0.10357 ( 1)  0.154
1073 -   0.89643 0.10357 ( 1)  0.154
1074 -   0.89643 0.10357 ( 1)  0.154
1075 -   0.89643 0.10357 ( 1)  0.154
1076 -   0.89643 0.10357 ( 1)  0.154
1077 -   0.89643 0.10357 ( 1)  0.154
1078 -   0.89643 0.10357 ( 1)  0.154
1079 -   0.89643 0.10357 ( 1)  0.154
1080 -   0.89643 0.10357 ( 1)  0.154
1081 -   0.89643 0.10357 ( 1)  0.154
1082 -   0.89643 0.10357 ( 1)  0.154
1083 -   0.89643 0.10357 ( 1)  0.154
1084 -   0.89643 0.10357 ( 1)  0.154
1085 -   0.89643 0.10357 ( 1)  0.154
1086 -   0.09352 0.90648 ( 2)  0.912
1087 -   0.89705 0.10295 ( 1)  0.154
1088 -   0.89672 0.10328 ( 1)  0.154
1089 -   0.89733 0.10267 ( 1)  0.153
1090 -   0.89690 0.10310 ( 1)  0.154
1091 -   0.89700 0.10300 ( 1)  0.154
1092 -   0.89668 0.10332 ( 1)  0.154
1093 -   0.89791 0.10209 ( 1)  0.153
1094 -   0.89690 0.10310 ( 1)  0.154
1095 -   0.89677 0.10323 ( 1)  0.154
1096 -   0.89719 0.10281 ( 1)  0.153
1097 -   0.89719 0.10281 ( 1)  0.153
1098 -   0.89721 0.10279 ( 1)  0.153
1099 -   0.89690 0.10310 ( 1)  0.154
1100 -   0.89702 0.10298 ( 1)  0.154
1101 -   0.89700 0.10300 ( 1)  0.154
1102 -   0.89694 0.10306 ( 1)  0.154
1103 -   0.89677 0.10323 ( 1)  0.154
1104 -   0.89676 0.10324 ( 1)  0.154
1105 -   0.89732 0.10268 ( 1)  0.153
1106 -   0.89705 0.10295 ( 1)  0.154
1107 -   0.89753 0.10247 ( 1)  0.153
1108 -   0.89791 0.10209 ( 1)  0.153
1109 -   0.89754 0.10246 ( 1)  0.153
1110 -   0.89791 0.10209 ( 1)  0.153
1111 -   0.89719 0.10281 ( 1)  0.153
1112 -   0.89719 0.10281 ( 1)  0.153
1113 -   0.89696 0.10304 ( 1)  0.154
1114 -   0.89731 0.10269 ( 1)  0.153
1115 -   0.89791 0.10209 ( 1)  0.153
1116 -   0.89790 0.10210 ( 1)  0.153
1117 -   0.89733 0.10267 ( 1)  0.153
1118 -   0.89702 0.10298 ( 1)  0.154
1119 -   0.89757 0.10243 ( 1)  0.153
1120 -   0.89771 0.10229 ( 1)  0.153
1121 -   0.89694 0.10306 ( 1)  0.154
1122 -   0.89736 0.10264 ( 1)  0.153
1123 -   0.89694 0.10306 ( 1)  0.154
1124 -   0.89703 0.10297 ( 1)  0.154
1125 -   0.89753 0.10247 ( 1)  0.153
1126 -   0.89790 0.10210 ( 1)  0.153
1127 -   0.89753 0.10247 ( 1)  0.153
1128 -   0.89791 0.10209 ( 1)  0.153
1129 -   0.89791 0.10209 ( 1)  0.153
1130 -   0.89731 0.10269 ( 1)  0.153
1131 -   0.89731 0.10269 ( 1)  0.153
1132 -   0.89678 0.10322 ( 1)  0.154
1133 -   0.89791 0.10209 ( 1)  0.153
1134 -   0.89719 0.10281 ( 1)  0.153
1135 -   0.89754 0.10246 ( 1)  0.153
1136 -   0.89762 0.10238 ( 1)  0.153
1137 -   0.89676 0.10324 ( 1)  0.154
1138 -   0.89672 0.10328 ( 1)  0.154
1139 -   0.89700 0.10300 ( 1)  0.154
1140 -   0.89753 0.10247 ( 1)  0.153
1141 -   0.89741 0.10259 ( 1)  0.153
1142 -   0.89790 0.10210 ( 1)  0.153
1143 -   0.89709 0.10291 ( 1)  0.154
1144 -   0.89700 0.10300 ( 1)  0.154
1145 -   0.89678 0.10322 ( 1)  0.154
1146 -   0.89664 0.10336 ( 1)  0.154
1147 -   0.89747 0.10253 ( 1)  0.153
1148 -   0.89697 0.10303 ( 1)  0.154
1149 -   0.89705 0.10295 ( 1)  0.154
1150 -   0.89719 0.10281 ( 1)  0.153
1151 -   0.89744 0.10256 ( 1)  0.153
1152 -   0.89710 0.10290 ( 1)  0.154
1153 -   0.89664 0.10336 ( 1)  0.154
1154 -   0.89673 0.10327 ( 1)  0.154
1155 -   0.89667 0.10333 ( 1)  0.154
1156 -   0.89664 0.10336 ( 1)  0.154
1157 -   0.89686 0.10314 ( 1)  0.154
1158 -   0.89744 0.10256 ( 1)  0.153
1159 -   0.89790 0.10210 ( 1)  0.153
1160 -   0.89700 0.10300 ( 1)  0.154
1161 -   0.89703 0.10297 ( 1)  0.154
1162 -   0.89678 0.10322 ( 1)  0.154
1163 -   0.89762 0.10238 ( 1)  0.153
1164 -   0.89668 0.10332 ( 1)  0.154
1165 -   0.89673 0.10327 ( 1)  0.154
1166 -   0.89790 0.10210 ( 1)  0.153
1167 -   0.89790 0.10210 ( 1)  0.153
1168 -   0.89719 0.10281 ( 1)  0.153
1169 -   0.89790 0.10210 ( 1)  0.153
1170 -   0.89678 0.10322 ( 1)  0.154
1171 -   0.89677 0.10323 ( 1)  0.154
1172 -   0.89754 0.10246 ( 1)  0.153
1173 -   0.89790 0.10210 ( 1)  0.153
1174 -   0.89754 0.10246 ( 1)  0.153
1175 -   0.89736 0.10264 ( 1)  0.153
1176 -   0.89791 0.10209 ( 1)  0.153
1177 -   0.89710 0.10290 ( 1)  0.154
1178 -   0.89762 0.10238 ( 1)  0.153
1179 -   0.89744 0.10256 ( 1)  0.153
1180 -   0.89676 0.10324 ( 1)  0.154
1181 -   0.89754 0.10246 ( 1)  0.153
1182 -   0.89719 0.10281 ( 1)  0.153
1183 -   0.89672 0.10328 ( 1)  0.154
1184 -   0.89771 0.10229 ( 1)  0.153
1185 -   0.89673 0.10327 ( 1)  0.154
1186 -   0.89731 0.10269 ( 1)  0.153
1187 -   0.89754 0.10246 ( 1)  0.153
1188 -   0.89744 0.10256 ( 1)  0.153
1189 -   0.89790 0.10210 ( 1)  0.153
1190 -   0.89664 0.10336 ( 1)  0.154
1191 -   0.89694 0.10306 ( 1)  0.154
1192 -   0.89709 0.10291 ( 1)  0.154
1193 -   0.89719 0.10281 ( 1)  0.153
1194 -   0.89762 0.10238 ( 1)  0.153
1195 -   0.89694 0.10306 ( 1)  0.154
1196 -   0.89719 0.10281 ( 1)  0.153
1197 -   0.89686 0.10314 ( 1)  0.154
1198 -   0.89672 0.10328 ( 1)  0.154
1199 -   0.89668 0.10332 ( 1)  0.154
1200 -   0.89747 0.10253 ( 1)  0.153
1201 -   0.89703 0.10297 ( 1)  0.154
1202 -   0.89729 0.10271 ( 1)  0.153
1203 -   0.89694 0.10306 ( 1)  0.154
1204 -   0.89754 0.10246 ( 1)  0.153
1205 -   0.89757 0.10243 ( 1)  0.153
1206 -   0.89694 0.10306 ( 1)  0.154
1207 -   0.89710 0.10290 ( 1)  0.154
1208 -   0.89713 0.10287 ( 1)  0.154
1209 -   0.89664 0.10336 ( 1)  0.154
1210 -   0.89757 0.10243 ( 1)  0.153
1211 -   0.89791 0.10209 ( 1)  0.153
1212 -   0.89673 0.10327 ( 1)  0.154
1213 -   0.89771 0.10229 ( 1)  0.153
1214 -   0.89762 0.10238 ( 1)  0.153
1215 -   0.89744 0.10256 ( 1)  0.153
1216 -   0.89668 0.10332 ( 1)  0.154
1217 -   0.89700 0.10300 ( 1)  0.154
1218 -   0.89754 0.10246 ( 1)  0.153
1219 -   0.89700 0.10300 ( 1)  0.154
1220 -   0.89790 0.10210 ( 1)  0.153
1221 -   0.89703 0.10297 ( 1)  0.154
1222 -   0.89790 0.10210 ( 1)  0.153
1223 -   0.89762 0.10238 ( 1)  0.153
1224 -   0.89753 0.10247 ( 1)  0.153
1225 -   0.89729 0.10271 ( 1)  0.153
1226 -   0.89733 0.10267 ( 1)  0.153
1227 -   0.89747 0.10253 ( 1)  0.153
1228 -   0.89672 0.10328 ( 1)  0.154
1229 -   0.89703 0.10297 ( 1)  0.154
1230 -   0.89678 0.10322 ( 1)  0.154
1231 -   0.89762 0.10238 ( 1)  0.153
1232 -   0.89703 0.10297 ( 1)  0.154
1233 -   0.89697 0.10303 ( 1)  0.154
1234 -   0.89733 0.10267 ( 1)  0.153
1235 -   0.89729 0.10271 ( 1)  0.153
1236 -   0.89790 0.10210 ( 1)  0.153
1237 -   0.89790 0.10210 ( 1)  0.153
1238 -   0.89790 0.10210 ( 1)  0.153
1239 -   0.89790 0.10210 ( 1)  0.153
1240 -   0.89719 0.10281 ( 1)  0.153
1241 -   0.89729 0.10271 ( 1)  0.153
1242 -   0.89710 0.10290 ( 1)  0.154
1243 I   0.15268 0.84732 ( 2)  0.856
1244 S   0.96317 0.03683 ( 1)  0.091
1245 E   0.99275 0.00725 ( 1)  0.063
1246 I   0.98352 0.01648 ( 1)  0.072
1247 R   0.94605 0.05395 ( 1)  0.107
1248 E   0.99275 0.00725 ( 1)  0.063
1249 L   0.96964 0.03036 ( 1)  0.085
1250 E   0.98032 0.01968 ( 1)  0.075
1251 N   0.97546 0.02454 ( 1)  0.080
1252 I   0.99007 0.00993 ( 1)  0.066
1253 E   0.99275 0.00725 ( 1)  0.063
1254 E   0.99275 0.00725 ( 1)  0.063
1255 H   0.96071 0.03929 ( 1)  0.094
1256 Q   0.59893 0.40107 ( 1)  0.435
1257 S   0.96317 0.03683 ( 1)  0.091
1258 V   0.98528 0.01472 ( 1)  0.070
1259 D   0.99223 0.00777 ( 1)  0.064
1260 I   0.77094 0.22906 ( 1)  0.273
1261 A   0.98391 0.01609 ( 1)  0.072
1262 T   0.96715 0.03285 ( 1)  0.087
1263 L   0.93910 0.06090 ( 1)  0.114
1264 -   0.89643 0.10357 ( 1)  0.154
1265 -   0.89643 0.10357 ( 1)  0.154
1266 -   0.89643 0.10357 ( 1)  0.154
1267 E   0.99257 0.00743 ( 1)  0.063
1268 D   0.99271 0.00729 ( 1)  0.063
1269 E   0.99183 0.00817 ( 1)  0.064
1270 A   0.97491 0.02509 ( 1)  0.080
1271 Q   0.97424 0.02576 ( 1)  0.081
1272 E   0.99257 0.00743 ( 1)  0.063
1273 N   0.99282 0.00718 ( 1)  0.063
1274 K   0.99199 0.00801 ( 1)  0.064
1275 S   0.95871 0.04129 ( 1)  0.095
1276 K   0.99258 0.00742 ( 1)  0.063
1277 M   0.98636 0.01364 ( 1)  0.069
1278 K   0.99258 0.00742 ( 1)  0.063
1279 M   0.98636 0.01364 ( 1)  0.069
1280 V   0.97953 0.02047 ( 1)  0.076
1281 E   0.98000 0.02000 ( 1)  0.075
1282 K   0.88102 0.11898 ( 1)  0.169
1283 H   0.82533 0.17467 ( 1)  0.221
1284 M   0.98636 0.01364 ( 1)  0.069
1285 E   0.97845 0.02155 ( 1)  0.077
1286 Q   0.97836 0.02164 ( 1)  0.077
1287 Q   0.97836 0.02164 ( 1)  0.077
1288 K   0.98786 0.01214 ( 1)  0.068
1289 E   0.01916 0.98084 ( 2)  0.982
1290 N   0.29064 0.70936 ( 2)  0.726
1291 M   0.98636 0.01364 ( 1)  0.069
1292 E   0.98652 0.01348 ( 1)  0.069
1293 R   0.09940 0.90060 ( 2)  0.906
1294 L   0.96931 0.03069 ( 1)  0.085
1295 R   0.21253 0.78747 ( 2)  0.799
1296 S   0.81036 0.18964 ( 1)  0.235
1297 L   0.94045 0.05955 ( 1)  0.113
1298 K   0.99258 0.00742 ( 1)  0.063
1299 I   0.98940 0.01060 ( 1)  0.066
1300 E   0.88231 0.11769 ( 1)  0.167
1301 A   0.98364 0.01636 ( 1)  0.072
1302 E   0.99257 0.00743 ( 1)  0.063
1303 N   0.98689 0.01311 ( 1)  0.069
1304 K   0.97922 0.02078 ( 1)  0.076
1305 Y   0.97954 0.02046 ( 1)  0.076
1306 D   0.99271 0.00729 ( 1)  0.063
1307 A   0.15568 0.84432 ( 2)  0.853
1308 I   0.98324 0.01676 ( 1)  0.072
1309 K   0.99239 0.00761 ( 1)  0.064
1310 L   0.52098 0.47902 ( 1)  0.508
1311 K   0.99258 0.00742 ( 1)  0.063
1312 I   0.98324 0.01676 ( 1)  0.072
1313 N   0.99282 0.00718 ( 1)  0.063
1314 Q   0.97836 0.02164 ( 1)  0.077
1315 L   0.95744 0.04256 ( 1)  0.097
1316 S   0.95846 0.04154 ( 1)  0.096
1317 E   0.97940 0.02060 ( 1)  0.076
1318 L   0.08088 0.91912 ( 2)  0.924
1319 A   0.98161 0.01839 ( 1)  0.074
1320 D   0.98532 0.01468 ( 1)  0.070
1321 P   0.97076 0.02924 ( 1)  0.084
1322 L   0.96568 0.03432 ( 1)  0.089
1323 K   0.97887 0.02113 ( 1)  0.076
1324 D   0.99288 0.00712 ( 1)  0.063
1325 E   0.99275 0.00725 ( 1)  0.063
1326 L   0.95591 0.04409 ( 1)  0.098
1327 N   0.97773 0.02227 ( 1)  0.077
1328 L   0.96964 0.03036 ( 1)  0.085
1329 A   0.97918 0.02082 ( 1)  0.076
1330 D   0.99266 0.00734 ( 1)  0.063
1331 S   0.59415 0.40585 ( 1)  0.439
1332 E   0.99275 0.00725 ( 1)  0.063
1333 V   0.96562 0.03438 ( 1)  0.089
1334 D   0.99288 0.00712 ( 1)  0.063
1335 N   0.97525 0.02475 ( 1)  0.080
1336 Q   0.97867 0.02133 ( 1)  0.077
1337 K   0.99197 0.00803 ( 1)  0.064
1338 R   0.96357 0.03643 ( 1)  0.091
1339 G   0.96246 0.03754 ( 1)  0.092
1340 K   0.99205 0.00795 ( 1)  0.064
1341 R   0.95509 0.04491 ( 1)  0.099
1342 H   0.98566 0.01434 ( 1)  0.070
1343 Y   0.97983 0.02017 ( 1)  0.075
1344 E   0.99275 0.00725 ( 1)  0.063
1345 E   0.87524 0.12476 ( 1)  0.174
1346 K   0.99276 0.00724 ( 1)  0.063
1347 Q   0.97853 0.02147 ( 1)  0.077
1348 K   0.99276 0.00724 ( 1)  0.063
1349 E   0.99256 0.00744 ( 1)  0.063
1350 H   0.96349 0.03651 ( 1)  0.091
1351 L   0.47020 0.52980 ( 2)  0.556
1352 D   0.26978 0.73022 ( 2)  0.745
1353 T   0.94425 0.05575 ( 1)  0.109
1354 L   0.95591 0.04409 ( 1)  0.098
1355 N   0.99300 0.00700 ( 1)  0.063
1356 K   0.99276 0.00724 ( 1)  0.063
1357 K   0.97917 0.02083 ( 1)  0.076
1358 K   0.99197 0.00803 ( 1)  0.064
1359 R   0.96357 0.03643 ( 1)  0.091
1360 E   0.99275 0.00725 ( 1)  0.063
1361 L   0.93929 0.06071 ( 1)  0.114
1362 D   0.99288 0.00712 ( 1)  0.063
1363 M   0.98661 0.01339 ( 1)  0.069
1364 K   0.99276 0.00724 ( 1)  0.063
1365 E   0.97875 0.02125 ( 1)  0.076
1366 K   0.99205 0.00795 ( 1)  0.064
1367 E   0.99275 0.00725 ( 1)  0.063
1368 L   0.96470 0.03530 ( 1)  0.090
1369 E   0.12378 0.87622 ( 2)  0.883
1370 E   0.72152 0.27848 ( 1)  0.319
1371 K   0.99276 0.00724 ( 1)  0.063
1372 M   0.98661 0.01339 ( 1)  0.069
1373 S   0.56871 0.43129 ( 1)  0.463
1374 Q   0.97867 0.02133 ( 1)  0.077
1375 A   0.98391 0.01609 ( 1)  0.072
1376 R   0.83260 0.16740 ( 1)  0.214
1377 Q   0.97716 0.02284 ( 1)  0.078
1378 I   0.95221 0.04779 ( 1)  0.102
1379 C   0.93761 0.06239 ( 1)  0.115
1380 P   0.96876 0.03124 ( 1)  0.086
1381 E   0.97875 0.02125 ( 1)  0.076
1382 R   0.96475 0.03525 ( 1)  0.090
1383 I   0.84110 0.15890 ( 1)  0.206
1384 E   0.99275 0.00725 ( 1)  0.063
1385 V   0.98541 0.01459 ( 1)  0.070
1386 E   0.28316 0.71684 ( 2)  0.733
1387 K   0.99280 0.00720 ( 1)  0.063
1388 S   0.96317 0.03683 ( 1)  0.091
1389 A   0.98391 0.01609 ( 1)  0.072
1390 S   0.95686 0.04314 ( 1)  0.097
1391 T   0.00911 0.99089 ( 2)  0.991
1392 L   0.95313 0.04687 ( 1)  0.101
1393 D   0.97439 0.02561 ( 1)  0.081
1394 K   0.99276 0.00724 ( 1)  0.063
1395 E   0.99275 0.00725 ( 1)  0.063
1396 I   0.98352 0.01648 ( 1)  0.072
1397 N   0.99286 0.00714 ( 1)  0.063
1398 R   0.96259 0.03741 ( 1)  0.092
1399 L   0.95591 0.04409 ( 1)  0.098
1400 R   0.98095 0.01905 ( 1)  0.074
1401 Q   0.96996 0.03004 ( 1)  0.085
1402 Q   0.69307 0.30693 ( 1)  0.346
1403 I   0.99007 0.00993 ( 1)  0.066
1404 Q   0.96096 0.03904 ( 1)  0.093
1405 A   0.98391 0.01609 ( 1)  0.072
1406 E   0.99275 0.00725 ( 1)  0.063
1407 H   0.98566 0.01434 ( 1)  0.070
1408 A   0.97956 0.02044 ( 1)  0.076
1409 S   0.98742 0.01258 ( 1)  0.068
1410 H   0.98561 0.01439 ( 1)  0.070
1411 G   0.98459 0.01541 ( 1)  0.071
1412 D   0.99288 0.00712 ( 1)  0.063
1413 R   0.96349 0.03651 ( 1)  0.091
1414 E   0.97970 0.02030 ( 1)  0.076
1415 E   0.99275 0.00725 ( 1)  0.063
1416 I   0.99007 0.00993 ( 1)  0.066
1417 M   0.98661 0.01339 ( 1)  0.069
1418 R   0.96936 0.03064 ( 1)  0.085
1419 -   0.89643 0.10357 ( 1)  0.154
1420 -   0.89643 0.10357 ( 1)  0.154
1421 -   0.89643 0.10357 ( 1)  0.154
1422 -   0.89643 0.10357 ( 1)  0.154
1423 -   0.89643 0.10357 ( 1)  0.154
1424 -   0.89643 0.10357 ( 1)  0.154
1425 -   0.89643 0.10357 ( 1)  0.154
1426 -   0.89643 0.10357 ( 1)  0.154
1427 Q   0.95909 0.04091 ( 1)  0.095
1428 Y   0.94798 0.05202 ( 1)  0.106
1429 Q   0.97867 0.02133 ( 1)  0.077
1430 E   0.99275 0.00725 ( 1)  0.063
1431 A   0.98315 0.01685 ( 1)  0.072
1432 R   0.98856 0.01144 ( 1)  0.067
1433 E   0.98322 0.01678 ( 1)  0.072
1434 T   0.94425 0.05575 ( 1)  0.109
1435 Y   0.97983 0.02017 ( 1)  0.075
1436 L   0.96964 0.03036 ( 1)  0.085
1437 D   0.87895 0.12105 ( 1)  0.171
1438 L   0.94245 0.05755 ( 1)  0.111
1439 D   0.99288 0.00712 ( 1)  0.063
1440 N   0.85650 0.14350 ( 1)  0.192
1441 K   0.99276 0.00724 ( 1)  0.063
1442 V   0.98500 0.01500 ( 1)  0.071
1443 R   0.96936 0.03064 ( 1)  0.085
1444 T   0.98049 0.01951 ( 1)  0.075
1445 L   0.95591 0.04409 ( 1)  0.098
1446 K   0.99272 0.00728 ( 1)  0.063
1447 K   0.68252 0.31748 ( 1)  0.356
1448 F   0.97426 0.02574 ( 1)  0.081
1449 I   0.98352 0.01648 ( 1)  0.072
1450 K   0.99276 0.00724 ( 1)  0.063
1451 L   0.95591 0.04409 ( 1)  0.098
1452 L   0.93919 0.06081 ( 1)  0.114
1453 G   0.82934 0.17066 ( 1)  0.217
1454 E   0.99275 0.00725 ( 1)  0.063
1455 I   0.97338 0.02662 ( 1)  0.082
1456 M   0.98661 0.01339 ( 1)  0.069
1457 T   0.00001 0.99999 ( 2)  1.000
1458 H   0.97536 0.02464 ( 1)  0.080
1459 R   0.98856 0.01144 ( 1)  0.067
1460 F   0.48329 0.51671 ( 2)  0.544
1461 K   0.99268 0.00732 ( 1)  0.063
1462 T   0.98475 0.01525 ( 1)  0.071
1463 Y   0.97836 0.02164 ( 1)  0.077
1464 Q   0.97841 0.02159 ( 1)  0.077
1465 Q   0.97867 0.02133 ( 1)  0.077
1466 F   0.97426 0.02574 ( 1)  0.081
1467 R   0.98856 0.01144 ( 1)  0.067
1468 -   0.89643 0.10357 ( 1)  0.154
1469 -   0.89643 0.10357 ( 1)  0.154
1470 -   0.89643 0.10357 ( 1)  0.154
1471 -   0.89643 0.10357 ( 1)  0.154
1472 -   0.89643 0.10357 ( 1)  0.154
1473 -   0.89643 0.10357 ( 1)  0.154
1474 -   0.89643 0.10357 ( 1)  0.154
1475 -   0.89643 0.10357 ( 1)  0.154
1476 -   0.89643 0.10357 ( 1)  0.154
1477 -   0.89643 0.10357 ( 1)  0.154
1478 -   0.89643 0.10357 ( 1)  0.154
1479 -   0.89643 0.10357 ( 1)  0.154
1480 -   0.89643 0.10357 ( 1)  0.154
1481 -   0.89643 0.10357 ( 1)  0.154
1482 -   0.89643 0.10357 ( 1)  0.154
1483 -   0.89643 0.10357 ( 1)  0.154
1484 -   0.89643 0.10357 ( 1)  0.154
1485 -   0.89643 0.10357 ( 1)  0.154
1486 -   0.89643 0.10357 ( 1)  0.154
1487 -   0.89643 0.10357 ( 1)  0.154
1488 -   0.89643 0.10357 ( 1)  0.154
1489 -   0.89643 0.10357 ( 1)  0.154
1490 -   0.89643 0.10357 ( 1)  0.154
1491 -   0.89643 0.10357 ( 1)  0.154
1492 -   0.89643 0.10357 ( 1)  0.154
1493 -   0.89643 0.10357 ( 1)  0.154
1494 -   0.89643 0.10357 ( 1)  0.154
1495 -   0.89643 0.10357 ( 1)  0.154
1496 -   0.89643 0.10357 ( 1)  0.154
1497 -   0.89643 0.10357 ( 1)  0.154
1498 -   0.89643 0.10357 ( 1)  0.154
1499 -   0.89643 0.10357 ( 1)  0.154
1500 -   0.89643 0.10357 ( 1)  0.154
1501 -   0.89643 0.10357 ( 1)  0.154
1502 -   0.89643 0.10357 ( 1)  0.154
1503 -   0.89643 0.10357 ( 1)  0.154
1504 -   0.89643 0.10357 ( 1)  0.154
1505 -   0.89643 0.10357 ( 1)  0.154
1506 -   0.89643 0.10357 ( 1)  0.154
1507 -   0.89643 0.10357 ( 1)  0.154
1508 -   0.89643 0.10357 ( 1)  0.154
1509 -   0.89643 0.10357 ( 1)  0.154
1510 -   0.89643 0.10357 ( 1)  0.154
1511 -   0.89643 0.10357 ( 1)  0.154
1512 -   0.89643 0.10357 ( 1)  0.154
1513 -   0.89643 0.10357 ( 1)  0.154
1514 -   0.89643 0.10357 ( 1)  0.154
1515 -   0.89643 0.10357 ( 1)  0.154
1516 -   0.89643 0.10357 ( 1)  0.154
1517 -   0.89643 0.10357 ( 1)  0.154
1518 R   0.27239 0.72761 ( 2)  0.743
1519 C   0.96662 0.03338 ( 1)  0.088
1520 L   0.94001 0.05999 ( 1)  0.113
1521 T   0.97983 0.02017 ( 1)  0.075
1522 L   0.95557 0.04443 ( 1)  0.098
1523 R   0.96331 0.03669 ( 1)  0.091
1524 C   0.93364 0.06636 ( 1)  0.119
1525 K   0.99258 0.00742 ( 1)  0.063
1526 L   0.93901 0.06099 ( 1)  0.114
1527 Y   0.94367 0.05633 ( 1)  0.110
1528 F   0.97394 0.02606 ( 1)  0.081
1529 D   0.97407 0.02593 ( 1)  0.081
1530 N   0.97493 0.02507 ( 1)  0.080
1531 L   0.95557 0.04443 ( 1)  0.098
1532 L   0.96385 0.03615 ( 1)  0.091
1533 S   0.96278 0.03722 ( 1)  0.092
1534 Q   0.95876 0.04124 ( 1)  0.095
1535 R   0.94576 0.05424 ( 1)  0.108
1536 A   0.48139 0.51861 ( 2)  0.546
1537 Y   0.97954 0.02046 ( 1)  0.076
1538 C   0.96662 0.03338 ( 1)  0.088
1539 G   0.98609 0.01391 ( 1)  0.070
1540 K   0.99258 0.00742 ( 1)  0.063
1541 M   0.98636 0.01364 ( 1)  0.069
1542 N   0.99282 0.00718 ( 1)  0.063
1543 F   0.97394 0.02606 ( 1)  0.081
1544 D   0.97450 0.02550 ( 1)  0.081
1545 H   0.96037 0.03963 ( 1)  0.094
1546 K   0.97887 0.02113 ( 1)  0.076
1547 N   0.87792 0.12208 ( 1)  0.172
1548 E   0.99257 0.00743 ( 1)  0.063
1549 T   0.97941 0.02059 ( 1)  0.076
1550 L   0.96685 0.03315 ( 1)  0.088
1551 S   0.75369 0.24631 ( 1)  0.289
1552 I   0.98985 0.01015 ( 1)  0.066
1553 S   0.95859 0.04141 ( 1)  0.096
1554 -   0.89643 0.10357 ( 1)  0.154
1555 -   0.89643 0.10357 ( 1)  0.154
1556 -   0.89643 0.10357 ( 1)  0.154
1557 -   0.89643 0.10357 ( 1)  0.154
1558 -   0.89643 0.10357 ( 1)  0.154
1559 -   0.89643 0.10357 ( 1)  0.154
1560 -   0.89643 0.10357 ( 1)  0.154
1561 -   0.89643 0.10357 ( 1)  0.154
1562 -   0.89643 0.10357 ( 1)  0.154
1563 -   0.89643 0.10357 ( 1)  0.154
1564 -   0.89643 0.10357 ( 1)  0.154
1565 -   0.89643 0.10357 ( 1)  0.154
1566 -   0.89643 0.10357 ( 1)  0.154
1567 -   0.89643 0.10357 ( 1)  0.154
1568 -   0.89643 0.10357 ( 1)  0.154
1569 -   0.89643 0.10357 ( 1)  0.154
1570 -   0.89643 0.10357 ( 1)  0.154
1571 -   0.89643 0.10357 ( 1)  0.154
1572 -   0.89643 0.10357 ( 1)  0.154
1573 -   0.89643 0.10357 ( 1)  0.154
1574 -   0.89643 0.10357 ( 1)  0.154
1575 -   0.89643 0.10357 ( 1)  0.154
1576 -   0.89643 0.10357 ( 1)  0.154
1577 -   0.89643 0.10357 ( 1)  0.154
1578 -   0.89643 0.10357 ( 1)  0.154
1579 -   0.89643 0.10357 ( 1)  0.154
1580 -   0.89643 0.10357 ( 1)  0.154
1581 -   0.89643 0.10357 ( 1)  0.154
1582 -   0.89643 0.10357 ( 1)  0.154
1583 -   0.89643 0.10357 ( 1)  0.154
1584 -   0.89643 0.10357 ( 1)  0.154
1585 -   0.89643 0.10357 ( 1)  0.154
1586 -   0.89643 0.10357 ( 1)  0.154
1587 -   0.89643 0.10357 ( 1)  0.154
1588 -   0.89643 0.10357 ( 1)  0.154
1589 -   0.89643 0.10357 ( 1)  0.154
1590 -   0.89643 0.10357 ( 1)  0.154
1591 -   0.89643 0.10357 ( 1)  0.154
1592 -   0.89643 0.10357 ( 1)  0.154
1593 -   0.89643 0.10357 ( 1)  0.154
1594 -   0.89643 0.10357 ( 1)  0.154
1595 V   0.98072 0.01928 ( 1)  0.075
1596 Q   0.96056 0.03944 ( 1)  0.094
1597 P   0.96526 0.03474 ( 1)  0.089
1598 G   0.98623 0.01377 ( 1)  0.069
1599 E   0.98961 0.01039 ( 1)  0.066
1600 G   0.98623 0.01377 ( 1)  0.069
1601 N   0.99289 0.00711 ( 1)  0.063
1602 K   0.87666 0.12334 ( 1)  0.173
1603 A   0.70690 0.29310 ( 1)  0.333
1604 A   0.94877 0.05123 ( 1)  0.105
1605 F   0.94496 0.05504 ( 1)  0.108
1606 N   0.88484 0.11516 ( 1)  0.165
1607 D   0.97903 0.02097 ( 1)  0.076
1608 M   0.98650 0.01350 ( 1)  0.069
1609 R   0.98846 0.01154 ( 1)  0.067
1610 A   0.94313 0.05687 ( 1)  0.110
1611 L   0.93892 0.06108 ( 1)  0.114
1612 S   0.96191 0.03809 ( 1)  0.092
1613 G   0.98623 0.01377 ( 1)  0.069
1614 G   0.95904 0.04096 ( 1)  0.095
1615 E   0.99267 0.00733 ( 1)  0.063
1616 R   0.96836 0.03164 ( 1)  0.086
1617 S   0.94880 0.05120 ( 1)  0.105
1618 F   0.94765 0.05235 ( 1)  0.106
1619 S   0.92961 0.07039 ( 1)  0.123
1620 T   0.97811 0.02189 ( 1)  0.077
1621 V   0.96079 0.03921 ( 1)  0.093
1622 C   0.95329 0.04671 ( 1)  0.101
1623 F   0.97310 0.02690 ( 1)  0.082
1624 I   0.98340 0.01660 ( 1)  0.072
1625 L   0.96949 0.03051 ( 1)  0.085
1626 S   0.92972 0.07028 ( 1)  0.123
1627 L   0.95429 0.04571 ( 1)  0.100
1628 W   0.93274 0.06726 ( 1)  0.120
1629 S   0.93163 0.06837 ( 1)  0.121
1630 I   0.97080 0.02920 ( 1)  0.084
1631 A   0.97544 0.02456 ( 1)  0.080
1632 E   0.99194 0.00806 ( 1)  0.064
1633 S   0.96278 0.03722 ( 1)  0.092
1634 P   0.96533 0.03467 ( 1)  0.089
1635 F   0.94496 0.05504 ( 1)  0.108
1636 R   0.98846 0.01154 ( 1)  0.067
1637 C   0.93750 0.06250 ( 1)  0.115
1638 L   0.93917 0.06083 ( 1)  0.114
1639 D   0.99194 0.00806 ( 1)  0.064
1640 E   0.98448 0.01552 ( 1)  0.071
1641 F   0.97412 0.02588 ( 1)  0.081
1642 D   0.99281 0.00719 ( 1)  0.063
1643 V   0.94505 0.05495 ( 1)  0.108
1644 Y   0.94384 0.05616 ( 1)  0.109
1645 M   0.98650 0.01350 ( 1)  0.069
1646 -   0.89643 0.10357 ( 1)  0.154
1647 -   0.89643 0.10357 ( 1)  0.154
1648 -   0.89643 0.10357 ( 1)  0.154
1649 -   0.89643 0.10357 ( 1)  0.154
1650 -   0.89643 0.10357 ( 1)  0.154
1651 -   0.89643 0.10357 ( 1)  0.154
1652 -   0.89643 0.10357 ( 1)  0.154
1653 -   0.89643 0.10357 ( 1)  0.154
1654 -   0.89643 0.10357 ( 1)  0.154
1655 -   0.89643 0.10357 ( 1)  0.154
1656 -   0.89643 0.10357 ( 1)  0.154
1657 -   0.89643 0.10357 ( 1)  0.154
1658 -   0.89643 0.10357 ( 1)  0.154
1659 -   0.89643 0.10357 ( 1)  0.154
1660 -   0.89643 0.10357 ( 1)  0.154
1661 -   0.89643 0.10357 ( 1)  0.154
1662 -   0.89643 0.10357 ( 1)  0.154
1663 -   0.89643 0.10357 ( 1)  0.154
1664 -   0.89643 0.10357 ( 1)  0.154
1665 -   0.89643 0.10357 ( 1)  0.154
1666 -   0.89643 0.10357 ( 1)  0.154
1667 -   0.89643 0.10357 ( 1)  0.154
1668 -   0.89643 0.10357 ( 1)  0.154
1669 -   0.89643 0.10357 ( 1)  0.154
1670 -   0.89643 0.10357 ( 1)  0.154
1671 -   0.89643 0.10357 ( 1)  0.154
1672 -   0.89643 0.10357 ( 1)  0.154
1673 -   0.89643 0.10357 ( 1)  0.154
1674 -   0.89643 0.10357 ( 1)  0.154
1675 -   0.89643 0.10357 ( 1)  0.154
1676 -   0.89643 0.10357 ( 1)  0.154
1677 -   0.89643 0.10357 ( 1)  0.154
1678 -   0.89643 0.10357 ( 1)  0.154
1679 -   0.89643 0.10357 ( 1)  0.154
1680 -   0.89643 0.10357 ( 1)  0.154
1681 -   0.89643 0.10357 ( 1)  0.154
1682 -   0.89643 0.10357 ( 1)  0.154
1683 -   0.89643 0.10357 ( 1)  0.154
1684 -   0.89643 0.10357 ( 1)  0.154
1685 -   0.89643 0.10357 ( 1)  0.154
1686 -   0.89643 0.10357 ( 1)  0.154
1687 -   0.89643 0.10357 ( 1)  0.154
1688 -   0.89643 0.10357 ( 1)  0.154
1689 -   0.89643 0.10357 ( 1)  0.154
1690 -   0.89643 0.10357 ( 1)  0.154
1691 -   0.89643 0.10357 ( 1)  0.154
1692 -   0.89643 0.10357 ( 1)  0.154
1693 -   0.89643 0.10357 ( 1)  0.154
1694 D   0.99281 0.00719 ( 1)  0.063
1695 M   0.98650 0.01350 ( 1)  0.069
1696 V   0.98072 0.01928 ( 1)  0.075
1697 N   0.99089 0.00911 ( 1)  0.065
1698 R   0.97554 0.02446 ( 1)  0.080
1699 R   0.98846 0.01154 ( 1)  0.067
1700 I   0.98341 0.01659 ( 1)  0.072
1701 A   0.94313 0.05687 ( 1)  0.110
1702 M   0.98650 0.01350 ( 1)  0.069
1703 D   0.97425 0.02575 ( 1)  0.081
1704 L   0.64292 0.35708 ( 1)  0.393
1705 I   0.98926 0.01074 ( 1)  0.067
1706 L   0.96159 0.03841 ( 1)  0.093
1707 K   0.98337 0.01663 ( 1)  0.072
1708 M   0.98650 0.01350 ( 1)  0.069
1709 A   0.98376 0.01624 ( 1)  0.072
1710 D   0.99281 0.00719 ( 1)  0.063
1711 S   0.92961 0.07039 ( 1)  0.123
1712 Q   0.95895 0.04105 ( 1)  0.095
1713 R   0.96667 0.03333 ( 1)  0.088
1714 F   0.97412 0.02588 ( 1)  0.081
1715 R   0.98846 0.01154 ( 1)  0.067
1716 Q   0.95997 0.04003 ( 1)  0.094
1717 F   0.97214 0.02786 ( 1)  0.083
1718 I   0.95207 0.04793 ( 1)  0.102
1719 L   0.94078 0.05922 ( 1)  0.112
1720 L   0.96686 0.03314 ( 1)  0.088
1721 T   0.98190 0.01810 ( 1)  0.074
1722 P   0.96533 0.03467 ( 1)  0.089
1723 Q   0.97823 0.02177 ( 1)  0.077
1724 S   0.95890 0.04110 ( 1)  0.095
1725 M   0.98650 0.01350 ( 1)  0.069
1726 S   0.97736 0.02264 ( 1)  0.078
1727 S   0.95870 0.04130 ( 1)  0.095
1728 L   0.96949 0.03051 ( 1)  0.085
1729 P   0.95889 0.04111 ( 1)  0.095
1730 S   0.95627 0.04373 ( 1)  0.098
1731 S   0.98232 0.01768 ( 1)  0.073
1732 K   0.99269 0.00731 ( 1)  0.063
1733 L   0.94395 0.05605 ( 1)  0.109
1734 I   0.98998 0.01002 ( 1)  0.066
1735 R   0.98846 0.01154 ( 1)  0.067
1736 I   0.98350 0.01650 ( 1)  0.072
1737 L   0.95459 0.04541 ( 1)  0.099
1738 R   0.96342 0.03658 ( 1)  0.091
1739 M   0.98650 0.01350 ( 1)  0.069
1740 S   0.96073 0.03927 ( 1)  0.093
1741 D   0.99281 0.00719 ( 1)  0.063
1742 P   0.96423 0.03577 ( 1)  0.090
1743 E   0.99194 0.00806 ( 1)  0.064
1744 R   0.98846 0.01154 ( 1)  0.067
1745 G   0.98623 0.01377 ( 1)  0.069
1746 Q   0.97853 0.02147 ( 1)  0.077
1747 T   0.97967 0.02033 ( 1)  0.076
1748 T   0.98081 0.01919 ( 1)  0.075
1749 L   0.93851 0.06149 ( 1)  0.114
1750 P   0.96533 0.03467 ( 1)  0.089
1751 F   0.94496 0.05504 ( 1)  0.108
1752 R   0.98846 0.01154 ( 1)  0.067
1753 P   0.96533 0.03467 ( 1)  0.089
1754 V   0.57411 0.42589 ( 1)  0.458
1755 T   0.69484 0.30516 ( 1)  0.344
1756 Q   0.97853 0.02147 ( 1)  0.077
1757 E   0.22924 0.77076 ( 2)  0.784
1758 E   0.99241 0.00759 ( 1)  0.064
1759 E   0.27553 0.72447 ( 2)  0.740
1760 D   0.99194 0.00806 ( 1)  0.064
1761 D   0.97425 0.02575 ( 1)  0.081
1762 Q   0.60110 0.39890 ( 1)  0.433
1763 S   0.74580 0.25420 ( 1)  0.296
1764 -   0.89643 0.10357 ( 1)  0.154
1765 -   0.89643 0.10357 ( 1)  0.154
1766 -   0.89643 0.10357 ( 1)  0.154
1767 -   0.89643 0.10357 ( 1)  0.154
1768 -   0.89643 0.10357 ( 1)  0.154
1769 -   0.89643 0.10357 ( 1)  0.154
1770 -   0.89643 0.10357 ( 1)  0.154
1771 -   0.89643 0.10357 ( 1)  0.154
1772 -   0.89643 0.10357 ( 1)  0.154
1773 -   0.89643 0.10357 ( 1)  0.154
1774 -   0.89643 0.10357 ( 1)  0.154
1775 -   0.89643 0.10357 ( 1)  0.154
1776 -   0.89643 0.10357 ( 1)  0.154
1777 -   0.89643 0.10357 ( 1)  0.154
1778 -   0.89643 0.10357 ( 1)  0.154
1779 -   0.89643 0.10357 ( 1)  0.154
1780 -   0.90205 0.09795 ( 1)  0.149
1781 -   0.90193 0.09807 ( 1)  0.149
1782 -   0.89798 0.10202 ( 1)  0.153
1783 -   0.89790 0.10210 ( 1)  0.153
1784 -   0.90296 0.09704 ( 1)  0.148
1785 -   0.90386 0.09614 ( 1)  0.147
1786 -   0.90556 0.09444 ( 1)  0.146
1787 -   0.90209 0.09791 ( 1)  0.149
1788 -   0.90386 0.09614 ( 1)  0.147
1789 -   0.90551 0.09449 ( 1)  0.146
1790 -   0.90315 0.09685 ( 1)  0.148
1791 -   0.90069 0.09931 ( 1)  0.150
1792 -   0.89968 0.10032 ( 1)  0.151
1793 -   0.90335 0.09665 ( 1)  0.148
1794 -   0.90554 0.09446 ( 1)  0.146
1795 -   0.90551 0.09449 ( 1)  0.146
1796 -   0.34352 0.65648 ( 2)  0.676
1797 -   0.89798 0.10202 ( 1)  0.153
1798 -   0.90335 0.09665 ( 1)  0.148
1799 -   0.90551 0.09449 ( 1)  0.146
1800 -   0.90296 0.09704 ( 1)  0.148
1801 -   0.89798 0.10202 ( 1)  0.153
1802 -   0.90225 0.09775 ( 1)  0.149
1803 -   0.89803 0.10197 ( 1)  0.153
1804 -   0.90386 0.09614 ( 1)  0.147
1805 -   0.90064 0.09936 ( 1)  0.150
1806 -   0.90136 0.09864 ( 1)  0.150
1807 -   0.90386 0.09614 ( 1)  0.147
1808 -   0.90189 0.09811 ( 1)  0.149
1809 -   0.90551 0.09449 ( 1)  0.146
1810 -   0.89803 0.10197 ( 1)  0.153
1811 -   0.90554 0.09446 ( 1)  0.146
1812 -   0.90064 0.09936 ( 1)  0.150
1813 -   0.89867 0.10133 ( 1)  0.152
1814 -   0.89967 0.10033 ( 1)  0.151
1815 -   0.89833 0.10167 ( 1)  0.152
1816 -   0.90189 0.09811 ( 1)  0.149
1817 -   0.90196 0.09804 ( 1)  0.149
1818 -   0.90551 0.09449 ( 1)  0.146
1819 -   0.90439 0.09561 ( 1)  0.147
1820 -   0.90196 0.09804 ( 1)  0.149
1821 -   0.89833 0.10167 ( 1)  0.152
1822 -   0.90025 0.09975 ( 1)  0.151
1823 -   0.89966 0.10034 ( 1)  0.151
1824 -   0.90335 0.09665 ( 1)  0.148
1825 -   0.90296 0.09704 ( 1)  0.148
1826 -   0.89643 0.10357 ( 1)  0.154
1827 -   0.89643 0.10357 ( 1)  0.154
1828 -   0.89643 0.10357 ( 1)  0.154
1829 -   0.89643 0.10357 ( 1)  0.154
1830 -   0.89643 0.10357 ( 1)  0.154
1831 -   0.89643 0.10357 ( 1)  0.154
1832 -   0.89643 0.10357 ( 1)  0.154
1833 -   0.89643 0.10357 ( 1)  0.154
1834 -   0.89643 0.10357 ( 1)  0.154
1835 -   0.89643 0.10357 ( 1)  0.154
1836 -   0.89643 0.10357 ( 1)  0.154
1837 -   0.89643 0.10357 ( 1)  0.154
1838 -   0.89643 0.10357 ( 1)  0.154
1839 -   0.89643 0.10357 ( 1)  0.154
1840 -   0.89643 0.10357 ( 1)  0.154
1841 -   0.89643 0.10357 ( 1)  0.154
1842 -   0.89643 0.10357 ( 1)  0.154
1843 -   0.89643 0.10357 ( 1)  0.154
1844 -   0.89643 0.10357 ( 1)  0.154
1845 -   0.89643 0.10357 ( 1)  0.154
1846 -   0.89643 0.10357 ( 1)  0.154
1847 -   0.89643 0.10357 ( 1)  0.154
1848 -   0.89643 0.10357 ( 1)  0.154
1849 -   0.89643 0.10357 ( 1)  0.154
1850 -   0.89643 0.10357 ( 1)  0.154
1851 -   0.89643 0.10357 ( 1)  0.154
1852 -   0.89643 0.10357 ( 1)  0.154
1853 -   0.89643 0.10357 ( 1)  0.154
1854 -   0.89643 0.10357 ( 1)  0.154
1855 -   0.89643 0.10357 ( 1)  0.154
1856 -   0.89643 0.10357 ( 1)  0.154
1857 -   0.89643 0.10357 ( 1)  0.154
1858 -   0.89643 0.10357 ( 1)  0.154
1859 -   0.89643 0.10357 ( 1)  0.154
1860 -   0.89643 0.10357 ( 1)  0.154
1861 -   0.89643 0.10357 ( 1)  0.154
1862 -   0.89643 0.10357 ( 1)  0.154
1863 -   0.89643 0.10357 ( 1)  0.154
1864 -   0.89920 0.10080 ( 1)  0.152
1865 -   0.89829 0.10171 ( 1)  0.152
1866 -   0.89921 0.10079 ( 1)  0.152
1867 -   0.90172 0.09828 ( 1)  0.149
1868 -   0.89957 0.10043 ( 1)  0.151
1869 -   0.89962 0.10038 ( 1)  0.151
1870 -   0.89752 0.10248 ( 1)  0.153
1871 -   0.90172 0.09828 ( 1)  0.149


lnL = -12342.768297

