Supplemental results for CODEML (seqf: algn  treef: tree)


dN/dS (w) for site classes (K=2)

p:   0.71867  0.28133
w:   0.05089  1.00000

Naive Empirical Bayes (NEB) probabilities for 2 classes & postmean_w
(amino acids refer to 1st sequence: allNig_SAMHD1_JN936900)

   1 -   0.71867 0.28133 ( 1)  0.318
   2 -   0.71867 0.28133 ( 1)  0.318
   3 -   0.71867 0.28133 ( 1)  0.318
   4 -   0.71867 0.28133 ( 1)  0.318
   5 -   0.71867 0.28133 ( 1)  0.318
   6 -   0.71867 0.28133 ( 1)  0.318
   7 -   0.71867 0.28133 ( 1)  0.318
   8 -   0.71867 0.28133 ( 1)  0.318
   9 -   0.71867 0.28133 ( 1)  0.318
  10 -   0.71867 0.28133 ( 1)  0.318
  11 -   0.71867 0.28133 ( 1)  0.318
  12 -   0.71867 0.28133 ( 1)  0.318
  13 -   0.71867 0.28133 ( 1)  0.318
  14 -   0.71867 0.28133 ( 1)  0.318
  15 -   0.71867 0.28133 ( 1)  0.318
  16 -   0.71867 0.28133 ( 1)  0.318
  17 -   0.71867 0.28133 ( 1)  0.318
  18 -   0.71867 0.28133 ( 1)  0.318
  19 -   0.71867 0.28133 ( 1)  0.318
  20 -   0.71867 0.28133 ( 1)  0.318
  21 -   0.71867 0.28133 ( 1)  0.318
  22 -   0.71867 0.28133 ( 1)  0.318
  23 -   0.71867 0.28133 ( 1)  0.318
  24 -   0.71867 0.28133 ( 1)  0.318
  25 -   0.71867 0.28133 ( 1)  0.318
  26 -   0.71867 0.28133 ( 1)  0.318
  27 -   0.71867 0.28133 ( 1)  0.318
  28 -   0.71867 0.28133 ( 1)  0.318
  29 -   0.85993 0.14007 ( 1)  0.184
  30 -   0.79080 0.20920 ( 1)  0.249
  31 -   0.00825 0.99175 ( 2)  0.992
  32 -   0.82840 0.17160 ( 1)  0.214
  33 -   0.16392 0.83608 ( 2)  0.844
  34 -   0.16858 0.83142 ( 2)  0.840
  35 -   0.80765 0.19235 ( 1)  0.233
  36 -   0.64692 0.35308 ( 1)  0.386
  37 -   0.17407 0.82593 ( 2)  0.835
  38 -   0.05860 0.94140 ( 2)  0.944
  39 -   0.77720 0.22280 ( 1)  0.262
  40 -   0.78614 0.21386 ( 1)  0.254
  41 -   0.17466 0.82534 ( 2)  0.834
  42 -   0.80110 0.19890 ( 1)  0.240
  43 -   0.77720 0.22280 ( 1)  0.262
  44 -   0.80110 0.19890 ( 1)  0.240
  45 -   0.17464 0.82536 ( 2)  0.834
  46 -   0.81540 0.18460 ( 1)  0.226
  47 -   0.77256 0.22744 ( 1)  0.267
  48 -   0.80658 0.19342 ( 1)  0.234
  49 -   0.79336 0.20664 ( 1)  0.247
  50 -   0.79443 0.20557 ( 1)  0.246
  51 -   0.80688 0.19312 ( 1)  0.234
  52 -   0.77302 0.22698 ( 1)  0.266
  53 -   0.84538 0.15462 ( 1)  0.198
  54 -   0.00899 0.99101 ( 2)  0.991
  55 -   0.77720 0.22280 ( 1)  0.262
  56 -   0.79403 0.20597 ( 1)  0.246
  57 -   0.79443 0.20557 ( 1)  0.246
  58 -   0.74536 0.25464 ( 1)  0.293
  59 -   0.79427 0.20573 ( 1)  0.246
  60 -   0.23129 0.76871 ( 2)  0.780
  61 -   0.19256 0.80744 ( 2)  0.817
  62 -   0.18543 0.81457 ( 2)  0.824
  63 M   0.96476 0.03524 ( 1)  0.084
  64 Q   0.90616 0.09384 ( 1)  0.140
  65 Q   0.02246 0.97754 ( 2)  0.979
  66 A   0.90595 0.09405 ( 1)  0.140
  67 D   0.50465 0.49535 ( 1)  0.521
  68 -   0.00000 1.00000 ( 2)  1.000
  69 -   0.41722 0.58278 ( 2)  0.604
  70 S   0.75559 0.24441 ( 1)  0.283
  71 D   0.79344 0.20656 ( 1)  0.247
  72 Q   0.90616 0.09384 ( 1)  0.140
  73 P   0.88441 0.11559 ( 1)  0.161
  74 S   0.87726 0.12274 ( 1)  0.167
  75 K   0.94793 0.05207 ( 1)  0.100
  76 R   0.88834 0.11166 ( 1)  0.157
  77 P   0.28010 0.71990 ( 2)  0.734
  78 R   0.93770 0.06230 ( 1)  0.110
  79 F   0.00093 0.99907 ( 2)  0.999
  80 D   0.97974 0.02026 ( 1)  0.070
  81 D   0.46490 0.53510 ( 2)  0.559
  82 S   0.92901 0.07099 ( 1)  0.118
  83 P   0.89052 0.10948 ( 1)  0.155
  84 R   0.44467 0.55533 ( 2)  0.578
  85 T   0.90557 0.09443 ( 1)  0.141
  86 P   0.88880 0.11120 ( 1)  0.156
  87 S   0.02005 0.97995 ( 2)  0.981
  88 S   0.00176 0.99824 ( 2)  0.998
  89 T   0.91503 0.08497 ( 1)  0.132
  90 P   0.42538 0.57462 ( 2)  0.596
  91 S   0.87013 0.12987 ( 1)  0.174
  92 A   0.92772 0.07228 ( 1)  0.119
  93 E   0.43497 0.56503 ( 2)  0.587
  94 A   0.39489 0.60511 ( 2)  0.625
  95 D   0.46490 0.53510 ( 2)  0.559
  96 W   0.00000 1.00000 ( 2)  1.000
  97 S   0.25375 0.74625 ( 2)  0.759
  98 P   0.01064 0.98936 ( 2)  0.990
  99 G   0.91748 0.08252 ( 1)  0.129
 100 L   0.00072 0.99928 ( 2)  0.999
 101 E   0.00312 0.99688 ( 2)  0.997
 102 L   0.88925 0.11075 ( 1)  0.156
 103 H   0.56112 0.43888 ( 1)  0.467
 104 P   0.28661 0.71339 ( 2)  0.728
 105 D   0.95138 0.04862 ( 1)  0.097
 106 Y   0.02808 0.97192 ( 2)  0.973
 107 K   0.94793 0.05207 ( 1)  0.100
 108 T   0.91404 0.08596 ( 1)  0.132
 109 W   0.84384 0.15616 ( 1)  0.199
 110 G   0.00011 0.99989 ( 2)  1.000
 111 P   0.88321 0.11679 ( 1)  0.162
 112 E   0.94882 0.05118 ( 1)  0.099
 113 Q   0.90616 0.09384 ( 1)  0.140
 114 V   0.90930 0.09070 ( 1)  0.137
 115 C   0.88328 0.11672 ( 1)  0.162
 116 F   0.00090 0.99910 ( 2)  0.999
 117 F   0.91346 0.08654 ( 1)  0.133
 118 L   0.88902 0.11098 ( 1)  0.156
 119 R   0.00048 0.99952 ( 2)  1.000
 120 R   0.30351 0.69649 ( 2)  0.712
 121 G   0.56857 0.43143 ( 1)  0.460
 122 G   0.91688 0.08312 ( 1)  0.130
 123 F   0.92586 0.07414 ( 1)  0.121
 124 G   0.00254 0.99746 ( 2)  0.998
 125 E   0.94882 0.05118 ( 1)  0.099
 126 P   0.28276 0.71724 ( 2)  0.732
 127 A   0.00000 1.00000 ( 2)  1.000
 128 L   0.85429 0.14571 ( 1)  0.189
 129 L   0.01903 0.98097 ( 2)  0.982
 130 K   0.47955 0.52045 ( 2)  0.545
 131 N   0.49367 0.50633 ( 2)  0.531
 132 I   0.34449 0.65551 ( 2)  0.673
 133 R   0.00000 1.00000 ( 2)  1.000
 134 E   0.96272 0.03728 ( 1)  0.086
 135 N   0.97066 0.02934 ( 1)  0.079
 136 K   0.55947 0.44053 ( 1)  0.469
 137 I   0.92144 0.07856 ( 1)  0.125
 138 T   0.92570 0.07430 ( 1)  0.121
 139 G   0.91706 0.08294 ( 1)  0.130
 140 A   0.00107 0.99893 ( 2)  0.999
 141 L   0.85304 0.14696 ( 1)  0.190
 142 L   0.85429 0.14571 ( 1)  0.189
 143 P   0.27427 0.72573 ( 2)  0.740
 144 C   0.42836 0.57164 ( 2)  0.593
 145 L   0.93999 0.06001 ( 1)  0.108
 146 D   0.97974 0.02026 ( 1)  0.070
 147 E   0.94931 0.05069 ( 1)  0.099
 148 S   0.92167 0.07833 ( 1)  0.125
 149 H   0.06581 0.93419 ( 2)  0.938
 150 F   0.46563 0.53437 ( 2)  0.558
 151 E   0.96272 0.03728 ( 1)  0.086
 152 N   0.09652 0.90348 ( 2)  0.908
 153 L   0.93999 0.06001 ( 1)  0.108
 154 G   0.93409 0.06591 ( 1)  0.113
 155 V   0.03268 0.96732 ( 2)  0.969
 156 S   0.60289 0.39711 ( 1)  0.428
 157 S   0.24883 0.75117 ( 2)  0.764
 158 L   0.01361 0.98639 ( 2)  0.987
 159 G   0.25953 0.74047 ( 2)  0.754
 160 E   0.94654 0.05346 ( 1)  0.102
 161 R   0.92175 0.07825 ( 1)  0.125
 162 K   0.94521 0.05479 ( 1)  0.103
 163 K   0.39441 0.60559 ( 2)  0.626
 164 L   0.85144 0.14856 ( 1)  0.192
 165 L   0.93712 0.06288 ( 1)  0.111
 166 S   0.96579 0.03421 ( 1)  0.083
 167 Y   0.51380 0.48620 ( 1)  0.512
 168 I   0.91836 0.08164 ( 1)  0.128
 169 Q   0.90345 0.09655 ( 1)  0.143
 170 R   0.28207 0.71793 ( 2)  0.732
 171 L   0.00076 0.99924 ( 2)  0.999
 172 G   0.00319 0.99681 ( 2)  0.997
 173 Q   0.91560 0.08440 ( 1)  0.131
 174 I   0.03043 0.96957 ( 2)  0.971
 175 H   0.02835 0.97165 ( 2)  0.973
 176 I   0.00001 0.99999 ( 2)  1.000
 177 D   0.97672 0.02328 ( 1)  0.073
 178 T   0.92242 0.07758 ( 1)  0.125
 179 M   0.65143 0.34857 ( 1)  0.382
 180 K   0.54554 0.45446 ( 1)  0.482
 181 V   0.95057 0.04943 ( 1)  0.098
 182 I   0.97261 0.02739 ( 1)  0.077
 183 N   0.98602 0.01398 ( 1)  0.064
 184 D   0.98613 0.01387 ( 1)  0.064
 185 P   0.94828 0.05172 ( 1)  0.100
 186 I   0.93484 0.06516 ( 1)  0.113
 187 H   0.97585 0.02415 ( 1)  0.074
 188 G   0.93050 0.06950 ( 1)  0.117
 189 H   0.94506 0.05494 ( 1)  0.103
 190 I   0.97261 0.02739 ( 1)  0.077
 191 E   0.96055 0.03945 ( 1)  0.088
 192 L   0.90332 0.09668 ( 1)  0.143
 193 H   0.94519 0.05481 ( 1)  0.103
 194 P   0.94828 0.05172 ( 1)  0.100
 195 L   0.91195 0.08805 ( 1)  0.134
 196 L   0.90506 0.09494 ( 1)  0.141
 197 V   0.02845 0.97155 ( 2)  0.973
 198 R   0.90103 0.09897 ( 1)  0.145
 199 I   0.93484 0.06516 ( 1)  0.113
 200 I   0.96871 0.03129 ( 1)  0.081
 201 D   0.98301 0.01699 ( 1)  0.067
 202 T   0.93389 0.06611 ( 1)  0.114
 203 P   0.94828 0.05172 ( 1)  0.100
 204 Q   0.93548 0.06452 ( 1)  0.112
 205 F   0.95924 0.04076 ( 1)  0.090
 206 Q   0.93053 0.06947 ( 1)  0.117
 207 R   0.94268 0.05732 ( 1)  0.105
 208 L   0.95195 0.04805 ( 1)  0.096
 209 R   0.90136 0.09864 ( 1)  0.145
 210 Y   0.95063 0.04937 ( 1)  0.098
 211 I   0.95003 0.04997 ( 1)  0.098
 212 K   0.97175 0.02825 ( 1)  0.078
 213 Q   0.92010 0.07990 ( 1)  0.127
 214 L   0.86399 0.13601 ( 1)  0.180
 215 G   0.94680 0.05320 ( 1)  0.101
 216 G   0.96784 0.03216 ( 1)  0.081
 217 G   0.97240 0.02760 ( 1)  0.077
 218 Y   0.93335 0.06665 ( 1)  0.114
 219 Y   0.96653 0.03347 ( 1)  0.083
 220 V   0.96818 0.03182 ( 1)  0.081
 221 F   0.95820 0.04180 ( 1)  0.091
 222 P   0.92011 0.07989 ( 1)  0.127
 223 G   0.94680 0.05320 ( 1)  0.101
 224 A   0.96368 0.03632 ( 1)  0.085
 225 S   0.88394 0.11606 ( 1)  0.161
 226 H   0.94506 0.05494 ( 1)  0.103
 227 N   0.98602 0.01398 ( 1)  0.064
 228 R   0.90136 0.09864 ( 1)  0.145
 229 F   0.95924 0.04076 ( 1)  0.090
 230 E   0.96180 0.03820 ( 1)  0.087
 231 H   0.97585 0.02415 ( 1)  0.074
 232 S   0.97668 0.02332 ( 1)  0.073
 233 L   0.89071 0.10929 ( 1)  0.155
 234 G   0.92905 0.07095 ( 1)  0.118
 235 V   0.93257 0.06743 ( 1)  0.115
 236 G   0.92905 0.07095 ( 1)  0.118
 237 Y   0.96653 0.03347 ( 1)  0.083
 238 L   0.89932 0.10068 ( 1)  0.146
 239 A   0.93959 0.06041 ( 1)  0.108
 240 G   0.94673 0.05327 ( 1)  0.101
 241 C   0.94566 0.05434 ( 1)  0.102
 242 L   0.89071 0.10929 ( 1)  0.155
 243 V   0.96618 0.03382 ( 1)  0.083
 244 R   0.03366 0.96634 ( 2)  0.968
 245 A   0.93719 0.06281 ( 1)  0.111
 246 L   0.87480 0.12520 ( 1)  0.170
 247 G   0.52465 0.47535 ( 1)  0.502
 248 E   0.63411 0.36589 ( 1)  0.398
 249 K   0.97073 0.02927 ( 1)  0.079
 250 Q   0.93559 0.06441 ( 1)  0.112
 251 P   0.92056 0.07944 ( 1)  0.126
 252 E   0.96014 0.03986 ( 1)  0.089
 253 L   0.86763 0.13237 ( 1)  0.177
 254 Q   0.38726 0.61274 ( 2)  0.632
 255 I   0.96776 0.03224 ( 1)  0.081
 256 S   0.97668 0.02332 ( 1)  0.073
 257 E   0.97223 0.02777 ( 1)  0.077
 258 R   0.90136 0.09864 ( 1)  0.145
 259 D   0.98499 0.01501 ( 1)  0.065
 260 I   0.08626 0.91374 ( 2)  0.918
 261 L   0.90141 0.09859 ( 1)  0.144
 262 C   0.94530 0.05470 ( 1)  0.103
 263 V   0.96818 0.03182 ( 1)  0.081
 264 Q   0.92010 0.07990 ( 1)  0.127
 265 I   0.97261 0.02739 ( 1)  0.077
 266 A   0.96505 0.03495 ( 1)  0.084
 267 G   0.93643 0.06357 ( 1)  0.111
 268 L   0.95215 0.04785 ( 1)  0.096
 269 C   0.94799 0.05201 ( 1)  0.100
 270 H   0.97738 0.02262 ( 1)  0.072
 271 D   0.98499 0.01501 ( 1)  0.065
 272 L   0.92740 0.07260 ( 1)  0.120
 273 G   0.97240 0.02760 ( 1)  0.077
 274 H   0.97585 0.02415 ( 1)  0.074
 275 G   0.93161 0.06839 ( 1)  0.116
 276 P   0.92319 0.07681 ( 1)  0.124
 277 F   0.96129 0.03871 ( 1)  0.088
 278 S   0.93758 0.06242 ( 1)  0.110
 279 H   0.95949 0.04051 ( 1)  0.089
 280 M   0.97559 0.02441 ( 1)  0.074
 281 F   0.96129 0.03871 ( 1)  0.088
 282 D   0.98720 0.01280 ( 1)  0.063
 283 G   0.94912 0.05088 ( 1)  0.099
 284 R   0.92306 0.07694 ( 1)  0.124
 285 F   0.96129 0.03871 ( 1)  0.088
 286 I   0.97426 0.02574 ( 1)  0.075
 287 P   0.92309 0.07691 ( 1)  0.124
 288 L   0.95437 0.04563 ( 1)  0.094
 289 A   0.96695 0.03305 ( 1)  0.082
 290 R   0.91216 0.08784 ( 1)  0.134
 291 P   0.90854 0.09146 ( 1)  0.138
 292 E   0.96226 0.03774 ( 1)  0.087
 293 V   0.35514 0.64486 ( 2)  0.663
 294 K   0.97344 0.02656 ( 1)  0.076
 295 W   0.85899 0.14101 ( 1)  0.185
 296 T   0.38421 0.61579 ( 2)  0.635
 297 H   0.97730 0.02270 ( 1)  0.072
 298 E   0.97390 0.02610 ( 1)  0.076
 299 Q   0.42694 0.57306 ( 2)  0.595
 300 G   0.93304 0.06696 ( 1)  0.114
 301 S   0.88526 0.11474 ( 1)  0.160
 302 V   0.96999 0.03001 ( 1)  0.079
 303 M   0.59087 0.40913 ( 1)  0.439
 304 M   0.97559 0.02441 ( 1)  0.074
 305 F   0.96129 0.03871 ( 1)  0.088
 306 E   0.96216 0.03784 ( 1)  0.087
 307 H   0.94898 0.05102 ( 1)  0.099
 308 L   0.92176 0.07824 ( 1)  0.125
 309 I   0.08515 0.91485 ( 2)  0.919
 310 N   0.98709 0.01291 ( 1)  0.063
 311 S   0.93758 0.06242 ( 1)  0.110
 312 N   0.98703 0.01297 ( 1)  0.063
 313 G   0.94912 0.05088 ( 1)  0.099
 314 I   0.37072 0.62928 ( 2)  0.648
 315 K   0.56425 0.43575 ( 1)  0.464
 316 P   0.54730 0.45270 ( 1)  0.481
 317 V   0.03161 0.96839 ( 2)  0.970
 318 M   0.97559 0.02441 ( 1)  0.074
 319 E   0.97390 0.02610 ( 1)  0.076
 320 H   0.00000 1.00000 ( 2)  1.000
 321 Y   0.96838 0.03162 ( 1)  0.081
 322 G   0.97405 0.02595 ( 1)  0.076
 323 L   0.90813 0.09187 ( 1)  0.138
 324 I   0.43219 0.56781 ( 2)  0.590
 325 P   0.95037 0.04963 ( 1)  0.098
 326 E   0.97390 0.02610 ( 1)  0.076
 327 E   0.97390 0.02610 ( 1)  0.076
 328 D   0.98711 0.01289 ( 1)  0.063
 329 I   0.97426 0.02574 ( 1)  0.075
 330 C   0.90054 0.09946 ( 1)  0.145
 331 F   0.96129 0.03871 ( 1)  0.088
 332 I   0.44002 0.55998 ( 2)  0.582
 333 K   0.96139 0.03861 ( 1)  0.088
 334 E   0.97390 0.02610 ( 1)  0.076
 335 Q   0.43398 0.56602 ( 2)  0.588
 336 I   0.97426 0.02574 ( 1)  0.075
 337 V   0.03887 0.96113 ( 2)  0.963
 338 G   0.94904 0.05096 ( 1)  0.099
 339 P   0.92319 0.07681 ( 1)  0.124
 340 L   0.50161 0.49839 ( 1)  0.524
 341 E   0.97296 0.02704 ( 1)  0.077
 342 S   0.28527 0.71473 ( 2)  0.729
 343 P   0.47350 0.52650 ( 2)  0.551
 344 V   0.00172 0.99828 ( 2)  0.998
 345 -   0.92284 0.07716 ( 1)  0.124
 346 K   0.00024 0.99976 ( 2)  1.000
 347 G   0.14620 0.85380 ( 2)  0.861
 348 V   0.00070 0.99930 ( 2)  0.999
 349 L   0.24818 0.75182 ( 2)  0.764
 350 W   0.85899 0.14101 ( 1)  0.185
 351 P   0.92260 0.07740 ( 1)  0.124
 352 Y   0.96815 0.03185 ( 1)  0.081
 353 K   0.97247 0.02753 ( 1)  0.077
 354 G   0.93161 0.06839 ( 1)  0.116
 355 R   0.95945 0.04055 ( 1)  0.089
 356 P   0.95057 0.04943 ( 1)  0.098
 357 E   0.08267 0.91733 ( 2)  0.922
 358 R   0.00014 0.99986 ( 2)  1.000
 359 K   0.97344 0.02656 ( 1)  0.076
 360 S   0.94441 0.05559 ( 1)  0.104
 361 F   0.92069 0.07931 ( 1)  0.126
 362 L   0.95201 0.04799 ( 1)  0.096
 363 Y   0.96838 0.03162 ( 1)  0.081
 364 E   0.96216 0.03784 ( 1)  0.087
 365 I   0.62132 0.37868 ( 1)  0.410
 366 V   0.92786 0.07214 ( 1)  0.119
 367 S   0.50674 0.49326 ( 1)  0.519
 368 N   0.98701 0.01299 ( 1)  0.063
 369 K   0.97344 0.02656 ( 1)  0.076
 370 R   0.95449 0.04551 ( 1)  0.094
 371 N   0.98709 0.01291 ( 1)  0.063
 372 G   0.93304 0.06696 ( 1)  0.114
 373 I   0.63962 0.36038 ( 1)  0.393
 374 D   0.98720 0.01280 ( 1)  0.063
 375 V   0.92576 0.07424 ( 1)  0.121
 376 D   0.96437 0.03563 ( 1)  0.085
 377 K   0.96873 0.03127 ( 1)  0.081
 378 W   0.85899 0.14101 ( 1)  0.185
 379 D   0.98720 0.01280 ( 1)  0.063
 380 Y   0.96838 0.03162 ( 1)  0.081
 381 F   0.96129 0.03871 ( 1)  0.088
 382 A   0.92249 0.07751 ( 1)  0.124
 383 R   0.94047 0.05953 ( 1)  0.107
 384 D   0.96474 0.03526 ( 1)  0.084
 385 C   0.90003 0.09997 ( 1)  0.146
 386 H   0.97738 0.02262 ( 1)  0.072
 387 H   0.97738 0.02262 ( 1)  0.072
 388 L   0.95437 0.04563 ( 1)  0.094
 389 G   0.94907 0.05093 ( 1)  0.099
 390 I   0.93734 0.06266 ( 1)  0.110
 391 Q   0.93795 0.06205 ( 1)  0.110
 392 N   0.98709 0.01291 ( 1)  0.063
 393 N   0.98709 0.01291 ( 1)  0.063
 394 F   0.96059 0.03941 ( 1)  0.088
 395 D   0.98720 0.01280 ( 1)  0.063
 396 Y   0.92520 0.07480 ( 1)  0.122
 397 K   0.00299 0.99701 ( 2)  0.997
 398 R   0.92490 0.07510 ( 1)  0.122
 399 F   0.95572 0.04428 ( 1)  0.093
 400 I   0.97426 0.02574 ( 1)  0.075
 401 K   0.96170 0.03830 ( 1)  0.087
 402 F   0.96129 0.03871 ( 1)  0.088
 403 A   0.92448 0.07552 ( 1)  0.123
 404 R   0.95945 0.04055 ( 1)  0.089
 405 V   0.92723 0.07277 ( 1)  0.120
 406 C   0.94799 0.05201 ( 1)  0.100
 407 E   0.65133 0.34867 ( 1)  0.382
 408 V   0.94636 0.05364 ( 1)  0.102
 409 G   0.00001 0.99999 ( 2)  1.000
 410 N   0.00569 0.99431 ( 2)  0.995
 411 E   0.05718 0.94282 ( 2)  0.946
 412 L   0.02753 0.97247 ( 2)  0.974
 413 H   0.00020 0.99980 ( 2)  1.000
 414 I   0.97426 0.02574 ( 1)  0.075
 415 C   0.94799 0.05201 ( 1)  0.100
 416 A   0.58256 0.41744 ( 1)  0.447
 417 R   0.51596 0.48404 ( 1)  0.510
 418 D   0.98615 0.01385 ( 1)  0.064
 419 K   0.96139 0.03861 ( 1)  0.088
 420 E   0.97040 0.02960 ( 1)  0.079
 421 V   0.96999 0.03001 ( 1)  0.079
 422 G   0.94908 0.05092 ( 1)  0.099
 423 N   0.98650 0.01350 ( 1)  0.064
 424 L   0.87005 0.12995 ( 1)  0.174
 425 Y   0.96838 0.03162 ( 1)  0.081
 426 D   0.96437 0.03563 ( 1)  0.085
 427 M   0.97559 0.02441 ( 1)  0.074
 428 F   0.92069 0.07931 ( 1)  0.126
 429 H   0.94741 0.05259 ( 1)  0.101
 430 T   0.96550 0.03450 ( 1)  0.084
 431 R   0.91629 0.08371 ( 1)  0.130
 432 N   0.96381 0.03619 ( 1)  0.085
 433 S   0.03919 0.96081 ( 2)  0.963
 434 L   0.81266 0.18734 ( 1)  0.229
 435 H   0.94741 0.05259 ( 1)  0.101
 436 R   0.95945 0.04055 ( 1)  0.089
 437 R   0.95453 0.04547 ( 1)  0.094
 438 A   0.96638 0.03362 ( 1)  0.083
 439 Y   0.96838 0.03162 ( 1)  0.081
 440 Q   0.93785 0.06215 ( 1)  0.110
 441 H   0.95239 0.04761 ( 1)  0.096
 442 K   0.97344 0.02656 ( 1)  0.076
 443 V   0.96999 0.03001 ( 1)  0.079
 444 G   0.93304 0.06696 ( 1)  0.114
 445 N   0.96381 0.03619 ( 1)  0.085
 446 I   0.95496 0.04504 ( 1)  0.094
 447 I   0.97426 0.02574 ( 1)  0.075
 448 D   0.98720 0.01280 ( 1)  0.063
 449 T   0.45744 0.54256 ( 2)  0.566
 450 M   0.97559 0.02441 ( 1)  0.074
 451 I   0.97362 0.02638 ( 1)  0.076
 452 T   0.94039 0.05961 ( 1)  0.107
 453 D   0.98678 0.01322 ( 1)  0.063
 454 A   0.95954 0.04046 ( 1)  0.089
 455 F   0.34677 0.65323 ( 2)  0.671
 456 L   0.90689 0.09311 ( 1)  0.139
 457 K   0.62605 0.37395 ( 1)  0.406
 458 A   0.94167 0.05833 ( 1)  0.106
 459 D   0.59381 0.40619 ( 1)  0.436
 460 D   0.00000 1.00000 ( 2)  1.000
 461 Y   0.40667 0.59333 ( 2)  0.614
 462 I   0.61261 0.38739 ( 1)  0.419
 463 E   0.96154 0.03846 ( 1)  0.087
 464 I   0.97350 0.02650 ( 1)  0.076
 465 T   0.43228 0.56772 ( 2)  0.590
 466 G   0.97341 0.02659 ( 1)  0.076
 467 A   0.57035 0.42965 ( 1)  0.459
 468 G   0.57582 0.42418 ( 1)  0.453
 469 G   0.47700 0.52300 ( 2)  0.547
 470 K   0.62225 0.37775 ( 1)  0.409
 471 K   0.96091 0.03909 ( 1)  0.088
 472 Y   0.96766 0.03234 ( 1)  0.082
 473 R   0.00000 1.00000 ( 2)  1.000
 474 I   0.97362 0.02638 ( 1)  0.076
 475 S   0.93385 0.06615 ( 1)  0.114
 476 T   0.94039 0.05961 ( 1)  0.107
 477 A   0.94227 0.05773 ( 1)  0.106
 478 I   0.97362 0.02638 ( 1)  0.076
 479 D   0.98446 0.01554 ( 1)  0.066
 480 D   0.96360 0.03640 ( 1)  0.085
 481 M   0.97497 0.02503 ( 1)  0.075
 482 E   0.97228 0.02772 ( 1)  0.077
 483 A   0.92146 0.07854 ( 1)  0.125
 484 Y   0.44779 0.55221 ( 2)  0.575
 485 T   0.96475 0.03525 ( 1)  0.084
 486 K   0.96111 0.03889 ( 1)  0.088
 487 L   0.87057 0.12943 ( 1)  0.174
 488 T   0.93901 0.06099 ( 1)  0.109
 489 D   0.98676 0.01324 ( 1)  0.063
 490 N   0.96303 0.03697 ( 1)  0.086
 491 I   0.97362 0.02638 ( 1)  0.076
 492 F   0.94990 0.05010 ( 1)  0.098
 493 L   0.86904 0.13096 ( 1)  0.175
 494 E   0.96137 0.03863 ( 1)  0.088
 495 I   0.97362 0.02638 ( 1)  0.076
 496 L   0.86753 0.13247 ( 1)  0.177
 497 H   0.37639 0.62361 ( 2)  0.643
 498 S   0.93661 0.06339 ( 1)  0.111
 499 T   0.57332 0.42668 ( 1)  0.456
 500 D   0.98678 0.01322 ( 1)  0.063
 501 P   0.30832 0.69168 ( 2)  0.707
 502 K   0.36374 0.63626 ( 2)  0.655
 503 L   0.85951 0.14049 ( 1)  0.184
 504 K   0.06077 0.93923 ( 2)  0.942
 505 D   0.00129 0.99871 ( 2)  0.999
 506 A   0.94227 0.05773 ( 1)  0.106
 507 Q   0.00000 1.00000 ( 2)  1.000
 508 E   0.96192 0.03808 ( 1)  0.087
 509 I   0.97362 0.02638 ( 1)  0.076
 510 L   0.86766 0.13234 ( 1)  0.176
 511 K   0.63639 0.36361 ( 1)  0.396
 512 Q   0.00339 0.99661 ( 2)  0.997
 513 I   0.97356 0.02644 ( 1)  0.076
 514 E   0.64914 0.35086 ( 1)  0.384
 515 Y   0.34209 0.65791 ( 2)  0.675
 516 R   0.95863 0.04137 ( 1)  0.090
 517 N   0.98668 0.01332 ( 1)  0.064
 518 L   0.88558 0.11442 ( 1)  0.159
 519 F   0.38431 0.61569 ( 2)  0.635
 520 K   0.96059 0.03941 ( 1)  0.088
 521 Y   0.96472 0.03528 ( 1)  0.084
 522 V   0.92473 0.07527 ( 1)  0.122
 523 G   0.97341 0.02659 ( 1)  0.076
 524 E   0.96137 0.03863 ( 1)  0.088
 525 T   0.93188 0.06812 ( 1)  0.116
 526 Q   0.92170 0.07830 ( 1)  0.125
 527 P   0.92631 0.07369 ( 1)  0.121
 528 T   0.02199 0.97801 ( 2)  0.979
 529 E   0.04923 0.95077 ( 2)  0.953
 530 Q   0.42855 0.57145 ( 2)  0.593
 531 V   0.00008 0.99992 ( 2)  1.000
 532 K   0.53665 0.46335 ( 1)  0.491
 533 I   0.97361 0.02639 ( 1)  0.076
 534 K   0.64329 0.35671 ( 1)  0.389
 535 K   0.45969 0.54031 ( 2)  0.564
 536 E   0.96517 0.03483 ( 1)  0.084
 537 D   0.00300 0.99700 ( 2)  0.997
 538 Y   0.96742 0.03258 ( 1)  0.082
 539 E   0.97228 0.02772 ( 1)  0.077
 540 S   0.40886 0.59114 ( 2)  0.612
 541 L   0.95350 0.04650 ( 1)  0.095
 542 P   0.92068 0.07932 ( 1)  0.126
 543 K   0.97278 0.02722 ( 1)  0.077
 544 E   0.96137 0.03863 ( 1)  0.088
 545 V   0.96928 0.03072 ( 1)  0.080
 546 A   0.93911 0.06089 ( 1)  0.109
 547 A   0.00023 0.99977 ( 2)  1.000
 548 A   0.96621 0.03379 ( 1)  0.083
 549 K   0.97179 0.02821 ( 1)  0.078
 550 P   0.91947 0.08053 ( 1)  0.127
 551 -   0.75806 0.24194 ( 1)  0.281
 552 R   0.00001 0.99999 ( 2)  1.000
 553 E   0.00253 0.99747 ( 2)  0.998
 554 L   0.00780 0.99220 ( 2)  0.993
 555 L   0.88177 0.11823 ( 1)  0.163
 556 E   0.64175 0.35825 ( 1)  0.391
 557 V   0.04026 0.95974 ( 2)  0.962
 558 K   0.55903 0.44097 ( 1)  0.469
 559 L   0.86903 0.13097 ( 1)  0.175
 560 E   0.00295 0.99705 ( 2)  0.997
 561 A   0.96604 0.03396 ( 1)  0.083
 562 E   0.97313 0.02687 ( 1)  0.076
 563 D   0.73329 0.26671 ( 1)  0.304
 564 F   0.96049 0.03951 ( 1)  0.088
 565 I   0.96930 0.03070 ( 1)  0.080
 566 V   0.92480 0.07520 ( 1)  0.122
 567 D   0.98678 0.01322 ( 1)  0.063
 568 -   0.71867 0.28133 ( 1)  0.318
 569 -   0.71867 0.28133 ( 1)  0.318
 570 -   0.71867 0.28133 ( 1)  0.318
 571 -   0.71867 0.28133 ( 1)  0.318
 572 -   0.71867 0.28133 ( 1)  0.318
 573 -   0.71867 0.28133 ( 1)  0.318
 574 -   0.71867 0.28133 ( 1)  0.318
 575 -   0.71867 0.28133 ( 1)  0.318
 576 -   0.71867 0.28133 ( 1)  0.318
 577 V   0.96928 0.03072 ( 1)  0.080
 578 I   0.93636 0.06364 ( 1)  0.111
 579 N   0.96303 0.03697 ( 1)  0.086
 580 M   0.97497 0.02503 ( 1)  0.075
 581 D   0.98678 0.01322 ( 1)  0.063
 582 Y   0.96750 0.03250 ( 1)  0.082
 583 G   0.94821 0.05179 ( 1)  0.100
 584 M   0.97497 0.02503 ( 1)  0.075
 585 Q   0.47355 0.52645 ( 2)  0.551
 586 E   0.07107 0.92893 ( 2)  0.933
 587 N   0.07086 0.92914 ( 2)  0.933
 588 N   0.98668 0.01332 ( 1)  0.064
 589 P   0.92069 0.07931 ( 1)  0.126
 590 I   0.97362 0.02638 ( 1)  0.076
 591 D   0.98570 0.01430 ( 1)  0.064
 592 H   0.67337 0.32663 ( 1)  0.361
 593 V   0.96809 0.03191 ( 1)  0.081
 594 S   0.37228 0.62772 ( 2)  0.647
 595 F   0.36773 0.63227 ( 2)  0.651
 596 Y   0.96766 0.03234 ( 1)  0.082
 597 C   0.94708 0.05292 ( 1)  0.101
 598 K   0.96116 0.03884 ( 1)  0.088
 599 T   0.62879 0.37121 ( 1)  0.403
 600 D   0.55484 0.44516 ( 1)  0.473
 601 P   0.31155 0.68845 ( 2)  0.704
 602 N   0.04651 0.95349 ( 2)  0.956
 603 R   0.06637 0.93363 ( 2)  0.937
 604 A   0.00192 0.99808 ( 2)  0.998
 605 I   0.94439 0.05561 ( 1)  0.104
 606 R   0.00097 0.99903 ( 2)  0.999
 607 I   0.97362 0.02638 ( 1)  0.076
 608 T   0.05261 0.94739 ( 2)  0.950
 609 K   0.97278 0.02722 ( 1)  0.077
 610 N   0.96760 0.03240 ( 1)  0.082
 611 Q   0.92170 0.07830 ( 1)  0.125
 612 V   0.96928 0.03072 ( 1)  0.080
 613 S   0.88568 0.11432 ( 1)  0.159
 614 R   0.00000 1.00000 ( 2)  1.000
 615 L   0.95110 0.04890 ( 1)  0.097
 616 L   0.86903 0.13097 ( 1)  0.175
 617 P   0.92216 0.07784 ( 1)  0.125
 618 E   0.96137 0.03863 ( 1)  0.088
 619 K   0.00001 0.99999 ( 2)  1.000
 620 F   0.96049 0.03951 ( 1)  0.088
 621 A   0.45372 0.54628 ( 2)  0.569
 622 E   0.96137 0.03863 ( 1)  0.088
 623 Q   0.92170 0.07830 ( 1)  0.125
 624 L   0.86960 0.13040 ( 1)  0.175
 625 I   0.97362 0.02638 ( 1)  0.076
 626 R   0.90300 0.09700 ( 1)  0.143
 627 V   0.94030 0.05970 ( 1)  0.108
 628 Y   0.95336 0.04664 ( 1)  0.095
 629 C   0.94708 0.05292 ( 1)  0.101
 630 K   0.96059 0.03941 ( 1)  0.088
 631 K   0.53692 0.46308 ( 1)  0.490
 632 M   0.02850 0.97150 ( 2)  0.973
 633 D   0.97725 0.02275 ( 1)  0.072
 634 R   0.00228 0.99772 ( 2)  0.998
 635 K   0.05894 0.94106 ( 2)  0.944
 636 S   0.97759 0.02241 ( 1)  0.072
 637 L   0.85946 0.14054 ( 1)  0.184
 638 Y   0.96766 0.03234 ( 1)  0.082
 639 A   0.95203 0.04797 ( 1)  0.096
 640 A   0.94208 0.05792 ( 1)  0.106
 641 K   0.00238 0.99762 ( 2)  0.998
 642 Q   0.93558 0.06442 ( 1)  0.112
 643 H   0.67728 0.32272 ( 1)  0.357
 644 F   0.96042 0.03958 ( 1)  0.088
 645 V   0.96928 0.03072 ( 1)  0.080
 646 Q   0.92483 0.07517 ( 1)  0.122
 647 W   0.85801 0.14199 ( 1)  0.186
 648 C   0.91639 0.08361 ( 1)  0.130
 649 A   0.00112 0.99888 ( 2)  0.999
 650 D   0.00269 0.99731 ( 2)  0.997
 651 R   0.00297 0.99703 ( 2)  0.997
 652 N   0.98444 0.01556 ( 1)  0.066
 653 F   0.92026 0.07974 ( 1)  0.127
 654 T   0.91939 0.08061 ( 1)  0.127
 655 K   0.96059 0.03941 ( 1)  0.088
 656 P   0.91786 0.08214 ( 1)  0.129
 657 Q   0.02821 0.97179 ( 2)  0.973
 658 -   0.71993 0.28007 ( 1)  0.317
 659 -   0.71957 0.28043 ( 1)  0.317
 660 -   0.71974 0.28026 ( 1)  0.317
 661 -   0.72017 0.27983 ( 1)  0.316
 662 -   0.71976 0.28024 ( 1)  0.317
 663 -   0.71946 0.28054 ( 1)  0.317
 664 -   0.11568 0.88432 ( 2)  0.890
 665 D   0.98546 0.01454 ( 1)  0.065
 666 G   0.93598 0.06402 ( 1)  0.112
 667 D   0.78830 0.21170 ( 1)  0.252
 668 V   0.96891 0.03109 ( 1)  0.080
 669 I   0.51507 0.48493 ( 1)  0.511
 670 A   0.92109 0.07891 ( 1)  0.126
 671 P   0.92163 0.07837 ( 1)  0.125
 672 L   0.92319 0.07681 ( 1)  0.124
 673 I   0.96885 0.03115 ( 1)  0.080
 674 T   0.93939 0.06061 ( 1)  0.108
 675 P   0.94921 0.05079 ( 1)  0.099
 676 Q   0.36915 0.63085 ( 2)  0.650
 677 K   0.96886 0.03114 ( 1)  0.080
 678 K   0.00000 1.00000 ( 2)  1.000
 679 E   0.96943 0.03057 ( 1)  0.080
 680 W   0.85751 0.14249 ( 1)  0.186
 681 N   0.97257 0.02743 ( 1)  0.077
 682 Y   0.00008 0.99992 ( 2)  1.000
 683 R   0.00000 1.00000 ( 2)  1.000
 684 T   0.00000 1.00000 ( 2)  1.000
 685 S   0.88484 0.11516 ( 1)  0.160
 686 V   0.00157 0.99843 ( 2)  0.999
 687 Q   0.03646 0.96354 ( 2)  0.965
 688 S   0.00019 0.99981 ( 2)  1.000
 689 P   0.37420 0.62580 ( 2)  0.645
 690 T   0.06501 0.93499 ( 2)  0.938
 691 R   0.00149 0.99851 ( 2)  0.999
 692 L   0.00006 0.99994 ( 2)  1.000
 693 R   0.01102 0.98898 ( 2)  0.990
 694 E   0.97291 0.02709 ( 1)  0.077
 695 A   0.94158 0.05842 ( 1)  0.106
 696 S   0.00100 0.99900 ( 2)  0.999
 697 K   0.64031 0.35969 ( 1)  0.392
 698 S   0.03419 0.96581 ( 2)  0.968
 699 R   0.49820 0.50180 ( 2)  0.527
 700 L   0.00000 1.00000 ( 2)  1.000
 701 Q   0.02880 0.97120 ( 2)  0.973
 702 L   0.95293 0.04707 ( 1)  0.096
 703 F   0.95783 0.04217 ( 1)  0.091
 704 K   0.06174 0.93826 ( 2)  0.941
 705 D   0.98600 0.01400 ( 1)  0.064
 706 D   0.55592 0.44408 ( 1)  0.472
 707 P   0.02503 0.97497 ( 2)  0.976
 708 R   0.00000 1.00000 ( 2)  1.000
 709 -   0.71867 0.28133 ( 1)  0.318
 710 -   0.71867 0.28133 ( 1)  0.318
 711 -   0.71867 0.28133 ( 1)  0.318
 712 -   0.71867 0.28133 ( 1)  0.318
 713 -   0.71867 0.28133 ( 1)  0.318
 714 -   0.71867 0.28133 ( 1)  0.318
 715 -   0.71867 0.28133 ( 1)  0.318
 716 -   0.71867 0.28133 ( 1)  0.318
 717 -   0.71867 0.28133 ( 1)  0.318
 718 -   0.71867 0.28133 ( 1)  0.318
 719 -   0.71867 0.28133 ( 1)  0.318
 720 -   0.71867 0.28133 ( 1)  0.318
 721 -   0.71867 0.28133 ( 1)  0.318
 722 -   0.71867 0.28133 ( 1)  0.318
 723 -   0.71867 0.28133 ( 1)  0.318
 724 -   0.71867 0.28133 ( 1)  0.318
 725 -   0.71867 0.28133 ( 1)  0.318
 726 -   0.71867 0.28133 ( 1)  0.318
 727 -   0.71867 0.28133 ( 1)  0.318
 728 -   0.71867 0.28133 ( 1)  0.318
 729 -   0.71867 0.28133 ( 1)  0.318
 730 -   0.71867 0.28133 ( 1)  0.318
 731 -   0.71867 0.28133 ( 1)  0.318
 732 -   0.71867 0.28133 ( 1)  0.318
 733 -   0.71867 0.28133 ( 1)  0.318
 734 -   0.71867 0.28133 ( 1)  0.318
 735 -   0.71867 0.28133 ( 1)  0.318
 736 -   0.71867 0.28133 ( 1)  0.318
 737 -   0.71867 0.28133 ( 1)  0.318
 738 -   0.71867 0.28133 ( 1)  0.318
 739 -   0.71867 0.28133 ( 1)  0.318
 740 -   0.71867 0.28133 ( 1)  0.318
 741 -   0.71867 0.28133 ( 1)  0.318


lnL = -8219.628511

