Supplemental results for CODEML (seqf: algn  treef: tree)


dN/dS (w) for site classes (K=3)

p:   0.71210  0.25179  0.03611
w:   0.05855  1.00000  4.63460

Naive Empirical Bayes (NEB) probabilities for 3 classes & postmean_w & P(w>1)
(amino acids refer to 1st sequence: allNig_SAMHD1_JN936900)

   1 -   0.71210 0.25179 0.03611 ( 1)  0.461  0.036
   2 -   0.71210 0.25179 0.03611 ( 1)  0.461  0.036
   3 -   0.71210 0.25179 0.03611 ( 1)  0.461  0.036
   4 -   0.71210 0.25179 0.03611 ( 1)  0.461  0.036
   5 -   0.71210 0.25179 0.03611 ( 1)  0.461  0.036
   6 -   0.71210 0.25179 0.03611 ( 1)  0.461  0.036
   7 -   0.71210 0.25179 0.03611 ( 1)  0.461  0.036
   8 -   0.71210 0.25179 0.03611 ( 1)  0.461  0.036
   9 -   0.71210 0.25179 0.03611 ( 1)  0.461  0.036
  10 -   0.71210 0.25179 0.03611 ( 1)  0.461  0.036
  11 -   0.71210 0.25179 0.03611 ( 1)  0.461  0.036
  12 -   0.71210 0.25179 0.03611 ( 1)  0.461  0.036
  13 -   0.71210 0.25179 0.03611 ( 1)  0.461  0.036
  14 -   0.71210 0.25179 0.03611 ( 1)  0.461  0.036
  15 -   0.71210 0.25179 0.03611 ( 1)  0.461  0.036
  16 -   0.71210 0.25179 0.03611 ( 1)  0.461  0.036
  17 -   0.71210 0.25179 0.03611 ( 1)  0.461  0.036
  18 -   0.71210 0.25179 0.03611 ( 1)  0.461  0.036
  19 -   0.71210 0.25179 0.03611 ( 1)  0.461  0.036
  20 -   0.71210 0.25179 0.03611 ( 1)  0.461  0.036
  21 -   0.71210 0.25179 0.03611 ( 1)  0.461  0.036
  22 -   0.71210 0.25179 0.03611 ( 1)  0.461  0.036
  23 -   0.71210 0.25179 0.03611 ( 1)  0.461  0.036
  24 -   0.71210 0.25179 0.03611 ( 1)  0.461  0.036
  25 -   0.71210 0.25179 0.03611 ( 1)  0.461  0.036
  26 -   0.71210 0.25179 0.03611 ( 1)  0.461  0.036
  27 -   0.71210 0.25179 0.03611 ( 1)  0.461  0.036
  28 -   0.71210 0.25179 0.03611 ( 1)  0.461  0.036
  29 -   0.85677 0.14114 0.00209 ( 1)  0.201  0.002
  30 -   0.79021 0.19994 0.00986 ( 1)  0.292  0.010
  31 -   0.00494 0.42628 0.56878 ( 3)  3.063  0.569
  32 -   0.82887 0.16718 0.00395 ( 1)  0.234  0.004
  33 -   0.16291 0.69060 0.14649 ( 2)  1.379  0.146
  34 -   0.16763 0.68926 0.14311 ( 2)  1.362  0.143
  35 -   0.80845 0.18525 0.00631 ( 1)  0.262  0.006
  36 -   0.55858 0.29175 0.14967 ( 1)  1.018  0.150
  37 -   0.17813 0.70547 0.11639 ( 2)  1.255  0.116
  38 -   0.03502 0.45365 0.51133 ( 3)  2.826  0.511
  39 -   0.77664 0.21104 0.01232 ( 1)  0.314  0.012
  40 -   0.78822 0.20231 0.00948 ( 1)  0.292  0.009
  41 -   0.17591 0.69881 0.12528 ( 2)  1.290  0.125
  42 -   0.80239 0.19067 0.00694 ( 1)  0.270  0.007
  43 -   0.77664 0.21104 0.01232 ( 1)  0.314  0.012
  44 -   0.80239 0.19067 0.00694 ( 1)  0.270  0.007
  45 -   0.17887 0.70647 0.11466 ( 2)  1.248  0.115
  46 -   0.81648 0.17840 0.00511 ( 1)  0.250  0.005
  47 -   0.77272 0.21464 0.01263 ( 1)  0.318  0.013
  48 -   0.80744 0.18612 0.00643 ( 1)  0.263  0.006
  49 -   0.79420 0.19731 0.00848 ( 1)  0.283  0.008
  50 -   0.79613 0.19572 0.00815 ( 1)  0.280  0.008
  51 -   0.80666 0.18702 0.00631 ( 1)  0.263  0.006
  52 -   0.77236 0.21471 0.01293 ( 1)  0.320  0.013
  53 -   0.84377 0.15333 0.00290 ( 1)  0.216  0.003
  54 -   0.00584 0.46141 0.53276 ( 3)  2.931  0.533
  55 -   0.77664 0.21104 0.01232 ( 1)  0.314  0.012
  56 -   0.79559 0.19662 0.00780 ( 1)  0.279  0.008
  57 -   0.79613 0.19572 0.00815 ( 1)  0.280  0.008
  58 -   0.74376 0.23439 0.02185 ( 1)  0.379  0.022
  59 -   0.79475 0.19653 0.00873 ( 1)  0.284  0.009
  60 -   0.24433 0.70429 0.05137 ( 2)  0.957  0.051
  61 -   0.20162 0.71631 0.08207 ( 2)  1.108  0.082
  62 -   0.18862 0.70601 0.10537 ( 2)  1.205  0.105
  63 M   0.95604 0.04396 0.00000 ( 1)  0.100  0.000
  64 Q   0.89401 0.10573 0.00026 ( 1)  0.159  0.000
  65 Q   0.02522 0.92060 0.05417 ( 2)  1.173  0.054
  66 A   0.89868 0.10111 0.00020 ( 1)  0.155  0.000
  67 D   0.48779 0.51159 0.00062 ( 2)  0.543  0.001
  68 -   0.00000 0.01065 0.98935 ( 3)  4.596  0.989
  69 -   0.41364 0.58412 0.00224 ( 2)  0.619  0.002
  70 S   0.75560 0.22702 0.01738 ( 1)  0.352  0.017
  71 D   0.79356 0.19883 0.00761 ( 1)  0.281  0.008
  72 Q   0.89401 0.10573 0.00026 ( 1)  0.159  0.000
  73 P   0.87813 0.12136 0.00051 ( 1)  0.175  0.001
  74 S   0.87220 0.12713 0.00067 ( 1)  0.181  0.001
  75 K   0.93774 0.06223 0.00002 ( 1)  0.117  0.000
  76 R   0.88291 0.11661 0.00047 ( 1)  0.170  0.000
  77 P   0.29337 0.69307 0.01356 ( 2)  0.773  0.014
  78 R   0.92878 0.07118 0.00005 ( 1)  0.126  0.000
  79 F   0.00088 0.65484 0.34428 ( 2)  2.250  0.344
  80 D   0.97216 0.02783 0.00000 ( 1)  0.085  0.000
  81 D   0.45472 0.54433 0.00095 ( 2)  0.575  0.001
  82 S   0.92023 0.07971 0.00006 ( 1)  0.134  0.000
  83 P   0.88374 0.11584 0.00041 ( 1)  0.169  0.000
  84 R   0.44393 0.55499 0.00108 ( 2)  0.586  0.001
  85 T   0.89838 0.10141 0.00020 ( 1)  0.155  0.000
  86 P   0.88218 0.11737 0.00045 ( 1)  0.171  0.000
  87 S   0.02312 0.90157 0.07531 ( 2)  1.252  0.075
  88 S   0.00217 0.93383 0.06400 ( 2)  1.231  0.064
  89 T   0.90740 0.09246 0.00014 ( 1)  0.146  0.000
  90 P   0.42320 0.57522 0.00158 ( 2)  0.607  0.002
  91 S   0.86546 0.13371 0.00083 ( 1)  0.188  0.001
  92 A   0.91922 0.08071 0.00007 ( 1)  0.135  0.000
  93 E   0.42773 0.57074 0.00153 ( 2)  0.603  0.002
  94 A   0.39893 0.59874 0.00234 ( 2)  0.633  0.002
  95 D   0.45472 0.54433 0.00095 ( 2)  0.575  0.001
  96 W   0.00000 0.00574 0.99426 ( 3)  4.614  0.994
  97 S   0.26871 0.71069 0.02060 ( 2)  0.822  0.021
  98 P   0.00931 0.67374 0.31696 ( 2)  2.143  0.317
  99 G   0.91019 0.08970 0.00011 ( 1)  0.144  0.000
 100 L   0.00048 0.45765 0.54187 ( 3)  2.969  0.542
 101 E   0.00372 0.97714 0.01914 ( 2)  1.066  0.019
 102 L   0.88177 0.11777 0.00046 ( 1)  0.172  0.000
 103 H   0.53243 0.46722 0.00035 ( 1)  0.500  0.000
 104 P   0.29946 0.68835 0.01219 ( 2)  0.762  0.012
 105 D   0.94102 0.05896 0.00002 ( 1)  0.114  0.000
 106 Y   0.03167 0.93841 0.02991 ( 2)  1.079  0.030
 107 K   0.93774 0.06223 0.00002 ( 1)  0.117  0.000
 108 T   0.90621 0.09364 0.00014 ( 1)  0.147  0.000
 109 W   0.83947 0.15846 0.00207 ( 1)  0.217  0.002
 110 G   0.00014 0.84800 0.15186 ( 2)  1.552  0.152
 111 P   0.87703 0.12243 0.00054 ( 1)  0.176  0.001
 112 E   0.93850 0.06148 0.00002 ( 1)  0.117  0.000
 113 Q   0.89401 0.10573 0.00026 ( 1)  0.159  0.000
 114 V   0.90142 0.09839 0.00019 ( 1)  0.152  0.000
 115 C   0.87766 0.12184 0.00050 ( 1)  0.176  0.001
 116 F   0.00083 0.63243 0.36674 ( 2)  2.332  0.367
 117 F   0.90416 0.09568 0.00017 ( 1)  0.149  0.000
 118 L   0.88153 0.11801 0.00046 ( 1)  0.172  0.000
 119 R   0.00045 0.67527 0.32428 ( 2)  2.178  0.324
 120 R   0.31701 0.67411 0.00888 ( 2)  0.734  0.009
 121 G   0.55300 0.44680 0.00019 ( 1)  0.480  0.000
 122 G   0.90963 0.09025 0.00011 ( 1)  0.144  0.000
 123 F   0.91572 0.08420 0.00008 ( 1)  0.138  0.000
 124 G   0.00310 0.96960 0.02730 ( 2)  1.096  0.027
 125 E   0.93850 0.06148 0.00002 ( 1)  0.117  0.000
 126 P   0.29574 0.69104 0.01323 ( 2)  0.770  0.013
 127 A   0.00000 0.18149 0.81851 ( 3)  3.975  0.819
 128 L   0.84849 0.14991 0.00160 ( 1)  0.207  0.002
 129 L   0.02134 0.89088 0.08778 ( 2)  1.299  0.088
 130 K   0.46710 0.53204 0.00086 ( 2)  0.563  0.001
 131 N   0.47885 0.52043 0.00073 ( 2)  0.552  0.001
 132 I   0.35011 0.64470 0.00519 ( 2)  0.689  0.005
 133 R   0.00000 0.10402 0.89598 ( 3)  4.257  0.896
 134 E   0.95318 0.04681 0.00001 ( 1)  0.103  0.000
 135 N   0.96199 0.03801 0.00000 ( 1)  0.094  0.000
 136 K   0.53691 0.46277 0.00032 ( 1)  0.496  0.000
 137 I   0.91230 0.08760 0.00011 ( 1)  0.142  0.000
 138 T   0.91734 0.08258 0.00007 ( 1)  0.137  0.000
 139 G   0.90980 0.09009 0.00011 ( 1)  0.144  0.000
 140 A   0.00115 0.74782 0.25103 ( 2)  1.911  0.251
 141 L   0.84685 0.15149 0.00166 ( 1)  0.209  0.002
 142 L   0.84849 0.14991 0.00160 ( 1)  0.207  0.002
 143 P   0.28802 0.69731 0.01467 ( 2)  0.782  0.015
 144 C   0.42778 0.57082 0.00141 ( 2)  0.602  0.001
 145 L   0.92965 0.07031 0.00004 ( 1)  0.125  0.000
 146 D   0.97216 0.02783 0.00000 ( 1)  0.085  0.000
 147 E   0.93905 0.06093 0.00002 ( 1)  0.116  0.000
 148 S   0.91298 0.08693 0.00009 ( 1)  0.141  0.000
 149 H   0.06676 0.93055 0.00269 ( 2)  0.947  0.003
 150 F   0.45483 0.54427 0.00090 ( 2)  0.575  0.001
 151 E   0.95318 0.04681 0.00001 ( 1)  0.103  0.000
 152 N   0.09487 0.90437 0.00075 ( 2)  0.913  0.001
 153 L   0.92965 0.07031 0.00004 ( 1)  0.125  0.000
 154 G   0.92635 0.07361 0.00004 ( 1)  0.128  0.000
 155 V   0.03727 0.94548 0.01725 ( 2)  1.028  0.017
 156 S   0.58057 0.41931 0.00012 ( 1)  0.454  0.000
 157 S   0.26399 0.71353 0.02247 ( 2)  0.833  0.022
 158 L   0.01339 0.75129 0.23531 ( 2)  1.843  0.235
 159 G   0.27347 0.70794 0.01859 ( 2)  0.810  0.019
 160 E   0.93633 0.06365 0.00003 ( 1)  0.119  0.000
 161 R   0.91357 0.08634 0.00009 ( 1)  0.140  0.000
 162 K   0.93510 0.06488 0.00003 ( 1)  0.120  0.000
 163 K   0.39175 0.60573 0.00252 ( 2)  0.640  0.003
 164 L   0.84602 0.15224 0.00174 ( 1)  0.210  0.002
 165 L   0.92692 0.07303 0.00005 ( 1)  0.128  0.000
 166 S   0.95760 0.04240 0.00000 ( 1)  0.098  0.000
 167 Y   0.49870 0.50081 0.00048 ( 2)  0.532  0.000
 168 I   0.90948 0.09040 0.00012 ( 1)  0.144  0.000
 169 Q   0.89161 0.10810 0.00029 ( 1)  0.162  0.000
 170 R   0.29646 0.69014 0.01341 ( 2)  0.770  0.013
 171 L   0.00063 0.57277 0.42660 ( 2)  2.550  0.427
 172 G   0.00391 0.98345 0.01264 ( 2)  1.042  0.013
 173 Q   0.90307 0.09675 0.00018 ( 1)  0.150  0.000
 174 I   0.03486 0.94273 0.02241 ( 2)  1.049  0.022
 175 H   0.03163 0.93840 0.02997 ( 2)  1.079  0.030
 176 I   0.00001 0.68435 0.31564 ( 2)  2.147  0.316
 177 D   0.96877 0.03123 0.00000 ( 1)  0.088  0.000
 178 T   0.91431 0.08560 0.00009 ( 1)  0.140  0.000
 179 M   0.62544 0.37450 0.00006 ( 1)  0.411  0.000
 180 K   0.52736 0.47229 0.00034 ( 1)  0.505  0.000
 181 V   0.94200 0.05798 0.00002 ( 1)  0.113  0.000
 182 I   0.96492 0.03508 0.00000 ( 1)  0.092  0.000
 183 N   0.98018 0.01982 0.00000 ( 1)  0.077  0.000
 184 D   0.98025 0.01975 0.00000 ( 1)  0.077  0.000
 185 P   0.93941 0.06058 0.00002 ( 1)  0.116  0.000
 186 I   0.92599 0.07396 0.00005 ( 1)  0.128  0.000
 187 H   0.96741 0.03258 0.00000 ( 1)  0.089  0.000
 188 G   0.92341 0.07654 0.00005 ( 1)  0.131  0.000
 189 H   0.93438 0.06559 0.00003 ( 1)  0.120  0.000
 190 I   0.96492 0.03508 0.00000 ( 1)  0.092  0.000
 191 E   0.95132 0.04867 0.00001 ( 1)  0.104  0.000
 192 L   0.89553 0.10422 0.00025 ( 1)  0.158  0.000
 193 H   0.93451 0.06546 0.00003 ( 1)  0.120  0.000
 194 P   0.93941 0.06058 0.00002 ( 1)  0.116  0.000
 195 L   0.90358 0.09625 0.00017 ( 1)  0.150  0.000
 196 L   0.89711 0.10266 0.00023 ( 1)  0.156  0.000
 197 V   0.03300 0.94199 0.02501 ( 2)  1.060  0.025
 198 R   0.89507 0.10469 0.00025 ( 1)  0.158  0.000
 199 I   0.92599 0.07396 0.00005 ( 1)  0.128  0.000
 200 I   0.96067 0.03933 0.00000 ( 1)  0.096  0.000
 201 D   0.97654 0.02346 0.00000 ( 1)  0.081  0.000
 202 T   0.92614 0.07382 0.00005 ( 1)  0.128  0.000
 203 P   0.93941 0.06058 0.00002 ( 1)  0.116  0.000
 204 Q   0.92293 0.07701 0.00006 ( 1)  0.131  0.000
 205 F   0.94997 0.05002 0.00001 ( 1)  0.106  0.000
 206 Q   0.91796 0.08196 0.00008 ( 1)  0.136  0.000
 207 R   0.93435 0.06562 0.00003 ( 1)  0.120  0.000
 208 L   0.94242 0.05757 0.00002 ( 1)  0.113  0.000
 209 R   0.89529 0.10447 0.00024 ( 1)  0.158  0.000
 210 Y   0.94210 0.05789 0.00002 ( 1)  0.113  0.000
 211 I   0.94151 0.05847 0.00002 ( 1)  0.114  0.000
 212 K   0.96370 0.03630 0.00000 ( 1)  0.093  0.000
 213 Q   0.90791 0.09196 0.00013 ( 1)  0.146  0.000
 214 L   0.85759 0.14121 0.00120 ( 1)  0.197  0.001
 215 G   0.93958 0.06040 0.00002 ( 1)  0.115  0.000
 216 G   0.96104 0.03895 0.00000 ( 1)  0.095  0.000
 217 G   0.96571 0.03429 0.00000 ( 1)  0.091  0.000
 218 Y   0.92454 0.07541 0.00005 ( 1)  0.130  0.000
 219 Y   0.95831 0.04169 0.00000 ( 1)  0.098  0.000
 220 V   0.96036 0.03964 0.00000 ( 1)  0.096  0.000
 221 F   0.94889 0.05111 0.00001 ( 1)  0.107  0.000
 222 P   0.91204 0.08786 0.00010 ( 1)  0.142  0.000
 223 G   0.93958 0.06040 0.00002 ( 1)  0.115  0.000
 224 A   0.95582 0.04418 0.00000 ( 1)  0.100  0.000
 225 S   0.88018 0.11936 0.00047 ( 1)  0.173  0.000
 226 H   0.93438 0.06559 0.00003 ( 1)  0.120  0.000
 227 N   0.98018 0.01982 0.00000 ( 1)  0.077  0.000
 228 R   0.89529 0.10447 0.00024 ( 1)  0.158  0.000
 229 F   0.94997 0.05002 0.00001 ( 1)  0.106  0.000
 230 E   0.95271 0.04728 0.00001 ( 1)  0.103  0.000
 231 H   0.96741 0.03258 0.00000 ( 1)  0.089  0.000
 232 S   0.96997 0.03003 0.00000 ( 1)  0.087  0.000
 233 L   0.88211 0.11744 0.00045 ( 1)  0.171  0.000
 234 G   0.92202 0.07793 0.00005 ( 1)  0.132  0.000
 235 V   0.92452 0.07541 0.00007 ( 1)  0.130  0.000
 236 G   0.92202 0.07793 0.00005 ( 1)  0.132  0.000
 237 Y   0.95831 0.04169 0.00000 ( 1)  0.098  0.000
 238 L   0.89036 0.10931 0.00033 ( 1)  0.163  0.000
 239 A   0.93147 0.06850 0.00003 ( 1)  0.123  0.000
 240 G   0.93951 0.06047 0.00002 ( 1)  0.116  0.000
 241 C   0.93742 0.06256 0.00002 ( 1)  0.118  0.000
 242 L   0.88211 0.11744 0.00045 ( 1)  0.171  0.000
 243 V   0.95814 0.04186 0.00000 ( 1)  0.098  0.000
 244 R   0.03901 0.94410 0.01689 ( 2)  1.025  0.017
 245 A   0.92924 0.07073 0.00004 ( 1)  0.125  0.000
 246 L   0.86772 0.13148 0.00080 ( 1)  0.186  0.001
 247 G   0.51544 0.48424 0.00031 ( 1)  0.516  0.000
 248 E   0.60546 0.39443 0.00011 ( 1)  0.430  0.000
 249 K   0.96257 0.03743 0.00000 ( 1)  0.094  0.000
 250 Q   0.92304 0.07691 0.00006 ( 1)  0.131  0.000
 251 P   0.91245 0.08745 0.00010 ( 1)  0.141  0.000
 252 E   0.95088 0.04911 0.00001 ( 1)  0.105  0.000
 253 L   0.86122 0.13776 0.00102 ( 1)  0.193  0.001
 254 Q   0.38151 0.61530 0.00319 ( 2)  0.652  0.003
 255 I   0.96065 0.03935 0.00000 ( 1)  0.096  0.000
 256 S   0.96997 0.03003 0.00000 ( 1)  0.087  0.000
 257 E   0.96412 0.03588 0.00000 ( 1)  0.092  0.000
 258 R   0.89529 0.10447 0.00024 ( 1)  0.158  0.000
 259 D   0.97883 0.02117 0.00000 ( 1)  0.078  0.000
 260 I   0.08830 0.91101 0.00069 ( 2)  0.919  0.001
 261 L   0.89358 0.10615 0.00027 ( 1)  0.160  0.000
 262 C   0.93707 0.06291 0.00002 ( 1)  0.118  0.000
 263 V   0.96036 0.03964 0.00000 ( 1)  0.096  0.000
 264 Q   0.90791 0.09196 0.00013 ( 1)  0.146  0.000
 265 I   0.96492 0.03508 0.00000 ( 1)  0.092  0.000
 266 A   0.95732 0.04267 0.00000 ( 1)  0.099  0.000
 267 G   0.92916 0.07081 0.00003 ( 1)  0.125  0.000
 268 L   0.94262 0.05736 0.00002 ( 1)  0.113  0.000
 269 C   0.93966 0.06033 0.00001 ( 1)  0.115  0.000
 270 H   0.96910 0.03090 0.00000 ( 1)  0.088  0.000
 271 D   0.97883 0.02117 0.00000 ( 1)  0.078  0.000
 272 L   0.91826 0.08165 0.00008 ( 1)  0.136  0.000
 273 G   0.96571 0.03429 0.00000 ( 1)  0.091  0.000
 274 H   0.96741 0.03258 0.00000 ( 1)  0.089  0.000
 275 G   0.92438 0.07558 0.00005 ( 1)  0.130  0.000
 276 P   0.91485 0.08507 0.00009 ( 1)  0.139  0.000
 277 F   0.95203 0.04796 0.00001 ( 1)  0.104  0.000
 278 S   0.92901 0.07096 0.00003 ( 1)  0.125  0.000
 279 H   0.94961 0.05038 0.00001 ( 1)  0.106  0.000
 280 M   0.96838 0.03162 0.00000 ( 1)  0.088  0.000
 281 F   0.95203 0.04796 0.00001 ( 1)  0.104  0.000
 282 D   0.98151 0.01849 0.00000 ( 1)  0.076  0.000
 283 G   0.94179 0.05819 0.00001 ( 1)  0.113  0.000
 284 R   0.91599 0.08387 0.00014 ( 1)  0.138  0.000
 285 F   0.95203 0.04796 0.00001 ( 1)  0.104  0.000
 286 I   0.96667 0.03333 0.00000 ( 1)  0.090  0.000
 287 P   0.91475 0.08516 0.00009 ( 1)  0.139  0.000
 288 L   0.94480 0.05519 0.00001 ( 1)  0.111  0.000
 289 A   0.95925 0.04075 0.00000 ( 1)  0.097  0.000
 290 R   0.90525 0.09461 0.00014 ( 1)  0.148  0.000
 291 P   0.90123 0.09859 0.00018 ( 1)  0.152  0.000
 292 E   0.95303 0.04696 0.00001 ( 1)  0.103  0.000
 293 V   0.36349 0.63193 0.00459 ( 2)  0.674  0.005
 294 K   0.96549 0.03451 0.00000 ( 1)  0.091  0.000
 295 W   0.85373 0.14500 0.00127 ( 1)  0.201  0.001
 296 T   0.39167 0.60580 0.00254 ( 2)  0.640  0.003
 297 H   0.96901 0.03099 0.00000 ( 1)  0.088  0.000
 298 E   0.96589 0.03410 0.00000 ( 1)  0.091  0.000
 299 Q   0.41326 0.58470 0.00204 ( 2)  0.618  0.002
 300 G   0.92576 0.07420 0.00004 ( 1)  0.129  0.000
 301 S   0.88121 0.11834 0.00045 ( 1)  0.172  0.000
 302 V   0.96223 0.03777 0.00000 ( 1)  0.094  0.000
 303 M   0.56766 0.43217 0.00017 ( 1)  0.466  0.000
 304 M   0.96838 0.03162 0.00000 ( 1)  0.088  0.000
 305 F   0.95203 0.04796 0.00001 ( 1)  0.104  0.000
 306 E   0.95293 0.04707 0.00001 ( 1)  0.103  0.000
 307 H   0.93825 0.06173 0.00002 ( 1)  0.117  0.000
 308 L   0.91152 0.08837 0.00011 ( 1)  0.142  0.000
 309 I   0.08673 0.91239 0.00088 ( 2)  0.922  0.001
 310 N   0.98145 0.01855 0.00000 ( 1)  0.076  0.000
 311 S   0.92901 0.07096 0.00003 ( 1)  0.125  0.000
 312 N   0.98137 0.01863 0.00000 ( 1)  0.076  0.000
 313 G   0.94179 0.05819 0.00001 ( 1)  0.113  0.000
 314 I   0.37551 0.62091 0.00359 ( 2)  0.660  0.004
 315 K   0.54373 0.45597 0.00030 ( 1)  0.489  0.000
 316 P   0.53374 0.46595 0.00031 ( 1)  0.499  0.000
 317 V   0.03647 0.94415 0.01939 ( 2)  1.036  0.019
 318 M   0.96838 0.03162 0.00000 ( 1)  0.088  0.000
 319 E   0.96589 0.03410 0.00000 ( 1)  0.091  0.000
 320 H   0.00000 0.01619 0.98381 ( 3)  4.576  0.984
 321 Y   0.96021 0.03978 0.00000 ( 1)  0.096  0.000
 322 G   0.96744 0.03256 0.00000 ( 1)  0.089  0.000
 323 L   0.89991 0.09989 0.00020 ( 1)  0.154  0.000
 324 I   0.43102 0.56743 0.00155 ( 2)  0.600  0.002
 325 P   0.94142 0.05857 0.00001 ( 1)  0.114  0.000
 326 E   0.96589 0.03410 0.00000 ( 1)  0.091  0.000
 327 E   0.96589 0.03410 0.00000 ( 1)  0.091  0.000
 328 D   0.98140 0.01860 0.00000 ( 1)  0.076  0.000
 329 I   0.96667 0.03333 0.00000 ( 1)  0.090  0.000
 330 C   0.89421 0.10555 0.00024 ( 1)  0.159  0.000
 331 F   0.95203 0.04796 0.00001 ( 1)  0.104  0.000
 332 I   0.43771 0.56090 0.00139 ( 2)  0.593  0.001
 333 K   0.95224 0.04775 0.00001 ( 1)  0.104  0.000
 334 E   0.96589 0.03410 0.00000 ( 1)  0.091  0.000
 335 Q   0.41897 0.57928 0.00175 ( 2)  0.612  0.002
 336 I   0.96667 0.03333 0.00000 ( 1)  0.090  0.000
 337 V   0.04387 0.94674 0.00939 ( 2)  0.993  0.009
 338 G   0.94171 0.05827 0.00001 ( 1)  0.113  0.000
 339 P   0.91485 0.08507 0.00009 ( 1)  0.139  0.000
 340 L   0.48799 0.51140 0.00061 ( 2)  0.543  0.001
 341 E   0.96483 0.03516 0.00000 ( 1)  0.092  0.000
 342 S   0.30331 0.68539 0.01130 ( 2)  0.756  0.011
 343 P   0.46689 0.53231 0.00080 ( 2)  0.563  0.001
 344 V   0.00212 0.91489 0.08299 ( 2)  1.300  0.083
 345 -   0.91504 0.08480 0.00016 ( 1)  0.139  0.000
 346 K   0.00031 0.97524 0.02444 ( 2)  1.089  0.024
 347 G   0.13800 0.86173 0.00027 ( 2)  0.871  0.000
 348 V   0.00081 0.86473 0.13446 ( 2)  1.488  0.134
 349 L   0.25885 0.71618 0.02497 ( 2)  0.847  0.025
 350 W   0.85373 0.14500 0.00127 ( 1)  0.201  0.001
 351 P   0.91430 0.08561 0.00009 ( 1)  0.140  0.000
 352 Y   0.95997 0.04003 0.00000 ( 1)  0.096  0.000
 353 K   0.96441 0.03559 0.00000 ( 1)  0.092  0.000
 354 G   0.92438 0.07558 0.00005 ( 1)  0.130  0.000
 355 R   0.95140 0.04859 0.00001 ( 1)  0.104  0.000
 356 P   0.94162 0.05837 0.00001 ( 1)  0.114  0.000
 357 E   0.08366 0.91522 0.00111 ( 2)  0.925  0.001
 358 R   0.00019 0.90754 0.09227 ( 2)  1.335  0.092
 359 K   0.96549 0.03451 0.00000 ( 1)  0.091  0.000
 360 S   0.93597 0.06401 0.00002 ( 1)  0.119  0.000
 361 F   0.91146 0.08844 0.00010 ( 1)  0.142  0.000
 362 L   0.94229 0.05769 0.00001 ( 1)  0.113  0.000
 363 Y   0.96021 0.03978 0.00000 ( 1)  0.096  0.000
 364 E   0.95293 0.04707 0.00001 ( 1)  0.103  0.000
 365 I   0.60291 0.39699 0.00010 ( 1)  0.433  0.000
 366 V   0.91974 0.08018 0.00008 ( 1)  0.134  0.000
 367 S   0.49850 0.50097 0.00053 ( 2)  0.533  0.001
 368 N   0.98134 0.01866 0.00000 ( 1)  0.076  0.000
 369 K   0.96549 0.03451 0.00000 ( 1)  0.091  0.000
 370 R   0.94667 0.05332 0.00001 ( 1)  0.109  0.000
 371 N   0.98145 0.01855 0.00000 ( 1)  0.076  0.000
 372 G   0.92576 0.07420 0.00004 ( 1)  0.129  0.000
 373 I   0.61268 0.38723 0.00009 ( 1)  0.424  0.000
 374 D   0.98151 0.01849 0.00000 ( 1)  0.076  0.000
 375 V   0.91768 0.08224 0.00008 ( 1)  0.136  0.000
 376 D   0.95521 0.04479 0.00000 ( 1)  0.101  0.000
 377 K   0.96030 0.03970 0.00000 ( 1)  0.096  0.000
 378 W   0.85373 0.14500 0.00127 ( 1)  0.201  0.001
 379 D   0.98151 0.01849 0.00000 ( 1)  0.076  0.000
 380 Y   0.96021 0.03978 0.00000 ( 1)  0.096  0.000
 381 F   0.95203 0.04796 0.00001 ( 1)  0.104  0.000
 382 A   0.91496 0.08496 0.00009 ( 1)  0.139  0.000
 383 R   0.93225 0.06772 0.00003 ( 1)  0.122  0.000
 384 D   0.95561 0.04439 0.00000 ( 1)  0.100  0.000
 385 C   0.89374 0.10601 0.00024 ( 1)  0.159  0.000
 386 H   0.96910 0.03090 0.00000 ( 1)  0.088  0.000
 387 H   0.96910 0.03090 0.00000 ( 1)  0.088  0.000
 388 L   0.94480 0.05519 0.00001 ( 1)  0.111  0.000
 389 G   0.94174 0.05824 0.00001 ( 1)  0.113  0.000
 390 I   0.92833 0.07163 0.00004 ( 1)  0.126  0.000
 391 Q   0.92527 0.07468 0.00005 ( 1)  0.129  0.000
 392 N   0.98145 0.01855 0.00000 ( 1)  0.076  0.000
 393 N   0.98145 0.01855 0.00000 ( 1)  0.076  0.000
 394 F   0.95133 0.04867 0.00001 ( 1)  0.104  0.000
 395 D   0.98151 0.01849 0.00000 ( 1)  0.076  0.000
 396 Y   0.91680 0.08313 0.00008 ( 1)  0.137  0.000
 397 K   0.00364 0.98032 0.01604 ( 2)  1.055  0.016
 398 R   0.91703 0.08290 0.00007 ( 1)  0.137  0.000
 399 F   0.94629 0.05370 0.00001 ( 1)  0.109  0.000
 400 I   0.96667 0.03333 0.00000 ( 1)  0.090  0.000
 401 K   0.95261 0.04739 0.00001 ( 1)  0.103  0.000
 402 F   0.95203 0.04796 0.00001 ( 1)  0.104  0.000
 403 A   0.91686 0.08306 0.00008 ( 1)  0.137  0.000
 404 R   0.95140 0.04859 0.00001 ( 1)  0.104  0.000
 405 V   0.91908 0.08085 0.00007 ( 1)  0.135  0.000
 406 C   0.93966 0.06033 0.00001 ( 1)  0.115  0.000
 407 E   0.62042 0.37949 0.00009 ( 1)  0.416  0.000
 408 V   0.93772 0.06226 0.00002 ( 1)  0.117  0.000
 409 G   0.00001 0.78729 0.21270 ( 2)  1.773  0.213
 410 N   0.00644 0.98894 0.00462 ( 2)  1.011  0.005
 411 E   0.06054 0.93620 0.00326 ( 2)  0.955  0.003
 412 L   0.03148 0.92687 0.04165 ( 2)  1.122  0.042
 413 H   0.00026 0.94133 0.05842 ( 2)  1.212  0.058
 414 I   0.96667 0.03333 0.00000 ( 1)  0.090  0.000
 415 C   0.93966 0.06033 0.00001 ( 1)  0.115  0.000
 416 A   0.56565 0.43419 0.00017 ( 1)  0.468  0.000
 417 R   0.50917 0.49045 0.00037 ( 1)  0.522  0.000
 418 D   0.98018 0.01982 0.00000 ( 1)  0.077  0.000
 419 K   0.95224 0.04775 0.00001 ( 1)  0.104  0.000
 420 E   0.96189 0.03811 0.00000 ( 1)  0.094  0.000
 421 V   0.96223 0.03777 0.00000 ( 1)  0.094  0.000
 422 G   0.94176 0.05823 0.00001 ( 1)  0.113  0.000
 423 N   0.98072 0.01928 0.00000 ( 1)  0.077  0.000
 424 L   0.86331 0.13574 0.00094 ( 1)  0.191  0.001
 425 Y   0.96021 0.03978 0.00000 ( 1)  0.096  0.000
 426 D   0.95520 0.04479 0.00000 ( 1)  0.101  0.000
 427 M   0.96838 0.03162 0.00000 ( 1)  0.088  0.000
 428 F   0.91146 0.08844 0.00010 ( 1)  0.142  0.000
 429 H   0.93665 0.06333 0.00002 ( 1)  0.118  0.000
 430 T   0.95775 0.04224 0.00000 ( 1)  0.098  0.000
 431 R   0.90908 0.09080 0.00011 ( 1)  0.145  0.000
 432 N   0.95472 0.04527 0.00001 ( 1)  0.101  0.000
 433 S   0.04440 0.94750 0.00810 ( 2)  0.988  0.008
 434 L   0.79616 0.19355 0.01028 ( 1)  0.288  0.010
 435 H   0.93665 0.06333 0.00002 ( 1)  0.118  0.000
 436 R   0.95140 0.04859 0.00001 ( 1)  0.104  0.000
 437 R   0.94671 0.05328 0.00001 ( 1)  0.109  0.000
 438 A   0.95864 0.04136 0.00000 ( 1)  0.097  0.000
 439 Y   0.96021 0.03978 0.00000 ( 1)  0.096  0.000
 440 Q   0.92518 0.07477 0.00005 ( 1)  0.129  0.000
 441 H   0.94195 0.05803 0.00002 ( 1)  0.113  0.000
 442 K   0.96549 0.03451 0.00000 ( 1)  0.091  0.000
 443 V   0.96223 0.03777 0.00000 ( 1)  0.094  0.000
 444 G   0.92576 0.07420 0.00004 ( 1)  0.129  0.000
 445 N   0.95472 0.04527 0.00001 ( 1)  0.101  0.000
 446 I   0.94586 0.05413 0.00001 ( 1)  0.110  0.000
 447 I   0.96667 0.03333 0.00000 ( 1)  0.090  0.000
 448 D   0.98151 0.01849 0.00000 ( 1)  0.076  0.000
 449 T   0.45538 0.54362 0.00100 ( 2)  0.575  0.001
 450 M   0.96838 0.03162 0.00000 ( 1)  0.088  0.000
 451 I   0.96595 0.03405 0.00000 ( 1)  0.091  0.000
 452 T   0.93225 0.06772 0.00003 ( 1)  0.122  0.000
 453 D   0.98099 0.01901 0.00000 ( 1)  0.076  0.000
 454 A   0.95165 0.04835 0.00001 ( 1)  0.104  0.000
 455 F   0.35279 0.64242 0.00478 ( 2)  0.685  0.005
 456 L   0.89870 0.10109 0.00021 ( 1)  0.155  0.000
 457 K   0.59870 0.40119 0.00011 ( 1)  0.437  0.000
 458 A   0.93347 0.06650 0.00003 ( 1)  0.121  0.000
 459 D   0.56770 0.43211 0.00019 ( 1)  0.466  0.000
 460 D   0.00000 0.07040 0.92960 ( 3)  4.379  0.930
 461 Y   0.40720 0.59084 0.00196 ( 2)  0.624  0.002
 462 I   0.59465 0.40519 0.00016 ( 1)  0.441  0.000
 463 E   0.95227 0.04773 0.00001 ( 1)  0.104  0.000
 464 I   0.96582 0.03418 0.00000 ( 1)  0.091  0.000
 465 T   0.43313 0.56559 0.00128 ( 2)  0.597  0.001
 466 G   0.96672 0.03327 0.00000 ( 1)  0.090  0.000
 467 A   0.55333 0.44644 0.00022 ( 1)  0.480  0.000
 468 G   0.55748 0.44223 0.00029 ( 1)  0.476  0.000
 469 G   0.47707 0.52226 0.00066 ( 2)  0.553  0.001
 470 K   0.59572 0.40413 0.00014 ( 1)  0.440  0.000
 471 K   0.95176 0.04823 0.00001 ( 1)  0.104  0.000
 472 Y   0.95943 0.04057 0.00000 ( 1)  0.097  0.000
 473 R   0.00000 0.00016 0.99984 ( 3)  4.634  1.000
 474 I   0.96595 0.03405 0.00000 ( 1)  0.091  0.000
 475 S   0.92525 0.07471 0.00004 ( 1)  0.129  0.000
 476 T   0.93225 0.06772 0.00003 ( 1)  0.122  0.000
 477 A   0.93405 0.06593 0.00003 ( 1)  0.121  0.000
 478 I   0.96595 0.03405 0.00000 ( 1)  0.091  0.000
 479 D   0.97823 0.02177 0.00000 ( 1)  0.079  0.000
 480 D   0.95437 0.04562 0.00001 ( 1)  0.102  0.000
 481 M   0.96768 0.03232 0.00000 ( 1)  0.089  0.000
 482 E   0.96408 0.03592 0.00000 ( 1)  0.092  0.000
 483 A   0.91396 0.08595 0.00009 ( 1)  0.140  0.000
 484 Y   0.44309 0.55581 0.00110 ( 2)  0.587  0.001
 485 T   0.95695 0.04305 0.00000 ( 1)  0.099  0.000
 486 K   0.95194 0.04805 0.00001 ( 1)  0.104  0.000
 487 L   0.86375 0.13532 0.00093 ( 1)  0.190  0.001
 488 T   0.93084 0.06912 0.00003 ( 1)  0.124  0.000
 489 D   0.98096 0.01904 0.00000 ( 1)  0.076  0.000
 490 N   0.95389 0.04610 0.00001 ( 1)  0.102  0.000
 491 I   0.96595 0.03405 0.00000 ( 1)  0.091  0.000
 492 F   0.93993 0.06005 0.00002 ( 1)  0.115  0.000
 493 L   0.86238 0.13664 0.00098 ( 1)  0.192  0.001
 494 E   0.95208 0.04792 0.00001 ( 1)  0.104  0.000
 495 I   0.96595 0.03405 0.00000 ( 1)  0.091  0.000
 496 L   0.86046 0.13851 0.00103 ( 1)  0.194  0.001
 497 H   0.38217 0.61478 0.00305 ( 2)  0.651  0.003
 498 S   0.92805 0.07192 0.00004 ( 1)  0.126  0.000
 499 T   0.55777 0.44204 0.00019 ( 1)  0.476  0.000
 500 D   0.98099 0.01901 0.00000 ( 1)  0.076  0.000
 501 P   0.32121 0.67053 0.00826 ( 2)  0.728  0.008
 502 K   0.34196 0.65711 0.00094 ( 2)  0.681  0.001
 503 L   0.85295 0.14571 0.00134 ( 1)  0.202  0.001
 504 K   0.06433 0.93338 0.00229 ( 2)  0.948  0.002
 505 D   0.00150 0.91141 0.08708 ( 2)  1.315  0.087
 506 A   0.93405 0.06593 0.00003 ( 1)  0.121  0.000
 507 Q   0.00000 0.10523 0.89477 ( 3)  4.252  0.895
 508 E   0.95276 0.04723 0.00001 ( 1)  0.103  0.000
 509 I   0.96595 0.03405 0.00000 ( 1)  0.091  0.000
 510 L   0.86058 0.13840 0.00102 ( 1)  0.194  0.001
 511 K   0.60771 0.39218 0.00012 ( 1)  0.428  0.000
 512 Q   0.00400 0.97344 0.02256 ( 2)  1.078  0.023
 513 I   0.96589 0.03411 0.00000 ( 1)  0.091  0.000
 514 E   0.61839 0.38151 0.00009 ( 1)  0.418  0.000
 515 Y   0.35197 0.64339 0.00465 ( 2)  0.686  0.005
 516 R   0.95055 0.04945 0.00001 ( 1)  0.105  0.000
 517 N   0.98093 0.01907 0.00000 ( 1)  0.077  0.000
 518 L   0.87728 0.12213 0.00059 ( 1)  0.176  0.001
 519 F   0.38883 0.60819 0.00298 ( 2)  0.645  0.003
 520 K   0.95139 0.04860 0.00001 ( 1)  0.104  0.000
 521 Y   0.95622 0.04378 0.00000 ( 1)  0.100  0.000
 522 V   0.91669 0.08323 0.00008 ( 1)  0.137  0.000
 523 G   0.96672 0.03327 0.00000 ( 1)  0.090  0.000
 524 E   0.95208 0.04792 0.00001 ( 1)  0.104  0.000
 525 T   0.92424 0.07570 0.00006 ( 1)  0.130  0.000
 526 Q   0.90932 0.09056 0.00012 ( 1)  0.144  0.000
 527 P   0.91781 0.08212 0.00007 ( 1)  0.136  0.000
 528 T   0.02472 0.93942 0.03587 ( 2)  1.107  0.036
 529 E   0.05505 0.94102 0.00393 ( 2)  0.962  0.004
 530 Q   0.41541 0.58252 0.00207 ( 2)  0.616  0.002
 531 V   0.00008 0.68141 0.31851 ( 2)  2.158  0.319
 532 K   0.51914 0.48049 0.00037 ( 1)  0.513  0.000
 533 I   0.96593 0.03406 0.00000 ( 1)  0.091  0.000
 534 K   0.61397 0.38593 0.00010 ( 1)  0.422  0.000
 535 K   0.45659 0.54258 0.00084 ( 2)  0.573  0.001
 536 E   0.95637 0.04363 0.00001 ( 1)  0.100  0.000
 537 D   0.00361 0.97242 0.02397 ( 2)  1.084  0.024
 538 Y   0.95917 0.04082 0.00000 ( 1)  0.097  0.000
 539 E   0.96408 0.03592 0.00000 ( 1)  0.092  0.000
 540 S   0.41134 0.58685 0.00182 ( 2)  0.619  0.002
 541 L   0.94390 0.05609 0.00001 ( 1)  0.111  0.000
 542 P   0.91240 0.08750 0.00010 ( 1)  0.141  0.000
 543 K   0.96475 0.03525 0.00000 ( 1)  0.092  0.000
 544 E   0.95208 0.04792 0.00001 ( 1)  0.104  0.000
 545 V   0.96146 0.03854 0.00000 ( 1)  0.095  0.000
 546 A   0.93066 0.06931 0.00003 ( 1)  0.124  0.000
 547 A   0.00030 0.96486 0.03484 ( 2)  1.126  0.035
 548 A   0.95845 0.04154 0.00000 ( 1)  0.098  0.000
 549 K   0.96365 0.03635 0.00000 ( 1)  0.093  0.000
 550 P   0.91173 0.08816 0.00011 ( 1)  0.142  0.000
 551 -   0.75831 0.22451 0.01718 ( 1)  0.349  0.017
 552 R   0.00001 0.83917 0.16082 ( 2)  1.584  0.161
 553 E   0.00314 0.96959 0.02727 ( 2)  1.096  0.027
 554 L   0.00726 0.72923 0.26350 ( 2)  1.951  0.264
 555 L   0.87370 0.12557 0.00073 ( 1)  0.180  0.001
 556 E   0.61187 0.38803 0.00011 ( 1)  0.424  0.000
 557 V   0.04545 0.94577 0.00879 ( 2)  0.989  0.009
 558 K   0.53827 0.46143 0.00030 ( 1)  0.494  0.000
 559 L   0.86238 0.13664 0.00098 ( 1)  0.192  0.001
 560 E   0.00359 0.97936 0.01706 ( 2)  1.059  0.017
 561 A   0.95828 0.04172 0.00000 ( 1)  0.098  0.000
 562 E   0.96503 0.03497 0.00000 ( 1)  0.091  0.000
 563 D   0.69455 0.30541 0.00004 ( 1)  0.346  0.000
 564 F   0.95118 0.04881 0.00001 ( 1)  0.105  0.000
 565 I   0.96221 0.03779 0.00000 ( 1)  0.094  0.000
 566 V   0.91675 0.08317 0.00008 ( 1)  0.137  0.000
 567 D   0.98099 0.01901 0.00000 ( 1)  0.076  0.000
 568 -   0.71210 0.25179 0.03611 ( 1)  0.461  0.036
 569 -   0.71210 0.25179 0.03611 ( 1)  0.461  0.036
 570 -   0.71210 0.25179 0.03611 ( 1)  0.461  0.036
 571 -   0.71210 0.25179 0.03611 ( 1)  0.461  0.036
 572 -   0.71210 0.25179 0.03611 ( 1)  0.461  0.036
 573 -   0.71210 0.25179 0.03611 ( 1)  0.461  0.036
 574 -   0.71210 0.25179 0.03611 ( 1)  0.461  0.036
 575 -   0.71210 0.25179 0.03611 ( 1)  0.461  0.036
 576 -   0.71210 0.25179 0.03611 ( 1)  0.461  0.036
 577 V   0.96146 0.03854 0.00000 ( 1)  0.095  0.000
 578 I   0.92736 0.07260 0.00004 ( 1)  0.127  0.000
 579 N   0.95389 0.04610 0.00001 ( 1)  0.102  0.000
 580 M   0.96767 0.03232 0.00000 ( 1)  0.089  0.000
 581 D   0.98099 0.01901 0.00000 ( 1)  0.076  0.000
 582 Y   0.95925 0.04074 0.00000 ( 1)  0.097  0.000
 583 G   0.94088 0.05911 0.00001 ( 1)  0.114  0.000
 584 M   0.96767 0.03232 0.00000 ( 1)  0.089  0.000
 585 Q   0.45912 0.53949 0.00139 ( 2)  0.573  0.001
 586 E   0.07303 0.92532 0.00165 ( 2)  0.937  0.002
 587 N   0.07314 0.92510 0.00176 ( 2)  0.938  0.002
 588 N   0.98093 0.01907 0.00000 ( 1)  0.077  0.000
 589 P   0.91240 0.08751 0.00010 ( 1)  0.141  0.000
 590 I   0.96595 0.03405 0.00000 ( 1)  0.091  0.000
 591 D   0.97962 0.02038 0.00000 ( 1)  0.078  0.000
 592 H   0.63471 0.36521 0.00008 ( 1)  0.403  0.000
 593 V   0.96011 0.03988 0.00000 ( 1)  0.096  0.000
 594 S   0.38031 0.61658 0.00311 ( 2)  0.653  0.003
 595 F   0.37185 0.62472 0.00342 ( 2)  0.662  0.003
 596 Y   0.95943 0.04057 0.00000 ( 1)  0.097  0.000
 597 C   0.93873 0.06125 0.00002 ( 1)  0.116  0.000
 598 K   0.95210 0.04790 0.00001 ( 1)  0.104  0.000
 599 T   0.60664 0.39327 0.00008 ( 1)  0.429  0.000
 600 D   0.53450 0.46517 0.00033 ( 1)  0.498  0.000
 601 P   0.32416 0.66802 0.00782 ( 2)  0.723  0.008
 602 N   0.05126 0.94400 0.00474 ( 2)  0.969  0.005
 603 R   0.07006 0.92750 0.00243 ( 2)  0.943  0.002
 604 A   0.00243 0.94343 0.05414 ( 2)  1.195  0.054
 605 I   0.93544 0.06454 0.00003 ( 1)  0.119  0.000
 606 R   0.00116 0.92932 0.06952 ( 2)  1.252  0.070
 607 I   0.96595 0.03405 0.00000 ( 1)  0.091  0.000
 608 T   0.05757 0.93875 0.00368 ( 2)  0.959  0.004
 609 K   0.96475 0.03525 0.00000 ( 1)  0.092  0.000
 610 N   0.95891 0.04109 0.00000 ( 1)  0.097  0.000
 611 Q   0.90932 0.09056 0.00012 ( 1)  0.144  0.000
 612 V   0.96146 0.03854 0.00000 ( 1)  0.095  0.000
 613 S   0.88166 0.11790 0.00044 ( 1)  0.172  0.000
 614 R   0.00000 0.19968 0.80032 ( 3)  3.909  0.800
 615 L   0.94135 0.05863 0.00002 ( 1)  0.114  0.000
 616 L   0.86238 0.13664 0.00098 ( 1)  0.192  0.001
 617 P   0.91385 0.08606 0.00009 ( 1)  0.140  0.000
 618 E   0.95208 0.04792 0.00001 ( 1)  0.104  0.000
 619 K   0.00001 0.82091 0.17908 ( 2)  1.651  0.179
 620 F   0.95118 0.04881 0.00001 ( 1)  0.105  0.000
 621 A   0.45296 0.54607 0.00097 ( 2)  0.577  0.001
 622 E   0.95208 0.04792 0.00001 ( 1)  0.104  0.000
 623 Q   0.90932 0.09056 0.00012 ( 1)  0.144  0.000
 624 L   0.86287 0.13616 0.00096 ( 1)  0.191  0.001
 625 I   0.96595 0.03405 0.00000 ( 1)  0.091  0.000
 626 R   0.89670 0.10308 0.00023 ( 1)  0.157  0.000
 627 V   0.93158 0.06839 0.00003 ( 1)  0.123  0.000
 628 Y   0.94445 0.05553 0.00001 ( 1)  0.111  0.000
 629 C   0.93873 0.06125 0.00002 ( 1)  0.116  0.000
 630 K   0.95139 0.04860 0.00001 ( 1)  0.104  0.000
 631 K   0.51939 0.48025 0.00037 ( 1)  0.512  0.000
 632 M   0.03191 0.95255 0.01553 ( 2)  1.026  0.016
 633 D   0.96974 0.03026 0.00000 ( 1)  0.087  0.000
 634 R   0.00285 0.95363 0.04352 ( 2)  1.156  0.044
 635 K   0.06231 0.93476 0.00293 ( 2)  0.952  0.003
 636 S   0.97092 0.02908 0.00000 ( 1)  0.086  0.000
 637 L   0.85289 0.14579 0.00133 ( 1)  0.202  0.001
 638 Y   0.95943 0.04057 0.00000 ( 1)  0.097  0.000
 639 A   0.94389 0.05610 0.00001 ( 1)  0.111  0.000
 640 A   0.93387 0.06610 0.00003 ( 1)  0.121  0.000
 641 K   0.00284 0.96225 0.03491 ( 2)  1.124  0.035
 642 Q   0.92290 0.07704 0.00006 ( 1)  0.131  0.000
 643 H   0.63837 0.36156 0.00007 ( 1)  0.399  0.000
 644 F   0.95111 0.04889 0.00001 ( 1)  0.105  0.000
 645 V   0.96146 0.03854 0.00000 ( 1)  0.095  0.000
 646 Q   0.91231 0.08758 0.00011 ( 1)  0.141  0.000
 647 W   0.85283 0.14585 0.00131 ( 1)  0.202  0.001
 648 C   0.90871 0.09118 0.00011 ( 1)  0.145  0.000
 649 A   0.00126 0.79735 0.20140 ( 2)  1.731  0.201
 650 D   0.00325 0.97484 0.02190 ( 2)  1.077  0.022
 651 R   0.00366 0.97753 0.01880 ( 2)  1.065  0.019
 652 N   0.97819 0.02180 0.00000 ( 1)  0.079  0.000
 653 F   0.91103 0.08887 0.00010 ( 1)  0.143  0.000
 654 T   0.91206 0.08784 0.00010 ( 1)  0.142  0.000
 655 K   0.95139 0.04860 0.00001 ( 1)  0.104  0.000
 656 P   0.90980 0.09008 0.00011 ( 1)  0.144  0.000
 657 Q   0.03103 0.93773 0.03124 ( 2)  1.084  0.031
 658 -   0.71375 0.25100 0.03525 ( 1)  0.456  0.035
 659 -   0.71328 0.25123 0.03549 ( 1)  0.457  0.035
 660 -   0.71351 0.25112 0.03537 ( 1)  0.457  0.035
 661 -   0.71408 0.25084 0.03508 ( 1)  0.455  0.035
 662 -   0.71354 0.25110 0.03536 ( 1)  0.457  0.035
 663 -   0.71314 0.25130 0.03557 ( 1)  0.458  0.036
 664 -   0.09156 0.55011 0.35833 ( 2)  2.216  0.358
 665 D   0.97933 0.02067 0.00000 ( 1)  0.078  0.000
 666 G   0.92873 0.07123 0.00004 ( 1)  0.126  0.000
 667 D   0.74807 0.25192 0.00001 ( 1)  0.296  0.000
 668 V   0.96105 0.03895 0.00000 ( 1)  0.095  0.000
 669 I   0.50579 0.49375 0.00046 ( 1)  0.526  0.000
 670 A   0.91360 0.08631 0.00009 ( 1)  0.140  0.000
 671 P   0.91334 0.08657 0.00009 ( 1)  0.140  0.000
 672 L   0.91450 0.08539 0.00011 ( 1)  0.139  0.000
 673 I   0.96171 0.03828 0.00000 ( 1)  0.095  0.000
 674 T   0.93128 0.06869 0.00003 ( 1)  0.123  0.000
 675 P   0.94023 0.05975 0.00002 ( 1)  0.115  0.000
 676 Q   0.36133 0.63327 0.00539 ( 2)  0.679  0.005
 677 K   0.96031 0.03969 0.00000 ( 1)  0.096  0.000
 678 K   0.00000 0.12907 0.87093 ( 3)  4.165  0.871
 679 E   0.96081 0.03919 0.00000 ( 1)  0.095  0.000
 680 W   0.85238 0.14629 0.00133 ( 1)  0.202  0.001
 681 N   0.96469 0.03531 0.00000 ( 1)  0.092  0.000
 682 Y   0.00008 0.61246 0.38747 ( 2)  2.408  0.387
 683 R   0.00000 0.17123 0.82877 ( 3)  4.012  0.829
 684 T   0.00000 0.29404 0.70596 ( 3)  3.566  0.706
 685 S   0.88089 0.11866 0.00045 ( 1)  0.172  0.000
 686 V   0.00196 0.90263 0.09542 ( 2)  1.345  0.095
 687 Q   0.03925 0.94478 0.01597 ( 2)  1.021  0.016
 688 S   0.00026 0.97802 0.02172 ( 2)  1.079  0.022
 689 P   0.38046 0.61643 0.00311 ( 2)  0.653  0.003
 690 T   0.06951 0.92863 0.00187 ( 2)  0.941  0.002
 691 R   0.00185 0.89354 0.10461 ( 2)  1.378  0.105
 692 L   0.00004 0.38868 0.61129 ( 3)  3.222  0.611
 693 R   0.01161 0.87009 0.11830 ( 2)  1.419  0.118
 694 E   0.96477 0.03522 0.00000 ( 1)  0.092  0.000
 695 A   0.93337 0.06660 0.00003 ( 1)  0.121  0.000
 696 S   0.00104 0.71274 0.28622 ( 2)  2.039  0.286
 697 K   0.61132 0.38857 0.00010 ( 1)  0.425  0.000
 698 S   0.03902 0.94695 0.01402 ( 2)  1.014  0.014
 699 R   0.49343 0.50603 0.00054 ( 2)  0.537  0.001
 700 L   0.00000 0.21284 0.78716 ( 3)  3.861  0.787
 701 Q   0.03165 0.93827 0.03008 ( 2)  1.080  0.030
 702 L   0.94331 0.05667 0.00001 ( 1)  0.112  0.000
 703 F   0.94831 0.05168 0.00001 ( 1)  0.107  0.000
 704 K   0.06482 0.93200 0.00317 ( 2)  0.951  0.003
 705 D   0.98006 0.01994 0.00000 ( 1)  0.077  0.000
 706 D   0.53802 0.46172 0.00026 ( 1)  0.494  0.000
 707 P   0.02912 0.92433 0.04655 ( 2)  1.142  0.047
 708 R   0.00000 0.00000 1.00000 ( 3)  4.635  1.000
 709 -   0.71210 0.25179 0.03611 ( 1)  0.461  0.036
 710 -   0.71210 0.25179 0.03611 ( 1)  0.461  0.036
 711 -   0.71210 0.25179 0.03611 ( 1)  0.461  0.036
 712 -   0.71210 0.25179 0.03611 ( 1)  0.461  0.036
 713 -   0.71210 0.25179 0.03611 ( 1)  0.461  0.036
 714 -   0.71210 0.25179 0.03611 ( 1)  0.461  0.036
 715 -   0.71210 0.25179 0.03611 ( 1)  0.461  0.036
 716 -   0.71210 0.25179 0.03611 ( 1)  0.461  0.036
 717 -   0.71210 0.25179 0.03611 ( 1)  0.461  0.036
 718 -   0.71210 0.25179 0.03611 ( 1)  0.461  0.036
 719 -   0.71210 0.25179 0.03611 ( 1)  0.461  0.036
 720 -   0.71210 0.25179 0.03611 ( 1)  0.461  0.036
 721 -   0.71210 0.25179 0.03611 ( 1)  0.461  0.036
 722 -   0.71210 0.25179 0.03611 ( 1)  0.461  0.036
 723 -   0.71210 0.25179 0.03611 ( 1)  0.461  0.036
 724 -   0.71210 0.25179 0.03611 ( 1)  0.461  0.036
 725 -   0.71210 0.25179 0.03611 ( 1)  0.461  0.036
 726 -   0.71210 0.25179 0.03611 ( 1)  0.461  0.036
 727 -   0.71210 0.25179 0.03611 ( 1)  0.461  0.036
 728 -   0.71210 0.25179 0.03611 ( 1)  0.461  0.036
 729 -   0.71210 0.25179 0.03611 ( 1)  0.461  0.036
 730 -   0.71210 0.25179 0.03611 ( 1)  0.461  0.036
 731 -   0.71210 0.25179 0.03611 ( 1)  0.461  0.036
 732 -   0.71210 0.25179 0.03611 ( 1)  0.461  0.036
 733 -   0.71210 0.25179 0.03611 ( 1)  0.461  0.036
 734 -   0.71210 0.25179 0.03611 ( 1)  0.461  0.036
 735 -   0.71210 0.25179 0.03611 ( 1)  0.461  0.036
 736 -   0.71210 0.25179 0.03611 ( 1)  0.461  0.036
 737 -   0.71210 0.25179 0.03611 ( 1)  0.461  0.036
 738 -   0.71210 0.25179 0.03611 ( 1)  0.461  0.036
 739 -   0.71210 0.25179 0.03611 ( 1)  0.461  0.036
 740 -   0.71210 0.25179 0.03611 ( 1)  0.461  0.036
 741 -   0.71210 0.25179 0.03611 ( 1)  0.461  0.036

Positively selected sites

	Prob(w>1)  mean w

    31 -      0.569         3.063
    38 -      0.511         2.826
    54 -      0.533         2.931
    68 -      0.989*        4.596
    96 W      0.994**       4.614
   100 L      0.542         2.969
   127 A      0.819         3.975
   133 R      0.896         4.257
   320 H      0.984*        4.576
   460 D      0.930         4.379
   473 R      1.000**       4.634
   507 Q      0.895         4.252
   614 R      0.800         3.909
   678 K      0.871         4.165
   683 R      0.829         4.012
   684 T      0.706         3.566
   692 L      0.611         3.222
   700 L      0.787         3.861
   708 R      1.000**       4.635


lnL = -8186.057530

Bayes Empirical Bayes (BEB) probabilities for 3 classes (class) & postmean_w
(amino acids refer to 1st sequence: allNig_SAMHD1_JN936900)

   1 -   0.72489 0.23991 0.03519 ( 1)  0.442 +-  0.919
   2 -   0.72489 0.23991 0.03519 ( 1)  0.442 +-  0.919
   3 -   0.72489 0.23991 0.03519 ( 1)  0.442 +-  0.919
   4 -   0.72489 0.23991 0.03519 ( 1)  0.442 +-  0.919
   5 -   0.72489 0.23991 0.03519 ( 1)  0.442 +-  0.919
   6 -   0.72489 0.23991 0.03519 ( 1)  0.442 +-  0.919
   7 -   0.72489 0.23991 0.03519 ( 1)  0.442 +-  0.919
   8 -   0.72489 0.23991 0.03519 ( 1)  0.442 +-  0.919
   9 -   0.72489 0.23991 0.03519 ( 1)  0.442 +-  0.919
  10 -   0.72489 0.23991 0.03519 ( 1)  0.442 +-  0.919
  11 -   0.72489 0.23991 0.03519 ( 1)  0.442 +-  0.919
  12 -   0.72489 0.23991 0.03519 ( 1)  0.442 +-  0.919
  13 -   0.72489 0.23991 0.03519 ( 1)  0.442 +-  0.919
  14 -   0.72489 0.23991 0.03519 ( 1)  0.442 +-  0.919
  15 -   0.72489 0.23991 0.03519 ( 1)  0.442 +-  0.919
  16 -   0.72489 0.23991 0.03519 ( 1)  0.442 +-  0.919
  17 -   0.72489 0.23991 0.03519 ( 1)  0.442 +-  0.919
  18 -   0.72489 0.23991 0.03519 ( 1)  0.442 +-  0.919
  19 -   0.72489 0.23991 0.03519 ( 1)  0.442 +-  0.919
  20 -   0.72489 0.23991 0.03519 ( 1)  0.442 +-  0.919
  21 -   0.72489 0.23991 0.03519 ( 1)  0.442 +-  0.919
  22 -   0.72489 0.23991 0.03519 ( 1)  0.442 +-  0.919
  23 -   0.72489 0.23991 0.03519 ( 1)  0.442 +-  0.919
  24 -   0.72489 0.23991 0.03519 ( 1)  0.442 +-  0.919
  25 -   0.72489 0.23991 0.03519 ( 1)  0.442 +-  0.919
  26 -   0.72490 0.23991 0.03519 ( 1)  0.442 +-  0.919
  27 -   0.72489 0.23991 0.03519 ( 1)  0.442 +-  0.919
  28 -   0.72489 0.23991 0.03519 ( 1)  0.442 +-  0.919
  29 -   0.86516 0.13275 0.00209 ( 1)  0.185 +-  0.379
  30 -   0.80107 0.18935 0.00958 ( 1)  0.273 +-  0.569
  31 -   0.00387 0.42384 0.57229 ( 3)  3.159 +-  1.946
  32 -   0.83838 0.15773 0.00389 ( 1)  0.217 +-  0.440
  33 -   0.15200 0.69847 0.14953 ( 2)  1.409 +-  1.445
  34 -   0.15646 0.69714 0.14640 ( 2)  1.394 +-  1.437
  35 -   0.81870 0.17514 0.00616 ( 1)  0.244 +-  0.498
  36 -   0.57435 0.27940 0.14625 ( 1)  1.006 +-  1.635
  37 -   0.16656 0.71462 0.11882 ( 2)  1.278 +-  1.316
  38 -   0.03158 0.45076 0.51766 ( 3)  2.931 +-  1.994
  39 -   0.78795 0.20012 0.01193 ( 1)  0.294 +-  0.611
  40 -   0.79916 0.19165 0.00919 ( 1)  0.274 +-  0.562
  41 -   0.16446 0.70776 0.12778 ( 2)  1.314 +-  1.357
  42 -   0.81285 0.18038 0.00676 ( 1)  0.252 +-  0.512
  43 -   0.78795 0.20012 0.01193 ( 1)  0.294 +-  0.611
  44 -   0.81285 0.18038 0.00676 ( 1)  0.252 +-  0.512
  45 -   0.16727 0.71573 0.11699 ( 2)  1.270 +-  1.307
  46 -   0.82645 0.16854 0.00501 ( 1)  0.233 +-  0.471
  47 -   0.78416 0.20362 0.01222 ( 1)  0.299 +-  0.617
  48 -   0.81773 0.17599 0.00628 ( 1)  0.245 +-  0.501
  49 -   0.80494 0.18681 0.00825 ( 1)  0.265 +-  0.543
  50 -   0.80681 0.18527 0.00792 ( 1)  0.262 +-  0.536
  51 -   0.81697 0.17686 0.00616 ( 1)  0.246 +-  0.499
  52 -   0.78381 0.20368 0.01251 ( 1)  0.300 +-  0.622
  53 -   0.85269 0.14443 0.00288 ( 1)  0.200 +-  0.408
  54 -   0.00457 0.45892 0.53651 ( 3)  3.022 +-  1.955
  55 -   0.78795 0.20012 0.01193 ( 1)  0.294 +-  0.611
  56 -   0.80628 0.18613 0.00758 ( 1)  0.261 +-  0.530
  57 -   0.80681 0.18527 0.00792 ( 1)  0.262 +-  0.536
  58 -   0.75598 0.22286 0.02115 ( 1)  0.359 +-  0.751
  59 -   0.80546 0.18605 0.00849 ( 1)  0.265 +-  0.548
  60 -   0.23007 0.71667 0.05326 ( 2)  0.973 +-  0.961
  61 -   0.18904 0.72701 0.08394 ( 2)  1.125 +-  1.140
  62 -   0.17661 0.71581 0.10758 ( 2)  1.226 +-  1.266
  63 M   0.95930 0.04069 0.00001 ( 1)  0.089 +-  0.188
  64 Q   0.90069 0.09901 0.00030 ( 1)  0.145 +-  0.293
  65 Q   0.02010 0.92387 0.05603 ( 2)  1.174 +-  0.824
  66 A   0.90513 0.09462 0.00024 ( 1)  0.141 +-  0.285
  67 D   0.46980 0.52928 0.00092 ( 2)  0.557 +-  0.486
  68 -   0.00000 0.01111 0.98889 ( 3)  4.718 +-  0.785
  69 -   0.39577 0.60138 0.00285 ( 2)  0.633 +-  0.504
  70 S   0.76754 0.21567 0.01679 ( 1)  0.332 +-  0.689
  71 D   0.80432 0.18828 0.00741 ( 1)  0.262 +-  0.527
  72 Q   0.90069 0.09901 0.00030 ( 1)  0.145 +-  0.293
  73 P   0.88555 0.11389 0.00057 ( 1)  0.161 +-  0.318
  74 S   0.87989 0.11939 0.00072 ( 1)  0.166 +-  0.328
  75 K   0.94212 0.05785 0.00003 ( 1)  0.105 +-  0.223
  76 R   0.89012 0.10936 0.00052 ( 1)  0.156 +-  0.311
  77 P   0.27745 0.70762 0.01493 ( 2)  0.787 +-  0.619
  78 R   0.93366 0.06628 0.00006 ( 1)  0.113 +-  0.238
  79 F   0.00060 0.66383 0.33556 ( 2)  2.225 +-  1.766
  80 D   0.97437 0.02563 0.00000 ( 1)  0.074 +-  0.150
  81 D   0.43667 0.56197 0.00136 ( 2)  0.589 +-  0.489
  82 S   0.92557 0.07435 0.00008 ( 1)  0.121 +-  0.252
  83 P   0.89091 0.10863 0.00046 ( 1)  0.155 +-  0.309
  84 R   0.42590 0.57257 0.00152 ( 2)  0.600 +-  0.490
  85 T   0.90485 0.09491 0.00024 ( 1)  0.141 +-  0.286
  86 P   0.88941 0.11009 0.00050 ( 1)  0.157 +-  0.312
  87 S   0.01842 0.90509 0.07648 ( 2)  1.251 +-  0.962
  88 S   0.00148 0.93181 0.06672 ( 2)  1.226 +-  0.867
  89 T   0.91342 0.08641 0.00017 ( 1)  0.133 +-  0.272
  90 P   0.40526 0.59263 0.00211 ( 2)  0.622 +-  0.495
  91 S   0.87344 0.12567 0.00089 ( 1)  0.173 +-  0.339
  92 A   0.92462 0.07529 0.00009 ( 1)  0.122 +-  0.254
  93 E   0.40977 0.58818 0.00206 ( 2)  0.617 +-  0.495
  94 A   0.38116 0.61584 0.00300 ( 2)  0.648 +-  0.502
  95 D   0.43667 0.56197 0.00136 ( 2)  0.589 +-  0.489
  96 W   0.00000 0.00610 0.99390 ( 3)  4.736 +-  0.741
  97 S   0.25351 0.72440 0.02210 ( 2)  0.835 +-  0.687
  98 P   0.00741 0.68014 0.31245 ( 2)  2.144 +-  1.754
  99 G   0.91606 0.08380 0.00014 ( 1)  0.130 +-  0.268
 100 L   0.00033 0.46482 0.53484 ( 3)  2.993 +-  1.923
 101 E   0.00254 0.97554 0.02192 ( 2)  1.070 +-  0.495
 102 L   0.88902 0.11047 0.00051 ( 1)  0.157 +-  0.312
 103 H   0.51475 0.48470 0.00055 ( 1)  0.513 +-  0.482
 104 P   0.28338 0.70310 0.01352 ( 2)  0.777 +-  0.605
 105 D   0.94520 0.05477 0.00003 ( 1)  0.102 +-  0.217
 106 Y   0.02531 0.94252 0.03217 ( 2)  1.085 +-  0.632
 107 K   0.94212 0.05785 0.00003 ( 1)  0.105 +-  0.223
 108 T   0.91229 0.08754 0.00017 ( 1)  0.134 +-  0.274
 109 W   0.84852 0.14937 0.00211 ( 1)  0.201 +-  0.391
 110 G   0.00008 0.84885 0.15107 ( 2)  1.525 +-  1.267
 111 P   0.88450 0.11491 0.00059 ( 1)  0.162 +-  0.320
 112 E   0.94283 0.05714 0.00003 ( 1)  0.104 +-  0.222
 113 Q   0.90069 0.09901 0.00030 ( 1)  0.145 +-  0.293
 114 V   0.90774 0.09203 0.00023 ( 1)  0.138 +-  0.282
 115 C   0.88510 0.11434 0.00056 ( 1)  0.161 +-  0.318
 116 F   0.00057 0.64156 0.35787 ( 2)  2.310 +-  1.800
 117 F   0.91034 0.08946 0.00020 ( 1)  0.136 +-  0.277
 118 L   0.88879 0.11069 0.00051 ( 1)  0.157 +-  0.313
 119 R   0.00030 0.68647 0.31323 ( 2)  2.129 +-  1.710
 120 R   0.30050 0.68940 0.01010 ( 2)  0.748 +-  0.570
 121 G   0.53553 0.46412 0.00034 ( 1)  0.492 +-  0.478
 122 G   0.91553 0.08432 0.00014 ( 1)  0.131 +-  0.268
 123 F   0.92130 0.07859 0.00010 ( 1)  0.125 +-  0.259
 124 G   0.00211 0.96735 0.03054 ( 2)  1.099 +-  0.583
 125 E   0.94283 0.05714 0.00003 ( 1)  0.104 +-  0.222
 126 P   0.27975 0.70566 0.01459 ( 2)  0.784 +-  0.616
 127 A   0.00000 0.18941 0.81059 ( 3)  4.035 +-  1.588
 128 L   0.85718 0.14117 0.00165 ( 1)  0.191 +-  0.373
 129 L   0.01700 0.89447 0.08854 ( 2)  1.295 +-  1.030
 130 K   0.44906 0.54971 0.00123 ( 2)  0.577 +-  0.489
 131 N   0.46082 0.53812 0.00106 ( 2)  0.566 +-  0.488
 132 I   0.33296 0.66087 0.00617 ( 2)  0.704 +-  0.531
 133 R   0.00000 0.10709 0.89291 ( 3)  4.356 +-  1.328
 134 E   0.95663 0.04336 0.00001 ( 1)  0.091 +-  0.194
 135 N   0.96488 0.03511 0.00001 ( 1)  0.083 +-  0.175
 136 K   0.51927 0.48022 0.00051 ( 1)  0.508 +-  0.482
 137 I   0.91806 0.08181 0.00013 ( 1)  0.128 +-  0.265
 138 T   0.92284 0.07706 0.00010 ( 1)  0.124 +-  0.256
 139 G   0.91569 0.08417 0.00014 ( 1)  0.131 +-  0.268
 140 A   0.00079 0.75436 0.24485 ( 2)  1.882 +-  1.583
 141 L   0.85561 0.14269 0.00170 ( 1)  0.193 +-  0.376
 142 L   0.85718 0.14117 0.00165 ( 1)  0.191 +-  0.373
 143 P   0.27224 0.71167 0.01608 ( 2)  0.796 +-  0.630
 144 C   0.40981 0.58827 0.00192 ( 2)  0.617 +-  0.493
 145 L   0.93448 0.06546 0.00005 ( 1)  0.112 +-  0.237
 146 D   0.97437 0.02563 0.00000 ( 1)  0.074 +-  0.150
 147 E   0.94335 0.05662 0.00003 ( 1)  0.104 +-  0.221
 148 S   0.91870 0.08118 0.00012 ( 1)  0.128 +-  0.263
 149 H   0.05414 0.94220 0.00366 ( 2)  0.960 +-  0.292
 150 F   0.43678 0.56193 0.00130 ( 2)  0.589 +-  0.488
 151 E   0.95663 0.04336 0.00001 ( 1)  0.091 +-  0.194
 152 N   0.07766 0.92111 0.00123 ( 2)  0.930 +-  0.277
 153 L   0.93448 0.06546 0.00005 ( 1)  0.112 +-  0.237
 154 G   0.93136 0.06858 0.00006 ( 1)  0.115 +-  0.242
 155 V   0.02986 0.95071 0.01942 ( 2)  1.036 +-  0.499
 156 S   0.56349 0.43628 0.00023 ( 1)  0.465 +-  0.474
 157 S   0.24895 0.72707 0.02398 ( 2)  0.846 +-  0.704
 158 L   0.01066 0.75637 0.23296 ( 2)  1.843 +-  1.589
 159 G   0.25811 0.72181 0.02007 ( 2)  0.824 +-  0.668
 160 E   0.94078 0.05918 0.00004 ( 1)  0.106 +-  0.226
 161 R   0.91927 0.08061 0.00012 ( 1)  0.127 +-  0.262
 162 K   0.93962 0.06034 0.00004 ( 1)  0.107 +-  0.228
 163 K   0.37404 0.62273 0.00323 ( 2)  0.655 +-  0.503
 164 L   0.85481 0.14340 0.00178 ( 1)  0.194 +-  0.378
 165 L   0.93190 0.06803 0.00006 ( 1)  0.115 +-  0.241
 166 S   0.96076 0.03923 0.00001 ( 1)  0.087 +-  0.185
 167 Y   0.48075 0.51850 0.00075 ( 2)  0.546 +-  0.485
 168 I   0.91539 0.08446 0.00015 ( 1)  0.131 +-  0.269
 169 Q   0.89840 0.10126 0.00033 ( 1)  0.148 +-  0.296
 170 R   0.28046 0.70478 0.01476 ( 2)  0.784 +-  0.619
 171 L   0.00043 0.58216 0.41741 ( 2)  2.537 +-  1.867
 172 G   0.00267 0.98197 0.01536 ( 2)  1.047 +-  0.408
 173 Q   0.90931 0.09048 0.00022 ( 1)  0.137 +-  0.279
 174 I   0.02790 0.94746 0.02464 ( 2)  1.056 +-  0.557
 175 H   0.02528 0.94250 0.03223 ( 2)  1.085 +-  0.632
 176 I   0.00000 0.69516 0.30484 ( 2)  2.087 +-  1.678
 177 D   0.97121 0.02879 0.00000 ( 1)  0.077 +-  0.159
 178 T   0.91997 0.07991 0.00012 ( 1)  0.126 +-  0.261
 179 M   0.60922 0.39065 0.00012 ( 1)  0.422 +-  0.465
 180 K   0.50962 0.48983 0.00055 ( 1)  0.518 +-  0.482
 181 V   0.94612 0.05385 0.00002 ( 1)  0.101 +-  0.215
 182 I   0.96761 0.03238 0.00000 ( 1)  0.081 +-  0.168
 183 N   0.98182 0.01818 0.00000 ( 1)  0.067 +-  0.127
 184 D   0.98189 0.01811 0.00000 ( 1)  0.067 +-  0.127
 185 P   0.94368 0.05629 0.00003 ( 1)  0.104 +-  0.220
 186 I   0.93103 0.06891 0.00006 ( 1)  0.116 +-  0.243
 187 H   0.96994 0.03005 0.00000 ( 1)  0.079 +-  0.162
 188 G   0.92858 0.07135 0.00007 ( 1)  0.118 +-  0.247
 189 H   0.93895 0.06102 0.00004 ( 1)  0.108 +-  0.229
 190 I   0.96761 0.03238 0.00000 ( 1)  0.081 +-  0.168
 191 E   0.95488 0.04511 0.00001 ( 1)  0.093 +-  0.198
 192 L   0.90213 0.09758 0.00029 ( 1)  0.144 +-  0.291
 193 H   0.93907 0.06089 0.00004 ( 1)  0.108 +-  0.229
 194 P   0.94368 0.05629 0.00003 ( 1)  0.104 +-  0.220
 195 L   0.90979 0.09001 0.00020 ( 1)  0.136 +-  0.278
 196 L   0.90364 0.09609 0.00027 ( 1)  0.142 +-  0.288
 197 V   0.02639 0.94631 0.02730 ( 2)  1.067 +-  0.584
 198 R   0.90169 0.09802 0.00029 ( 1)  0.144 +-  0.291
 199 I   0.93103 0.06891 0.00006 ( 1)  0.116 +-  0.243
 200 I   0.96364 0.03635 0.00001 ( 1)  0.085 +-  0.178
 201 D   0.97844 0.02156 0.00000 ( 1)  0.070 +-  0.138
 202 T   0.93116 0.06878 0.00006 ( 1)  0.116 +-  0.243
 203 P   0.94368 0.05629 0.00003 ( 1)  0.104 +-  0.220
 204 Q   0.92813 0.07179 0.00008 ( 1)  0.119 +-  0.248
 205 F   0.95361 0.04637 0.00001 ( 1)  0.094 +-  0.200
 206 Q   0.92343 0.07647 0.00010 ( 1)  0.123 +-  0.256
 207 R   0.93891 0.06105 0.00004 ( 1)  0.108 +-  0.229
 208 L   0.94652 0.05346 0.00002 ( 1)  0.101 +-  0.215
 209 R   0.90191 0.09781 0.00028 ( 1)  0.144 +-  0.291
 210 Y   0.94622 0.05376 0.00003 ( 1)  0.101 +-  0.215
 211 I   0.94567 0.05431 0.00003 ( 1)  0.102 +-  0.216
 212 K   0.96648 0.03352 0.00000 ( 1)  0.082 +-  0.171
 213 Q   0.91390 0.08594 0.00016 ( 1)  0.132 +-  0.271
 214 L   0.86591 0.13284 0.00125 ( 1)  0.182 +-  0.356
 215 G   0.94384 0.05613 0.00003 ( 1)  0.103 +-  0.220
 216 G   0.96399 0.03600 0.00000 ( 1)  0.084 +-  0.177
 217 G   0.96835 0.03165 0.00000 ( 1)  0.080 +-  0.166
 218 Y   0.92965 0.07028 0.00007 ( 1)  0.117 +-  0.245
 219 Y   0.96143 0.03856 0.00001 ( 1)  0.087 +-  0.183
 220 V   0.96335 0.03664 0.00001 ( 1)  0.085 +-  0.179
 221 F   0.95259 0.04739 0.00001 ( 1)  0.095 +-  0.202
 222 P   0.91782 0.08205 0.00013 ( 1)  0.128 +-  0.265
 223 G   0.94384 0.05613 0.00003 ( 1)  0.103 +-  0.220
 224 A   0.95909 0.04090 0.00001 ( 1)  0.089 +-  0.188
 225 S   0.88750 0.11198 0.00052 ( 1)  0.159 +-  0.314
 226 H   0.93895 0.06102 0.00004 ( 1)  0.108 +-  0.229
 227 N   0.98182 0.01818 0.00000 ( 1)  0.067 +-  0.127
 228 R   0.90191 0.09781 0.00028 ( 1)  0.144 +-  0.291
 229 F   0.95361 0.04637 0.00001 ( 1)  0.094 +-  0.200
 230 E   0.95619 0.04380 0.00001 ( 1)  0.092 +-  0.195
 231 H   0.96994 0.03005 0.00000 ( 1)  0.079 +-  0.162
 232 S   0.97233 0.02767 0.00000 ( 1)  0.076 +-  0.156
 233 L   0.88935 0.11015 0.00051 ( 1)  0.157 +-  0.312
 234 G   0.92727 0.07266 0.00007 ( 1)  0.119 +-  0.249
 235 V   0.92964 0.07028 0.00009 ( 1)  0.117 +-  0.246
 236 G   0.92727 0.07266 0.00007 ( 1)  0.119 +-  0.249
 237 Y   0.96143 0.03856 0.00001 ( 1)  0.087 +-  0.183
 238 L   0.89722 0.10241 0.00037 ( 1)  0.149 +-  0.299
 239 A   0.93620 0.06376 0.00004 ( 1)  0.111 +-  0.234
 240 G   0.94378 0.05620 0.00003 ( 1)  0.103 +-  0.220
 241 C   0.94181 0.05816 0.00003 ( 1)  0.105 +-  0.223
 242 L   0.88935 0.11015 0.00051 ( 1)  0.157 +-  0.312
 243 V   0.96127 0.03872 0.00001 ( 1)  0.087 +-  0.184
 244 R   0.03128 0.94978 0.01893 ( 2)  1.034 +-  0.498
 245 A   0.93409 0.06586 0.00005 ( 1)  0.113 +-  0.237
 246 L   0.87560 0.12354 0.00086 ( 1)  0.171 +-  0.336
 247 G   0.49758 0.50189 0.00052 ( 2)  0.529 +-  0.482
 248 E   0.58885 0.41095 0.00020 ( 1)  0.441 +-  0.470
 249 K   0.96542 0.03457 0.00001 ( 1)  0.083 +-  0.174
 250 Q   0.92823 0.07170 0.00008 ( 1)  0.118 +-  0.248
 251 P   0.91820 0.08167 0.00013 ( 1)  0.128 +-  0.264
 252 E   0.95447 0.04552 0.00001 ( 1)  0.093 +-  0.199
 253 L   0.86938 0.12954 0.00108 ( 1)  0.178 +-  0.348
 254 Q   0.36392 0.63212 0.00396 ( 2)  0.667 +-  0.511
 255 I   0.96362 0.03637 0.00001 ( 1)  0.085 +-  0.178
 256 S   0.97233 0.02767 0.00000 ( 1)  0.076 +-  0.156
 257 E   0.96687 0.03313 0.00000 ( 1)  0.081 +-  0.170
 258 R   0.90191 0.09781 0.00028 ( 1)  0.144 +-  0.291
 259 D   0.98057 0.01943 0.00000 ( 1)  0.068 +-  0.131
 260 I   0.07212 0.92671 0.00117 ( 2)  0.935 +-  0.268
 261 L   0.90028 0.09941 0.00032 ( 1)  0.146 +-  0.294
 262 C   0.94147 0.05850 0.00003 ( 1)  0.106 +-  0.224
 263 V   0.96335 0.03664 0.00001 ( 1)  0.085 +-  0.179
 264 Q   0.91390 0.08594 0.00016 ( 1)  0.132 +-  0.271
 265 I   0.96761 0.03238 0.00000 ( 1)  0.081 +-  0.168
 266 A   0.96051 0.03949 0.00001 ( 1)  0.088 +-  0.185
 267 G   0.93401 0.06594 0.00005 ( 1)  0.113 +-  0.237
 268 L   0.94671 0.05327 0.00002 ( 1)  0.101 +-  0.214
 269 C   0.94391 0.05607 0.00002 ( 1)  0.103 +-  0.219
 270 H   0.97152 0.02848 0.00000 ( 1)  0.077 +-  0.158
 271 D   0.98057 0.01943 0.00000 ( 1)  0.068 +-  0.131
 272 L   0.92372 0.07618 0.00011 ( 1)  0.123 +-  0.256
 273 G   0.96835 0.03165 0.00000 ( 1)  0.080 +-  0.166
 274 H   0.96994 0.03005 0.00000 ( 1)  0.079 +-  0.162
 275 G   0.92950 0.07044 0.00007 ( 1)  0.117 +-  0.245
 276 P   0.92048 0.07941 0.00011 ( 1)  0.126 +-  0.260
 277 F   0.95555 0.04444 0.00001 ( 1)  0.092 +-  0.196
 278 S   0.93387 0.06608 0.00005 ( 1)  0.113 +-  0.238
 279 H   0.95328 0.04671 0.00002 ( 1)  0.094 +-  0.201
 280 M   0.97084 0.02916 0.00000 ( 1)  0.078 +-  0.160
 281 F   0.95555 0.04444 0.00001 ( 1)  0.092 +-  0.196
 282 D   0.98305 0.01695 0.00000 ( 1)  0.066 +-  0.123
 283 G   0.94592 0.05405 0.00002 ( 1)  0.101 +-  0.216
 284 R   0.92157 0.07826 0.00016 ( 1)  0.125 +-  0.261
 285 F   0.95555 0.04444 0.00001 ( 1)  0.092 +-  0.196
 286 I   0.96925 0.03075 0.00000 ( 1)  0.079 +-  0.164
 287 P   0.92039 0.07950 0.00011 ( 1)  0.126 +-  0.261
 288 L   0.94876 0.05122 0.00002 ( 1)  0.099 +-  0.210
 289 A   0.96231 0.03768 0.00001 ( 1)  0.086 +-  0.181
 290 R   0.91137 0.08845 0.00017 ( 1)  0.135 +-  0.275
 291 P   0.90755 0.09223 0.00022 ( 1)  0.139 +-  0.282
 292 E   0.95649 0.04350 0.00001 ( 1)  0.091 +-  0.194
 293 V   0.34615 0.64836 0.00549 ( 2)  0.689 +-  0.527
 294 K   0.96814 0.03185 0.00000 ( 1)  0.080 +-  0.167
 295 W   0.86220 0.13647 0.00133 ( 1)  0.185 +-  0.361
 296 T   0.37396 0.62280 0.00324 ( 2)  0.655 +-  0.504
 297 H   0.97143 0.02857 0.00000 ( 1)  0.077 +-  0.158
 298 E   0.96852 0.03147 0.00000 ( 1)  0.080 +-  0.166
 299 Q   0.39539 0.60198 0.00264 ( 2)  0.633 +-  0.500
 300 G   0.93080 0.06914 0.00006 ( 1)  0.116 +-  0.243
 301 S   0.88849 0.11101 0.00050 ( 1)  0.158 +-  0.313
 302 V   0.96510 0.03489 0.00001 ( 1)  0.083 +-  0.175
 303 M   0.55039 0.44931 0.00030 ( 1)  0.478 +-  0.477
 304 M   0.97084 0.02916 0.00000 ( 1)  0.078 +-  0.160
 305 F   0.95555 0.04444 0.00001 ( 1)  0.092 +-  0.196
 306 E   0.95639 0.04360 0.00001 ( 1)  0.091 +-  0.194
 307 H   0.94259 0.05738 0.00003 ( 1)  0.105 +-  0.222
 308 L   0.91733 0.08254 0.00013 ( 1)  0.129 +-  0.266
 309 I   0.07080 0.92777 0.00142 ( 2)  0.937 +-  0.271
 310 N   0.98299 0.01701 0.00000 ( 1)  0.066 +-  0.123
 311 S   0.93387 0.06608 0.00005 ( 1)  0.113 +-  0.238
 312 N   0.98293 0.01707 0.00000 ( 1)  0.066 +-  0.123
 313 G   0.94592 0.05405 0.00002 ( 1)  0.101 +-  0.216
 314 I   0.35800 0.63760 0.00440 ( 2)  0.674 +-  0.515
 315 K   0.52617 0.47335 0.00048 ( 1)  0.502 +-  0.481
 316 P   0.51606 0.48344 0.00050 ( 1)  0.511 +-  0.481
 317 V   0.02921 0.94923 0.02157 ( 2)  1.044 +-  0.524
 318 M   0.97084 0.02916 0.00000 ( 1)  0.078 +-  0.160
 319 E   0.96852 0.03147 0.00000 ( 1)  0.080 +-  0.166
 320 H   0.00000 0.01690 0.98310 ( 3)  4.695 +-  0.833
 321 Y   0.96321 0.03678 0.00001 ( 1)  0.085 +-  0.179
 322 G   0.96996 0.03004 0.00000 ( 1)  0.079 +-  0.162
 323 L   0.90630 0.09347 0.00024 ( 1)  0.140 +-  0.284
 324 I   0.41305 0.58489 0.00206 ( 2)  0.614 +-  0.496
 325 P   0.94557 0.05440 0.00002 ( 1)  0.102 +-  0.216
 326 E   0.96852 0.03147 0.00000 ( 1)  0.080 +-  0.166
 327 E   0.96852 0.03147 0.00000 ( 1)  0.080 +-  0.166
 328 D   0.98295 0.01705 0.00000 ( 1)  0.066 +-  0.123
 329 I   0.96925 0.03075 0.00000 ( 1)  0.079 +-  0.164
 330 C   0.90087 0.09885 0.00028 ( 1)  0.145 +-  0.292
 331 F   0.95555 0.04444 0.00001 ( 1)  0.092 +-  0.196
 332 I   0.41971 0.57842 0.00188 ( 2)  0.607 +-  0.494
 333 K   0.95575 0.04424 0.00001 ( 1)  0.092 +-  0.196
 334 E   0.96852 0.03147 0.00000 ( 1)  0.080 +-  0.166
 335 Q   0.40105 0.59664 0.00231 ( 2)  0.626 +-  0.497
 336 I   0.96925 0.03075 0.00000 ( 1)  0.079 +-  0.164
 337 V   0.03526 0.95349 0.01125 ( 2)  1.003 +-  0.395
 338 G   0.94585 0.05413 0.00002 ( 1)  0.102 +-  0.216
 339 P   0.92048 0.07941 0.00011 ( 1)  0.126 +-  0.260
 340 L   0.46999 0.52910 0.00091 ( 2)  0.556 +-  0.486
 341 E   0.96754 0.03246 0.00000 ( 1)  0.081 +-  0.169
 342 S   0.28713 0.70026 0.01262 ( 2)  0.770 +-  0.596
 343 P   0.44884 0.55000 0.00116 ( 2)  0.577 +-  0.488
 344 V   0.00144 0.91389 0.08466 ( 2)  1.292 +-  0.982
 345 -   0.92067 0.07914 0.00018 ( 1)  0.126 +-  0.263
 346 K   0.00018 0.97136 0.02846 ( 2)  1.093 +-  0.555
 347 G   0.11433 0.88518 0.00049 ( 2)  0.893 +-  0.310
 348 V   0.00054 0.86512 0.13433 ( 2)  1.466 +-  1.205
 349 L   0.24398 0.72952 0.02649 ( 2)  0.860 +-  0.727
 350 W   0.86220 0.13647 0.00133 ( 1)  0.185 +-  0.361
 351 P   0.91996 0.07993 0.00011 ( 1)  0.126 +-  0.261
 352 Y   0.96298 0.03701 0.00001 ( 1)  0.085 +-  0.180
 353 K   0.96714 0.03286 0.00000 ( 1)  0.081 +-  0.170
 354 G   0.92950 0.07044 0.00007 ( 1)  0.117 +-  0.245
 355 R   0.95496 0.04503 0.00001 ( 1)  0.093 +-  0.197
 356 P   0.94576 0.05422 0.00002 ( 1)  0.102 +-  0.216
 357 E   0.06824 0.93004 0.00172 ( 2)  0.940 +-  0.274
 358 R   0.00011 0.90491 0.09498 ( 2)  1.325 +-  1.022
 359 K   0.96814 0.03185 0.00000 ( 1)  0.080 +-  0.167
 360 S   0.94044 0.05953 0.00003 ( 1)  0.107 +-  0.226
 361 F   0.91726 0.08261 0.00013 ( 1)  0.129 +-  0.266
 362 L   0.94640 0.05358 0.00002 ( 1)  0.101 +-  0.215
 363 Y   0.96321 0.03678 0.00001 ( 1)  0.085 +-  0.179
 364 E   0.95639 0.04360 0.00001 ( 1)  0.091 +-  0.194
 365 I   0.58624 0.41357 0.00019 ( 1)  0.444 +-  0.470
 366 V   0.92511 0.07479 0.00010 ( 1)  0.121 +-  0.253
 367 S   0.48055 0.51865 0.00080 ( 2)  0.546 +-  0.485
 368 N   0.98290 0.01710 0.00000 ( 1)  0.066 +-  0.123
 369 K   0.96814 0.03185 0.00000 ( 1)  0.080 +-  0.167
 370 R   0.95051 0.04947 0.00001 ( 1)  0.097 +-  0.207
 371 N   0.98299 0.01701 0.00000 ( 1)  0.066 +-  0.123
 372 G   0.93080 0.06914 0.00006 ( 1)  0.116 +-  0.243
 373 I   0.59621 0.40362 0.00017 ( 1)  0.434 +-  0.468
 374 D   0.98305 0.01695 0.00000 ( 1)  0.066 +-  0.123
 375 V   0.92316 0.07673 0.00010 ( 1)  0.123 +-  0.256
 376 D   0.95852 0.04147 0.00001 ( 1)  0.089 +-  0.190
 377 K   0.96330 0.03670 0.00001 ( 1)  0.085 +-  0.179
 378 W   0.86220 0.13647 0.00133 ( 1)  0.185 +-  0.361
 379 D   0.98305 0.01695 0.00000 ( 1)  0.066 +-  0.123
 380 Y   0.96321 0.03678 0.00001 ( 1)  0.085 +-  0.179
 381 F   0.95555 0.04444 0.00001 ( 1)  0.092 +-  0.196
 382 A   0.92058 0.07931 0.00011 ( 1)  0.126 +-  0.260
 383 R   0.93693 0.06303 0.00004 ( 1)  0.110 +-  0.232
 384 D   0.95890 0.04109 0.00001 ( 1)  0.089 +-  0.189
 385 C   0.90043 0.09928 0.00029 ( 1)  0.146 +-  0.292
 386 H   0.97152 0.02848 0.00000 ( 1)  0.077 +-  0.158
 387 H   0.97152 0.02848 0.00000 ( 1)  0.077 +-  0.158
 388 L   0.94876 0.05122 0.00002 ( 1)  0.099 +-  0.210
 389 G   0.94588 0.05410 0.00002 ( 1)  0.101 +-  0.216
 390 I   0.93324 0.06671 0.00006 ( 1)  0.114 +-  0.239
 391 Q   0.93035 0.06959 0.00007 ( 1)  0.116 +-  0.244
 392 N   0.98299 0.01701 0.00000 ( 1)  0.066 +-  0.123
 393 N   0.98299 0.01701 0.00000 ( 1)  0.066 +-  0.123
 394 F   0.95489 0.04510 0.00001 ( 1)  0.093 +-  0.198
 395 D   0.98305 0.01695 0.00000 ( 1)  0.066 +-  0.123
 396 Y   0.92233 0.07757 0.00010 ( 1)  0.124 +-  0.257
 397 K   0.00248 0.97857 0.01895 ( 2)  1.059 +-  0.456
 398 R   0.92254 0.07736 0.00010 ( 1)  0.124 +-  0.257
 399 F   0.95015 0.04983 0.00002 ( 1)  0.097 +-  0.207
 400 I   0.96925 0.03075 0.00000 ( 1)  0.079 +-  0.164
 401 K   0.95609 0.04390 0.00001 ( 1)  0.092 +-  0.195
 402 F   0.95555 0.04444 0.00001 ( 1)  0.092 +-  0.196
 403 A   0.92239 0.07751 0.00010 ( 1)  0.124 +-  0.257
 404 R   0.95496 0.04503 0.00001 ( 1)  0.093 +-  0.197
 405 V   0.92449 0.07542 0.00010 ( 1)  0.122 +-  0.254
 406 C   0.94391 0.05607 0.00002 ( 1)  0.103 +-  0.219
 407 E   0.60412 0.39570 0.00017 ( 1)  0.427 +-  0.467
 408 V   0.94209 0.05788 0.00003 ( 1)  0.105 +-  0.223
 409 G   0.00001 0.79093 0.20906 ( 2)  1.734 +-  1.456
 410 N   0.00443 0.98940 0.00617 ( 2)  1.015 +-  0.260
 411 E   0.04899 0.94663 0.00439 ( 2)  0.967 +-  0.298
 412 L   0.02517 0.93129 0.04354 ( 2)  1.127 +-  0.740
 413 H   0.00015 0.93807 0.06178 ( 2)  1.210 +-  0.832
 414 I   0.96925 0.03075 0.00000 ( 1)  0.079 +-  0.164
 415 C   0.94391 0.05607 0.00002 ( 1)  0.103 +-  0.219
 416 A   0.54834 0.45136 0.00030 ( 1)  0.480 +-  0.477
 417 R   0.49128 0.50812 0.00060 ( 2)  0.535 +-  0.483
 418 D   0.98182 0.01818 0.00000 ( 1)  0.067 +-  0.127
 419 K   0.95575 0.04424 0.00001 ( 1)  0.092 +-  0.196
 420 E   0.96478 0.03521 0.00001 ( 1)  0.083 +-  0.175
 421 V   0.96510 0.03489 0.00001 ( 1)  0.083 +-  0.175
 422 G   0.94589 0.05409 0.00002 ( 1)  0.101 +-  0.216
 423 N   0.98232 0.01768 0.00000 ( 1)  0.067 +-  0.125
 424 L   0.87139 0.12761 0.00100 ( 1)  0.176 +-  0.344
 425 Y   0.96321 0.03678 0.00001 ( 1)  0.085 +-  0.179
 426 D   0.95852 0.04147 0.00001 ( 1)  0.089 +-  0.190
 427 M   0.97084 0.02916 0.00000 ( 1)  0.078 +-  0.160
 428 F   0.91726 0.08261 0.00013 ( 1)  0.129 +-  0.266
 429 H   0.94108 0.05888 0.00003 ( 1)  0.106 +-  0.225
 430 T   0.96091 0.03908 0.00001 ( 1)  0.087 +-  0.184
 431 R   0.91501 0.08485 0.00014 ( 1)  0.131 +-  0.269
 432 N   0.95807 0.04192 0.00001 ( 1)  0.090 +-  0.191
 433 S   0.03569 0.95439 0.00992 ( 2)  0.998 +-  0.374
 434 L   0.80741 0.18269 0.00991 ( 1)  0.268 +-  0.564
 435 H   0.94108 0.05888 0.00003 ( 1)  0.106 +-  0.225
 436 R   0.95496 0.04503 0.00001 ( 1)  0.093 +-  0.197
 437 R   0.95055 0.04944 0.00001 ( 1)  0.097 +-  0.206
 438 A   0.96174 0.03826 0.00001 ( 1)  0.086 +-  0.182
 439 Y   0.96321 0.03678 0.00001 ( 1)  0.085 +-  0.179
 440 Q   0.93025 0.06968 0.00007 ( 1)  0.116 +-  0.244
 441 H   0.94608 0.05389 0.00003 ( 1)  0.101 +-  0.216
 442 K   0.96814 0.03185 0.00000 ( 1)  0.080 +-  0.167
 443 V   0.96510 0.03489 0.00001 ( 1)  0.083 +-  0.175
 444 G   0.93080 0.06914 0.00006 ( 1)  0.116 +-  0.243
 445 N   0.95807 0.04192 0.00001 ( 1)  0.090 +-  0.191
 446 I   0.94975 0.05023 0.00002 ( 1)  0.098 +-  0.208
 447 I   0.96925 0.03075 0.00000 ( 1)  0.079 +-  0.164
 448 D   0.98305 0.01695 0.00000 ( 1)  0.066 +-  0.123
 449 T   0.43734 0.56125 0.00141 ( 2)  0.589 +-  0.490
 450 M   0.97084 0.02916 0.00000 ( 1)  0.078 +-  0.160
 451 I   0.96857 0.03142 0.00000 ( 1)  0.080 +-  0.166
 452 T   0.93693 0.06303 0.00004 ( 1)  0.110 +-  0.232
 453 D   0.98257 0.01743 0.00000 ( 1)  0.067 +-  0.124
 454 A   0.95519 0.04480 0.00001 ( 1)  0.093 +-  0.197
 455 F   0.33560 0.65866 0.00574 ( 2)  0.700 +-  0.526
 456 L   0.90515 0.09460 0.00025 ( 1)  0.141 +-  0.286
 457 K   0.58195 0.41784 0.00021 ( 1)  0.448 +-  0.471
 458 A   0.93809 0.06187 0.00004 ( 1)  0.109 +-  0.230
 459 D   0.55044 0.44924 0.00033 ( 1)  0.478 +-  0.477
 460 D   0.00000 0.07384 0.92616 ( 3)  4.478 +-  1.180
 461 Y   0.38936 0.60806 0.00257 ( 2)  0.638 +-  0.498
 462 I   0.57785 0.42188 0.00027 ( 1)  0.452 +-  0.473
 463 E   0.95577 0.04422 0.00001 ( 1)  0.092 +-  0.196
 464 I   0.96846 0.03154 0.00000 ( 1)  0.080 +-  0.166
 465 T   0.41514 0.58309 0.00177 ( 2)  0.611 +-  0.492
 466 G   0.96930 0.03070 0.00000 ( 1)  0.079 +-  0.164
 467 A   0.53588 0.46374 0.00038 ( 1)  0.492 +-  0.479
 468 G   0.54010 0.45943 0.00046 ( 1)  0.488 +-  0.480
 469 G   0.45904 0.53997 0.00099 ( 2)  0.567 +-  0.486
 470 K   0.57893 0.42082 0.00025 ( 1)  0.451 +-  0.472
 471 K   0.95530 0.04469 0.00001 ( 1)  0.093 +-  0.197
 472 Y   0.96248 0.03752 0.00001 ( 1)  0.086 +-  0.181
 473 R   0.00000 0.00019 0.99981 ( 3)  4.756 +-  0.685
 474 I   0.96857 0.03142 0.00000 ( 1)  0.080 +-  0.166
 475 S   0.93032 0.06962 0.00006 ( 1)  0.116 +-  0.244
 476 T   0.93693 0.06303 0.00004 ( 1)  0.110 +-  0.232
 477 A   0.93863 0.06133 0.00004 ( 1)  0.108 +-  0.229
 478 I   0.96857 0.03142 0.00000 ( 1)  0.080 +-  0.166
 479 D   0.98001 0.01998 0.00000 ( 1)  0.069 +-  0.133
 480 D   0.95775 0.04225 0.00001 ( 1)  0.090 +-  0.191
 481 M   0.97018 0.02982 0.00000 ( 1)  0.078 +-  0.162
 482 E   0.96683 0.03317 0.00000 ( 1)  0.082 +-  0.170
 483 A   0.91964 0.08025 0.00012 ( 1)  0.127 +-  0.262
 484 Y   0.42506 0.57339 0.00155 ( 2)  0.601 +-  0.490
 485 T   0.96015 0.03984 0.00001 ( 1)  0.088 +-  0.186
 486 K   0.95547 0.04452 0.00001 ( 1)  0.092 +-  0.196
 487 L   0.87180 0.12721 0.00099 ( 1)  0.175 +-  0.343
 488 T   0.93561 0.06435 0.00005 ( 1)  0.111 +-  0.235
 489 D   0.98254 0.01746 0.00000 ( 1)  0.067 +-  0.124
 490 N   0.95729 0.04270 0.00001 ( 1)  0.091 +-  0.192
 491 I   0.96857 0.03142 0.00000 ( 1)  0.080 +-  0.166
 492 F   0.94417 0.05580 0.00002 ( 1)  0.103 +-  0.219
 493 L   0.87049 0.12847 0.00103 ( 1)  0.176 +-  0.346
 494 E   0.95559 0.04440 0.00001 ( 1)  0.092 +-  0.196
 495 I   0.96857 0.03142 0.00000 ( 1)  0.080 +-  0.166
 496 L   0.86866 0.13025 0.00109 ( 1)  0.178 +-  0.349
 497 H   0.36457 0.63161 0.00382 ( 2)  0.666 +-  0.509
 498 S   0.93296 0.06699 0.00005 ( 1)  0.114 +-  0.239
 499 T   0.54036 0.45931 0.00033 ( 1)  0.488 +-  0.478
 500 D   0.98257 0.01743 0.00000 ( 1)  0.067 +-  0.124
 501 P   0.30461 0.68594 0.00945 ( 2)  0.742 +-  0.564
 502 K   0.32390 0.67469 0.00141 ( 2)  0.697 +-  0.463
 503 L   0.86145 0.13715 0.00139 ( 1)  0.186 +-  0.363
 504 K   0.05211 0.94465 0.00323 ( 2)  0.961 +-  0.280
 505 D   0.00102 0.90970 0.08929 ( 2)  1.307 +-  1.002
 506 A   0.93863 0.06133 0.00004 ( 1)  0.108 +-  0.229
 507 Q   0.00000 0.10705 0.89295 ( 3)  4.360 +-  1.330
 508 E   0.95624 0.04375 0.00001 ( 1)  0.092 +-  0.195
 509 I   0.96857 0.03142 0.00000 ( 1)  0.080 +-  0.166
 510 L   0.86877 0.13015 0.00108 ( 1)  0.178 +-  0.348
 511 K   0.59115 0.40864 0.00021 ( 1)  0.439 +-  0.470
 512 Q   0.00273 0.97217 0.02509 ( 2)  1.081 +-  0.535
 513 I   0.96852 0.03148 0.00000 ( 1)  0.080 +-  0.166
 514 E   0.60205 0.39778 0.00018 ( 1)  0.429 +-  0.467
 515 Y   0.33478 0.65962 0.00560 ( 2)  0.700 +-  0.524
 516 R   0.95415 0.04584 0.00001 ( 1)  0.094 +-  0.199
 517 N   0.98251 0.01749 0.00000 ( 1)  0.067 +-  0.125
 518 L   0.88474 0.11462 0.00064 ( 1)  0.162 +-  0.321
 519 F   0.37117 0.62512 0.00371 ( 2)  0.659 +-  0.510
 520 K   0.95495 0.04504 0.00001 ( 1)  0.093 +-  0.197
 521 Y   0.95947 0.04052 0.00001 ( 1)  0.089 +-  0.188
 522 V   0.92222 0.07767 0.00011 ( 1)  0.124 +-  0.258
 523 G   0.96930 0.03070 0.00000 ( 1)  0.079 +-  0.164
 524 E   0.95559 0.04440 0.00001 ( 1)  0.092 +-  0.196
 525 T   0.92937 0.07056 0.00007 ( 1)  0.117 +-  0.246
 526 Q   0.91524 0.08462 0.00015 ( 1)  0.131 +-  0.269
 527 P   0.92328 0.07662 0.00010 ( 1)  0.123 +-  0.256
 528 T   0.01966 0.94201 0.03833 ( 2)  1.112 +-  0.681
 529 E   0.04445 0.95032 0.00523 ( 2)  0.974 +-  0.307
 530 Q   0.39752 0.59981 0.00267 ( 2)  0.631 +-  0.501
 531 V   0.00005 0.69226 0.30769 ( 2)  2.105 +-  1.695
 532 K   0.50133 0.49808 0.00059 ( 1)  0.526 +-  0.483
 533 I   0.96856 0.03144 0.00000 ( 1)  0.080 +-  0.166
 534 K   0.59753 0.40228 0.00018 ( 1)  0.433 +-  0.468
 535 K   0.43853 0.56025 0.00122 ( 2)  0.587 +-  0.488
 536 E   0.95962 0.04037 0.00001 ( 1)  0.088 +-  0.187
 537 D   0.00247 0.97076 0.02678 ( 2)  1.087 +-  0.549
 538 Y   0.96224 0.03775 0.00001 ( 1)  0.086 +-  0.181
 539 E   0.96683 0.03317 0.00000 ( 1)  0.082 +-  0.170
 540 S   0.39346 0.60413 0.00241 ( 2)  0.634 +-  0.497
 541 L   0.94791 0.05207 0.00002 ( 1)  0.100 +-  0.212
 542 P   0.91816 0.08172 0.00013 ( 1)  0.128 +-  0.264
 543 K   0.96746 0.03254 0.00000 ( 1)  0.081 +-  0.169
 544 E   0.95559 0.04440 0.00001 ( 1)  0.092 +-  0.196
 545 V   0.96438 0.03562 0.00001 ( 1)  0.084 +-  0.176
 546 A   0.93543 0.06452 0.00005 ( 1)  0.111 +-  0.235
 547 A   0.00017 0.96126 0.03857 ( 2)  1.129 +-  0.655
 548 A   0.96157 0.03843 0.00001 ( 1)  0.087 +-  0.183
 549 K   0.96643 0.03357 0.00000 ( 1)  0.082 +-  0.171
 550 P   0.91752 0.08234 0.00014 ( 1)  0.129 +-  0.266
 551 -   0.77015 0.21322 0.01662 ( 1)  0.329 +-  0.687
 552 R   0.00001 0.83896 0.16103 ( 2)  1.556 +-  1.292
 553 E   0.00214 0.96748 0.03038 ( 2)  1.099 +-  0.584
 554 L   0.00574 0.73611 0.25815 ( 2)  1.933 +-  1.630
 555 L   0.88133 0.11790 0.00078 ( 1)  0.165 +-  0.328
 556 E   0.59539 0.40441 0.00020 ( 1)  0.435 +-  0.469
 557 V   0.03654 0.95292 0.01053 ( 2)  1.000 +-  0.387
 558 K   0.52063 0.47888 0.00048 ( 1)  0.507 +-  0.481
 559 L   0.87049 0.12847 0.00103 ( 1)  0.176 +-  0.346
 560 E   0.00245 0.97755 0.02000 ( 2)  1.063 +-  0.469
 561 A   0.96140 0.03859 0.00001 ( 1)  0.087 +-  0.183
 562 E   0.96772 0.03228 0.00000 ( 1)  0.081 +-  0.168
 563 D   0.68028 0.31964 0.00009 ( 1)  0.354 +-  0.444
 564 F   0.95475 0.04524 0.00001 ( 1)  0.093 +-  0.198
 565 I   0.96508 0.03492 0.00000 ( 1)  0.083 +-  0.175
 566 V   0.92228 0.07761 0.00011 ( 1)  0.124 +-  0.258
 567 D   0.98257 0.01743 0.00000 ( 1)  0.067 +-  0.124
 568 -   0.72489 0.23991 0.03519 ( 1)  0.442 +-  0.919
 569 -   0.72489 0.23991 0.03519 ( 1)  0.442 +-  0.919
 570 -   0.72489 0.23991 0.03519 ( 1)  0.442 +-  0.919
 571 -   0.72489 0.23991 0.03519 ( 1)  0.442 +-  0.919
 572 -   0.72489 0.23991 0.03519 ( 1)  0.442 +-  0.919
 573 -   0.72489 0.23991 0.03519 ( 1)  0.442 +-  0.919
 574 -   0.72489 0.23991 0.03519 ( 1)  0.442 +-  0.919
 575 -   0.72489 0.23991 0.03519 ( 1)  0.442 +-  0.919
 576 -   0.72489 0.23991 0.03519 ( 1)  0.442 +-  0.919
 577 V   0.96438 0.03562 0.00001 ( 1)  0.084 +-  0.176
 578 I   0.93232 0.06762 0.00006 ( 1)  0.114 +-  0.241
 579 N   0.95729 0.04270 0.00001 ( 1)  0.091 +-  0.192
 580 M   0.97018 0.02982 0.00000 ( 1)  0.078 +-  0.162
 581 D   0.98257 0.01743 0.00000 ( 1)  0.067 +-  0.124
 582 Y   0.96232 0.03768 0.00001 ( 1)  0.086 +-  0.181
 583 G   0.94506 0.05491 0.00002 ( 1)  0.102 +-  0.217
 584 M   0.97018 0.02982 0.00000 ( 1)  0.078 +-  0.162
 585 Q   0.44112 0.55704 0.00184 ( 2)  0.587 +-  0.497
 586 E   0.05935 0.93822 0.00242 ( 2)  0.951 +-  0.275
 587 N   0.05945 0.93800 0.00255 ( 2)  0.951 +-  0.277
 588 N   0.98251 0.01749 0.00000 ( 1)  0.067 +-  0.125
 589 P   0.91815 0.08172 0.00013 ( 1)  0.128 +-  0.264
 590 I   0.96857 0.03142 0.00000 ( 1)  0.080 +-  0.166
 591 D   0.98131 0.01869 0.00000 ( 1)  0.068 +-  0.129
 592 H   0.61873 0.38112 0.00014 ( 1)  0.413 +-  0.463
 593 V   0.96312 0.03687 0.00001 ( 1)  0.085 +-  0.179
 594 S   0.36274 0.63339 0.00388 ( 2)  0.668 +-  0.509
 595 F   0.35438 0.64138 0.00424 ( 2)  0.677 +-  0.512
 596 Y   0.96248 0.03752 0.00001 ( 1)  0.086 +-  0.181
 597 C   0.94304 0.05693 0.00003 ( 1)  0.104 +-  0.221
 598 K   0.95561 0.04438 0.00001 ( 1)  0.092 +-  0.196
 599 T   0.59004 0.40980 0.00017 ( 1)  0.440 +-  0.469
 600 D   0.51683 0.48265 0.00052 ( 1)  0.511 +-  0.482
 601 P   0.30749 0.68352 0.00898 ( 2)  0.738 +-  0.559
 602 N   0.04132 0.95248 0.00620 ( 2)  0.980 +-  0.319
 603 R   0.05689 0.93977 0.00335 ( 2)  0.956 +-  0.290
 604 A   0.00165 0.94133 0.05702 ( 2)  1.192 +-  0.804
 605 I   0.93994 0.06001 0.00004 ( 1)  0.107 +-  0.227
 606 R   0.00078 0.92628 0.07295 ( 2)  1.247 +-  0.898
 607 I   0.96857 0.03142 0.00000 ( 1)  0.080 +-  0.166
 608 T   0.04653 0.94857 0.00490 ( 2)  0.971 +-  0.304
 609 K   0.96746 0.03254 0.00000 ( 1)  0.081 +-  0.169
 610 N   0.96199 0.03800 0.00001 ( 1)  0.086 +-  0.182
 611 Q   0.91524 0.08462 0.00015 ( 1)  0.131 +-  0.269
 612 V   0.96438 0.03562 0.00001 ( 1)  0.084 +-  0.176
 613 S   0.88892 0.11059 0.00049 ( 1)  0.157 +-  0.312
 614 R   0.00000 0.20796 0.79204 ( 3)  3.964 +-  1.633
 615 L   0.94551 0.05446 0.00002 ( 1)  0.102 +-  0.216
 616 L   0.87049 0.12847 0.00103 ( 1)  0.176 +-  0.346
 617 P   0.91953 0.08035 0.00012 ( 1)  0.127 +-  0.262
 618 E   0.95559 0.04440 0.00001 ( 1)  0.092 +-  0.196
 619 K   0.00001 0.82209 0.17790 ( 2)  1.614 +-  1.345
 620 F   0.95475 0.04524 0.00001 ( 1)  0.093 +-  0.198
 621 A   0.43491 0.56371 0.00138 ( 2)  0.591 +-  0.489
 622 E   0.95559 0.04440 0.00001 ( 1)  0.092 +-  0.196
 623 Q   0.91524 0.08462 0.00015 ( 1)  0.131 +-  0.269
 624 L   0.87097 0.12802 0.00102 ( 1)  0.176 +-  0.345
 625 I   0.96857 0.03142 0.00000 ( 1)  0.080 +-  0.166
 626 R   0.90324 0.09649 0.00027 ( 1)  0.143 +-  0.288
 627 V   0.93630 0.06365 0.00005 ( 1)  0.111 +-  0.234
 628 Y   0.94843 0.05155 0.00002 ( 1)  0.099 +-  0.211
 629 C   0.94304 0.05693 0.00003 ( 1)  0.104 +-  0.221
 630 K   0.95495 0.04504 0.00001 ( 1)  0.093 +-  0.197
 631 K   0.50157 0.49784 0.00059 ( 1)  0.525 +-  0.483
 632 M   0.02547 0.95667 0.01786 ( 2)  1.035 +-  0.473
 633 D   0.97211 0.02788 0.00000 ( 1)  0.077 +-  0.157
 634 R   0.00194 0.95173 0.04634 ( 2)  1.155 +-  0.728
 635 K   0.05045 0.94556 0.00399 ( 2)  0.965 +-  0.292
 636 S   0.97321 0.02679 0.00000 ( 1)  0.075 +-  0.153
 637 L   0.86140 0.13722 0.00138 ( 1)  0.186 +-  0.363
 638 Y   0.96248 0.03752 0.00001 ( 1)  0.086 +-  0.181
 639 A   0.94790 0.05208 0.00002 ( 1)  0.100 +-  0.212
 640 A   0.93846 0.06150 0.00004 ( 1)  0.109 +-  0.230
 641 K   0.00193 0.95992 0.03814 ( 2)  1.126 +-  0.655
 642 Q   0.92810 0.07182 0.00008 ( 1)  0.119 +-  0.248
 643 H   0.62248 0.37739 0.00014 ( 1)  0.409 +-  0.462
 644 F   0.95468 0.04531 0.00001 ( 1)  0.093 +-  0.198
 645 V   0.96438 0.03562 0.00001 ( 1)  0.084 +-  0.176
 646 Q   0.91808 0.08179 0.00013 ( 1)  0.128 +-  0.265
 647 W   0.86135 0.13729 0.00137 ( 1)  0.186 +-  0.362
 648 C   0.91466 0.08520 0.00014 ( 1)  0.132 +-  0.270
 649 A   0.00086 0.80200 0.19714 ( 2)  1.702 +-  1.448
 650 D   0.00222 0.97272 0.02506 ( 2)  1.081 +-  0.527
 651 R   0.00250 0.97575 0.02175 ( 2)  1.069 +-  0.490
 652 N   0.97998 0.02002 0.00000 ( 1)  0.069 +-  0.133
 653 F   0.91685 0.08302 0.00013 ( 1)  0.129 +-  0.266
 654 T   0.91784 0.08204 0.00013 ( 1)  0.128 +-  0.265
 655 K   0.95495 0.04504 0.00001 ( 1)  0.093 +-  0.197
 656 P   0.91569 0.08416 0.00014 ( 1)  0.131 +-  0.268
 657 Q   0.02479 0.94171 0.03350 ( 2)  1.090 +-  0.644
 658 -   0.72653 0.23914 0.03433 ( 1)  0.437 +-  0.910
 659 -   0.72606 0.23936 0.03458 ( 1)  0.439 +-  0.913
 660 -   0.72629 0.23925 0.03446 ( 1)  0.438 +-  0.911
 661 -   0.72685 0.23898 0.03416 ( 1)  0.436 +-  0.908
 662 -   0.72632 0.23924 0.03444 ( 1)  0.438 +-  0.911
 663 -   0.72592 0.23943 0.03465 ( 1)  0.439 +-  0.914
 664 -   0.08392 0.54830 0.36778 ( 2)  2.316 +-  1.954
 665 D   0.98103 0.01897 0.00000 ( 1)  0.068 +-  0.130
 666 G   0.93362 0.06633 0.00005 ( 1)  0.113 +-  0.238
 667 D   0.73563 0.26434 0.00003 ( 1)  0.301 +-  0.419
 668 V   0.96400 0.03600 0.00001 ( 1)  0.084 +-  0.177
 669 I   0.48788 0.51140 0.00071 ( 2)  0.539 +-  0.484
 670 A   0.91929 0.08059 0.00012 ( 1)  0.127 +-  0.262
 671 P   0.91905 0.08083 0.00012 ( 1)  0.127 +-  0.263
 672 L   0.92015 0.07972 0.00013 ( 1)  0.126 +-  0.262
 673 I   0.96462 0.03538 0.00000 ( 1)  0.084 +-  0.176
 674 T   0.93602 0.06393 0.00004 ( 1)  0.111 +-  0.234
 675 P   0.94445 0.05552 0.00002 ( 1)  0.103 +-  0.218
 676 Q   0.34404 0.64963 0.00633 ( 2)  0.694 +-  0.538
 677 K   0.96331 0.03669 0.00001 ( 1)  0.085 +-  0.179
 678 K   0.00000 0.13963 0.86037 ( 3)  4.216 +-  1.438
 679 E   0.96377 0.03622 0.00001 ( 1)  0.084 +-  0.178
 680 W   0.86091 0.13770 0.00139 ( 1)  0.187 +-  0.363
 681 N   0.96740 0.03259 0.00001 ( 1)  0.081 +-  0.169
 682 Y   0.00004 0.62418 0.37577 ( 2)  2.367 +-  1.807
 683 R   0.00000 0.18078 0.81922 ( 3)  4.064 +-  1.563
 684 T   0.00000 0.31667 0.68333 ( 3)  3.520 +-  1.798
 685 S   0.88818 0.11131 0.00051 ( 1)  0.158 +-  0.313
 686 V   0.00133 0.90206 0.09661 ( 2)  1.334 +-  1.046
 687 Q   0.03148 0.95049 0.01803 ( 2)  1.030 +-  0.485
 688 S   0.00015 0.97342 0.02643 ( 2)  1.085 +-  0.527
 689 P   0.36288 0.63324 0.00389 ( 2)  0.668 +-  0.510
 690 T   0.05642 0.94086 0.00271 ( 2)  0.955 +-  0.276
 691 R   0.00126 0.89341 0.10533 ( 2)  1.365 +-  1.089
 692 L   0.00002 0.40008 0.59990 ( 3)  3.229 +-  1.892
 693 R   0.00915 0.87277 0.11809 ( 2)  1.408 +-  1.165
 694 E   0.96748 0.03252 0.00000 ( 1)  0.081 +-  0.169
 695 A   0.93799 0.06197 0.00004 ( 1)  0.109 +-  0.230
 696 S   0.00071 0.72040 0.27889 ( 2)  2.010 +-  1.662
 697 K   0.59483 0.40498 0.00019 ( 1)  0.435 +-  0.469
 698 S   0.03129 0.95257 0.01614 ( 2)  1.024 +-  0.458
 699 R   0.47546 0.52372 0.00083 ( 2)  0.551 +-  0.485
 700 L   0.00000 0.22091 0.77909 ( 3)  3.915 +-  1.663
 701 Q   0.02530 0.94238 0.03233 ( 2)  1.086 +-  0.633
 702 L   0.94736 0.05262 0.00002 ( 1)  0.100 +-  0.213
 703 F   0.95205 0.04793 0.00001 ( 1)  0.096 +-  0.203
 704 K   0.05254 0.94325 0.00421 ( 2)  0.963 +-  0.300
 705 D   0.98171 0.01829 0.00000 ( 1)  0.067 +-  0.127
 706 D   0.52036 0.47921 0.00043 ( 1)  0.507 +-  0.480
 707 P   0.02326 0.92827 0.04847 ( 2)  1.146 +-  0.775
 708 R   0.00000 0.00001 0.99999 ( 3)  4.757 +-  0.684
 709 -   0.72489 0.23991 0.03519 ( 1)  0.442 +-  0.919
 710 -   0.72489 0.23991 0.03519 ( 1)  0.442 +-  0.919
 711 -   0.72489 0.23991 0.03519 ( 1)  0.442 +-  0.919
 712 -   0.72489 0.23991 0.03519 ( 1)  0.442 +-  0.919
 713 -   0.72489 0.23991 0.03519 ( 1)  0.442 +-  0.919
 714 -   0.72489 0.23991 0.03519 ( 1)  0.442 +-  0.919
 715 -   0.72489 0.23991 0.03519 ( 1)  0.442 +-  0.919
 716 -   0.72489 0.23991 0.03519 ( 1)  0.442 +-  0.919
 717 -   0.72489 0.23991 0.03519 ( 1)  0.442 +-  0.919
 718 -   0.72489 0.23991 0.03519 ( 1)  0.442 +-  0.919
 719 -   0.72489 0.23991 0.03519 ( 1)  0.442 +-  0.919
 720 -   0.72489 0.23991 0.03519 ( 1)  0.442 +-  0.919
 721 -   0.72489 0.23991 0.03519 ( 1)  0.442 +-  0.919
 722 -   0.72489 0.23991 0.03519 ( 1)  0.442 +-  0.919
 723 -   0.72489 0.23991 0.03519 ( 1)  0.442 +-  0.919
 724 -   0.72489 0.23991 0.03519 ( 1)  0.442 +-  0.919
 725 -   0.72489 0.23991 0.03519 ( 1)  0.442 +-  0.919
 726 -   0.72489 0.23991 0.03519 ( 1)  0.442 +-  0.919
 727 -   0.72489 0.23991 0.03519 ( 1)  0.442 +-  0.919
 728 -   0.72489 0.23991 0.03519 ( 1)  0.442 +-  0.919
 729 -   0.72489 0.23991 0.03519 ( 1)  0.442 +-  0.919
 730 -   0.72489 0.23991 0.03519 ( 1)  0.442 +-  0.919
 731 -   0.72489 0.23991 0.03519 ( 1)  0.442 +-  0.919
 732 -   0.72489 0.23991 0.03519 ( 1)  0.442 +-  0.919
 733 -   0.72489 0.23991 0.03519 ( 1)  0.442 +-  0.919
 734 -   0.72489 0.23991 0.03519 ( 1)  0.442 +-  0.919
 735 -   0.72489 0.23991 0.03519 ( 1)  0.442 +-  0.919
 736 -   0.72489 0.23991 0.03519 ( 1)  0.442 +-  0.919
 737 -   0.72489 0.23991 0.03519 ( 1)  0.442 +-  0.919
 738 -   0.72489 0.23991 0.03519 ( 1)  0.442 +-  0.919
 739 -   0.72489 0.23991 0.03519 ( 1)  0.442 +-  0.919
 740 -   0.72489 0.23991 0.03519 ( 1)  0.442 +-  0.919
 741 -   0.72489 0.23991 0.03519 ( 1)  0.442 +-  0.919

Positively selected sites

	Prob(w>1)  mean w

    31 -      0.572         3.159 +- 1.946
    38 -      0.518         2.931 +- 1.994
    54 -      0.537         3.022 +- 1.955
    68 -      0.989*        4.718 +- 0.785
    96 W      0.994**       4.736 +- 0.741
   100 L      0.535         2.993 +- 1.923
   127 A      0.811         4.035 +- 1.588
   133 R      0.893         4.356 +- 1.328
   320 H      0.983*        4.695 +- 0.833
   460 D      0.926         4.478 +- 1.180
   473 R      1.000**       4.756 +- 0.685
   507 Q      0.893         4.360 +- 1.330
   614 R      0.792         3.964 +- 1.633
   678 K      0.860         4.216 +- 1.438
   683 R      0.819         4.064 +- 1.563
   684 T      0.683         3.520 +- 1.798
   692 L      0.600         3.229 +- 1.892
   700 L      0.779         3.915 +- 1.663
   708 R      1.000**       4.757 +- 0.684

