Supplemental results for CODEML (seqf: algn  treef: tree)


dN/dS (w) for site classes (K=9)

p:   0.12407  0.12407  0.12407  0.12407  0.12407  0.12407  0.12407  0.12407  0.00747
w:   0.00000  0.00004  0.00059  0.00343  0.01296  0.03857  0.10217  0.28653  3.04255

Naive Empirical Bayes (NEB) probabilities for 9 classes & postmean_w & P(w>1)
(amino acids refer to 1st sequence: aotNan_GADD45A_XM_012442688)

   1 M   0.13939 0.13938 0.13920 0.13827 0.13522 0.12735 0.10975 0.07143 0.00001 ( 1)  0.039  0.000
   2 T   0.12949 0.12949 0.12944 0.12919 0.12834 0.12609 0.12068 0.10629 0.00098 ( 1)  0.053  0.001
   3 L   0.13197 0.13197 0.13189 0.13149 0.13016 0.12664 0.11832 0.09722 0.00034 ( 1)  0.048  0.000
   4 E   0.13735 0.13734 0.13719 0.13642 0.13388 0.12728 0.11229 0.07824 0.00003 ( 1)  0.041  0.000
   5 E   0.13157 0.13157 0.13150 0.13112 0.12987 0.12657 0.11873 0.09868 0.00039 ( 1)  0.049  0.000
   6 F   0.13518 0.13517 0.13505 0.13444 0.13241 0.12712 0.11487 0.08569 0.00007 ( 1)  0.044  0.000
   7 S   0.13288 0.13287 0.13279 0.13233 0.13081 0.12681 0.11739 0.09391 0.00021 ( 1)  0.047  0.000
   8 A   0.00000 0.00010 0.00150 0.00873 0.03274 0.09542 0.24005 0.57968 0.04177 ( 8)  0.322  0.042
   9 G   0.12787 0.12786 0.12783 0.12766 0.12711 0.12562 0.12200 0.11211 0.00193 ( 1)  0.057  0.002
  10 E   0.14034 0.14033 0.14014 0.13913 0.13582 0.12732 0.10848 0.06842 0.00001 ( 1)  0.038  0.000
  11 Q   0.13701 0.13700 0.13685 0.13611 0.13365 0.12726 0.11271 0.07937 0.00003 ( 1)  0.042  0.000
  12 K   0.13772 0.13771 0.13756 0.13676 0.13412 0.12729 0.11183 0.07699 0.00003 ( 1)  0.041  0.000
  13 T   0.13430 0.13429 0.13419 0.13364 0.13181 0.12701 0.11585 0.08880 0.00011 ( 1)  0.045  0.000
  14 E   0.13157 0.13157 0.13150 0.13112 0.12987 0.12657 0.11873 0.09868 0.00039 ( 1)  0.049  0.000
  15 R   0.00000 0.00000 0.00000 0.00000 0.00000 0.00000 0.00007 0.00925 0.99067 ( 9)  3.017  0.991
  16 M   0.14506 0.14504 0.14476 0.14334 0.13868 0.12691 0.10190 0.05431 0.00000 ( 1)  0.033  0.000
  17 D   0.14067 0.14065 0.14045 0.13941 0.13597 0.12718 0.10789 0.06775 0.00003 ( 1)  0.038  0.000
  18 K   0.14397 0.14396 0.14370 0.14238 0.13804 0.12703 0.10345 0.05747 0.00000 ( 1)  0.034  0.000
  19 V   0.14319 0.14317 0.14293 0.14167 0.13754 0.12705 0.10448 0.05997 0.00001 ( 1)  0.035  0.000
  20 G   0.14315 0.14313 0.14289 0.14164 0.13755 0.12713 0.10462 0.05988 0.00000 ( 1)  0.035  0.000
  21 D   0.14058 0.14057 0.14037 0.13933 0.13592 0.12719 0.10800 0.06801 0.00003 ( 1)  0.038  0.000
  22 A   0.14131 0.14129 0.14108 0.13999 0.13641 0.12725 0.10715 0.06551 0.00001 ( 1)  0.037  0.000
  23 L   0.13407 0.13407 0.13396 0.13343 0.13164 0.12697 0.11609 0.08963 0.00014 ( 1)  0.045  0.000
  24 E   0.13942 0.13941 0.13923 0.13830 0.13523 0.12733 0.10968 0.07139 0.00001 ( 1)  0.039  0.000
  25 E   0.13113 0.13113 0.13106 0.13071 0.12955 0.12648 0.11916 0.10029 0.00048 ( 1)  0.049  0.000
  26 V   0.13735 0.13734 0.13719 0.13642 0.13387 0.12727 0.11227 0.07825 0.00004 ( 1)  0.041  0.000
  27 L   0.13438 0.13438 0.13427 0.13371 0.13186 0.12701 0.11574 0.08852 0.00012 ( 1)  0.045  0.000
  28 S   0.13445 0.13444 0.13434 0.13378 0.13191 0.12703 0.11569 0.08826 0.00010 ( 1)  0.045  0.000
  29 K   0.12956 0.12955 0.12950 0.12925 0.12839 0.12611 0.12063 0.10606 0.00095 ( 1)  0.053  0.001
  30 A   0.13590 0.13589 0.13576 0.13510 0.13290 0.12718 0.11402 0.08321 0.00006 ( 1)  0.043  0.000
  31 L   0.13407 0.13407 0.13396 0.13343 0.13164 0.12697 0.11609 0.08963 0.00014 ( 1)  0.045  0.000
  32 S   0.12993 0.12993 0.12988 0.12960 0.12867 0.12621 0.12029 0.10469 0.00081 ( 1)  0.052  0.001
  33 Q   0.13626 0.13625 0.13612 0.13543 0.13315 0.12721 0.11359 0.08193 0.00005 ( 1)  0.042  0.000
  34 R   0.13376 0.13376 0.13366 0.13314 0.13143 0.12694 0.11644 0.09073 0.00015 ( 1)  0.045  0.000
  35 T   0.13410 0.13410 0.13399 0.13345 0.13166 0.12698 0.11606 0.08952 0.00013 ( 1)  0.045  0.000
  36 I   0.13635 0.13634 0.13621 0.13551 0.13321 0.12722 0.11349 0.08161 0.00004 ( 1)  0.042  0.000
  37 T   0.13127 0.13127 0.13120 0.13084 0.12965 0.12650 0.11901 0.09978 0.00048 ( 1)  0.049  0.000
  38 V   0.13595 0.13594 0.13581 0.13514 0.13293 0.12717 0.11395 0.08306 0.00007 ( 1)  0.043  0.000
  39 G   0.13716 0.13715 0.13701 0.13625 0.13375 0.12727 0.11252 0.07885 0.00003 ( 1)  0.041  0.000
  40 V   0.13735 0.13734 0.13719 0.13642 0.13387 0.12727 0.11227 0.07825 0.00004 ( 1)  0.041  0.000
  41 Y   0.13409 0.13408 0.13398 0.13344 0.13166 0.12698 0.11608 0.08955 0.00012 ( 1)  0.045  0.000
  42 E   0.13665 0.13664 0.13650 0.13578 0.13340 0.12721 0.11309 0.08066 0.00006 ( 1)  0.042  0.000
  43 A   0.13720 0.13719 0.13705 0.13629 0.13378 0.12727 0.11246 0.07872 0.00003 ( 1)  0.041  0.000
  44 A   0.13586 0.13585 0.13572 0.13506 0.13287 0.12717 0.11407 0.08335 0.00006 ( 1)  0.043  0.000
  45 K   0.13651 0.13650 0.13636 0.13565 0.13331 0.12722 0.11330 0.08110 0.00005 ( 1)  0.042  0.000
  46 L   0.13332 0.13331 0.13322 0.13273 0.13111 0.12686 0.11691 0.09233 0.00019 ( 1)  0.046  0.000
  47 L   0.13438 0.13438 0.13427 0.13371 0.13186 0.12701 0.11574 0.08852 0.00012 ( 1)  0.045  0.000
  48 N   0.13671 0.13670 0.13656 0.13584 0.13345 0.12724 0.11305 0.08040 0.00004 ( 1)  0.042  0.000
  49 V   0.13590 0.13589 0.13577 0.13510 0.13290 0.12717 0.11400 0.08321 0.00007 ( 1)  0.043  0.000
  50 D   0.13947 0.13946 0.13928 0.13835 0.13526 0.12733 0.10962 0.07122 0.00001 ( 1)  0.039  0.000
  51 P   0.13417 0.13416 0.13405 0.13351 0.13171 0.12699 0.11599 0.08930 0.00013 ( 1)  0.045  0.000
  52 D   0.13437 0.13436 0.13426 0.13370 0.13185 0.12700 0.11575 0.08858 0.00013 ( 1)  0.045  0.000
  53 N   0.13786 0.13785 0.13769 0.13689 0.13422 0.12731 0.11167 0.07650 0.00002 ( 1)  0.041  0.000
  54 V   0.13816 0.13815 0.13799 0.13716 0.13441 0.12731 0.11128 0.07553 0.00002 ( 1)  0.040  0.000
  55 V   0.13816 0.13815 0.13799 0.13716 0.13441 0.12731 0.11128 0.07553 0.00002 ( 1)  0.040  0.000
  56 L   0.13365 0.13364 0.13354 0.13304 0.13134 0.12691 0.11654 0.09116 0.00018 ( 1)  0.046  0.000
  57 C   0.13257 0.13256 0.13248 0.13204 0.13058 0.12675 0.11773 0.09505 0.00024 ( 1)  0.047  0.000
  58 L   0.13931 0.13929 0.13912 0.13819 0.13514 0.12729 0.10978 0.07185 0.00002 ( 1)  0.039  0.000
  59 -   0.12407 0.12407 0.12407 0.12407 0.12407 0.12407 0.12407 0.12407 0.00747 ( 2)  0.078  0.007
  60 -   0.12407 0.12407 0.12407 0.12407 0.12407 0.12407 0.12407 0.12407 0.00747 ( 2)  0.078  0.007
  61 -   0.12407 0.12407 0.12407 0.12407 0.12407 0.12407 0.12407 0.12407 0.00747 ( 2)  0.078  0.007
  62 -   0.12407 0.12407 0.12407 0.12407 0.12407 0.12407 0.12407 0.12407 0.00747 ( 2)  0.078  0.007
  63 -   0.12407 0.12407 0.12407 0.12407 0.12407 0.12407 0.12407 0.12407 0.00747 ( 2)  0.078  0.007
  64 -   0.12407 0.12407 0.12407 0.12407 0.12407 0.12407 0.12407 0.12407 0.00747 ( 2)  0.078  0.007
  65 L   0.13931 0.13929 0.13912 0.13819 0.13514 0.12729 0.10978 0.07185 0.00002 ( 1)  0.039  0.000
  66 A   0.14396 0.14395 0.14369 0.14237 0.13803 0.12703 0.10345 0.05753 0.00000 ( 1)  0.034  0.000
  67 A   0.14354 0.14352 0.14327 0.14199 0.13778 0.12708 0.10407 0.05875 0.00000 ( 1)  0.035  0.000
  68 D   0.14606 0.14604 0.14574 0.14422 0.13923 0.12669 0.10035 0.05166 0.00000 ( 1)  0.032  0.000
  69 E   0.14701 0.14699 0.14667 0.14505 0.13975 0.12649 0.09890 0.04914 0.00000 ( 1)  0.031  0.000
  70 D   0.14606 0.14604 0.14574 0.14422 0.13923 0.12669 0.10035 0.05166 0.00000 ( 1)  0.032  0.000
  71 D   0.14606 0.14604 0.14574 0.14422 0.13923 0.12669 0.10035 0.05166 0.00000 ( 1)  0.032  0.000
  72 D   0.14606 0.14604 0.14574 0.14422 0.13923 0.12669 0.10035 0.05166 0.00000 ( 1)  0.032  0.000
  73 R   0.13784 0.13783 0.13767 0.13687 0.13420 0.12728 0.11166 0.07662 0.00003 ( 1)  0.041  0.000
  74 D   0.14108 0.14106 0.14086 0.13978 0.13624 0.12718 0.10735 0.06644 0.00002 ( 1)  0.037  0.000
  75 V   0.14404 0.14403 0.14377 0.14243 0.13805 0.12697 0.10328 0.05743 0.00000 ( 1)  0.034  0.000
  76 A   0.13548 0.13547 0.13534 0.13470 0.13259 0.12707 0.11442 0.08480 0.00013 ( 1)  0.044  0.000
  77 L   0.13923 0.13922 0.13904 0.13812 0.13509 0.12729 0.10987 0.07211 0.00002 ( 1)  0.039  0.000
  78 Q   0.14255 0.14254 0.14231 0.14111 0.13719 0.12718 0.10546 0.06166 0.00000 ( 1)  0.036  0.000
  79 I   0.00000 0.00016 0.00232 0.01344 0.04941 0.13650 0.30079 0.49708 0.00029 ( 8)  0.180  0.000
  80 H   0.14308 0.14306 0.14282 0.14158 0.13751 0.12714 0.10472 0.06008 0.00000 ( 1)  0.035  0.000
  81 F   0.14006 0.14004 0.13986 0.13888 0.13565 0.12734 0.10887 0.06929 0.00001 ( 1)  0.038  0.000
  82 T   0.13944 0.13942 0.13924 0.13831 0.13524 0.12732 0.10965 0.07135 0.00002 ( 1)  0.039  0.000
  83 L   0.13931 0.13929 0.13912 0.13819 0.13514 0.12729 0.10978 0.07185 0.00002 ( 1)  0.039  0.000
  84 I   0.14265 0.14263 0.14240 0.14120 0.13725 0.12719 0.10535 0.06133 0.00000 ( 1)  0.036  0.000
  85 Q   0.14255 0.14254 0.14231 0.14111 0.13719 0.12718 0.10546 0.06166 0.00000 ( 1)  0.036  0.000
  86 A   0.14335 0.14333 0.14309 0.14182 0.13766 0.12709 0.10432 0.05935 0.00000 ( 1)  0.035  0.000
  87 F   0.13943 0.13942 0.13924 0.13831 0.13524 0.12734 0.10969 0.07133 0.00001 ( 1)  0.039  0.000
  88 C   0.13637 0.13636 0.13623 0.13553 0.13323 0.12722 0.11348 0.08154 0.00004 ( 1)  0.042  0.000
  89 C   0.13608 0.13607 0.13594 0.13526 0.13302 0.12720 0.11382 0.08257 0.00005 ( 1)  0.043  0.000
  90 E   0.14701 0.14699 0.14667 0.14505 0.13975 0.12649 0.09890 0.04914 0.00000 ( 1)  0.031  0.000
  91 N   0.00000 0.00017 0.00246 0.01423 0.05216 0.14285 0.30822 0.47976 0.00015 ( 8)  0.176  0.000
  92 D   0.14606 0.14604 0.14574 0.14422 0.13923 0.12669 0.10035 0.05166 0.00000 ( 1)  0.032  0.000
  93 I   0.14270 0.14268 0.14245 0.14125 0.13728 0.12719 0.10528 0.06117 0.00000 ( 1)  0.036  0.000
  94 N   0.00000 0.00017 0.00246 0.01423 0.05216 0.14285 0.30822 0.47976 0.00015 ( 8)  0.176  0.000
  95 I   0.14204 0.14202 0.14180 0.14065 0.13687 0.12722 0.10618 0.06321 0.00000 ( 1)  0.036  0.000
  96 L   0.13931 0.13929 0.13912 0.13819 0.13514 0.12729 0.10978 0.07185 0.00002 ( 1)  0.039  0.000
  97 R   0.13885 0.13884 0.13867 0.13779 0.13486 0.12732 0.11041 0.07324 0.00002 ( 1)  0.040  0.000
  98 V   0.14215 0.14213 0.14191 0.14074 0.13692 0.12717 0.10597 0.06301 0.00001 ( 1)  0.036  0.000
  99 S   0.13994 0.13992 0.13973 0.13877 0.13557 0.12734 0.10903 0.06970 0.00001 ( 1)  0.038  0.000
 100 N   0.14385 0.14383 0.14358 0.14227 0.13797 0.12707 0.10365 0.05777 0.00000 ( 1)  0.034  0.000
 101 P   0.00000 0.00015 0.00214 0.01242 0.04585 0.12811 0.29041 0.52015 0.00078 ( 8)  0.187  0.001
 102 G   0.14185 0.14183 0.14162 0.14049 0.13676 0.12724 0.10644 0.06377 0.00000 ( 1)  0.036  0.000
 103 R   0.13933 0.13932 0.13914 0.13822 0.13517 0.12733 0.10979 0.07169 0.00002 ( 1)  0.039  0.000
 104 L   0.13923 0.13922 0.13904 0.13812 0.13509 0.12729 0.10987 0.07211 0.00002 ( 1)  0.039  0.000
 105 A   0.14279 0.14277 0.14254 0.14132 0.13733 0.12716 0.10513 0.06096 0.00000 ( 1)  0.035  0.000
 106 E   0.14701 0.14699 0.14667 0.14505 0.13975 0.12649 0.09890 0.04914 0.00000 ( 1)  0.031  0.000
 107 L   0.13963 0.13961 0.13943 0.13848 0.13535 0.12730 0.10938 0.07079 0.00002 ( 1)  0.039  0.000
 108 L   0.13913 0.13912 0.13895 0.13804 0.13503 0.12729 0.11000 0.07242 0.00002 ( 1)  0.039  0.000
 109 L   0.13955 0.13954 0.13936 0.13842 0.13530 0.12730 0.10947 0.07105 0.00002 ( 1)  0.039  0.000
 110 L   0.13607 0.13606 0.13593 0.13525 0.13300 0.12714 0.11374 0.08271 0.00009 ( 1)  0.043  0.000
 111 E   0.00000 0.00018 0.00265 0.01534 0.05595 0.15135 0.31705 0.45732 0.00015 ( 8)  0.171  0.000
 112 T   0.00000 0.00014 0.00196 0.01137 0.04217 0.11923 0.27837 0.54378 0.00298 ( 8)  0.198  0.003
 113 D   0.14581 0.14578 0.14549 0.14400 0.13908 0.12673 0.10072 0.05238 0.00000 ( 1)  0.033  0.000
 114 A   0.00000 0.00000 0.00001 0.00022 0.00301 0.02511 0.15224 0.78850 0.03091 ( 8)  0.337  0.031
 115 G   0.00000 0.00016 0.00227 0.01314 0.04836 0.13401 0.29769 0.50389 0.00049 ( 8)  0.182  0.000
 116 P   0.13967 0.13966 0.13948 0.13853 0.13539 0.12732 0.10934 0.07061 0.00001 ( 1)  0.039  0.000
 117 A   0.00000 0.00000 0.00001 0.00027 0.00377 0.03078 0.17690 0.78484 0.00343 ( 8)  0.255  0.003
 118 A   0.14255 0.14253 0.14230 0.14111 0.13718 0.12718 0.10546 0.06168 0.00000 ( 1)  0.036  0.000
 119 S   0.00000 0.00000 0.00001 0.00023 0.00314 0.02618 0.15778 0.80007 0.01260 ( 8)  0.285  0.013
 120 E   0.14701 0.14699 0.14667 0.14505 0.13975 0.12649 0.09890 0.04914 0.00000 ( 1)  0.031  0.000
 121 G   0.14185 0.14183 0.14162 0.14049 0.13676 0.12724 0.10644 0.06377 0.00000 ( 1)  0.036  0.000
 122 A   0.14207 0.14205 0.14183 0.14068 0.13688 0.12721 0.10613 0.06315 0.00001 ( 1)  0.036  0.000
 123 E   0.00000 0.00000 0.00001 0.00027 0.00378 0.03088 0.17716 0.78375 0.00414 ( 8)  0.257  0.004
 124 Q   0.14224 0.14222 0.14200 0.14083 0.13699 0.12720 0.10589 0.06263 0.00001 ( 1)  0.036  0.000
 125 P   0.13918 0.13916 0.13899 0.13808 0.13507 0.12732 0.10998 0.07220 0.00002 ( 1)  0.039  0.000
 126 P   0.14064 0.14063 0.14043 0.13940 0.13601 0.12730 0.10806 0.06752 0.00001 ( 1)  0.038  0.000
 127 D   0.14606 0.14604 0.14574 0.14422 0.13923 0.12669 0.10035 0.05166 0.00000 ( 1)  0.032  0.000
 128 L   0.13931 0.13929 0.13912 0.13819 0.13514 0.12729 0.10978 0.07185 0.00002 ( 1)  0.039  0.000
 129 H   0.14308 0.14306 0.14282 0.14158 0.13751 0.12714 0.10472 0.06008 0.00000 ( 1)  0.035  0.000
 130 C   0.13637 0.13636 0.13623 0.13553 0.13323 0.12722 0.11348 0.08154 0.00004 ( 1)  0.042  0.000
 131 V   0.14404 0.14403 0.14377 0.14243 0.13805 0.12697 0.10328 0.05743 0.00000 ( 1)  0.034  0.000
 132 L   0.13931 0.13929 0.13912 0.13819 0.13514 0.12729 0.10978 0.07185 0.00002 ( 1)  0.039  0.000
 133 V   0.14404 0.14403 0.14377 0.14243 0.13805 0.12697 0.10328 0.05743 0.00000 ( 1)  0.034  0.000
 134 T   0.14110 0.14108 0.14087 0.13981 0.13629 0.12729 0.10748 0.06607 0.00001 ( 1)  0.037  0.000
 135 N   0.13599 0.13598 0.13585 0.13518 0.13296 0.12718 0.11392 0.08290 0.00006 ( 1)  0.043  0.000
 136 P   0.12892 0.12891 0.12887 0.12865 0.12790 0.12593 0.12116 0.10837 0.00129 ( 1)  0.054  0.001
 137 H   0.13597 0.13596 0.13583 0.13516 0.13295 0.12718 0.11393 0.08297 0.00006 ( 1)  0.043  0.000
 138 S   0.12997 0.12996 0.12991 0.12962 0.12868 0.12618 0.12019 0.10454 0.00096 ( 1)  0.052  0.001
 139 S   0.13172 0.13171 0.13164 0.13125 0.12996 0.12657 0.11853 0.09816 0.00045 ( 1)  0.049  0.000
 140 Q   0.13256 0.13255 0.13247 0.13203 0.13058 0.12675 0.11772 0.09509 0.00026 ( 1)  0.047  0.000
 141 W   0.13516 0.13516 0.13504 0.13443 0.13240 0.12711 0.11488 0.08575 0.00008 ( 1)  0.044  0.000
 142 K   0.14471 0.14469 0.14442 0.14303 0.13847 0.12695 0.10240 0.05535 0.00000 ( 1)  0.034  0.000
 143 D   0.13830 0.13829 0.13813 0.13728 0.13450 0.12730 0.11109 0.07509 0.00002 ( 1)  0.040  0.000
 144 P   0.13190 0.13189 0.13182 0.13142 0.13010 0.12662 0.11839 0.09749 0.00037 ( 1)  0.048  0.000
 145 A   0.14195 0.14194 0.14172 0.14057 0.13681 0.12722 0.10628 0.06350 0.00001 ( 1)  0.036  0.000
 146 L   0.00000 0.00009 0.00130 0.00758 0.02853 0.08382 0.21518 0.55161 0.11188 ( 8)  0.524  0.112
 147 S   0.13321 0.13320 0.13311 0.13263 0.13104 0.12685 0.11704 0.09273 0.00019 ( 1)  0.046  0.000
 148 Q   0.13256 0.13255 0.13247 0.13203 0.13058 0.12675 0.11772 0.09509 0.00026 ( 1)  0.047  0.000
 149 L   0.13364 0.13364 0.13354 0.13303 0.13133 0.12688 0.11650 0.09123 0.00023 ( 1)  0.046  0.000
 150 I   0.13637 0.13636 0.13623 0.13553 0.13320 0.12716 0.11338 0.08169 0.00007 ( 1)  0.042  0.000
 151 C   0.13082 0.13082 0.13075 0.13042 0.12932 0.12641 0.11947 0.10144 0.00055 ( 1)  0.050  0.001
 152 F   0.13322 0.13321 0.13312 0.13264 0.13105 0.12686 0.11703 0.09269 0.00019 ( 1)  0.046  0.000
 153 C   0.13637 0.13636 0.13623 0.13553 0.13323 0.12722 0.11348 0.08154 0.00004 ( 1)  0.042  0.000
 154 R   0.13948 0.13947 0.13929 0.13835 0.13527 0.12732 0.10959 0.07121 0.00001 ( 1)  0.039  0.000
 155 E   0.00000 0.00012 0.00172 0.00998 0.03726 0.10713 0.26069 0.57212 0.01099 ( 8)  0.229  0.011
 156 S   0.13493 0.13492 0.13481 0.13421 0.13223 0.12705 0.11508 0.08665 0.00012 ( 1)  0.044  0.000
 157 R   0.13885 0.13884 0.13867 0.13779 0.13486 0.12732 0.11041 0.07324 0.00002 ( 1)  0.040  0.000
 158 Y   0.13939 0.13938 0.13920 0.13828 0.13522 0.12734 0.10973 0.07146 0.00001 ( 1)  0.039  0.000
 159 M   0.14582 0.14580 0.14551 0.14402 0.13912 0.12679 0.10078 0.05217 0.00000 ( 1)  0.033  0.000
 160 D   0.13830 0.13829 0.13813 0.13728 0.13450 0.12730 0.11109 0.07509 0.00002 ( 1)  0.040  0.000
 161 Q   0.00000 0.00015 0.00220 0.01274 0.04697 0.13075 0.29372 0.51289 0.00058 ( 8)  0.184  0.001
 162 W   0.13516 0.13516 0.13504 0.13443 0.13240 0.12711 0.11488 0.08575 0.00008 ( 1)  0.044  0.000
 163 V   0.13353 0.13352 0.13343 0.13292 0.13125 0.12687 0.11665 0.09161 0.00021 ( 1)  0.046  0.000
 164 P   0.13063 0.13062 0.13056 0.13024 0.12918 0.12637 0.11965 0.10215 0.00061 ( 1)  0.050  0.001
 165 V   0.14404 0.14403 0.14377 0.14243 0.13805 0.12697 0.10328 0.05743 0.00000 ( 1)  0.034  0.000
 166 I   0.13495 0.13495 0.13483 0.13423 0.13225 0.12708 0.11511 0.08650 0.00009 ( 1)  0.044  0.000
 167 N   0.13637 0.13636 0.13622 0.13553 0.13321 0.12720 0.11345 0.08160 0.00005 ( 1)  0.042  0.000
 168 L   0.13859 0.13858 0.13841 0.13754 0.13469 0.12731 0.11073 0.07415 0.00002 ( 1)  0.040  0.000
 169 P   0.13190 0.13189 0.13182 0.13142 0.13010 0.12662 0.11839 0.09749 0.00037 ( 1)  0.048  0.000
 170 E   0.13499 0.13498 0.13487 0.13427 0.13228 0.12708 0.11506 0.08638 0.00009 ( 1)  0.044  0.000
 171 R   0.00000 0.00014 0.00204 0.01183 0.04380 0.12324 0.28413 0.53362 0.00120 ( 8)  0.191  0.001

Positively selected sites

	Prob(w>1)  mean w

    15 R      0.991**       3.017


lnL = -1289.638112

Bayes Empirical Bayes (BEB) probabilities for 11 classes (class) & postmean_w
(amino acids refer to 1st sequence: aotNan_GADD45A_XM_012442688)

   1 M   0.90715 0.04643 0.02078 0.01095 0.00616 0.00356 0.00206 0.00116 0.00060 0.00022 0.00094 ( 1)  0.070 +-  0.089
   2 T   0.86133 0.05196 0.02740 0.01699 0.01125 0.00764 0.00518 0.00342 0.00207 0.00091 0.01185 ( 1)  0.104 +-  0.241
   3 L   0.87610 0.05089 0.02585 0.01544 0.00984 0.00644 0.00421 0.00268 0.00156 0.00066 0.00631 ( 1)  0.089 +-  0.172
   4 E   0.89979 0.04778 0.02219 0.01213 0.00708 0.00425 0.00255 0.00148 0.00080 0.00031 0.00164 ( 1)  0.074 +-  0.103
   5 E   0.87402 0.05110 0.02611 0.01569 0.01007 0.00663 0.00436 0.00279 0.00164 0.00070 0.00691 ( 1)  0.091 +-  0.180
   6 F   0.89136 0.04914 0.02368 0.01343 0.00812 0.00504 0.00313 0.00189 0.00105 0.00042 0.00273 ( 1)  0.078 +-  0.122
   7 S   0.88086 0.05044 0.02525 0.01486 0.00934 0.00602 0.00388 0.00243 0.00140 0.00059 0.00494 ( 1)  0.085 +-  0.154
   8 A   0.44487 0.07942 0.06887 0.05898 0.04950 0.04050 0.03201 0.02396 0.01615 0.00771 0.17803 ( 1)  0.566 +-  0.891
   9 G   0.84920 0.05242 0.02829 0.01795 0.01215 0.00844 0.00586 0.00395 0.00245 0.00110 0.01817 ( 1)  0.122 +-  0.318
  10 E   0.91017 0.04576 0.02014 0.01044 0.00578 0.00329 0.00187 0.00104 0.00053 0.00020 0.00078 ( 1)  0.069 +-  0.084
  11 Q   0.89856 0.04800 0.02242 0.01233 0.00724 0.00436 0.00263 0.00154 0.00083 0.00033 0.00177 ( 1)  0.074 +-  0.106
  12 K   0.90113 0.04753 0.02194 0.01192 0.00691 0.00412 0.00246 0.00142 0.00076 0.00030 0.00151 ( 1)  0.073 +-  0.101
  13 T   0.88749 0.04965 0.02428 0.01397 0.00858 0.00541 0.00341 0.00209 0.00118 0.00048 0.00346 ( 1)  0.081 +-  0.133
  14 E   0.87402 0.05110 0.02611 0.01569 0.01007 0.00663 0.00436 0.00279 0.00164 0.00070 0.00691 ( 1)  0.091 +-  0.180
  15 R   0.00000 0.00007 0.00041 0.00123 0.00261 0.00441 0.00629 0.00772 0.00795 0.00552 0.96378 (11)  2.706 +-  1.577
  16 M   0.92405 0.04234 0.01701 0.00806 0.00409 0.00214 0.00112 0.00057 0.00027 0.00009 0.00025 ( 1)  0.065 +-  0.066
  17 D   0.91021 0.04550 0.01998 0.01037 0.00578 0.00332 0.00191 0.00108 0.00056 0.00021 0.00108 ( 1)  0.070 +-  0.090
  18 K   0.92096 0.04315 0.01773 0.00859 0.00446 0.00238 0.00128 0.00067 0.00032 0.00011 0.00034 ( 1)  0.066 +-  0.070
  19 V   0.91828 0.04372 0.01828 0.00904 0.00480 0.00262 0.00144 0.00078 0.00038 0.00014 0.00052 ( 1)  0.067 +-  0.075
  20 G   0.91860 0.04376 0.01827 0.00900 0.00474 0.00257 0.00140 0.00074 0.00036 0.00013 0.00042 ( 1)  0.066 +-  0.073
  21 D   0.90995 0.04556 0.02003 0.01041 0.00581 0.00334 0.00193 0.00109 0.00057 0.00022 0.00110 ( 1)  0.070 +-  0.091
  22 A   0.91295 0.04508 0.01951 0.00996 0.00544 0.00306 0.00172 0.00095 0.00048 0.00018 0.00070 ( 1)  0.068 +-  0.081
  23 L   0.88630 0.04977 0.02444 0.01412 0.00871 0.00552 0.00349 0.00215 0.00122 0.00050 0.00379 ( 1)  0.082 +-  0.138
  24 E   0.90706 0.04639 0.02077 0.01095 0.00617 0.00357 0.00207 0.00117 0.00061 0.00023 0.00101 ( 1)  0.071 +-  0.090
  25 E   0.87153 0.05130 0.02639 0.01597 0.01031 0.00684 0.00453 0.00291 0.00172 0.00074 0.00775 ( 1)  0.093 +-  0.190
  26 V   0.89966 0.04777 0.02219 0.01214 0.00709 0.00426 0.00256 0.00149 0.00080 0.00032 0.00172 ( 1)  0.074 +-  0.105
  27 L   0.88772 0.04959 0.02423 0.01393 0.00855 0.00538 0.00339 0.00208 0.00117 0.00048 0.00349 ( 1)  0.081 +-  0.134
  28 S   0.88820 0.04956 0.02418 0.01388 0.00850 0.00534 0.00336 0.00205 0.00115 0.00047 0.00331 ( 1)  0.080 +-  0.131
  29 K   0.86179 0.05194 0.02737 0.01695 0.01121 0.00760 0.00516 0.00340 0.00206 0.00090 0.01162 ( 1)  0.104 +-  0.238
  30 A   0.89414 0.04869 0.02319 0.01300 0.00778 0.00478 0.00294 0.00175 0.00096 0.00039 0.00238 ( 1)  0.077 +-  0.116
  31 L   0.88630 0.04977 0.02444 0.01412 0.00871 0.00552 0.00349 0.00215 0.00122 0.00050 0.00379 ( 1)  0.082 +-  0.138
  32 S   0.86427 0.05180 0.02714 0.01672 0.01100 0.00742 0.00500 0.00328 0.00197 0.00086 0.01053 ( 1)  0.101 +-  0.225
  33 Q   0.89563 0.04847 0.02294 0.01277 0.00760 0.00464 0.00283 0.00168 0.00092 0.00037 0.00216 ( 1)  0.076 +-  0.113
  34 R   0.88502 0.04995 0.02465 0.01431 0.00887 0.00564 0.00358 0.00221 0.00126 0.00052 0.00398 ( 1)  0.082 +-  0.141
  35 T   0.88651 0.04976 0.02442 0.01410 0.00869 0.00550 0.00348 0.00214 0.00121 0.00050 0.00371 ( 1)  0.081 +-  0.137
  36 I   0.89605 0.04841 0.02287 0.01272 0.00755 0.00460 0.00280 0.00166 0.00090 0.00036 0.00208 ( 1)  0.076 +-  0.111
  37 T   0.87213 0.05122 0.02630 0.01588 0.01024 0.00677 0.00448 0.00288 0.00170 0.00073 0.00766 ( 1)  0.093 +-  0.190
  38 V   0.89422 0.04865 0.02316 0.01297 0.00776 0.00477 0.00293 0.00175 0.00096 0.00039 0.00243 ( 1)  0.077 +-  0.117
  39 G   0.89914 0.04790 0.02232 0.01224 0.00716 0.00431 0.00259 0.00151 0.00081 0.00032 0.00170 ( 1)  0.074 +-  0.104
  40 V   0.89966 0.04777 0.02219 0.01214 0.00709 0.00426 0.00256 0.00149 0.00080 0.00032 0.00172 ( 1)  0.074 +-  0.105
  41 Y   0.88656 0.04977 0.02443 0.01410 0.00869 0.00550 0.00348 0.00213 0.00121 0.00050 0.00364 ( 1)  0.081 +-  0.136
  42 E   0.89682 0.04820 0.02267 0.01256 0.00744 0.00452 0.00275 0.00163 0.00089 0.00035 0.00216 ( 1)  0.076 +-  0.113
  43 A   0.89923 0.04787 0.02229 0.01222 0.00715 0.00430 0.00258 0.00151 0.00081 0.00032 0.00172 ( 1)  0.074 +-  0.105
  44 A   0.89398 0.04872 0.02322 0.01302 0.00780 0.00479 0.00295 0.00176 0.00097 0.00039 0.00240 ( 1)  0.077 +-  0.117
  45 K   0.89654 0.04831 0.02277 0.01263 0.00748 0.00455 0.00277 0.00164 0.00089 0.00035 0.00206 ( 1)  0.076 +-  0.111
  46 L   0.88280 0.05019 0.02495 0.01459 0.00911 0.00584 0.00374 0.00233 0.00133 0.00056 0.00456 ( 1)  0.084 +-  0.149
  47 L   0.88772 0.04959 0.02423 0.01393 0.00855 0.00538 0.00339 0.00208 0.00117 0.00048 0.00349 ( 1)  0.081 +-  0.134
  48 N   0.89734 0.04818 0.02263 0.01251 0.00738 0.00448 0.00271 0.00160 0.00087 0.00034 0.00195 ( 1)  0.075 +-  0.109
  49 V   0.89404 0.04868 0.02319 0.01300 0.00778 0.00479 0.00295 0.00176 0.00097 0.00039 0.00246 ( 1)  0.077 +-  0.118
  50 D   0.90727 0.04636 0.02073 0.01092 0.00614 0.00355 0.00206 0.00116 0.00060 0.00023 0.00098 ( 1)  0.071 +-  0.089
  51 P   0.88678 0.04972 0.02438 0.01406 0.00866 0.00547 0.00346 0.00212 0.00120 0.00049 0.00366 ( 1)  0.081 +-  0.136
  52 D   0.88756 0.04959 0.02424 0.01394 0.00856 0.00540 0.00340 0.00209 0.00118 0.00048 0.00357 ( 1)  0.081 +-  0.135
  53 N   0.90175 0.04745 0.02184 0.01183 0.00684 0.00406 0.00241 0.00139 0.00074 0.00029 0.00141 ( 1)  0.073 +-  0.099
  54 V   0.90267 0.04724 0.02163 0.01166 0.00672 0.00398 0.00235 0.00136 0.00072 0.00028 0.00138 ( 1)  0.073 +-  0.098
  55 V   0.90267 0.04724 0.02163 0.01166 0.00672 0.00398 0.00235 0.00136 0.00072 0.00028 0.00138 ( 1)  0.073 +-  0.098
  56 L   0.88424 0.05000 0.02473 0.01439 0.00894 0.00570 0.00364 0.00226 0.00129 0.00053 0.00429 ( 1)  0.083 +-  0.146
  57 C   0.87931 0.05061 0.02546 0.01506 0.00951 0.00616 0.00399 0.00251 0.00145 0.00061 0.00532 ( 1)  0.086 +-  0.159
  58 L   0.90640 0.04646 0.02086 0.01104 0.00625 0.00364 0.00212 0.00121 0.00063 0.00024 0.00114 ( 1)  0.071 +-  0.093
  59 -   0.80737 0.05218 0.02947 0.01958 0.01388 0.01009 0.00733 0.00517 0.00336 0.00158 0.05000 ( 1)  0.227 +-  0.702
  60 -   0.80737 0.05218 0.02947 0.01958 0.01388 0.01009 0.00733 0.00517 0.00336 0.00158 0.05000 ( 1)  0.227 +-  0.702
  61 -   0.80737 0.05218 0.02947 0.01958 0.01388 0.01009 0.00733 0.00517 0.00336 0.00158 0.05000 ( 1)  0.227 +-  0.702
  62 -   0.80737 0.05218 0.02947 0.01958 0.01388 0.01009 0.00733 0.00517 0.00336 0.00158 0.05000 ( 1)  0.227 +-  0.702
  63 -   0.80737 0.05218 0.02947 0.01958 0.01388 0.01009 0.00733 0.00517 0.00336 0.00158 0.05000 ( 1)  0.227 +-  0.702
  64 -   0.80737 0.05218 0.02947 0.01958 0.01388 0.01009 0.00733 0.00517 0.00336 0.00158 0.05000 ( 1)  0.227 +-  0.702
  65 L   0.90640 0.04646 0.02086 0.01104 0.00625 0.00364 0.00212 0.00121 0.00063 0.00024 0.00114 ( 1)  0.071 +-  0.093
  66 A   0.92086 0.04316 0.01774 0.00861 0.00447 0.00240 0.00129 0.00067 0.00033 0.00012 0.00036 ( 1)  0.066 +-  0.070
  67 A   0.91968 0.04347 0.01802 0.00881 0.00461 0.00249 0.00135 0.00071 0.00035 0.00012 0.00040 ( 1)  0.066 +-  0.072
  68 D   0.92650 0.04158 0.01639 0.00764 0.00382 0.00197 0.00102 0.00052 0.00024 0.00008 0.00022 ( 1)  0.064 +-  0.063
  69 E   0.92888 0.04086 0.01581 0.00724 0.00356 0.00181 0.00092 0.00046 0.00021 0.00007 0.00018 ( 1)  0.063 +-  0.061
  70 D   0.92650 0.04158 0.01639 0.00764 0.00382 0.00197 0.00102 0.00052 0.00024 0.00008 0.00022 ( 1)  0.064 +-  0.063
  71 D   0.92650 0.04158 0.01639 0.00764 0.00382 0.00197 0.00102 0.00052 0.00024 0.00008 0.00022 ( 1)  0.064 +-  0.063
  72 D   0.92650 0.04158 0.01639 0.00764 0.00382 0.00197 0.00102 0.00052 0.00024 0.00008 0.00022 ( 1)  0.064 +-  0.063
  73 R   0.90144 0.04745 0.02186 0.01186 0.00687 0.00409 0.00244 0.00141 0.00076 0.00029 0.00153 ( 1)  0.073 +-  0.101
  74 D   0.91162 0.04521 0.01970 0.01014 0.00560 0.00319 0.00183 0.00102 0.00053 0.00020 0.00095 ( 1)  0.069 +-  0.087
  75 V   0.92082 0.04309 0.01772 0.00861 0.00449 0.00242 0.00131 0.00069 0.00034 0.00012 0.00040 ( 1)  0.066 +-  0.071
  76 A   0.89157 0.04890 0.02349 0.01329 0.00804 0.00501 0.00312 0.00189 0.00106 0.00043 0.00321 ( 1)  0.079 +-  0.131
  77 L   0.90609 0.04651 0.02092 0.01109 0.00629 0.00367 0.00215 0.00122 0.00064 0.00025 0.00119 ( 1)  0.071 +-  0.094
  78 Q   0.91685 0.04419 0.01867 0.00930 0.00496 0.00272 0.00150 0.00080 0.00040 0.00014 0.00049 ( 1)  0.067 +-  0.075
  79 I   0.68355 0.09923 0.07010 0.04902 0.03366 0.02259 0.01468 0.00906 0.00505 0.00202 0.01106 ( 1)  0.151 +-  0.225
  80 H   0.91841 0.04381 0.01831 0.00903 0.00477 0.00259 0.00141 0.00075 0.00037 0.00013 0.00043 ( 1)  0.066 +-  0.073
  81 F   0.90933 0.04596 0.02033 0.01058 0.00589 0.00336 0.00192 0.00107 0.00055 0.00020 0.00081 ( 1)  0.070 +-  0.085
  82 T   0.90704 0.04638 0.02076 0.01094 0.00617 0.00357 0.00207 0.00117 0.00061 0.00023 0.00105 ( 1)  0.071 +-  0.091
  83 L   0.90640 0.04646 0.02086 0.01104 0.00625 0.00364 0.00212 0.00121 0.00063 0.00024 0.00114 ( 1)  0.071 +-  0.093
  84 I   0.91724 0.04412 0.01859 0.00923 0.00491 0.00268 0.00147 0.00078 0.00038 0.00014 0.00045 ( 1)  0.067 +-  0.074
  85 Q   0.91685 0.04419 0.01867 0.00930 0.00496 0.00272 0.00150 0.00080 0.00040 0.00014 0.00049 ( 1)  0.067 +-  0.075
  86 A   0.91906 0.04361 0.01815 0.00892 0.00469 0.00254 0.00138 0.00073 0.00036 0.00013 0.00043 ( 1)  0.066 +-  0.073
  87 F   0.90720 0.04640 0.02076 0.01093 0.00615 0.00356 0.00206 0.00116 0.00060 0.00023 0.00096 ( 1)  0.071 +-  0.089
  88 C   0.89617 0.04840 0.02286 0.01270 0.00754 0.00459 0.00279 0.00165 0.00090 0.00036 0.00204 ( 1)  0.076 +-  0.110
  89 C   0.89495 0.04859 0.02307 0.01288 0.00768 0.00470 0.00288 0.00171 0.00094 0.00037 0.00223 ( 1)  0.076 +-  0.114
  90 E   0.92888 0.04086 0.01581 0.00724 0.00356 0.00181 0.00092 0.00046 0.00021 0.00007 0.00018 ( 1)  0.063 +-  0.061
  91 N   0.70416 0.09891 0.06765 0.04583 0.03050 0.01985 0.01252 0.00751 0.00407 0.00158 0.00741 ( 1)  0.138 +-  0.199
  92 D   0.92650 0.04158 0.01639 0.00764 0.00382 0.00197 0.00102 0.00052 0.00024 0.00008 0.00022 ( 1)  0.064 +-  0.063
  93 I   0.91740 0.04409 0.01856 0.00921 0.00489 0.00267 0.00146 0.00078 0.00038 0.00014 0.00044 ( 1)  0.067 +-  0.074
  94 N   0.70416 0.09891 0.06765 0.04583 0.03050 0.01985 0.01252 0.00751 0.00407 0.00158 0.00741 ( 1)  0.138 +-  0.199
  95 I   0.91533 0.04456 0.01901 0.00956 0.00514 0.00285 0.00158 0.00085 0.00043 0.00015 0.00054 ( 1)  0.067 +-  0.077
  96 L   0.90640 0.04646 0.02086 0.01104 0.00625 0.00364 0.00212 0.00121 0.00063 0.00024 0.00114 ( 1)  0.071 +-  0.093
  97 R   0.90515 0.04678 0.02116 0.01127 0.00641 0.00375 0.00219 0.00125 0.00065 0.00025 0.00115 ( 1)  0.071 +-  0.093
  98 V   0.91533 0.04447 0.01896 0.00954 0.00515 0.00286 0.00160 0.00087 0.00044 0.00016 0.00062 ( 1)  0.068 +-  0.079
  99 S   0.90891 0.04605 0.02041 0.01065 0.00594 0.00340 0.00195 0.00109 0.00056 0.00021 0.00083 ( 1)  0.070 +-  0.086
 100 N   0.92071 0.04324 0.01780 0.00864 0.00449 0.00240 0.00128 0.00067 0.00032 0.00011 0.00033 ( 1)  0.066 +-  0.070
 101 P   0.65175 0.09888 0.07296 0.05325 0.03814 0.02667 0.01805 0.01159 0.00672 0.00278 0.01921 ( 1)  0.176 +-  0.274
 102 G   0.91480 0.04470 0.01913 0.00965 0.00521 0.00289 0.00161 0.00087 0.00043 0.00016 0.00056 ( 1)  0.068 +-  0.078
 103 R   0.90668 0.04645 0.02083 0.01100 0.00621 0.00360 0.00209 0.00118 0.00062 0.00023 0.00109 ( 1)  0.071 +-  0.092
 104 L   0.90609 0.04651 0.02092 0.01109 0.00629 0.00367 0.00215 0.00122 0.00064 0.00025 0.00119 ( 1)  0.071 +-  0.094
 105 A   0.91755 0.04402 0.01851 0.00918 0.00487 0.00266 0.00146 0.00078 0.00038 0.00014 0.00046 ( 1)  0.067 +-  0.074
 106 E   0.92888 0.04086 0.01581 0.00724 0.00356 0.00181 0.00092 0.00046 0.00021 0.00007 0.00018 ( 1)  0.063 +-  0.061
 107 L   0.90754 0.04625 0.02064 0.01086 0.00611 0.00353 0.00205 0.00116 0.00060 0.00023 0.00105 ( 1)  0.071 +-  0.091
 108 L   0.90579 0.04658 0.02098 0.01114 0.00633 0.00370 0.00216 0.00123 0.00065 0.00025 0.00120 ( 1)  0.071 +-  0.094
 109 L   0.90726 0.04630 0.02069 0.01090 0.00614 0.00356 0.00207 0.00117 0.00061 0.00023 0.00107 ( 1)  0.071 +-  0.091
 110 L   0.89422 0.04855 0.02308 0.01293 0.00774 0.00477 0.00294 0.00176 0.00097 0.00039 0.00265 ( 1)  0.077 +-  0.122
 111 E   0.72572 0.09744 0.06397 0.04177 0.02692 0.01704 0.01049 0.00617 0.00330 0.00127 0.00593 ( 1)  0.128 +-  0.185
 112 T   0.60792 0.09661 0.07470 0.05717 0.04294 0.03151 0.02238 0.01508 0.00917 0.00398 0.03854 ( 1)  0.224 +-  0.369
 113 D   0.92578 0.04178 0.01656 0.00776 0.00391 0.00203 0.00106 0.00054 0.00025 0.00009 0.00024 ( 1)  0.064 +-  0.064
 114 A   0.16599 0.07655 0.09556 0.09922 0.09294 0.08089 0.06589 0.04970 0.03316 0.01534 0.22476 (11)  0.719 +-  0.768
 115 G   0.67392 0.09908 0.07091 0.05024 0.03497 0.02380 0.01568 0.00982 0.00556 0.00225 0.01377 ( 1)  0.159 +-  0.243
 116 P   0.90781 0.04622 0.02060 0.01082 0.00607 0.00351 0.00203 0.00114 0.00059 0.00022 0.00099 ( 1)  0.070 +-  0.089
 117 A   0.24965 0.10590 0.12156 0.11607 0.09998 0.08001 0.05995 0.04160 0.02555 0.01090 0.08883 ( 1)  0.438 +-  0.462
 118 A   0.91683 0.04419 0.01867 0.00930 0.00496 0.00272 0.00150 0.00080 0.00040 0.00014 0.00049 ( 1)  0.067 +-  0.075
 119 S   0.18676 0.08530 0.10524 0.10780 0.09944 0.08505 0.06796 0.05020 0.03273 0.01476 0.16476 ( 1)  0.590 +-  0.607
 120 E   0.92888 0.04086 0.01581 0.00724 0.00356 0.00181 0.00092 0.00046 0.00021 0.00007 0.00018 ( 1)  0.063 +-  0.061
 121 G   0.91480 0.04470 0.01913 0.00965 0.00521 0.00289 0.00161 0.00087 0.00043 0.00016 0.00056 ( 1)  0.068 +-  0.078
 122 A   0.91535 0.04454 0.01899 0.00955 0.00514 0.00285 0.00158 0.00086 0.00043 0.00016 0.00056 ( 1)  0.067 +-  0.077
 123 E   0.24866 0.10521 0.12060 0.11510 0.09920 0.07950 0.05970 0.04156 0.02563 0.01099 0.09384 ( 1)  0.446 +-  0.477
 124 Q   0.91585 0.04441 0.01888 0.00947 0.00508 0.00281 0.00155 0.00084 0.00042 0.00015 0.00054 ( 1)  0.067 +-  0.077
 125 P   0.90619 0.04656 0.02094 0.01109 0.00628 0.00365 0.00213 0.00121 0.00063 0.00024 0.00109 ( 1)  0.071 +-  0.092
 126 P   0.91100 0.04555 0.01994 0.01029 0.00568 0.00322 0.00183 0.00101 0.00052 0.00019 0.00077 ( 1)  0.069 +-  0.084
 127 D   0.92650 0.04158 0.01639 0.00764 0.00382 0.00197 0.00102 0.00052 0.00024 0.00008 0.00022 ( 1)  0.064 +-  0.063
 128 L   0.90640 0.04646 0.02086 0.01104 0.00625 0.00364 0.00212 0.00121 0.00063 0.00024 0.00114 ( 1)  0.071 +-  0.093
 129 H   0.91841 0.04381 0.01831 0.00903 0.00477 0.00259 0.00141 0.00075 0.00037 0.00013 0.00043 ( 1)  0.066 +-  0.073
 130 C   0.89617 0.04840 0.02286 0.01270 0.00754 0.00459 0.00279 0.00165 0.00090 0.00036 0.00204 ( 1)  0.076 +-  0.110
 131 V   0.92082 0.04309 0.01772 0.00861 0.00449 0.00242 0.00131 0.00069 0.00034 0.00012 0.00040 ( 1)  0.066 +-  0.071
 132 L   0.90640 0.04646 0.02086 0.01104 0.00625 0.00364 0.00212 0.00121 0.00063 0.00024 0.00114 ( 1)  0.071 +-  0.093
 133 V   0.92082 0.04309 0.01772 0.00861 0.00449 0.00242 0.00131 0.00069 0.00034 0.00012 0.00040 ( 1)  0.066 +-  0.071
 134 T   0.91254 0.04524 0.01963 0.01004 0.00549 0.00308 0.00173 0.00095 0.00048 0.00018 0.00065 ( 1)  0.068 +-  0.081
 135 N   0.89452 0.04864 0.02313 0.01294 0.00773 0.00474 0.00291 0.00174 0.00095 0.00038 0.00231 ( 1)  0.077 +-  0.115
 136 P   0.85714 0.05214 0.02773 0.01734 0.01157 0.00792 0.00543 0.00361 0.00220 0.00098 0.01394 ( 1)  0.110 +-  0.268
 137 H   0.89438 0.04865 0.02314 0.01296 0.00775 0.00476 0.00292 0.00174 0.00096 0.00038 0.00236 ( 1)  0.077 +-  0.116
 138 S   0.86354 0.05172 0.02709 0.01670 0.01099 0.00742 0.00501 0.00329 0.00199 0.00087 0.01138 ( 1)  0.103 +-  0.241
 139 S   0.87423 0.05098 0.02600 0.01561 0.01000 0.00658 0.00433 0.00277 0.00163 0.00070 0.00717 ( 1)  0.091 +-  0.185
 140 Q   0.87914 0.05060 0.02546 0.01507 0.00952 0.00617 0.00400 0.00252 0.00146 0.00061 0.00544 ( 1)  0.087 +-  0.161
 141 W   0.89123 0.04914 0.02369 0.01344 0.00814 0.00506 0.00314 0.00190 0.00105 0.00043 0.00278 ( 1)  0.078 +-  0.123
 142 K   0.92304 0.04261 0.01725 0.00824 0.00421 0.00222 0.00117 0.00060 0.00029 0.00010 0.00027 ( 1)  0.065 +-  0.067
 143 D   0.90311 0.04715 0.02154 0.01159 0.00666 0.00394 0.00233 0.00134 0.00071 0.00027 0.00136 ( 1)  0.072 +-  0.098
 144 P   0.87558 0.05092 0.02589 0.01549 0.00989 0.00648 0.00425 0.00270 0.00158 0.00067 0.00654 ( 1)  0.090 +-  0.176
 145 A   0.91500 0.04462 0.01907 0.00961 0.00518 0.00288 0.00160 0.00087 0.00043 0.00016 0.00058 ( 1)  0.068 +-  0.078
 146 L   0.34226 0.06308 0.05650 0.05001 0.04338 0.03671 0.03002 0.02326 0.01623 0.00803 0.33052 ( 1)  1.051 +-  1.448
 147 S   0.88238 0.05026 0.02503 0.01466 0.00916 0.00588 0.00377 0.00235 0.00135 0.00056 0.00459 ( 1)  0.084 +-  0.149
 148 Q   0.87914 0.05060 0.02546 0.01507 0.00952 0.00617 0.00400 0.00252 0.00146 0.00061 0.00544 ( 1)  0.087 +-  0.161
 149 L   0.88374 0.04997 0.02473 0.01441 0.00897 0.00573 0.00367 0.00228 0.00131 0.00055 0.00465 ( 1)  0.084 +-  0.152
 150 I   0.89547 0.04836 0.02288 0.01275 0.00760 0.00465 0.00285 0.00170 0.00094 0.00038 0.00242 ( 1)  0.076 +-  0.117
 151 C   0.86971 0.05144 0.02659 0.01617 0.01049 0.00699 0.00465 0.00301 0.00179 0.00077 0.00839 ( 1)  0.095 +-  0.198
 152 F   0.88246 0.05025 0.02502 0.01465 0.00916 0.00587 0.00377 0.00235 0.00134 0.00056 0.00457 ( 1)  0.084 +-  0.149
 153 C   0.89617 0.04840 0.02286 0.01270 0.00754 0.00459 0.00279 0.00165 0.00090 0.00036 0.00204 ( 1)  0.076 +-  0.110
 154 R   0.90723 0.04635 0.02073 0.01092 0.00615 0.00356 0.00206 0.00116 0.00060 0.00023 0.00100 ( 1)  0.071 +-  0.090
 155 E   0.53636 0.09090 0.07485 0.06090 0.04857 0.03777 0.02839 0.02022 0.01297 0.00591 0.08315 ( 1)  0.328 +-  0.544
 156 S   0.88973 0.04925 0.02386 0.01361 0.00829 0.00519 0.00325 0.00198 0.00111 0.00045 0.00327 ( 1)  0.080 +-  0.131
 157 R   0.90515 0.04678 0.02116 0.01127 0.00641 0.00375 0.00219 0.00125 0.00065 0.00025 0.00115 ( 1)  0.071 +-  0.093
 158 Y   0.90706 0.04642 0.02079 0.01096 0.00617 0.00357 0.00207 0.00116 0.00060 0.00023 0.00098 ( 1)  0.071 +-  0.089
 159 M   0.92613 0.04177 0.01652 0.00770 0.00385 0.00198 0.00102 0.00051 0.00024 0.00008 0.00019 ( 1)  0.064 +-  0.063
 160 D   0.90311 0.04715 0.02154 0.01159 0.00666 0.00394 0.00233 0.00134 0.00071 0.00027 0.00136 ( 1)  0.072 +-  0.098
 161 Q   0.66217 0.09905 0.07209 0.05192 0.03671 0.02536 0.01695 0.01076 0.00617 0.00253 0.01630 ( 1)  0.168 +-  0.257
 162 W   0.89123 0.04914 0.02369 0.01344 0.00814 0.00506 0.00314 0.00190 0.00105 0.00043 0.00278 ( 1)  0.078 +-  0.123
 163 V   0.88343 0.05005 0.02481 0.01447 0.00902 0.00577 0.00369 0.00230 0.00132 0.00055 0.00461 ( 1)  0.084 +-  0.151
 164 P   0.86851 0.05152 0.02671 0.01629 0.01060 0.00708 0.00473 0.00307 0.00183 0.00079 0.00887 ( 1)  0.096 +-  0.205
 165 V   0.92082 0.04309 0.01772 0.00861 0.00449 0.00242 0.00131 0.00069 0.00034 0.00012 0.00040 ( 1)  0.066 +-  0.071
 166 I   0.89024 0.04926 0.02384 0.01357 0.00825 0.00515 0.00321 0.00195 0.00109 0.00044 0.00300 ( 1)  0.079 +-  0.126
 167 N   0.89593 0.04840 0.02287 0.01272 0.00756 0.00461 0.00281 0.00167 0.00091 0.00036 0.00216 ( 1)  0.076 +-  0.113
 168 L   0.90410 0.04695 0.02135 0.01143 0.00654 0.00385 0.00226 0.00130 0.00068 0.00026 0.00127 ( 1)  0.072 +-  0.096
 169 P   0.87558 0.05092 0.02589 0.01549 0.00989 0.00648 0.00425 0.00270 0.00158 0.00067 0.00654 ( 1)  0.090 +-  0.176
 170 E   0.89036 0.04924 0.02381 0.01355 0.00824 0.00514 0.00321 0.00194 0.00108 0.00044 0.00299 ( 1)  0.079 +-  0.126
 171 R   0.63114 0.09830 0.07441 0.05568 0.04085 0.02925 0.02025 0.01329 0.00787 0.00332 0.02565 ( 1)  0.194 +-  0.305

Positively selected sites

	Prob(w>1)  mean w

    15 R      0.964*        2.706 +- 1.577

